ctd_mafia/cnv/SBE19plus_01906740_2018_12_07_0077.cnv
* Sea-Bird SBE19plus  Data File:
* FileName = C:\Users\all user\Desktop\Patroba _ WWF Mapping Mafia\SBE19plus_01906740_2018_12_07_0077.hex
* Software version 2.6.3.104
* Temperature SN = 6740
* Conductivity SN = 6740
* System UpLoad Time = Dec 07 2018 14:30:32
* <ApplicationData>
* <Seaterm232>
# nquan = 13
# nvalues = 577                                   
# units = specified
# name 0 = prdM: Pressure, Strain Gauge [db]
# name 1 = tv290C: Temperature [ITS-90, deg C]
# name 2 = c0S/m: Conductivity [S/m]
# name 3 = sal00: Salinity, Practical [PSU]
# name 4 = sbeox0ML/L: Oxygen, SBE 43 [ml/l]
# name 5 = flECO-AFL: Fluorescence, WET Labs ECO-AFL/FL [mg/m^3]
# name 6 = nbf: Bottles Fired
# name 7 = timeS: Time, Elapsed [seconds]
# name 8 = timeJ: Julian Days
# name 9 = density00: Density [density, kg/m^3]
# name 10 = depSM: Depth [salt water, m], lat = 0.00
# name 11 = dz/dtM: Descent Rate [m/s]
# name 12 = flag:  0.000e+00
# span 0 =     -1.361,     12.909                 
# span 1 =    28.5437,    29.2872                 
# span 2 =   0.876326,   5.759733                 
# span 3 =     4.5297,    35.2527                 
# span 4 =     1.8362,     2.8692                 
# span 5 =    -0.3569,    48.6833                 
# span 6 =          0,          0                 
# span 7 =      0.000,    144.000                 
# span 8 = 337.353322, 337.354988                 
# span 9 =   999.4606,  1022.4078                 
# span 10 =     -1.354,     12.838                
# span 11 =     -0.707,      0.667                
# span 12 = 0.0000e+00, 0.0000e+00                
# interval = seconds: 0.25
# start_time = Dec 03 2018 08:28:47 [Instrument's time stamp, header]
# bad_flag = -9.990e-29
*END*
[from data line 334]
      6.109    28.6629   5.727221    35.2344     2.2286     0.0437          0     83.500 337.354288  1022.3786      6.076      0.263  0.000e+00
      6.185    28.6624   5.727252    35.2350     2.2148     0.0467          0     83.750 337.354291  1022.3795      6.151      0.205  0.000e+00
      6.271    28.6620   5.727252    35.2353     2.2077     0.0490          0     84.000 337.354294  1022.3802      6.237      0.186  0.000e+00
      6.347    28.6619   5.727221    35.2351     2.1950     0.0543          0     84.250 337.354297  1022.3805      6.312      0.185  0.000e+00
      6.369    28.6616   5.727191    35.2351     2.1857     0.0566          0     84.500 337.354300  1022.3807      6.334      0.184  0.000e+00
      6.293    28.6615   5.727160    35.2350     2.1804     0.0414          0     84.750 337.354303  1022.3803      6.258      0.155  0.000e+00
      6.228    28.6614   5.727191    35.2353     2.1850     0.0765          0     85.000 337.354306  1022.3803      6.194      0.114  0.000e+00
      6.174    28.6614   5.727252    35.2357     2.1894     0.0673          0     85.250 337.354308  1022.3804      6.140      0.062  0.000e+00
      6.217    28.6618   5.727321    35.2359     2.1931     0.0734          0     85.500 337.354311  1022.3805      6.183      0.017  0.000e+00
      6.325    28.6623   5.727412    35.2361     2.1976     0.0681          0     85.750 337.354314  1022.3810      6.291     -0.006  0.000e+00
      6.412    28.6626   5.727443    35.2361     2.1966     0.0574          0     86.000 337.354317  1022.3813      6.377      0.005  0.000e+00
      6.499    28.6629   5.727382    35.2354     2.1988     0.0551          0     86.250 337.354320  1022.3810      6.463      0.053  0.000e+00
      6.628    28.6629   5.727321    35.2350     2.2206     0.0574          0     86.500 337.354323  1022.3812      6.592      0.145  0.000e+00
      6.790    28.6626   5.727252    35.2347     2.2363     0.0604          0     86.750 337.354326  1022.3818      6.753      0.269  0.000e+00
      6.888    28.6622   5.727252    35.2349     2.2436     0.0398          0     87.000 337.354329  1022.3825      6.850      0.365  0.000e+00
      6.942    28.6618   5.727252    35.2352     2.2438     0.0490          0     87.250 337.354332  1022.3831      6.904      0.415  0.000e+00
      7.007    28.6617   5.727283    35.2355     2.2304     0.0459          0     87.500 337.354334  1022.3836      6.968      0.417  0.000e+00
      7.136    28.6619   5.727283    35.2353     2.2144     0.0505          0     87.750 337.354337  1022.3840      7.097      0.412  0.000e+00
      7.288    28.6618   5.727313    35.2355     2.2157     0.0429          0     88.000 337.354340  1022.3848      7.248      0.422  0.000e+00
      7.472    28.6619   5.727321    35.2355     2.2220     0.0452          0     88.250 337.354343  1022.3855      7.430      0.445  0.000e+00
      7.601    28.6623   5.727443    35.2360     2.2285     0.0444          0     88.500 337.354346  1022.3864      7.559      0.462  0.000e+00
      7.688    28.6631   5.727673    35.2370     2.2328     0.0490          0     88.750 337.354349  1022.3872      7.645      0.471  0.000e+00
      7.731    28.6640   5.727673    35.2363     2.2317     0.0444          0     89.000 337.354352  1022.3866      7.688      0.476  0.000e+00
      7.753    28.6646   5.727650    35.2357     2.2250     0.0322          0     89.250 337.354355  1022.3860      7.710      0.455  0.000e+00
      7.850    28.6649   5.727673    35.2356     2.2185     0.0383          0     89.500 337.354358  1022.3863      7.807      0.422  0.000e+00
      7.969    28.6651   5.727734    35.2358     2.2084     0.0391          0     89.750 337.354361  1022.3869      7.925      0.381  0.000e+00
      8.012    28.6652   5.727673    35.2353     2.1965     0.0337          0     90.000 337.354363  1022.3867      7.968      0.330  0.000e+00
      7.958    28.6653   5.727543    35.2344     2.1890     0.0757          0     90.250 337.354366  1022.3857      7.914      0.257  0.000e+00
      7.839    28.6645   5.727482    35.2346     2.1781     0.0688          0     90.500 337.354369  1022.3856      7.796      0.169  0.000e+00
      7.720    28.6644   5.727589    35.2354     2.1773     0.0749          0     90.750 337.354372  1022.3857      7.677      0.068  0.000e+00
      7.666    28.6646   5.727673    35.2359     2.1796     0.0673          0     91.000 337.354375  1022.3858      7.624     -0.026  0.000e+00
      7.742    28.6647   5.727673    35.2358     2.1877     0.0444          0     91.250 337.354378  1022.3860      7.699     -0.084  0.000e+00
      7.882    28.6649   5.727673    35.2356     2.1881     0.0566          0     91.500 337.354381  1022.3864      7.839     -0.099  0.000e+00
      8.023    28.6650   5.727642    35.2352     2.1898     0.0406          0     91.750 337.354384  1022.3867      7.979     -0.052  0.000e+00
      8.098    28.6650   5.727650    35.2353     2.1892     0.0559          0     92.000 337.354387  1022.3871      8.054      0.043  0.000e+00
      8.066    28.6645   5.727574    35.2351     2.1903     0.0391          0     92.250 337.354389  1022.3870      8.022      0.135  0.000e+00
      7.969    28.6643   5.727543    35.2351     2.1901     0.0742          0     92.500 337.354392  1022.3866      7.925      0.180  0.000e+00
      7.861    28.6641   5.727612    35.2357     2.1906     0.0688          0     92.750 337.354395  1022.3867      7.817      0.156  0.000e+00
      7.871    28.6644   5.727612    35.2355     2.1868     0.0696          0     93.000 337.354398  1022.3865      7.828      0.093  0.000e+00
      7.925    28.6645   5.727650    35.2357     2.1881     0.0643          0     93.250 337.354401  1022.3868      7.882      0.017  0.000e+00
      7.990    28.6647   5.727673    35.2357     2.1877     0.0521          0     93.500 337.354404  1022.3870      7.946     -0.035  0.000e+00
      8.055    28.6648   5.727673    35.2356     2.1878     0.0536          0     93.750 337.354407  1022.3872      8.011     -0.038  0.000e+00
      8.131    28.6650   5.727703    35.2356     2.1901     0.0429          0     94.000 337.354410  1022.3875      8.086      0.014  0.000e+00
      8.228    28.6647   5.727642    35.2354     2.1939     0.0459          0     94.250 337.354413  1022.3878      8.183      0.110  0.000e+00
      8.304    28.6646   5.727612    35.2352     2.2070     0.0177          0     94.500 337.354416  1022.3881      8.258      0.206  0.000e+00
      8.347    28.6644   5.727620    35.2354     2.2031     0.0177          0     94.750 337.354418  1022.3884      8.301      0.266  0.000e+00
      8.434    28.6645   5.727734    35.2361     2.1976     0.0192          0     95.000 337.354421  1022.3893      8.387      0.288  0.000e+00
      8.498    28.6650   5.727895    35.2369     2.1950     0.0269          0     95.250 337.354424  1022.3900      8.452      0.292  0.000e+00
      8.552    28.6661   5.728254    35.2385     2.1919     0.0475          0     95.500 337.354427  1022.3911      8.505      0.287  0.000e+00
      8.628    28.6678   5.728284    35.2374     2.2040     0.0658          0     95.750 337.354430  1022.3900      8.581      0.282  0.000e+00
      8.725    28.6691   5.728269    35.2363     2.2094     0.0559          0     96.000 337.354433  1022.3891      8.677      0.282  0.000e+00
      8.834    28.6694   5.728216    35.2357     2.2120     0.0589          0     96.250 337.354436  1022.3890      8.785      0.291  0.000e+00
      8.942    28.6685   5.727773    35.2332     2.2082     0.0635          0     96.500 337.354439  1022.3880      8.892      0.315  0.000e+00
      9.039    28.6668   5.727803    35.2347     2.2059     0.0276          0     96.750 337.354442  1022.3901      8.989      0.342  0.000e+00
      9.169    28.6672   5.728376    35.2384     2.2073     0.0185          0     97.000 337.354444  1022.3933      9.118      0.370  0.000e+00
      9.298    28.6686   5.728544    35.2384     2.1957     0.0177          0     97.250 337.354447  1022.3933      9.247      0.406  0.000e+00
      9.298    28.6693   5.728185    35.2354     2.1893     0.0170          0     97.500 337.354450  1022.3908      9.247      0.406  0.000e+00
      9.212    28.6697   5.728376    35.2365     2.1840     0.0643          0     97.750 337.354453  1022.3911      9.161      0.347  0.000e+00
      9.104    28.6701   5.728376    35.2362     2.1799     0.0597          0     98.000 337.354456  1022.3903      9.054      0.241  0.000e+00
      9.039    28.6702   5.728284    35.2355     2.1834     0.0665          0     98.250 337.354459  1022.3895      8.989      0.119  0.000e+00
      9.061    28.6699   5.728269    35.2356     2.1853     0.0528          0     98.500 337.354462  1022.3898      9.011      0.017  0.000e+00
      9.115    28.6697   5.728216    35.2354     2.1866     0.0276          0     98.750 337.354465  1022.3899      9.064     -0.049  0.000e+00
      9.179    28.6693   5.728216    35.2356     2.1868     0.0315          0     99.000 337.354468  1022.3905      9.129     -0.077  0.000e+00
      9.244    28.6693   5.728155    35.2352     2.1880     0.0269          0     99.250 337.354470  1022.3905      9.193     -0.054  0.000e+00
      9.277    28.6691   5.728094    35.2349     2.1904     0.0299          0     99.500 337.354473  1022.3905      9.226      0.016  0.000e+00
      9.298    28.6685   5.728155    35.2358     2.1849     0.0086          0     99.750 337.354476  1022.3914      9.247      0.093  0.000e+00
      9.342    28.6684   5.728147    35.2358     2.1765     0.0032          0    100.000 337.354479  1022.3916      9.290      0.153  0.000e+00
      9.298    28.6684   5.728094    35.2354     2.1751     0.0124          0    100.250 337.354482  1022.3912      9.247      0.156  0.000e+00
      9.277    28.6683   5.728025    35.2350     2.1738     0.0101          0    100.500 337.354485  1022.3908      9.226      0.120  0.000e+00
      9.223    28.6678   5.728094    35.2359     2.1767     0.0047          0    100.750 337.354488  1022.3914      9.172      0.060  0.000e+00
      9.233    28.6679   5.728155    35.2362     2.1757     0.0292          0    101.000 337.354491  1022.3917      9.183      0.010  0.000e+00
      9.309    28.6680   5.728178    35.2363     2.1776     0.0383          0    101.250 337.354494  1022.3920      9.258     -0.006  0.000e+00
      9.417    28.6682   5.728185    35.2362     2.1801     0.0429          0    101.500 337.354497  1022.3923      9.365      0.020  0.000e+00
      9.493    28.6682   5.728124    35.2357     2.1841     0.0330          0    101.750 337.354499  1022.3923      9.441      0.066  0.000e+00
      9.515    28.6677   5.727865    35.2343     2.1960     0.0070          0    102.000 337.354502  1022.3915      9.462      0.110  0.000e+00
      9.536    28.6668   5.727735    35.2341     2.1946     0.0063          0    102.250 337.354505  1022.3918      9.484      0.159  0.000e+00
      9.547    28.6654   5.727712    35.2350     2.1965     0.0017          0    102.500 337.354508  1022.3929      9.494      0.185  0.000e+00
      9.590    28.6650   5.727834    35.2361     2.1924     0.0101          0    102.750 337.354511  1022.3941      9.537      0.197  0.000e+00
      9.698    28.6650   5.727773    35.2357     2.1897     0.0559          0    103.000 337.354514  1022.3942      9.645      0.200  0.000e+00
      9.774    28.6647   5.727674    35.2352     2.1831     0.0383          0    103.250 337.354517  1022.3943      9.720      0.195  0.000e+00
      9.828    28.6643   5.727643    35.2352     2.1840     0.0505          0    103.500 337.354520  1022.3947      9.774      0.194  0.000e+00
      9.828    28.6639   5.727613    35.2353     2.1807     0.0475          0    103.750 337.354523  1022.3949      9.774      0.194  0.000e+00
      9.796    28.6637   5.727590    35.2353     2.1794     0.0353          0    104.000 337.354525  1022.3948      9.742      0.183  0.000e+00
      9.763    28.6634   5.727613    35.2357     2.1828     0.0307          0    104.250 337.354528  1022.3950      9.709      0.151  0.000e+00
      9.752    28.6633   5.727674    35.2362     2.1816     0.0292          0    104.500 337.354531  1022.3954      9.699      0.106  0.000e+00
      9.796    28.6638   5.727735    35.2363     2.1813     0.0345          0    104.750 337.354534  1022.3955      9.742      0.062  0.000e+00
      9.817    28.6643   5.727804    35.2364     2.1798     0.0376          0    105.000 337.354537  1022.3955      9.763      0.022  0.000e+00
      9.871    28.6645   5.727743    35.2358     2.1777     0.0620          0    105.250 337.354540  1022.3952      9.817      0.017  0.000e+00
      9.915    28.6648   5.727773    35.2357     2.1805     0.0559          0    105.500 337.354543  1022.3953      9.860      0.037  0.000e+00
      9.904    28.6646   5.727704    35.2354     2.1771     0.0627          0    105.750 337.354546  1022.3950      9.849      0.063  0.000e+00
      9.893    28.6645   5.727735    35.2357     2.1709     0.0681          0    106.000 337.354549  1022.3952      9.838      0.081  0.000e+00
      9.893    28.6645   5.727735    35.2357     2.1683     0.0322          0    106.250 337.354552  1022.3952      9.838      0.084  0.000e+00
      9.936    28.6645   5.727743    35.2357     2.1679     0.0391          0    106.500 337.354554  1022.3954      9.881      0.081  0.000e+00
     10.077    28.6644   5.727804    35.2362     2.1664     0.0368          0    106.750 337.354557  1022.3964     10.021      0.100  0.000e+00
     10.185    28.6645   5.727773    35.2359     2.1754     0.0383          0    107.000 337.354560  1022.3966     10.129      0.141  0.000e+00
     10.250    28.6644   5.727735    35.2357     2.1828     0.0345          0    107.250 337.354563  1022.3968     10.193      0.181  0.000e+00
     10.293    28.6643   5.727735    35.2357     2.1783     0.0360          0    107.500 337.354566  1022.3970     10.236      0.221  0.000e+00
     10.379    28.6640   5.727743    35.2360     2.1895     0.0345          0    107.750 337.354569  1022.3977     10.322      0.271  0.000e+00
     10.498    28.6639   5.727735    35.2360     2.1895     0.0398          0    108.000 337.354572  1022.3982     10.440      0.318  0.000e+00
     10.617    28.6639   5.727735    35.2359     2.1909     0.0658          0    108.250 337.354575  1022.3987     10.559      0.353  0.000e+00
     10.768    28.6641   5.727774    35.2360     2.1869     0.0566          0    108.500 337.354578  1022.3993     10.709      0.381  0.000e+00
     10.909    28.6642   5.727774    35.2359     2.1920     0.0528          0    108.750 337.354580  1022.3998     10.849      0.401  0.000e+00
     11.082    28.6641   5.727804    35.2361     2.1886     0.0574          0    109.000 337.354583  1022.4008     11.021      0.450  0.000e+00
     11.190    28.6642   5.727835    35.2362     2.1923     0.0536          0    109.250 337.354586  1022.4013     11.128      0.497  0.000e+00
     11.320    28.6642   5.727835    35.2362     2.1891     0.0589          0    109.500 337.354589  1022.4018     11.257      0.533  0.000e+00
     11.385    28.6646   5.727866    35.2361     2.1856     0.0559          0    109.750 337.354592  1022.4019     11.322      0.530  0.000e+00
     11.493    28.6646   5.727896    35.2363     2.1876     0.0566          0    110.000 337.354595  1022.4025     11.429      0.511  0.000e+00
     11.601    28.6647   5.727866    35.2360     2.1905     0.0589          0    110.250 337.354598  1022.4027     11.537      0.486  0.000e+00
     11.698    28.6649   5.727904    35.2361     2.1903     0.0566          0    110.500 337.354601  1022.4031     11.633      0.454  0.000e+00
     11.806    28.6651   5.727896    35.2358     2.1874     0.0620          0    110.750 337.354604  1022.4033     11.741      0.429  0.000e+00
