ctd_mafia/cnv/SBE19plus_01906740_2018_12_07_0104.cnv
* Sea-Bird SBE19plus  Data File:
* FileName = C:\Users\all user\Desktop\Patroba _ WWF Mapping Mafia\SBE19plus_01906740_2018_12_07_0104.hex
* Software version 2.6.3.104
* Temperature SN = 6740
* Conductivity SN = 6740
* System UpLoad Time = Dec 07 2018 14:36:44
* <ApplicationData>
* <Seaterm232>
# nquan = 13
# nvalues = 1082                                  
# units = specified
# name 0 = prdM: Pressure, Strain Gauge [db]
# name 1 = tv290C: Temperature [ITS-90, deg C]
# name 2 = c0S/m: Conductivity [S/m]
# name 3 = sal00: Salinity, Practical [PSU]
# name 4 = sbeox0ML/L: Oxygen, SBE 43 [ml/l]
# name 5 = flECO-AFL: Fluorescence, WET Labs ECO-AFL/FL [mg/m^3]
# name 6 = nbf: Bottles Fired
# name 7 = timeS: Time, Elapsed [seconds]
# name 8 = timeJ: Julian Days
# name 9 = density00: Density [density, kg/m^3]
# name 10 = depSM: Depth [salt water, m], lat = 0.00
# name 11 = dz/dtM: Descent Rate [m/s]
# name 12 = flag:  0.000e+00
# span 0 =     -1.401,     18.502                 
# span 1 =    27.3551,    28.6746                 
# span 2 =   0.512993,   5.695220                 
# span 3 =     2.5489,    35.5061                 
# span 4 =     1.7655,     3.0306                 
# span 5 =    -0.4317,    48.6848                 
# span 6 =          0,          0                 
# span 7 =      0.000,    270.250                 
# span 8 = 338.423287, 338.426415                 
# span 9 =   997.9451,  1022.9116                 
# span 10 =     -1.393,     18.399                
# span 11 =     -0.957,      0.377                
# span 12 = 0.0000e+00, 0.0000e+00                
# interval = seconds: 0.25
# start_time = Dec 04 2018 10:09:32 [Instrument's time stamp, header]
# bad_flag = -9.990e-29
*END*
[from data line 223]
      1.249    28.1854   5.684171    35.2915     1.7976     0.0246          0     55.750 338.423932  1022.5584      1.242      0.053  0.000e+00
      1.249    28.1849   5.684171    35.2919     1.7972     0.0170          0     56.000 338.423935  1022.5589      1.242      0.061  0.000e+00
      1.292    28.1844   5.684102    35.2917     1.8085     0.0276          0     56.250 338.423938  1022.5591      1.285      0.076  0.000e+00
      1.303    28.1841   5.684102    35.2919     1.7985     0.0177          0     56.500 338.423941  1022.5594      1.296      0.087  0.000e+00
      1.335    28.1837   5.684140    35.2925     1.7978     0.0177          0     56.750 338.423944  1022.5601      1.328      0.096  0.000e+00
      1.324    28.1834   5.684171    35.2929     1.7922     0.0246          0     57.000 338.423947  1022.5605      1.317      0.092  0.000e+00
      1.357    28.1834   5.684140    35.2927     1.7834     0.0292          0     57.250 338.423950  1022.5604      1.349      0.093  0.000e+00
      1.357    28.1832   5.684140    35.2928     1.7766     0.0353          0     57.500 338.423953  1022.5606      1.349      0.078  0.000e+00
      1.368    28.1830   5.684042    35.2923     1.7767     0.0406          0     57.750 338.423955  1022.5603      1.360      0.063  0.000e+00
      1.411    28.1828   5.683912    35.2915     1.7765     0.0322          0     58.000 338.423958  1022.5600      1.403      0.067  0.000e+00
      1.432    28.1824   5.683912    35.2919     1.7692     0.0406          0     58.250 338.423961  1022.5605      1.425      0.066  0.000e+00
      1.443    28.1821   5.683950    35.2924     1.7655     0.0376          0     58.500 338.423964  1022.5610      1.435      0.069  0.000e+00
      1.476    28.1819   5.683851    35.2918     1.7705     0.0299          0     58.750 338.423967  1022.5608      1.468      0.075  0.000e+00
      1.476    28.1818   5.683912    35.2923     1.7743     0.0391          0     59.000 338.423970  1022.5612      1.468      0.080  0.000e+00
      1.541    28.1816   5.683950    35.2927     1.7871     0.0376          0     59.250 338.423973  1022.5618      1.532      0.089  0.000e+00
      1.573    28.1814   5.683882    35.2924     1.7825     0.0231          0     59.500 338.423976  1022.5618      1.564      0.104  0.000e+00
      1.584    28.1813   5.684072    35.2938     1.7831     0.0231          0     59.750 338.423979  1022.5629      1.575      0.107  0.000e+00
      1.605    28.1816   5.684171    35.2942     1.7910     0.0276          0     60.000 338.423981  1022.5633      1.597      0.104  0.000e+00
      1.605    28.1818   5.684955    35.2996     1.7982     0.0215          0     60.250 338.423984  1022.5672      1.597      0.099  0.000e+00
      1.638    28.1807   5.684902    35.3000     1.7976     0.0086          0     60.500 338.423987  1022.5680      1.629      0.098  0.000e+00
      1.681    28.1805   5.685062    35.3012     1.8050     0.0116          0     60.750 338.423990  1022.5692      1.672      0.098  0.000e+00
      1.735    28.1810   5.685153    35.3015     1.8042     0.0131          0     61.000 338.423993  1022.5695      1.726      0.107  0.000e+00
      1.768    28.1815   5.684712    35.2980     1.7974     0.0200          0     61.250 338.423996  1022.5669      1.758      0.108  0.000e+00
      1.789    28.1806   5.684681    35.2985     1.7894    -0.0235          0     61.500 338.423999  1022.5676      1.779      0.117  0.000e+00
      1.822    28.1793   5.684872    35.3007     1.8022    -0.0281          0     61.750 338.424002  1022.5698      1.812      0.128  0.000e+00
      1.832    28.1797   5.684902    35.3007     1.8014    -0.0227          0     62.000 338.424005  1022.5697      1.822      0.130  0.000e+00
      1.843    28.1802   5.684841    35.2999     1.8129    -0.0250          0     62.250 338.424008  1022.5690      1.833      0.125  0.000e+00
      1.876    28.1804   5.684841    35.2997     1.8221     0.0101          0     62.500 338.424010  1022.5689      1.865      0.112  0.000e+00
      1.887    28.1805   5.684712    35.2987     1.8348    -0.0113          0     62.750 338.424013  1022.5682      1.876      0.096  0.000e+00
      1.876    28.1798   5.684552    35.2981     1.8510    -0.0044          0     63.000 338.424016  1022.5679      1.865      0.074  0.000e+00
      1.886    28.1790   5.684552    35.2987     1.8671     0.0032          0     63.250 338.424019  1022.5687      1.876      0.061  0.000e+00
      1.886    28.1784   5.684552    35.2992     1.8732    -0.0052          0     63.500 338.424022  1022.5693      1.876      0.048  0.000e+00
      1.876    28.1781   5.684803    35.3012     1.8857     0.0047          0     63.750 338.424025  1022.5708      1.865      0.031  0.000e+00
      1.919    28.1789   5.684933    35.3014     1.8738    -0.0014          0     64.000 338.424028  1022.5709      1.908      0.031  0.000e+00
      1.919    28.1801   5.684872    35.3001     1.8818     0.0063          0     64.250 338.424031  1022.5695      1.908      0.028  0.000e+00
      1.962    28.1807   5.684742    35.2988     1.8963    -0.0067          0     64.500 338.424034  1022.5685      1.951      0.035  0.000e+00
      1.984    28.1800   5.684072    35.2946     1.8961     0.0215          0     64.750 338.424036  1022.5657      1.973      0.050  0.000e+00
      2.016    28.1779   5.683951    35.2953     1.9090     0.0276          0     65.000 338.424039  1022.5671      2.005      0.070  0.000e+00
      2.081    28.1757   5.683600    35.2945     1.9205     0.0253          0     65.250 338.424042  1022.5674      2.070      0.095  0.000e+00
      2.157    28.1721   5.681050    35.2793     1.9270     0.0170          0     65.500 338.424045  1022.5575      2.145      0.130  0.000e+00
      2.211    28.1610   5.679878    35.2794     1.9361     0.0101          0     65.750 338.424048  1022.5615      2.199      0.162  0.000e+00
      2.222    28.1491   5.680198    35.2905     1.9388     0.0162          0     66.000 338.424051  1022.5738      2.209      0.172  0.000e+00
      2.265    28.1430   5.680480    35.2971     1.9411     0.0063          0     66.250 338.424054  1022.5809      2.252      0.184  0.000e+00
      2.308    28.1412   5.679590    35.2921     1.9469     0.0063          0     66.500 338.424057  1022.5779      2.295      0.185  0.000e+00
      2.319    28.1376   5.679590    35.2948     1.9561     0.0055          0     66.750 338.424060  1022.5812      2.306      0.177  0.000e+00
      2.351    28.1348   5.679400    35.2956     1.9590     0.0101          0     67.000 338.424062  1022.5828      2.338      0.161  0.000e+00
      2.384    28.1331   5.679308    35.2962     1.9669     0.0131          0     67.250 338.424065  1022.5841      2.371      0.140  0.000e+00
      2.416    28.1319   5.679400    35.2978     1.9642     0.0078          0     67.500 338.424068  1022.5857      2.403      0.125  0.000e+00
      2.449    28.1318   5.679514    35.2986     1.9709     0.0124          0     67.750 338.424071  1022.5865      2.435      0.121  0.000e+00
      2.481    28.1324   5.679499    35.2981     1.9671     0.0078          0     68.000 338.424074  1022.5861      2.467      0.125  0.000e+00
      2.514    28.1324   5.679209    35.2960     1.9716     0.0124          0     68.250 338.424077  1022.5847      2.500      0.123  0.000e+00
      2.492    28.1317   5.679278    35.2970     1.9690     0.0139          0     68.500 338.424080  1022.5855      2.478      0.110  0.000e+00
      2.514    28.1317   5.679849    35.3010     1.9760     0.0170          0     68.750 338.424083  1022.5886      2.500      0.102  0.000e+00
      2.535    28.1333   5.680770    35.3062     1.9834     0.0086          0     69.000 338.424086  1022.5921      2.521      0.089  0.000e+00
      2.568    28.1376   5.680199    35.2990     1.9888     0.0086          0     69.250 338.424089  1022.5854      2.553      0.082  0.000e+00
      2.622    28.1388   5.680450    35.2999     1.9978     0.0131          0     69.500 338.424091  1022.5859      2.607      0.086  0.000e+00
      2.676    28.1400   5.680831    35.3017     2.0138     0.0063          0     69.750 338.424094  1022.5871      2.661      0.099  0.000e+00
      2.686    28.1409   5.679499    35.2916     2.0118     0.0063          0     70.000 338.424097  1022.5793      2.672      0.108  0.000e+00
      2.708    28.1381   5.680229    35.2988     2.0081     0.0124          0     70.250 338.424100  1022.5857      2.693      0.118  0.000e+00
      2.697    28.1384   5.680465    35.3003     2.0060     0.0017          0     70.500 338.424103  1022.5866      2.682      0.121  0.000e+00
      2.697    28.1398   5.680701    35.3009     1.9993     0.0109          0     70.750 338.424106  1022.5867      2.682      0.104  0.000e+00
      2.741    28.1417   5.680929    35.3010     2.0012     0.0192          0     71.000 338.424109  1022.5863      2.725      0.093  0.000e+00
      2.751    28.1437   5.681051    35.3004     2.0074     0.0192          0     71.250 338.424112  1022.5853      2.736      0.076  0.000e+00
      2.751    28.1454   5.681150    35.2998     2.0107     0.0231          0     71.500 338.424115  1022.5842      2.736      0.056  0.000e+00
      2.773    28.1462   5.681181    35.2994     2.0068     0.0330          0     71.750 338.424117  1022.5838      2.758      0.048  0.000e+00
      2.827    28.1469   5.681310    35.2998     2.0085     0.0284          0     72.000 338.424120  1022.5841      2.811      0.061  0.000e+00
      2.849    28.1476   5.681051    35.2975     2.0076     0.0170          0     72.250 338.424123  1022.5822      2.833      0.074  0.000e+00
      2.924    28.1475   5.681089    35.2978     2.0057     0.0032          0     72.500 338.424126  1022.5828      2.908      0.104  0.000e+00
      2.968    28.1478   5.681371    35.2995     2.0138     0.0147          0     72.750 338.424129  1022.5842      2.951      0.127  0.000e+00
      3.011    28.1484   5.680496    35.2929     2.0158     0.0139          0     73.000 338.424132  1022.5791      2.994      0.143  0.000e+00
      3.043    28.1459   5.679910    35.2906     2.0156     0.0292          0     73.250 338.424135  1022.5784      3.026      0.162  0.000e+00
      3.097    28.1414   5.679339    35.2900     2.0057     0.0292          0     73.500 338.424138  1022.5797      3.080      0.179  0.000e+00
      3.130    28.1365   5.679088    35.2919     2.0126     0.0383          0     73.750 338.424141  1022.5829      3.113      0.181  0.000e+00
      3.173    28.1330   5.679499    35.2974     2.0197     0.0330          0     74.000 338.424144  1022.5883      3.156      0.177  0.000e+00
      3.205    28.1322   5.679469    35.2978     2.0201     0.0307          0     74.250 338.424146  1022.5890      3.188      0.172  0.000e+00
      3.238    28.1325   5.679339    35.2966     2.0193     0.0276          0     74.500 338.424149  1022.5882      3.220      0.159  0.000e+00
      3.281    28.1322   5.679240    35.2962     2.0109     0.0231          0     74.750 338.424152  1022.5881      3.263      0.156  0.000e+00
      3.303    28.1317   5.679309    35.2970     2.0081     0.0253          0     75.000 338.424155  1022.5890      3.285      0.149  0.000e+00
      3.314    28.1314   5.679431    35.2981     2.0073     0.0246          0     75.250 338.424158  1022.5899      3.295      0.138  0.000e+00
      3.314    28.1320   5.679400    35.2974     2.0100     0.0330          0     75.500 338.424161  1022.5893      3.295      0.117  0.000e+00
      3.303    28.1324   5.679392    35.2971     2.0070     0.0231          0     75.750 338.424164  1022.5888      3.285      0.093  0.000e+00
      3.292    28.1326   5.679560    35.2981     2.0125     0.0330          0     76.000 338.424167  1022.5895      3.274      0.063  0.000e+00
      3.324    28.1331   5.679750    35.2991     2.0075     0.0253          0     76.250 338.424170  1022.5902      3.306      0.046  0.000e+00
      3.368    28.1338   5.679689    35.2980     1.9796     0.0147          0     76.500 338.424172  1022.5894      3.349      0.041  0.000e+00
      3.368    28.1342   5.679339    35.2953     1.9763     0.0063          0     76.750 338.424175  1022.5872      3.349      0.036  0.000e+00
      3.389    28.1335   5.679309    35.2956     1.9695     0.0040          0     77.000 338.424178  1022.5877      3.371      0.042  0.000e+00
      3.400    28.1327   5.679469    35.2974     1.9634     0.0063          0     77.250 338.424181  1022.5894      3.381      0.052  0.000e+00
      3.400    28.1327   5.679560    35.2980     1.9624    -0.0044          0     77.500 338.424184  1022.5899      3.381      0.058  0.000e+00
      3.411    28.1331   5.679530    35.2975     1.9679    -0.0036          0     77.750 338.424187  1022.5894      3.392      0.062  0.000e+00
      3.465    28.1333   5.679781    35.2990     1.9745    -0.0029          0     78.000 338.424190  1022.5907      3.446      0.070  0.000e+00
      3.508    28.1340   5.679530    35.2967     1.9863    -0.0052          0     78.250 338.424193  1022.5889      3.489      0.075  0.000e+00
      3.530    28.1338   5.679423    35.2961     1.9907     0.0124          0     78.500 338.424196  1022.5886      3.510      0.082  0.000e+00
      3.595    28.1332   5.679431    35.2966     1.9939     0.0063          0     78.750 338.424198  1022.5894      3.575      0.107  0.000e+00
      3.638    28.1329   5.678928    35.2934     1.9973     0.0032          0     79.000 338.424201  1022.5873      3.618      0.129  0.000e+00
      3.660    28.1311   5.678890    35.2944     2.0009     0.0078          0     79.250 338.424204  1022.5888      3.639      0.146  0.000e+00
      3.670    28.1295   5.678830    35.2952     2.0019     0.0368          0     79.500 338.424207  1022.5900      3.650      0.151  0.000e+00
      3.670    28.1288   5.678959    35.2966     2.0038     0.0368          0     79.750 338.424210  1022.5913      3.650      0.138  0.000e+00
      3.681    28.1285   5.678989    35.2971     2.0071     0.0345          0     80.000 338.424213  1022.5917      3.661      0.113  0.000e+00
      3.724    28.1288   5.678929    35.2964     2.0052     0.0360          0     80.250 338.424216  1022.5913      3.704      0.100  0.000e+00
      3.768    28.1288   5.678891    35.2961     2.0120     0.0376          0     80.500 338.424219  1022.5913      3.747      0.096  0.000e+00
      3.800    28.1286   5.678723    35.2951     2.0137     0.0154          0     80.750 338.424222  1022.5907      3.779      0.090  0.000e+00
      3.811    28.1280   5.678746    35.2957     2.0147     0.0231          0     81.000 338.424225  1022.5914      3.790      0.091  0.000e+00
      3.811    28.1273   5.678693    35.2958     2.0059     0.0238          0     81.250 338.424227  1022.5917      3.790      0.092  0.000e+00
      3.822    28.1272   5.678860    35.2971     2.0101     0.0192          0     81.500 338.424230  1022.5927      3.801      0.091  0.000e+00
      3.843    28.1271   5.678799    35.2967     2.0083     0.0131          0     81.750 338.424233  1022.5926      3.822      0.089  0.000e+00
      3.854    28.1272   5.678609    35.2953     2.0176     0.0215          0     82.000 338.424236  1022.5915      3.833      0.078  0.000e+00
      3.908    28.1261   5.678419    35.2947     2.0191     0.0162          0     82.250 338.424239  1022.5917      3.887      0.073  0.000e+00
      3.962    28.1249   5.678160    35.2939     2.0170     0.0246          0     82.500 338.424242  1022.5917      3.940      0.081  0.000e+00
      4.049    28.1231   5.677620    35.2914     2.0143     0.0078          0     82.750 338.424245  1022.5908      4.026      0.112  0.000e+00
      4.092    28.1200   5.677498    35.2928     2.0184     0.0162          0     83.000 338.424248  1022.5931      4.069      0.146  0.000e+00
