ctd_mafia/cnv/SBE19plus_01906740_2018_12_07_0081.cnv
* Sea-Bird SBE19plus  Data File:
* FileName = C:\Users\all user\Desktop\Patroba _ WWF Mapping Mafia\SBE19plus_01906740_2018_12_07_0081.hex
* Software version 2.6.3.104
* Temperature SN = 6740
* Conductivity SN = 6740
* System UpLoad Time = Dec 07 2018 14:31:19
* <ApplicationData>
* <Seaterm232>
# nquan = 13
# nvalues = 562                                   
# units = specified
# name 0 = prdM: Pressure, Strain Gauge [db]
# name 1 = tv290C: Temperature [ITS-90, deg C]
# name 2 = c0S/m: Conductivity [S/m]
# name 3 = sal00: Salinity, Practical [PSU]
# name 4 = sbeox0ML/L: Oxygen, SBE 43 [ml/l]
# name 5 = flECO-AFL: Fluorescence, WET Labs ECO-AFL/FL [mg/m^3]
# name 6 = nbf: Bottles Fired
# name 7 = timeS: Time, Elapsed [seconds]
# name 8 = timeJ: Julian Days
# name 9 = density00: Density [density, kg/m^3]
# name 10 = depSM: Depth [salt water, m], lat = 0.00
# name 11 = dz/dtM: Descent Rate [m/s]
# name 12 = flag:  0.000e+00
# span 0 =     -1.387,     12.711                 
# span 1 =    27.3651,    28.1451                 
# span 2 =   0.112965,   5.671873                 
# span 3 =     0.5326,    35.2395                 
# span 4 =     1.8291,     3.8548                 
# span 5 =    -0.2905,    48.6864                 
# span 6 =          0,          0                 
# span 7 =      0.000,    140.250                 
# span 8 = 337.384514, 337.386137                 
# span 9 =   996.8035,  1022.5977                 
# span 10 =     -1.379,     12.641                
# span 11 =     -0.961,      0.269                
# span 12 = 0.0000e+00, 0.0000e+00                
# interval = seconds: 0.25
# start_time = Dec 03 2018 09:13:42 [Instrument's time stamp, header]
# bad_flag = -9.990e-29
*END*
[from data line 112]
      1.003    28.0902   5.662241    35.2091     2.0298     0.0101          0     28.000 337.384838  1022.5266      0.997      0.106  0.000e+00
      1.078    28.0910   5.662689    35.2116     2.0282     0.0177          0     28.250 337.384841  1022.5286      1.073      0.136  0.000e+00
      1.132    28.0907   5.662652    35.2115     2.0322    -0.0052          0     28.500 337.384844  1022.5289      1.126      0.176  0.000e+00
      1.143    28.0890   5.662500    35.2118     2.0220     0.0086          0     28.750 337.384847  1022.5297      1.137      0.209  0.000e+00
      1.143    28.0880   5.662720    35.2141     2.0120     0.0047          0     29.000 337.384850  1022.5317      1.137      0.223  0.000e+00
      1.132    28.0886   5.662530    35.2123     2.0074    -0.0052          0     29.250 337.384852  1022.5301      1.126      0.199  0.000e+00
      1.143    28.0897   5.662180    35.2090     2.0086    -0.0143          0     29.500 337.384855  1022.5274      1.137      0.157  0.000e+00
      1.208    28.0906   5.662081    35.2076     2.0011     0.0101          0     29.750 337.384858  1022.5263      1.202      0.120  0.000e+00
      1.251    28.0909   5.662120    35.2076     1.9962     0.0162          0     30.000 337.384861  1022.5264      1.245      0.093  0.000e+00
      1.338    28.0906   5.662180    35.2083     1.9980     0.0139          0     30.250 337.384864  1022.5273      1.331      0.102  0.000e+00
      1.381    28.0904   5.662272    35.2090     1.9970     0.0231          0     30.500 337.384867  1022.5281      1.374      0.125  0.000e+00
      1.403    28.0900   5.662462    35.2107     1.9874    -0.0097          0     30.750 337.384870  1022.5297      1.395      0.151  0.000e+00
      1.403    28.0901   5.662652    35.2120     1.9968    -0.0151          0     31.000 337.384873  1022.5306      1.395      0.164  0.000e+00
      1.424    28.0900   5.662180    35.2087     1.9949    -0.0197          0     31.250 337.384876  1022.5283      1.417      0.164  0.000e+00
      1.446    28.0899   5.661770    35.2059     1.9855    -0.0227          0     31.500 337.384878  1022.5263      1.438      0.148  0.000e+00
      1.500    28.0898   5.661550    35.2044     1.9818     0.0047          0     31.750 337.384881  1022.5254      1.492      0.130  0.000e+00
      1.543    28.0902   5.661641    35.2047     1.9811     0.0192          0     32.000 337.384884  1022.5257      1.535      0.120  0.000e+00
      1.576    28.0899   5.661892    35.2067     1.9852     0.0170          0     32.250 337.384887  1022.5275      1.567      0.112  0.000e+00
      1.576    28.0890   5.662021    35.2083     1.9798     0.0131          0     32.500 337.384890  1022.5289      1.567      0.110  0.000e+00
      1.619    28.0881   5.661991    35.2087     1.9771     0.0162          0     32.750 337.384893  1022.5297      1.610      0.119  0.000e+00
      1.652    28.0876   5.662082    35.2097     1.9744     0.0147          0     33.000 337.384896  1022.5308      1.642      0.128  0.000e+00
      1.695    28.0869   5.662150    35.2107     1.9818     0.0139          0     33.250 337.384899  1022.5319      1.685      0.131  0.000e+00
      1.727    28.0867   5.662181    35.2110     1.9812     0.0147          0     33.500 337.384902  1022.5324      1.718      0.131  0.000e+00
      1.760    28.0860   5.662181    35.2116     1.9741     0.0101          0     33.750 337.384905  1022.5332      1.750      0.127  0.000e+00
      1.792    28.0852   5.662181    35.2122     1.9674     0.0017          0     34.000 337.384907  1022.5340      1.782      0.128  0.000e+00
      1.835    28.0844   5.662052    35.2119     1.9716    -0.0006          0     34.250 337.384910  1022.5342      1.825      0.136  0.000e+00
      1.835    28.0833   5.662082    35.2129     1.9662    -0.0029          0     34.500 337.384913  1022.5353      1.825      0.136  0.000e+00
      1.846    28.0824   5.662242    35.2147     1.9673     0.0002          0     34.750 337.384916  1022.5371      1.836      0.120  0.000e+00
      1.868    28.0817   5.662150    35.2146     1.9509    -0.0029          0     35.000 337.384919  1022.5373      1.857      0.107  0.000e+00
      1.900    28.0809   5.661261    35.2089     1.9493    -0.0212          0     35.250 337.384922  1022.5334      1.890      0.097  0.000e+00
      1.922    28.0807   5.660615    35.2045     1.9502    -0.0090          0     35.500 337.384925  1022.5303      1.911      0.091  0.000e+00
      2.008    28.0818   5.660752    35.2047     1.9432    -0.0212          0     35.750 337.384928  1022.5304      1.997      0.103  0.000e+00
      2.106    28.0845   5.661641    35.2088     1.9387    -0.0143          0     36.000 337.384931  1022.5330      2.094      0.133  0.000e+00
      2.203    28.0891   5.662500    35.2114     1.9345    -0.0151          0     36.250 337.384933  1022.5339      2.191      0.177  0.000e+00
      2.268    28.0920   5.662751    35.2110     1.9336    -0.0120          0     36.500 337.384936  1022.5329      2.255      0.226  0.000e+00
      2.289    28.0929   5.662812    35.2107     1.9395    -0.0044          0     36.750 337.384939  1022.5325      2.277      0.251  0.000e+00
      2.257    28.0925   5.662652    35.2099     1.9327     0.0147          0     37.000 337.384942  1022.5319      2.245      0.241  0.000e+00
      2.268    28.0925   5.662591    35.2095     1.9273     0.0040          0     37.250 337.384945  1022.5316      2.255      0.213  0.000e+00
      2.268    28.0931   5.662622    35.2093     1.9283     0.0116          0     37.500 337.384948  1022.5313      2.255      0.170  0.000e+00
      2.300    28.0938   5.662690    35.2091     1.9282     0.0025          0     37.750 337.384951  1022.5311      2.287      0.118  0.000e+00
      2.376    28.0956   5.662941    35.2096     1.9372     0.0116          0     38.000 337.384954  1022.5311      2.363      0.090  0.000e+00
      2.430    28.0973   5.663321    35.2109     1.9316     0.0253          0     38.250 337.384957  1022.5318      2.416      0.084  0.000e+00
      2.484    28.0990   5.663541    35.2112     1.9301     0.0284          0     38.500 337.384959  1022.5317      2.470      0.104  0.000e+00
      2.527    28.1005   5.663671    35.2110     1.9241     0.0215          0     38.750 337.384962  1022.5313      2.513      0.138  0.000e+00
      2.560    28.1012   5.663731    35.2108     1.9335     0.0215          0     39.000 337.384965  1022.5310      2.545      0.170  0.000e+00
      2.549    28.1014   5.663731    35.2107     1.9420     0.0330          0     39.250 337.384968  1022.5308      2.535      0.171  0.000e+00
      2.560    28.1012   5.663731    35.2108     1.9372     0.0337          0     39.500 337.384971  1022.5310      2.545      0.159  0.000e+00
      2.592    28.1011   5.663716    35.2108     1.9355     0.0284          0     39.750 337.384974  1022.5312      2.578      0.135  0.000e+00
      2.700    28.1014   5.663982    35.2124     1.9375     0.0315          0     40.000 337.384977  1022.5327      2.685      0.130  0.000e+00
      2.776    28.1026   5.664621    35.2160     1.9401    -0.0014          0     40.250 337.384980  1022.5354      2.761      0.144  0.000e+00
      2.851    28.1038   5.665001    35.2178     1.9364     0.0017          0     40.500 337.384983  1022.5367      2.836      0.169  0.000e+00
      2.873    28.1040   5.665001    35.2176     1.9414    -0.0029          0     40.750 337.384986  1022.5366      2.857      0.190  0.000e+00
      2.884    28.1033   5.665001    35.2181     1.9413    -0.0014          0     41.000 337.384988  1022.5372      2.868      0.203  0.000e+00
      2.862    28.1019   5.664933    35.2187     1.9450     0.0147          0     41.250 337.384991  1022.5380      2.847      0.196  0.000e+00
      2.884    28.1014   5.664773    35.2179     1.9465     0.0147          0     41.500 337.384994  1022.5377      2.868      0.172  0.000e+00
      2.916    28.1014   5.664712    35.2175     1.9460     0.0177          0     41.750 337.384997  1022.5375      2.900      0.137  0.000e+00
      2.960    28.1017   5.664682    35.2170     1.9415     0.0170          0     42.000 337.385000  1022.5372      2.943      0.101  0.000e+00
      2.960    28.1023   5.664652    35.2164     1.9403     0.0292          0     42.250 337.385003  1022.5365      2.943      0.076  0.000e+00
      2.938    28.1027   5.664682    35.2163     1.9380     0.0147          0     42.500 337.385006  1022.5363      2.922      0.054  0.000e+00
      2.906    28.1030   5.664712    35.2163     1.9332     0.0040          0     42.750 337.385009  1022.5360      2.890      0.037  0.000e+00
      2.906    28.1032   5.664811    35.2169     1.9289     0.0063          0     43.000 337.385012  1022.5364      2.890      0.025  0.000e+00
      2.949    28.1034   5.665001    35.2180     1.9346     0.0002          0     43.250 337.385014  1022.5374      2.933      0.025  0.000e+00
      3.057    28.1037   5.665343    35.2202     1.9401     0.0086          0     43.500 337.385017  1022.5394      3.040      0.042  0.000e+00
      3.154    28.1038   5.665511    35.2212     1.9438     0.0109          0     43.750 337.385020  1022.5406      3.137      0.079  0.000e+00
      3.241    28.1036   5.665572    35.2218     1.9491     0.0101          0     44.000 337.385023  1022.5414      3.223      0.133  0.000e+00
      3.262    28.1033   5.665602    35.2222     1.9475     0.0070          0     44.250 337.385026  1022.5419      3.244      0.184  0.000e+00
      3.273    28.1028   5.665503    35.2219     1.9427     0.0032          0     44.500 337.385029  1022.5419      3.255      0.219  0.000e+00
      3.219    28.1025   5.665381    35.2213     1.9404     0.0040          0     44.750 337.385032  1022.5413      3.201      0.211  0.000e+00
      3.230    28.1016   5.665283    35.2212     1.9330    -0.0082          0     45.000 337.385035  1022.5416      3.212      0.177  0.000e+00
      3.219    28.1005   5.665313    35.2223     1.9385    -0.0006          0     45.250 337.385038  1022.5427      3.201      0.117  0.000e+00
      3.295    28.0998   5.665252    35.2224     1.9421    -0.0059          0     45.500 337.385041  1022.5433      3.277      0.072  0.000e+00
      3.370    28.0998   5.665192    35.2219     1.9416    -0.0067          0     45.750 337.385043  1022.5433      3.352      0.060  0.000e+00
      3.435    28.1002   5.665192    35.2216     1.9524    -0.0097          0     46.000 337.385046  1022.5432      3.416      0.076  0.000e+00
      3.457    28.1007   5.665222    35.2214     1.9498     0.0040          0     46.250 337.385049  1022.5430      3.438      0.109  0.000e+00
      3.468    28.1011   5.665283    35.2215     1.9499    -0.0105          0     46.500 337.385052  1022.5430      3.449      0.137  0.000e+00
      3.457    28.1017   5.665313    35.2213     1.9462     0.0147          0     46.750 337.385055  1022.5426      3.438      0.152  0.000e+00
      3.392    28.1020   5.665283    35.2209     1.9403     0.0154          0     47.000 337.385058  1022.5419      3.373      0.120  0.000e+00
      3.392    28.1020   5.665192    35.2202     1.9304     0.0109          0     47.250 337.385061  1022.5414      3.373      0.079  0.000e+00
      3.457    28.1018   5.665001    35.2190     1.9339     0.0116          0     47.500 337.385064  1022.5408      3.438      0.042  0.000e+00
      3.543    28.1011   5.664933    35.2190     1.9240    -0.0029          0     47.750 337.385067  1022.5414      3.524      0.037  0.000e+00
      3.673    28.1001   5.665032    35.2205     1.9295    -0.0014          0     48.000 337.385069  1022.5434      3.653      0.075  0.000e+00
      3.760    28.0995   5.665093    35.2213     1.9263    -0.0090          0     48.250 337.385072  1022.5446      3.739      0.138  0.000e+00
      3.781    28.0998   5.665123    35.2213     1.9263    -0.0029          0     48.500 337.385075  1022.5446      3.760      0.192  0.000e+00
      3.770    28.1006   5.665123    35.2207     1.9363     0.0002          0     48.750 337.385078  1022.5439      3.750      0.225  0.000e+00
      3.760    28.1013   5.665062    35.2197     1.9387     0.0009          0     49.000 337.385081  1022.5428      3.739      0.231  0.000e+00
      3.749    28.1015   5.664933    35.2187     1.9407    -0.0021          0     49.250 337.385084  1022.5419      3.728      0.193  0.000e+00
      3.749    28.1007   5.664774    35.2182     1.9335    -0.0067          0     49.500 337.385087  1022.5418      3.728      0.131  0.000e+00
      3.770    28.0995   5.664652    35.2182     1.9362    -0.0082          0     49.750 337.385090  1022.5423      3.750      0.073  0.000e+00
      3.846    28.0987   5.664584    35.2183     1.9283    -0.0075          0     50.000 337.385093  1022.5430      3.825      0.042  0.000e+00
      3.879    28.0981   5.664553    35.2185     1.9392    -0.0029          0     50.250 337.385095  1022.5435      3.857      0.044  0.000e+00
      3.900    28.0976   5.664462    35.2183     1.9434     0.0017          0     50.500 337.385098  1022.5435      3.879      0.066  0.000e+00
      3.976    28.0973   5.664462    35.2185     1.9411     0.0047          0     50.750 337.385101  1022.5441      3.954      0.107  0.000e+00
      4.019    28.0971   5.664394    35.2182     1.9390     0.0345          0     51.000 337.385104  1022.5442      3.997      0.142  0.000e+00
      4.073    28.0964   5.664363    35.2185     1.9316     0.0376          0     51.250 337.385107  1022.5448      4.051      0.172  0.000e+00
      4.105    28.0960   5.664333    35.2185     1.9315     0.0223          0     51.500 337.385110  1022.5451      4.083      0.185  0.000e+00
      4.095    28.0952   5.664325    35.2191     1.9262     0.0345          0     51.750 337.385113  1022.5458      4.072      0.172  0.000e+00
      4.084    28.0947   5.664303    35.2193     1.9196     0.0047          0     52.000 337.385116  1022.5460      4.061      0.141  0.000e+00
      4.127    28.0942   5.664303    35.2196     1.9099     0.0124          0     52.250 337.385119  1022.5466      4.104      0.125  0.000e+00
      4.203    28.0938   5.664303    35.2199     1.9176     0.0093          0     52.500 337.385122  1022.5473      4.180      0.121  0.000e+00
      4.246    28.0935   5.664242    35.2197     1.9035     0.0185          0     52.750 337.385124  1022.5475      4.223      0.115  0.000e+00
      4.257    28.0929   5.664204    35.2199     1.9084     0.0063          0     53.000 337.385127  1022.5478      4.233      0.113  0.000e+00
      4.235    28.0925   5.664173    35.2200     1.9114     0.0101          0     53.250 337.385130  1022.5479      4.212      0.102  0.000e+00
      4.268    28.0919   5.664173    35.2204     1.9023     0.0101          0     53.500 337.385133  1022.5486      4.244      0.102  0.000e+00
      4.311    28.0919   5.664174    35.2204     1.9025     0.0093          0     53.750 337.385136  1022.5488      4.287      0.112  0.000e+00
      4.376    28.0913   5.664204    35.2210     1.8991     0.0330          0     54.000 337.385139  1022.5497      4.352      0.123  0.000e+00
      4.473    28.0905   5.664143    35.2212     1.8985     0.0147          0     54.250 337.385142  1022.5505      4.449      0.136  0.000e+00
      4.538    28.0904   5.664082    35.2208     1.8934     0.0246          0     54.500 337.385145  1022.5505      4.513      0.156  0.000e+00
      4.570    28.0901   5.664052    35.2208     1.8956     0.0253          0     54.750 337.385148  1022.5508      4.545      0.182  0.000e+00
      4.581    28.0903   5.664014    35.2204     1.8831     0.0231          0     55.000 337.385150  1022.5504      4.556      0.200  0.000e+00
      4.603    28.0913   5.664052    35.2199     1.8841     0.0459          0     55.250 337.385153  1022.5498      4.578      0.206  0.000e+00
