ctd_mafia/cnv/SBE19plus_01906740_2018_12_07_0086.cnv
* Sea-Bird SBE19plus  Data File:
* FileName = C:\Users\all user\Desktop\Patroba _ WWF Mapping Mafia\SBE19plus_01906740_2018_12_07_0086.hex
* Software version 2.6.3.104
* Temperature SN = 6740
* Conductivity SN = 6740
* System UpLoad Time = Dec 07 2018 14:32:43
* <ApplicationData>
* <Seaterm232>
# nquan = 13
# nvalues = 642                                   
# units = specified
# name 0 = prdM: Pressure, Strain Gauge [db]
# name 1 = tv290C: Temperature [ITS-90, deg C]
# name 2 = c0S/m: Conductivity [S/m]
# name 3 = sal00: Salinity, Practical [PSU]
# name 4 = sbeox0ML/L: Oxygen, SBE 43 [ml/l]
# name 5 = flECO-AFL: Fluorescence, WET Labs ECO-AFL/FL [mg/m^3]
# name 6 = nbf: Bottles Fired
# name 7 = timeS: Time, Elapsed [seconds]
# name 8 = timeJ: Julian Days
# name 9 = density00: Density [density, kg/m^3]
# name 10 = depSM: Depth [salt water, m], lat = 0.00
# name 11 = dz/dtM: Descent Rate [m/s]
# name 12 = flag:  0.000e+00
# span 0 =     -1.400,     16.267                 
# span 1 =    27.7298,    28.2115                 
# span 2 =   0.144078,   5.677204                 
# span 3 =     0.6810,    35.2297                 
# span 4 =     1.8495,     2.7684                 
# span 5 =    -0.0456,    48.6864                 
# span 6 =          0,          0                 
# span 7 =      0.000,    160.250                 
# span 8 = 337.436296, 337.438151                 
# span 9 =   996.8113,  1022.5936                 
# span 10 =     -1.392,     16.177                
# span 11 =     -0.938,      0.373                
# span 12 = 0.0000e+00, 0.0000e+00                
# interval = seconds: 0.25
# start_time = Dec 03 2018 10:28:16 [Instrument's time stamp, header]
# bad_flag = -9.990e-29
*END*
[from data line 445]
     15.575    28.1222   5.668589    35.2254     2.0413     0.0429          0    111.250 337.437584  1022.5908     15.489      0.271  0.000e+00
     15.640    28.1220   5.668619    35.2257     2.0298     0.0688          0    111.500 337.437587  1022.5914     15.553      0.248  0.000e+00
     15.705    28.1220   5.668619    35.2257     2.0291     0.0696          0    111.750 337.437590  1022.5917     15.618      0.225  0.000e+00
     15.791    28.1220   5.668650    35.2259     2.0288     0.0681          0    112.000 337.437593  1022.5922     15.704      0.218  0.000e+00
     15.899    28.1220   5.668620    35.2256     2.0195     0.0688          0    112.250 337.437595  1022.5925     15.811      0.231  0.000e+00
     16.007    28.1220   5.668650    35.2258     2.0063     0.0521          0    112.500 337.437598  1022.5931     15.919      0.266  0.000e+00
     16.094    28.1222   5.668680    35.2259     2.0072     0.0620          0    112.750 337.437601  1022.5934     16.005      0.301  0.000e+00
     16.115    28.1221   5.668688    35.2260     2.0151     0.0505          0    113.000 337.437604  1022.5936     16.026      0.321  0.000e+00
     16.105    28.1225   5.668741    35.2260     2.0155     0.0574          0    113.250 337.437607  1022.5934     16.015      0.303  0.000e+00
     16.126    28.1229   5.668810    35.2262     2.0170     0.0620          0    113.500 337.437610  1022.5935     16.037      0.266  0.000e+00
     16.169    28.1234   5.668840    35.2260     2.0514     0.0604          0    113.750 337.437613  1022.5935     16.080      0.226  0.000e+00
     16.202    28.1235   5.668810    35.2257     2.0773     0.0597          0    114.000 337.437616  1022.5933     16.112      0.180  0.000e+00
     16.191    28.1236   5.668810    35.2257     2.0823     0.0551          0    114.250 337.437619  1022.5932     16.101      0.128  0.000e+00
     16.202    28.1237   5.668810    35.2256     2.0807     0.0582          0    114.500 337.437622  1022.5932     16.112      0.087  0.000e+00
     16.234    28.1238   5.668810    35.2255     2.0927     0.0559          0    114.750 337.437624  1022.5932     16.144      0.071  0.000e+00
     16.224    28.1239   5.668779    35.2252     2.0868     0.0582          0    115.000 337.437627  1022.5929     16.134      0.066  0.000e+00
     16.224    28.1238   5.668840    35.2257     2.0732     0.0589          0    115.250 337.437630  1022.5933     16.134      0.060  0.000e+00
     16.224    28.1240   5.668840    35.2256     2.0589     0.0620          0    115.500 337.437633  1022.5932     16.134      0.043  0.000e+00
     16.224    28.1240   5.668779    35.2251     2.0476     0.0589          0    115.750 337.437636  1022.5928     16.134      0.025  0.000e+00
     16.224    28.1238   5.668810    35.2255     2.0384     0.0559          0    116.000 337.437639  1022.5932     16.134      0.014  0.000e+00
     16.213    28.1238   5.668810    35.2255     2.0532     0.0559          0    116.250 337.437642  1022.5931     16.123      0.009  0.000e+00
     16.234    28.1238   5.668810    35.2255     2.0435     0.0620          0    116.500 337.437645  1022.5932     16.145      0.004  0.000e+00
     16.202    28.1240   5.668840    35.2256     2.0386     0.0719          0    116.750 337.437648  1022.5931     16.112     -0.008  0.000e+00
     16.245    28.1242   5.668840    35.2254     2.0422     0.0658          0    117.000 337.437650  1022.5931     16.155      0.002  0.000e+00
     16.245    28.1243   5.668871    35.2256     2.0429     0.0719          0    117.250 337.437653  1022.5931     16.155      0.008  0.000e+00
     16.256    28.1243   5.668871    35.2255     2.0369     0.0704          0    117.500 337.437656  1022.5932     16.166      0.015  0.000e+00
     16.245    28.1242   5.668871    35.2256     2.0378     0.0719          0    117.750 337.437659  1022.5932     16.155      0.017  0.000e+00
     16.256    28.1242   5.668840    35.2254     2.0396     0.0665          0    118.000 337.437662  1022.5931     16.166      0.021  0.000e+00
     16.256    28.1242   5.668871    35.2256     2.0262     0.0604          0    118.250 337.437665  1022.5933     16.166      0.022  0.000e+00
     16.234    28.1243   5.668840    35.2253     2.0334     0.0635          0    118.500 337.437668  1022.5929     16.145      0.012  0.000e+00
     16.256    28.1243   5.668871    35.2255     2.0391     0.0582          0    118.750 337.437671  1022.5932     16.166      0.014  0.000e+00
     16.256    28.1243   5.668871    35.2255     2.0419     0.0551          0    119.000 337.437674  1022.5932     16.166      0.003  0.000e+00
     16.245    28.1243   5.668871    35.2256     2.0426     0.0665          0    119.250 337.437677  1022.5931     16.155      0.000  0.000e+00
     16.245    28.1243   5.668871    35.2256     2.0391     0.0543          0    119.500 337.437679  1022.5931     16.155     -0.003  0.000e+00
     16.256    28.1246   5.668871    35.2253     2.0411     0.0604          0    119.750 337.437682  1022.5929     16.166      0.001  0.000e+00
     16.256    28.1245   5.668901    35.2256     2.0285     0.0871          0    120.000 337.437685  1022.5932     16.166      0.001  0.000e+00
     16.267    28.1246   5.668901    35.2255     2.0313     0.0864          0    120.250 337.437688  1022.5931     16.177      0.007  0.000e+00
     16.245    28.1246   5.668901    35.2255     2.0224     0.0788          0    120.500 337.437691  1022.5930     16.156      0.006  0.000e+00
     16.245    28.1248   5.668901    35.2254     2.0215     0.0818          0    120.750 337.437694  1022.5929     16.156     -0.001  0.000e+00
     16.245    28.1245   5.668901    35.2256     2.0204     0.0475          0    121.000 337.437697  1022.5931     16.156     -0.002  0.000e+00
     16.235    28.1246   5.668871    35.2253     2.0216     0.0437          0    121.250 337.437700  1022.5928     16.145     -0.005  0.000e+00
     16.245    28.1245   5.668871    35.2254     2.0234     0.0498          0    121.500 337.437703  1022.5930     16.156     -0.007  0.000e+00
     16.245    28.1246   5.668901    35.2255     2.0281     0.0482          0    121.750 337.437705  1022.5930     16.156     -0.009  0.000e+00
     16.267    28.1247   5.668931    35.2257     2.0301     0.0505          0    122.000 337.437708  1022.5932     16.177     -0.002  0.000e+00
     16.256    28.1248   5.668931    35.2256     2.0332     0.0452          0    122.250 337.437711  1022.5931     16.166      0.002  0.000e+00
     16.202    28.1248   5.668931    35.2256     2.0344     0.0383          0    122.500 337.437714  1022.5929     16.113     -0.006  0.000e+00
     16.181    28.1252   5.668931    35.2253     2.0322     0.0437          0    122.750 337.437717  1022.5924     16.091     -0.022  0.000e+00
     16.072    28.1251   5.668901    35.2252     2.0360     0.0475          0    123.000 337.437720  1022.5919     15.984     -0.062  0.000e+00
     15.845    28.1251   5.668901    35.2253     2.0298     0.0604          0    123.250 337.437723  1022.5910     15.758     -0.151  0.000e+00
     15.586    28.1253   5.668931    35.2254     2.0280     0.0528          0    123.500 337.437726  1022.5899     15.500     -0.287  0.000e+00
     15.337    28.1256   5.668969    35.2256     2.0265     0.0612          0    123.750 337.437729  1022.5888     15.253     -0.442  0.000e+00
     15.229    28.1257   5.668931    35.2253     2.0261     0.0490          0    124.000 337.437731  1022.5881     15.145     -0.565  0.000e+00
     15.219    28.1258   5.668931    35.2252     2.0316     0.0643          0    124.250 337.437734  1022.5880     15.134     -0.616  0.000e+00
     15.229    28.1254   5.668840    35.2248     2.0278     0.0551          0    124.500 337.437737  1022.5879     15.145     -0.598  0.000e+00
     15.229    28.1248   5.668840    35.2253     2.0195     0.0635          0    124.750 337.437740  1022.5884     15.145     -0.530  0.000e+00
     15.251    28.1244   5.668779    35.2251     2.0263     0.0459          0    125.000 337.437743  1022.5885     15.167     -0.398  0.000e+00
     15.240    28.1240   5.668741    35.2252     2.0315     0.0665          0    125.250 337.437746  1022.5886     15.156     -0.243  0.000e+00
     15.100    28.1238   5.668710    35.2251     2.0420     0.0704          0    125.500 337.437749  1022.5881     15.016     -0.146  0.000e+00
     14.905    28.1235   5.668710    35.2254     2.0570     0.0742          0    125.750 337.437752  1022.5875     14.823     -0.137  0.000e+00
     14.667    28.1235   5.668710    35.2255     2.0656     0.0749          0    126.000 337.437755  1022.5866     14.586     -0.229  0.000e+00
     14.451    28.1233   5.668680    35.2255     2.0634     0.0688          0    126.250 337.437758  1022.5857     14.371     -0.370  0.000e+00
     14.213    28.1233   5.668679    35.2255     2.0724     0.0498          0    126.500 337.437760  1022.5848     14.135     -0.527  0.000e+00
     13.910    28.1235   5.668710    35.2257     2.0635     0.0421          0    126.750 337.437763  1022.5835     13.834     -0.693  0.000e+00
     13.619    28.1233   5.668656    35.2256     2.0592     0.0536          0    127.000 337.437766  1022.5822     13.543     -0.850  0.000e+00
     13.446    28.1234   5.668649    35.2255     2.0556     0.0444          0    127.250 337.437769  1022.5814     13.371     -0.938  0.000e+00
     13.413    28.1231   5.668618    35.2255     2.0494     0.0337          0    127.500 337.437772  1022.5814     13.339     -0.917  0.000e+00
     13.370    28.1231   5.668618    35.2255     2.0543     0.0307          0    127.750 337.437775  1022.5812     13.296     -0.834  0.000e+00
     13.305    28.1227   5.668550    35.2253     2.0498     0.0353          0    128.000 337.437778  1022.5809     13.232     -0.717  0.000e+00
     13.110    28.1225   5.668519    35.2253     2.0526     0.0360          0    128.250 337.437781  1022.5801     13.038     -0.625  0.000e+00
     12.927    28.1223   5.668519    35.2255     2.0568     0.0292          0    128.500 337.437784  1022.5795     12.855     -0.550  0.000e+00
     12.732    28.1222   5.668489    35.2255     2.0570     0.0345          0    128.750 337.437786  1022.5788     12.662     -0.504  0.000e+00
     12.592    28.1223   5.668519    35.2256     2.0705     0.0307          0    129.000 337.437789  1022.5782     12.522     -0.499  0.000e+00
     12.516    28.1224   5.668549    35.2258     2.0820     0.0337          0    129.250 337.437792  1022.5780     12.447     -0.522  0.000e+00
     12.332    28.1225   5.668549    35.2258     2.0890     0.0353          0    129.500 337.437795  1022.5771     12.264     -0.579  0.000e+00
     12.062    28.1224   5.668458    35.2253     2.0929     0.0330          0    129.750 337.437798  1022.5756     11.995     -0.645  0.000e+00
     11.738    28.1223   5.668458    35.2255     2.0911     0.0414          0    130.000 337.437801  1022.5744     11.673     -0.721  0.000e+00
     11.489    28.1224   5.668457    35.2255     2.0912     0.0406          0    130.250 337.437804  1022.5733     11.426     -0.777  0.000e+00
     11.359    28.1223   5.668488    35.2258     2.0893     0.0231          0    130.500 337.437807  1022.5730     11.297     -0.811  0.000e+00
     11.294    28.1224   5.668503    35.2258     2.0798     0.0444          0    130.750 337.437810  1022.5728     11.232     -0.806  0.000e+00
     11.165    28.1226   5.668457    35.2254     2.0826     0.0482          0    131.000 337.437813  1022.5718     11.103     -0.793  0.000e+00
     11.046    28.1227   5.668488    35.2256     2.0815     0.0482          0    131.250 337.437815  1022.5714     10.985     -0.753  0.000e+00
     10.851    28.1225   5.668427    35.2254     2.0855     0.0452          0    131.500 337.437818  1022.5705     10.791     -0.688  0.000e+00
     10.646    28.1225   5.668427    35.2254     2.0835     0.0383          0    131.750 337.437821  1022.5696     10.587     -0.627  0.000e+00
     10.462    28.1224   5.668457    35.2258     2.0852     0.0490          0    132.000 337.437824  1022.5691     10.404     -0.593  0.000e+00
     10.224    28.1227   5.668457    35.2256     2.0978     0.0528          0    132.250 337.437827  1022.5679     10.168     -0.624  0.000e+00
      9.921    28.1227   5.668046    35.2228     2.0911     0.0459          0    132.500 337.437830  1022.5645      9.867     -0.718  0.000e+00
      9.651    28.1233   5.668616    35.2265     2.0959     0.0330          0    132.750 337.437833  1022.5659      9.598     -0.822  0.000e+00
      9.489    28.1241   5.668806    35.2273     2.0857     0.0376          0    133.000 337.437836  1022.5655      9.437     -0.878  0.000e+00
      9.457    28.1254   5.668897    35.2270     2.0861     0.0398          0    133.250 337.437839  1022.5648      9.404     -0.865  0.000e+00
      9.424    28.1267   5.668966    35.2264     2.0836     0.0368          0    133.500 337.437841  1022.5638      9.372     -0.786  0.000e+00
      9.327    28.1275   5.668966    35.2259     2.0828     0.0208          0    133.750 337.437844  1022.5627      9.275     -0.690  0.000e+00
      9.122    28.1279   5.668996    35.2259     2.0705     0.0261          0    134.000 337.437847  1022.5617      9.071     -0.616  0.000e+00
      8.905    28.1283   5.668958    35.2254     2.0678     0.0276          0    134.250 337.437850  1022.5603      8.856     -0.559  0.000e+00
      8.678    28.1286   5.668996    35.2255     2.0703     0.0261          0    134.500 337.437853  1022.5593      8.631     -0.538  0.000e+00
      8.538    28.1287   5.668996    35.2255     2.0709     0.0231          0    134.750 337.437856  1022.5586      8.491     -0.553  0.000e+00
      8.387    28.1291   5.669026    35.2254     2.0749     0.0620          0    135.000 337.437859  1022.5578      8.340     -0.605  0.000e+00
      8.170    28.1292   5.669056    35.2256     2.0760     0.0559          0    135.250 337.437862  1022.5570      8.125     -0.685  0.000e+00
      7.857    28.1292   5.668995    35.2253     2.0755     0.0589          0    135.500 337.437865  1022.5554      7.813     -0.772  0.000e+00
      7.608    28.1292   5.668995    35.2254     2.0824     0.0559          0    135.750 337.437867  1022.5544      7.566     -0.829  0.000e+00
      7.468    28.1292   5.668965    35.2252     2.0951     0.0498          0    136.000 337.437870  1022.5537      7.426     -0.835  0.000e+00
      7.435    28.1292   5.668927    35.2249     2.1021     0.0475          0    136.250 337.437873  1022.5533      7.394     -0.794  0.000e+00
      7.381    28.1290   5.668896    35.2249     2.1032     0.0444          0    136.500 337.437876  1022.5531      7.340     -0.727  0.000e+00
      7.240    28.1286   5.668835    35.2248     2.1063     0.0414          0    136.750 337.437879  1022.5526      7.201     -0.671  0.000e+00
      7.057    28.1284   5.668835    35.2250     2.1043     0.0345          0    137.000 337.437882  1022.5520      7.018     -0.616  0.000e+00
      6.797    28.1280   5.668805    35.2251     2.0996     0.0383          0    137.250 337.437885  1022.5511      6.760     -0.581  0.000e+00
      6.613    28.1279   5.668835    35.2255     2.1009     0.0376          0    137.500 337.437888  1022.5507      6.577     -0.561  0.000e+00
      6.408    28.1280   5.668835    35.2255     2.0895     0.0398          0    137.750 337.437891  1022.5497      6.373     -0.597  0.000e+00
      6.181    28.1281   5.668835    35.2255     2.0232     0.0330          0    138.000 337.437894  1022.5487      6.147     -0.680  0.000e+00
      5.900    28.1281   5.665633    35.2031     2.0085     0.0200          0    138.250 337.437896  1022.5307      5.867     -0.790  0.000e+00
      5.662    28.1283   5.668834    35.2255     2.0023     0.0177          0    138.500 337.437899  1022.5464      5.631     -0.869  0.000e+00
