ctd_mafia/cnv/SBE19plus_01906740_2018_12_07_0085.cnv
* Sea-Bird SBE19plus  Data File:
* FileName = C:\Users\all user\Desktop\Patroba _ WWF Mapping Mafia\SBE19plus_01906740_2018_12_07_0085.hex
* Software version 2.6.3.104
* Temperature SN = 6740
* Conductivity SN = 6740
* System UpLoad Time = Dec 07 2018 14:32:28
* <ApplicationData>
* <Seaterm232>
# nquan = 13
# nvalues = 809                                   
# units = specified
# name 0 = prdM: Pressure, Strain Gauge [db]
# name 1 = tv290C: Temperature [ITS-90, deg C]
# name 2 = c0S/m: Conductivity [S/m]
# name 3 = sal00: Salinity, Practical [PSU]
# name 4 = sbeox0ML/L: Oxygen, SBE 43 [ml/l]
# name 5 = flECO-AFL: Fluorescence, WET Labs ECO-AFL/FL [mg/m^3]
# name 6 = nbf: Bottles Fired
# name 7 = timeS: Time, Elapsed [seconds]
# name 8 = timeJ: Julian Days
# name 9 = density00: Density [density, kg/m^3]
# name 10 = depSM: Depth [salt water, m], lat = 0.00
# name 11 = dz/dtM: Descent Rate [m/s]
# name 12 = flag:  0.000e+00
# span 0 =     -1.379,     19.787                 
# span 1 =    28.0727,    28.5612                 
# span 2 =   0.199167,   5.760057                 
# span 3 =     0.9403,    35.7520                 
# span 4 =     1.8953,     3.0018                 
# span 5 =    -0.4431,     1.3956                 
# span 6 =          0,          0                 
# span 7 =      0.000,    202.000                 
# span 8 = 337.425093, 337.427431                 
# span 9 =   996.7794,  1022.8659                 
# span 10 =     -1.372,     19.677                
# span 11 =     -1.410,      0.809                
# span 12 = 0.0000e+00, 0.0000e+00                
# interval = seconds: 0.25
# start_time = Dec 03 2018 10:12:08 [Instrument's time stamp, header]
# bad_flag = -9.990e-29
*END*
[from data line 334]
     -0.093    28.1265   5.668732    35.2278     2.0715     0.0116          0     83.500 337.426059  1022.5241     -0.092     -0.039  0.000e+00
     -0.060    28.1266   5.668740    35.2277     2.0679     0.0124          0     83.750 337.426062  1022.5242     -0.060     -0.074  0.000e+00
     -0.028    28.1267   5.668732    35.2276     2.0667     0.0147          0     84.000 337.426065  1022.5242     -0.027     -0.071  0.000e+00
     -0.038    28.1267   5.668801    35.2281     2.0648     0.0109          0     84.250 337.426068  1022.5245     -0.038     -0.037  0.000e+00
     -0.049    28.1270   5.668892    35.2285     2.0736     0.0032          0     84.500 337.426071  1022.5247     -0.049      0.005  0.000e+00
     -0.060    28.1276   5.668923    35.2283     2.0694     0.0147          0     84.750 337.426073  1022.5243     -0.060      0.041  0.000e+00
     -0.039    28.1283   5.668961    35.2281     2.0754     0.0177          0     85.000 337.426076  1022.5240     -0.038      0.050  0.000e+00
     -0.006    28.1286   5.668991    35.2280     2.0762     0.0185          0     85.250 337.426079  1022.5240     -0.006      0.050  0.000e+00
     -0.017    28.1287   5.668961    35.2278     2.0734     0.0238          0     85.500 337.426082  1022.5237     -0.017      0.028  0.000e+00
     -0.038    28.1287   5.668961    35.2278     2.0797     0.0246          0     85.750 337.426085  1022.5236     -0.038      0.013  0.000e+00
     -0.082    28.1290   5.669052    35.2282     2.0779    -0.0075          0     86.000 337.426088  1022.5237     -0.081     -0.006  0.000e+00
     -0.125    28.1293   5.669052    35.2280     2.0820    -0.0113          0     86.250 337.426091  1022.5232     -0.124     -0.025  0.000e+00
     -0.147    28.1296   5.669082    35.2279     2.0809    -0.0113          0     86.500 337.426094  1022.5229     -0.146     -0.047  0.000e+00
     -0.093    28.1297   5.669052    35.2276     2.0841    -0.0128          0     86.750 337.426097  1022.5229     -0.092     -0.050  0.000e+00
      0.016    28.1295   5.669021    35.2276     2.0920     0.0376          0     87.000 337.426100  1022.5235      0.016     -0.026  0.000e+00
      0.037    28.1297   5.669105    35.2280     2.0821     0.0345          0     87.250 337.426102  1022.5237      0.037      0.006  0.000e+00
      0.037    28.1302   5.669212    35.2283     2.0827     0.0269          0     87.500 337.426105  1022.5239      0.037      0.045  0.000e+00
     -0.017    28.1310   5.669371    35.2289     2.0848     0.0345          0     87.750 337.426108  1022.5238     -0.017      0.062  0.000e+00
     -0.049    28.1322   5.669462    35.2287     2.0930     0.0360          0     88.000 337.426111  1022.5231     -0.049      0.063  0.000e+00
     -0.049    28.1326   5.669432    35.2282     2.0886     0.0360          0     88.250 337.426114  1022.5226     -0.049      0.051  0.000e+00
     -0.049    28.1330   5.669402    35.2277     2.0904     0.0360          0     88.500 337.426117  1022.5221     -0.049      0.022  0.000e+00
     -0.071    28.1332   5.669402    35.2275     2.0858     0.0368          0     88.750 337.426120  1022.5218     -0.070     -0.025  0.000e+00
     -0.082    28.1331   5.669371    35.2274     2.0761     0.0391          0     89.000 337.426123  1022.5217     -0.081     -0.061  0.000e+00
     -0.093    28.1328   5.669341    35.2274     2.0788     0.0360          0     89.250 337.426126  1022.5218     -0.092     -0.066  0.000e+00
     -0.071    28.1324   5.669242    35.2270     2.0763     0.0315          0     89.500 337.426128  1022.5217     -0.070     -0.050  0.000e+00
     -0.006    28.1321   5.669242    35.2272     2.0664     0.0315          0     89.750 337.426131  1022.5222     -0.006     -0.009  0.000e+00
      0.016    28.1320   5.669303    35.2277     2.0601     0.0284          0     90.000 337.426134  1022.5227      0.016      0.022  0.000e+00
      0.026    28.1317   5.669303    35.2279     2.0594     0.0528          0     90.250 337.426137  1022.5230      0.026      0.043  0.000e+00
     -0.028    28.1320   5.669341    35.2279     2.0700     0.0459          0     90.500 337.426140  1022.5227     -0.027      0.044  0.000e+00
     -0.103    28.1320   5.669318    35.2278     2.0784     0.0459          0     90.750 337.426143  1022.5223     -0.103      0.024  0.000e+00
     -0.136    28.1323   5.669341    35.2278     2.0829     0.0521          0     91.000 337.426146  1022.5220     -0.135     -0.009  0.000e+00
     -0.125    28.1323   5.669341    35.2278     2.0904     0.0307          0     91.250 337.426149  1022.5221     -0.124     -0.037  0.000e+00
     -0.103    28.1323   5.669272    35.2273     2.0910     0.0147          0     91.500 337.426152  1022.5218     -0.103     -0.061  0.000e+00
     -0.028    28.1319   5.669272    35.2275     2.0892     0.0116          0     91.750 337.426155  1022.5224     -0.027     -0.057  0.000e+00
      0.026    28.1316   5.669151    35.2269     2.0985     0.0200          0     92.000 337.426157  1022.5223      0.026     -0.019  0.000e+00
      0.070    28.1307   5.669021    35.2266     2.0932     0.0177          0     92.250 337.426160  1022.5226      0.069      0.035  0.000e+00
      0.016    28.1297   5.668892    35.2265     2.0967     0.0292          0     92.500 337.426163  1022.5225      0.016      0.074  0.000e+00
     -0.060    28.1288   5.668801    35.2266     2.0931     0.0429          0     92.750 337.426166  1022.5226     -0.060      0.076  0.000e+00
     -0.093    28.1279   5.668801    35.2272     2.0925     0.0253          0     93.000 337.426169  1022.5232     -0.092      0.047  0.000e+00
     -0.071    28.1275   5.668770    35.2273     2.0891     0.0315          0     93.250 337.426172  1022.5235     -0.070      0.012  0.000e+00
     -0.038    28.1270   5.668672    35.2270     2.0731     0.0215          0     93.500 337.426175  1022.5236     -0.038     -0.016  0.000e+00
      0.048    28.1259   5.668421    35.2261     2.0846     0.0299          0     93.750 337.426178  1022.5236      0.048     -0.019  0.000e+00
      0.135    28.1237   5.667942    35.2243     2.0786     0.0177          0     94.000 337.426181  1022.5234      0.134      0.017  0.000e+00
      0.253    28.1199   5.667212    35.2220     2.0870     0.0200          0     94.250 337.426183  1022.5234      0.252      0.091  0.000e+00
      0.383    28.1143   5.666490    35.2211     2.1215     0.0292          0     94.500 337.426186  1022.5251      0.381      0.199  0.000e+00
      0.448    28.1087   5.666262    35.2236     2.1276     0.0116          0     94.750 337.426189  1022.5291      0.446      0.285  0.000e+00
      0.405    28.1057   5.666292    35.2261     2.1385     0.0131          0     95.000 337.426192  1022.5318      0.403      0.306  0.000e+00
      0.405    28.1037   5.666231    35.2272     2.1324     0.0200          0     95.250 337.426195  1022.5333      0.403      0.285  0.000e+00
      0.426    28.1026   5.666231    35.2280     2.1253     0.0185          0     95.500 337.426198  1022.5343      0.424      0.244  0.000e+00
      0.459    28.1021   5.666232    35.2283     2.1065     0.0109          0     95.750 337.426201  1022.5349      0.456      0.190  0.000e+00
      0.481    28.1019   5.666262    35.2287     2.1033     0.0246          0     96.000 337.426204  1022.5353      0.478      0.136  0.000e+00
      0.524    28.1021   5.666330    35.2290     2.0802     0.0246          0     96.250 337.426207  1022.5357      0.521      0.094  0.000e+00
      0.545    28.1023   5.666232    35.2282     2.0954     0.0292          0     96.500 337.426209  1022.5351      0.542      0.072  0.000e+00
      0.567    28.1023   5.666262    35.2284     2.0899     0.0223          0     96.750 337.426212  1022.5353      0.564      0.079  0.000e+00
      0.632    28.1026   5.666361    35.2288     2.0989     0.0170          0     97.000 337.426215  1022.5358      0.628      0.113  0.000e+00
      0.686    28.1033   5.666483    35.2292     2.1013     0.0177          0     97.250 337.426218  1022.5361      0.682      0.135  0.000e+00
      0.762    28.1041   5.666521    35.2288     2.1133     0.0162          0     97.500 337.426221  1022.5359      0.757      0.158  0.000e+00
      0.751    28.1043   5.666422    35.2279     2.1168     0.0406          0     97.750 337.426224  1022.5351      0.747      0.161  0.000e+00
      0.762    28.1042   5.666391    35.2278     2.1273     0.0482          0     98.000 337.426227  1022.5351      0.757      0.157  0.000e+00
      0.751    28.1041   5.666368    35.2278     2.1179     0.0421          0     98.250 337.426230  1022.5351      0.747      0.137  0.000e+00
      0.740    28.1041   5.666361    35.2277     2.1139     0.0475          0     98.500 337.426233  1022.5350      0.736      0.110  0.000e+00
      0.783    28.1041   5.666391    35.2279     2.1087     0.0360          0     98.750 337.426236  1022.5353      0.779      0.088  0.000e+00
      0.859    28.1039   5.666293    35.2273     2.1164     0.0414          0     99.000 337.426238  1022.5353      0.854      0.077  0.000e+00
      0.924    28.1029   5.666072    35.2265     2.1050     0.0360          0     99.250 337.426241  1022.5352      0.919      0.086  0.000e+00
      0.978    28.1012   5.665882    35.2264     2.0967     0.0345          0     99.500 337.426244  1022.5359      0.972      0.107  0.000e+00
      1.032    28.0996   5.665821    35.2272     2.1066     0.0208          0     99.750 337.426247  1022.5373      1.026      0.149  0.000e+00
      1.064    28.0988   5.665821    35.2278     2.0984     0.0177          0    100.000 337.426250  1022.5381      1.059      0.178  0.000e+00
      1.054    28.0980   5.665761    35.2279     2.1014     0.0276          0    100.250 337.426253  1022.5385      1.048      0.187  0.000e+00
      0.999    28.0975   5.665662    35.2276     2.0994     0.0231          0    100.500 337.426256  1022.5382      0.994      0.158  0.000e+00
      0.902    28.0970   5.665601    35.2276     2.0912     0.0269          0    100.750 337.426259  1022.5380      0.897      0.083  0.000e+00
      0.881    28.0966   5.665692    35.2286     2.0807     0.0253          0    101.000 337.426262  1022.5387      0.876      0.006  0.000e+00
      0.837    28.0970   5.665821    35.2292     2.0787     0.0421          0    101.250 337.426264  1022.5389      0.833     -0.064  0.000e+00
      0.848    28.0976   5.665882    35.2291     2.0796     0.0284          0    101.500 337.426267  1022.5386      0.843     -0.108  0.000e+00
      0.902    28.0985   5.665912    35.2287     2.0781     0.0330          0    101.750 337.426270  1022.5382      0.897     -0.115  0.000e+00
      1.054    28.0989   5.665943    35.2285     2.0908     0.0276          0    102.000 337.426273  1022.5386      1.048     -0.058  0.000e+00
      1.205    28.0995   5.665981    35.2283     2.0826     0.0406          0    102.250 337.426276  1022.5389      1.198      0.049  0.000e+00
      1.281    28.0991   5.665662    35.2264     2.0958     0.0360          0    102.500 337.426279  1022.5379      1.274      0.163  0.000e+00
      1.302    28.0978   5.665571    35.2267     2.1238     0.0276          0    102.750 337.426282  1022.5386      1.295      0.249  0.000e+00
      1.291    28.0966   5.665441    35.2267     2.1251     0.0231          0    103.000 337.426285  1022.5390      1.284      0.280  0.000e+00
      1.205    28.0954   5.665343    35.2269     2.1052     0.0086          0    103.250 337.426288  1022.5392      1.198      0.255  0.000e+00
      1.172    28.0944   5.665411    35.2281     2.1094     0.0261          0    103.500 337.426291  1022.5403      1.166      0.185  0.000e+00
      1.205    28.0942   5.665472    35.2287     2.1201     0.0253          0    103.750 337.426293  1022.5409      1.198      0.105  0.000e+00
      1.237    28.0944   5.665502    35.2287     2.1011     0.0261          0    104.000 337.426296  1022.5410      1.230      0.028  0.000e+00
      1.335    28.0945   5.665472    35.2284     2.0957     0.0299          0    104.250 337.426299  1022.5412      1.327      0.005  0.000e+00
      1.432    28.0945   5.665381    35.2278     2.0959     0.0284          0    104.500 337.426302  1022.5411      1.424      0.040  0.000e+00
      1.572    28.0941   5.665282    35.2273     2.1103     0.0261          0    104.750 337.426305  1022.5415      1.564      0.122  0.000e+00
      1.648    28.0936   5.665282    35.2277     2.1155     0.0124          0    105.000 337.426308  1022.5423      1.639      0.212  0.000e+00
      1.681    28.0936   5.665442    35.2288     2.1317     0.0330          0    105.250 337.426311  1022.5432      1.671      0.284  0.000e+00
      1.648    28.0941   5.665601    35.2295     2.1060     0.0406          0    105.500 337.426314  1022.5435      1.639      0.293  0.000e+00
      1.594    28.0954   5.665662    35.2290     2.0957     0.0398          0    105.750 337.426317  1022.5425      1.585      0.246  0.000e+00
      1.551    28.0960   5.665601    35.2282     2.1241     0.0322          0    106.000 337.426319  1022.5415      1.542      0.172  0.000e+00
      1.540    28.0962   5.665533    35.2276     2.1109     0.0444          0    106.250 337.426322  1022.5409      1.532      0.081  0.000e+00
      1.572    28.0961   5.665533    35.2276     2.1088     0.0437          0    106.500 337.426325  1022.5411      1.564      0.012  0.000e+00
      1.616    28.0960   5.665571    35.2279     2.1087     0.0467          0    106.750 337.426328  1022.5416      1.607     -0.029  0.000e+00
      1.702    28.0959   5.665533    35.2277     2.1197     0.0391          0    107.000 337.426331  1022.5418      1.693     -0.012  0.000e+00
      1.756    28.0955   5.665472    35.2276     2.1165     0.0292          0    107.250 337.426334  1022.5420      1.746      0.035  0.000e+00
      1.789    28.0953   5.665502    35.2279     2.1140     0.0360          0    107.500 337.426337  1022.5425      1.779      0.095  0.000e+00
      1.735    28.0953   5.665533    35.2281     2.1067     0.0345          0    107.750 337.426340  1022.5424      1.725      0.123  0.000e+00
      1.670    28.0957   5.665533    35.2279     2.1065     0.0330          0    108.000 337.426343  1022.5418      1.661      0.109  0.000e+00
      1.681    28.0957   5.665533    35.2279     2.1022     0.0192          0    108.250 337.426345  1022.5419      1.671      0.079  0.000e+00
      1.724    28.0955   5.665442    35.2274     2.1078     0.0139          0    108.500 337.426348  1022.5417      1.714      0.048  0.000e+00
      1.789    28.0951   5.665411    35.2274     2.1209     0.0315          0    108.750 337.426351  1022.5422      1.779      0.032  0.000e+00
      1.886    28.0951   5.665381    35.2272     2.0977     0.0276          0    109.000 337.426354  1022.5424      1.876      0.043  0.000e+00
      1.951    28.0946   5.665343    35.2273     2.1060     0.0223          0    109.250 337.426357  1022.5429      1.940      0.082  0.000e+00
      2.037    28.0938   5.665252    35.2272     2.1235     0.0398          0    109.500 337.426360  1022.5435      2.026      0.146  0.000e+00
      2.070    28.0936   5.665313    35.2277     2.1240     0.0475          0    109.750 337.426363  1022.5441      2.058      0.210  0.000e+00
      2.059    28.0941   5.665449    35.2283     2.1144     0.0315          0    110.000 337.426366  1022.5444      2.048      0.234  0.000e+00
      2.059    28.0946   5.665442    35.2279     2.1130     0.0276          0    110.250 337.426369  1022.5439      2.048      0.215  0.000e+00
      2.091    28.0949   5.665442    35.2277     2.1035     0.0299          0    110.500 337.426372  1022.5438      2.080      0.183  0.000e+00
      2.156    28.0950   5.665472    35.2278     2.1009     0.0391          0    110.750 337.426374  1022.5441      2.144      0.155  0.000e+00
