ctd_mafia/cnv/SBE19plus_01906740_2018_12_07_0080.cnv
* Sea-Bird SBE19plus  Data File:
* FileName = C:\Users\all user\Desktop\Patroba _ WWF Mapping Mafia\SBE19plus_01906740_2018_12_07_0080.hex
* Software version 2.6.3.104
* Temperature SN = 6740
* Conductivity SN = 6740
* System UpLoad Time = Dec 07 2018 14:31:06
* <ApplicationData>
* <Seaterm232>
# nquan = 13
# nvalues = 477                                   
# units = specified
# name 0 = prdM: Pressure, Strain Gauge [db]
# name 1 = tv290C: Temperature [ITS-90, deg C]
# name 2 = c0S/m: Conductivity [S/m]
# name 3 = sal00: Salinity, Practical [PSU]
# name 4 = sbeox0ML/L: Oxygen, SBE 43 [ml/l]
# name 5 = flECO-AFL: Fluorescence, WET Labs ECO-AFL/FL [mg/m^3]
# name 6 = nbf: Bottles Fired
# name 7 = timeS: Time, Elapsed [seconds]
# name 8 = timeJ: Julian Days
# name 9 = density00: Density [density, kg/m^3]
# name 10 = depSM: Depth [salt water, m], lat = 0.00
# name 11 = dz/dtM: Descent Rate [m/s]
# name 12 = flag:  0.000e+00
# span 0 =     -1.352,     12.821                 
# span 1 =    27.2008,    28.3008                 
# span 2 =   0.419699,   5.671903                 
# span 3 =     2.0761,    35.2542                 
# span 4 =     1.9342,     3.8191                 
# span 5 =    -0.4134,    48.6803                 
# span 6 =          0,          0                 
# span 7 =      0.000,    119.000                 
# span 8 = 337.375116, 337.376493                 
# span 9 =   997.7067,  1022.5873                 
# span 10 =     -1.345,     12.750                
# span 11 =     -1.101,      0.568                
# span 12 = 0.0000e+00, 0.0000e+00                
# interval = seconds: 0.25
# start_time = Dec 03 2018 09:00:10 [Instrument's time stamp, header]
# bad_flag = -9.990e-29
*END*
[from data line 223]
      5.762    28.1074   5.665763    35.2196     1.9860     0.0376          0     55.750 337.375761  1022.5493      5.730      0.210  0.000e+00
      5.794    28.1077   5.665694    35.2188     1.9878     0.0292          0     56.000 337.375764  1022.5488      5.762      0.233  0.000e+00
      5.826    28.1077   5.665664    35.2186     1.9922     0.0246          0     56.250 337.375767  1022.5488      5.794      0.236  0.000e+00
      5.826    28.1079   5.665664    35.2184     1.9927     0.0185          0     56.500 337.375770  1022.5485      5.794      0.217  0.000e+00
      5.794    28.1075   5.665573    35.2181     1.9811     0.0177          0     56.750 337.375773  1022.5483      5.762      0.174  0.000e+00
      5.783    28.1069   5.665504    35.2181     1.9811     0.0192          0     57.000 337.375775  1022.5484      5.751      0.116  0.000e+00
      5.816    28.1065   5.665535    35.2186     2.0044     0.0093          0     57.250 337.375778  1022.5491      5.784      0.071  0.000e+00
      5.870    28.1064   5.665573    35.2189     2.0066     0.0032          0     57.500 337.375781  1022.5496      5.837      0.051  0.000e+00
      5.891    28.1064   5.665535    35.2186     1.9929     0.0147          0     57.750 337.375784  1022.5495      5.859      0.045  0.000e+00
      5.859    28.1065   5.665474    35.2182     1.9797     0.0124          0     58.000 337.375787  1022.5489      5.827      0.038  0.000e+00
      5.859    28.1065   5.665413    35.2177     1.9788     0.0131          0     58.250 337.375790  1022.5486      5.826      0.034  0.000e+00
      5.880    28.1066   5.665474    35.2181     1.9731     0.0139          0     58.500 337.375793  1022.5489      5.848      0.043  0.000e+00
      5.902    28.1067   5.665504    35.2182     1.9758     0.0116          0     58.750 337.375796  1022.5491      5.870      0.053  0.000e+00
      5.924    28.1071   5.665543    35.2182     1.9705     0.0063          0     59.000 337.375799  1022.5490      5.891      0.054  0.000e+00
      5.956    28.1075   5.665573    35.2181     1.9676     0.0116          0     59.250 337.375802  1022.5490      5.923      0.051  0.000e+00
      6.021    28.1076   5.665763    35.2193     1.9548     0.0055          0     59.500 337.375804  1022.5502      5.988      0.065  0.000e+00
      6.086    28.1076   5.665695    35.2188     1.9845     0.0124          0     59.750 337.375807  1022.5501      6.052      0.100  0.000e+00
      6.118    28.1074   5.665535    35.2178     1.9764     0.0147          0     60.000 337.375810  1022.5495      6.085      0.137  0.000e+00
      6.075    28.1071   5.666105    35.2221     2.0150     0.0086          0     60.250 337.375813  1022.5526      6.042      0.136  0.000e+00
      6.086    28.1073   5.666364    35.2237     2.0328     0.0116          0     60.500 337.375816  1022.5538      6.052      0.124  0.000e+00
      6.097    28.1078   5.666425    35.2237     2.0442     0.0109          0     60.750 337.375819  1022.5537      6.063      0.107  0.000e+00
      6.205    28.1081   5.666584    35.2246     2.0488     0.0078          0     61.000 337.375822  1022.5547      6.171      0.111  0.000e+00
      6.324    28.1087   5.666455    35.2232     2.0406     0.0109          0     61.250 337.375825  1022.5540      6.289      0.134  0.000e+00
      6.432    28.1090   5.666143    35.2208     2.0219     0.0261          0     61.500 337.375828  1022.5525      6.396      0.170  0.000e+00
      6.497    28.1078   5.665915    35.2200     2.0233     0.0261          0     61.750 337.375830  1022.5526      6.461      0.213  0.000e+00
      6.518    28.1060   5.665763    35.2203     2.0169     0.0162          0     62.000 337.375833  1022.5536      6.482      0.252  0.000e+00
      6.497    28.1036   5.666075    35.2244     1.9984     0.0276          0     62.250 337.375836  1022.5573      6.461      0.267  0.000e+00
      6.432    28.1038   5.666486    35.2271     1.9901     0.0284          0     62.500 337.375839  1022.5590      6.396      0.226  0.000e+00
      6.475    28.1061   5.666432    35.2250     1.9991     0.0398          0     62.750 337.375842  1022.5568      6.439      0.175  0.000e+00
      6.551    28.1075   5.666143    35.2219     1.9996     0.0345          0     63.000 337.375845  1022.5544      6.515      0.123  0.000e+00
      6.637    28.1072   5.665885    35.2203     2.0138     0.0345          0     63.250 337.375848  1022.5536      6.601      0.099  0.000e+00
      6.702    28.1054   5.665634    35.2198     2.0164     0.0330          0     63.500 337.375851  1022.5541      6.665      0.103  0.000e+00
      6.702    28.1033   5.665414    35.2199     2.0272     0.0086          0     63.750 337.375854  1022.5549      6.665      0.118  0.000e+00
      6.702    28.1009   5.665573    35.2227     2.0446     0.0147          0     64.000 337.375856  1022.5578      6.665      0.137  0.000e+00
      6.670    28.1003   5.666014    35.2263     2.0489     0.0139          0     64.250 337.375859  1022.5606      6.633      0.141  0.000e+00
      6.691    28.1017   5.666106    35.2259     2.0624     0.0086          0     64.500 337.375862  1022.5599      6.654      0.133  0.000e+00
      6.702    28.1038   5.666204    35.2251     2.0672     0.0353          0     64.750 337.375865  1022.5586      6.665      0.093  0.000e+00
      6.745    28.1050   5.665984    35.2225     2.0601     0.0368          0     65.000 337.375868  1022.5565      6.708      0.061  0.000e+00
      6.832    28.1045   5.665475    35.2193     2.0637     0.0391          0     65.250 337.375871  1022.5546      6.794      0.060  0.000e+00
      6.908    28.1025   5.665345    35.2199     2.0698     0.0406          0     65.500 337.375874  1022.5561      6.869      0.089  0.000e+00
      6.929    28.1003   5.665285    35.2212     2.0612     0.0055          0     65.750 337.375877  1022.5578      6.891      0.127  0.000e+00
      6.864    28.0989   5.665444    35.2233     2.0508     0.0078          0     66.000 337.375880  1022.5596      6.826      0.133  0.000e+00
      6.767    28.0985   5.665726    35.2256     2.0512     0.0047          0     66.250 337.375883  1022.5610      6.730      0.102  0.000e+00
      6.734    28.1003   5.665885    35.2254     2.0390     0.0078          0     66.500 337.375885  1022.5602      6.697      0.047  0.000e+00
      6.789    28.1016   5.665817    35.2239     2.0562     0.0292          0     66.750 337.375888  1022.5588      6.751      0.009  0.000e+00
      6.918    28.1022   5.665574    35.2217     2.0617     0.0360          0     67.000 337.375891  1022.5576      6.880      0.004  0.000e+00
      7.070    28.1014   5.665475    35.2216     2.0666     0.0353          0     67.250 337.375894  1022.5583      7.031      0.038  0.000e+00
      7.124    28.1003   5.665064    35.2196     2.0843     0.0299          0     67.500 337.375897  1022.5574      7.084      0.094  0.000e+00
      7.070    28.0983   5.665224    35.2221     2.0810     0.0421          0     67.750 337.375900  1022.5598      7.031      0.142  0.000e+00
      6.983    28.0972   5.665414    35.2243     2.0919     0.0215          0     68.000 337.375903  1022.5614      6.945      0.163  0.000e+00
      7.005    28.0978   5.665475    35.2243     2.0746     0.0231          0     68.250 337.375906  1022.5613      6.966      0.164  0.000e+00
      7.037    28.0984   5.665475    35.2238     2.0795     0.0208          0     68.500 337.375909  1022.5609      6.998      0.133  0.000e+00
      7.178    28.0986   5.665194    35.2217     2.0889     0.0269          0     68.750 337.375911  1022.5598      7.138      0.110  0.000e+00
      7.307    28.0980   5.665125    35.2216     2.0845     0.0322          0     69.000 337.375914  1022.5605      7.267      0.110  0.000e+00
      7.383    28.0970   5.664935    35.2210     2.0753     0.0345          0     69.250 337.375917  1022.5608      7.342      0.138  0.000e+00
      7.405    28.0954   5.664966    35.2224     2.0801     0.0276          0     69.500 337.375920  1022.5624      7.364      0.192  0.000e+00
      7.361    28.0947   5.665095    35.2238     2.0766     0.0345          0     69.750 337.375923  1022.5635      7.321      0.231  0.000e+00
      7.286    28.0947   5.665194    35.2246     2.0756     0.0185          0     70.000 337.375926  1022.5637      7.246      0.215  0.000e+00
      7.307    28.0953   5.665194    35.2241     2.0702     0.0261          0     70.250 337.375929  1022.5633      7.267      0.161  0.000e+00
      7.318    28.0958   5.665148    35.2234     2.0714     0.0223          0     70.500 337.375932  1022.5627      7.278      0.097  0.000e+00
      7.383    28.0959   5.665065    35.2227     2.0685     0.0215          0     70.750 337.375935  1022.5624      7.342      0.039  0.000e+00
      7.470    28.0956   5.664966    35.2222     2.0914     0.0315          0     71.000 337.375938  1022.5625      7.429      0.028  0.000e+00
      7.599    28.0950   5.665034    35.2231     2.1101     0.0292          0     71.250 337.375940  1022.5639      7.558      0.076  0.000e+00
      7.718    28.0945   5.664936    35.2228     2.1320     0.0368          0     71.500 337.375943  1022.5643      7.676      0.161  0.000e+00
      7.826    28.0944   5.664905    35.2226     2.1359     0.0391          0     71.750 337.375946  1022.5646      7.783      0.259  0.000e+00
      7.913    28.0937   5.664936    35.2233     2.1505     0.0437          0     72.000 337.375949  1022.5658      7.869      0.339  0.000e+00
      7.967    28.0934   5.664936    35.2236     2.1452     0.0253          0     72.250 337.375952  1022.5663      7.923      0.370  0.000e+00
      8.042    28.0937   5.664966    35.2235     2.1150     0.0177          0     72.500 337.375955  1022.5665      7.998      0.384  0.000e+00
      8.118    28.0936   5.664936    35.2233     2.1054     0.0200          0     72.750 337.375958  1022.5667      8.073      0.373  0.000e+00
      8.129    28.0936   5.664966    35.2235     2.0885     0.0238          0     73.000 337.375961  1022.5669      8.084      0.332  0.000e+00
      8.107    28.0935   5.664936    35.2234     2.0951     0.0528          0     73.250 337.375964  1022.5668      8.063      0.265  0.000e+00
      8.129    28.0937   5.665065    35.2241     2.0779     0.0574          0     73.500 337.375966  1022.5673      8.084      0.205  0.000e+00
      8.118    28.0940   5.665156    35.2246     2.0785     0.0521          0     73.750 337.375969  1022.5675      8.073      0.146  0.000e+00
      8.151    28.0946   5.665156    35.2241     2.0895     0.0467          0     74.000 337.375972  1022.5671      8.106      0.105  0.000e+00
      8.183    28.0952   5.665156    35.2237     2.0998     0.0360          0     74.250 337.375975  1022.5667      8.138      0.079  0.000e+00
      8.205    28.0955   5.665149    35.2234     2.0903     0.0421          0     74.500 337.375978  1022.5665      8.159      0.060  0.000e+00
      8.205    28.0952   5.665156    35.2237     2.0906     0.0315          0     74.750 337.375981  1022.5668      8.159      0.050  0.000e+00
      8.248    28.0955   5.665126    35.2232     2.0900     0.0383          0     75.000 337.375984  1022.5666      8.202      0.066  0.000e+00
      8.302    28.0953   5.665035    35.2227     2.0885     0.0246          0     75.250 337.375987  1022.5665      8.256      0.091  0.000e+00
      8.432    28.0949   5.665004    35.2227     2.1036     0.0208          0     75.500 337.375990  1022.5672      8.385      0.132  0.000e+00
      8.540    28.0945   5.665004    35.2230     2.1042     0.0200          0     75.750 337.375992  1022.5680      8.493      0.187  0.000e+00
      8.626    28.0943   5.665035    35.2233     2.0778     0.0177          0     76.000 337.375995  1022.5687      8.579      0.235  0.000e+00
      8.659    28.0940   5.665004    35.2233     2.0897     0.0261          0     76.250 337.375998  1022.5689      8.611      0.268  0.000e+00
      8.702    28.0942   5.665004    35.2232     2.1026     0.0604          0     76.500 337.376001  1022.5689      8.654      0.290  0.000e+00
      8.659    28.0939   5.665004    35.2234     2.0906     0.0612          0     76.750 337.376004  1022.5690      8.611      0.272  0.000e+00
      8.615    28.0940   5.665126    35.2242     2.0747     0.0589          0     77.000 337.376007  1022.5694      8.568      0.213  0.000e+00
      8.615    28.0946   5.665126    35.2238     2.0815     0.0604          0     77.250 337.376010  1022.5688      8.568      0.141  0.000e+00
      8.713    28.0951   5.665096    35.2232     2.1053     0.0192          0     77.500 337.376013  1022.5686      8.665      0.089  0.000e+00
      8.864    28.0950   5.665005    35.2225     2.0958     0.0215          0     77.750 337.376016  1022.5689      8.815      0.092  0.000e+00
      8.994    28.0941   5.664845    35.2220     2.1004     0.0200          0     78.000 337.376019  1022.5693      8.944      0.138  0.000e+00
      9.059    28.0933   5.664815    35.2225     2.0930     0.0292          0     78.250 337.376021  1022.5702      9.009      0.199  0.000e+00
      9.026    28.0925   5.664845    35.2233     2.0912     0.0521          0     78.500 337.376024  1022.5709      8.977      0.234  0.000e+00
      8.972    28.0923   5.664967    35.2243     2.0940     0.0490          0     78.750 337.376027  1022.5715      8.923      0.244  0.000e+00
      8.843    28.0927   5.665065    35.2247     2.1070     0.0559          0     79.000 337.376030  1022.5712      8.794      0.187  0.000e+00
      8.821    28.0934   5.665065    35.2242     2.0909     0.0444          0     79.250 337.376033  1022.5705      8.772      0.097  0.000e+00
      8.875    28.0937   5.665065    35.2239     2.0964     0.0475          0     79.500 337.376036  1022.5704      8.826      0.009  0.000e+00
      8.994    28.0941   5.664967    35.2229     2.1090     0.0559          0     79.750 337.376039  1022.5700      8.944     -0.033  0.000e+00
      9.048    28.0939   5.664875    35.2224     2.0941     0.0612          0     80.000 337.376042  1022.5699      8.998     -0.029  0.000e+00
      9.102    28.0933   5.664815    35.2224     2.1041     0.0620          0     80.250 337.376045  1022.5704      9.052      0.021  0.000e+00
      9.135    28.0926   5.664777    35.2227     2.1123     0.0643          0     80.500 337.376047  1022.5709      9.084      0.094  0.000e+00
      9.091    28.0922   5.664967    35.2243     2.0942     0.0467          0     80.750 337.376050  1022.5721      9.041      0.139  0.000e+00
      9.048    28.0924   5.665005    35.2244     2.0824     0.0505          0     81.000 337.376053  1022.5719      8.998      0.151  0.000e+00
      9.048    28.0931   5.664875    35.2230     2.0852     0.0391          0     81.250 337.376056  1022.5707      8.998      0.114  0.000e+00
      9.091    28.0929   5.664815    35.2227     2.0835     0.0490          0     81.500 337.376059  1022.5707      9.041      0.068  0.000e+00
      9.167    28.0926   5.664746    35.2225     2.0824     0.0131          0     81.750 337.376062  1022.5709      9.116      0.042  0.000e+00
      9.318    28.0918   5.664625    35.2221     2.0934     0.0116          0     82.000 337.376065  1022.5716      9.267      0.076  0.000e+00
      9.416    28.0910   5.664625    35.2227     2.0902     0.0078          0     82.250 337.376068  1022.5726      9.364      0.133  0.000e+00
      9.491    28.0905   5.664754    35.2239     2.0860     0.0063          0     82.500 337.376071  1022.5741      9.439      0.204  0.000e+00
      9.470    28.0908   5.664716    35.2235     2.0994    -0.0082          0     82.750 337.376073  1022.5735      9.417      0.254  0.000e+00
      9.513    28.0907   5.664716    35.2235     2.1033    -0.0029          0     83.000 337.376076  1022.5738      9.460      0.278  0.000e+00
