ctd_mafia/cnv/SBE19plus_01906740_2018_12_07_0093.cnv
* Sea-Bird SBE19plus  Data File:
* FileName = C:\Users\all user\Desktop\Patroba _ WWF Mapping Mafia\SBE19plus_01906740_2018_12_07_0093.hex
* Software version 2.6.3.104
* Temperature SN = 6740
* Conductivity SN = 6740
* System UpLoad Time = Dec 07 2018 14:33:55
* <ApplicationData>
* <Seaterm232>
# nquan = 13
# nvalues = 287                                   
# units = specified
# name 0 = prdM: Pressure, Strain Gauge [db]
# name 1 = tv290C: Temperature [ITS-90, deg C]
# name 2 = c0S/m: Conductivity [S/m]
# name 3 = sal00: Salinity, Practical [PSU]
# name 4 = sbeox0ML/L: Oxygen, SBE 43 [ml/l]
# name 5 = flECO-AFL: Fluorescence, WET Labs ECO-AFL/FL [mg/m^3]
# name 6 = nbf: Bottles Fired
# name 7 = timeS: Time, Elapsed [seconds]
# name 8 = timeJ: Julian Days
# name 9 = density00: Density [density, kg/m^3]
# name 10 = depSM: Depth [salt water, m], lat = 0.00
# name 11 = dz/dtM: Descent Rate [m/s]
# name 12 = flag:  0.000e+00
# span 0 =     -1.390,      1.151                 
# span 1 =    27.6981,    28.4545                 
# span 2 =   0.268926,   5.706880                 
# span 3 =     1.3121,    35.2707                 
# span 4 =     0.9432,     7.7566                 
# span 5 =    -0.1433,     1.2735                 
# span 6 =          0,          0                 
# span 7 =      0.000,     71.500                 
# span 8 = 338.346597, 338.347425                 
# span 9 =   997.3011,  1022.4626                 
# span 10 =     -1.382,      1.145                
# span 11 =     -0.407,      0.268                
# span 12 = 0.0000e+00, 0.0000e+00                
# interval = seconds: 0.25
# start_time = Dec 04 2018 08:19:06 [Instrument's time stamp, header]
# bad_flag = -9.990e-29
*END*
     -1.195    27.6981   0.268926     1.3121     2.7631     1.2636          0      0.000 338.346597   997.3011     -1.189      0.000  0.000e+00
     -1.076    27.7452   0.374798     1.8617     2.8133     1.2735          0      0.250 338.346600   997.7000     -1.070      0.032  0.000e+00
     -0.968    27.8617   0.804602     4.1921     2.7380     1.2720          0      0.500 338.346603   999.4091     -0.963      0.084  0.000e+00
     -0.893    28.0458   1.796414     9.9342     2.6000     1.2697          0      0.750 338.346606  1003.6365     -0.888      0.142  0.000e+00
     -0.839    28.1821   2.831673    16.2809     2.4757     0.5998          0      1.000 338.346609  1008.3246     -0.834      0.194  0.000e+00
     -0.785    28.2624   3.285156    19.1380     2.4131     0.5945          0      1.250 338.346612  1010.4307     -0.780      0.236  0.000e+00
     -0.741    28.3098   3.984379    23.6651     2.3381     0.5991          0      1.500 338.346615  1013.7960     -0.737      0.263  0.000e+00
     -0.709    28.3369   4.593210    27.7038     2.2714     0.5983          0      1.750 338.346617  1016.8083     -0.705      0.268  0.000e+00
     -0.612    28.3548   5.686108    35.1793     2.1831     0.4412          0      2.000 338.346620  1022.4103     -0.608      0.267  0.000e+00
     -0.547    28.3683   5.690975    35.2032     2.1726     0.4366          0      2.250 338.346623  1022.4241     -0.544      0.244  0.000e+00
     -0.547    28.3787   5.693656    35.2141     2.1864     0.4328          0      2.500 338.346626  1022.4289     -0.544      0.217  0.000e+00
     -0.525    28.3878   5.694677    35.2144     2.2020     0.4412          0      2.750 338.346629  1022.4263     -0.522      0.197  0.000e+00
     -0.482    28.3939   5.695858    35.2181     2.2087     0.0849          0      3.000 338.346632  1022.4272     -0.479      0.184  0.000e+00
     -0.449    28.4006   5.697131    35.2220     2.2174     0.0887          0      3.250 338.346635  1022.4281     -0.447      0.170  0.000e+00
     -0.428    28.4058   5.697672    35.2219     2.2252     0.0803          0      3.500 338.346638  1022.4264     -0.425      0.154  0.000e+00
     -0.417    28.4102   5.697771    35.2193     2.2391     0.0864          0      3.750 338.346641  1022.4230     -0.415      0.132  0.000e+00
     -0.406    28.4146   5.698129    35.2185     2.2445     0.0788          0      4.000 338.346644  1022.4210     -0.404      0.102  0.000e+00
     -0.406    28.4183   5.698853    35.2208     2.2434     0.1344          0      4.250 338.346646  1022.4214     -0.404      0.084  0.000e+00
     -0.384    28.4209   5.699074    35.2204     2.2439     0.1367          0      4.500 338.346649  1022.4204     -0.382      0.079  0.000e+00
     -0.406    28.4222   5.699112    35.2197     2.2476     0.1344          0      4.750 338.346652  1022.4194     -0.404      0.059  0.000e+00
     -0.406    28.4234   5.699302    35.2202     2.2454     0.1383          0      5.000 338.346655  1022.4193     -0.404      0.036  0.000e+00
     -0.406    28.4241   5.699683    35.2222     2.2407     0.0589          0      5.250 338.346658  1022.4206     -0.404      0.019  0.000e+00
     -0.395    28.4247   5.700034    35.2242     2.2411     0.0627          0      5.500 338.346661  1022.4220     -0.393      0.011  0.000e+00
     -0.384    28.4250   5.700156    35.2249     2.2375     0.0650          0      5.750 338.346664  1022.4224     -0.382      0.010  0.000e+00
     -0.395    28.4262   5.700225    35.2245     2.2440     0.0589          0      6.000 338.346667  1022.4217     -0.393      0.006  0.000e+00
     -0.395    28.4277   5.699584    35.2189     2.2411     0.1360          0      6.250 338.346670  1022.4170     -0.393      0.005  0.000e+00
     -0.384    28.4297   5.699112    35.2142     2.2447     0.1306          0      6.500 338.346672  1022.4128     -0.382      0.005  0.000e+00
     -0.384    28.4305   5.698692    35.2106     2.2464     0.1344          0      6.750 338.346675  1022.4098     -0.382      0.012  0.000e+00
     -0.384    28.4313   5.698761    35.2105     2.2481     0.1291          0      7.000 338.346678  1022.4095     -0.382      0.011  0.000e+00
     -0.362    28.4320   5.700003    35.2186     2.2546     0.1459          0      7.250 338.346681  1022.4155     -0.360      0.015  0.000e+00
     -0.362    28.4327   5.700415    35.2210     2.2557     0.1451          0      7.500 338.346684  1022.4170     -0.360      0.015  0.000e+00
     -0.395    28.4320   5.700644    35.2231     2.2623     0.1383          0      7.750 338.346687  1022.4187     -0.393      0.008  0.000e+00
     -0.395    28.4314   5.700735    35.2242     2.2667     0.1444          0      8.000 338.346690  1022.4197     -0.393      0.004  0.000e+00
     -0.384    28.4323   5.700865    35.2244     2.2678     0.1444          0      8.250 338.346693  1022.4196     -0.382      0.001  0.000e+00
     -0.395    28.4334   5.700834    35.2234     2.2672     0.0932          0      8.500 338.346696  1022.4185     -0.393     -0.007  0.000e+00
     -0.363    28.4346   5.700804    35.2223     2.3592     0.0963          0      8.750 338.346698  1022.4174     -0.361     -0.002  0.000e+00
     -0.384    28.4348   5.700735    35.2217     2.4067     0.0917          0      9.000 338.346701  1022.4168     -0.382     -0.004  0.000e+00
     -0.373    28.4344   5.700674    35.2215     2.3880     0.0963          0      9.250 338.346704  1022.4169     -0.371     -0.003  0.000e+00
     -0.363    28.4343   5.700705    35.2218     2.3620     0.1077          0      9.500 338.346707  1022.4171     -0.361      0.007  0.000e+00
     -0.373    28.4342   5.700766    35.2223     2.3392     0.1077          0      9.750 338.346710  1022.4175     -0.371      0.014  0.000e+00
     -0.373    28.4338   5.700735    35.2224     2.3104     0.1161          0     10.000 338.346713  1022.4177     -0.371      0.011  0.000e+00
     -0.373    28.4335   5.700705    35.2224     2.2813     0.1077          0     10.250 338.346716  1022.4178     -0.371      0.007  0.000e+00
     -0.352    28.4334   5.700545    35.2214     2.2524     0.1306          0     10.500 338.346719  1022.4171     -0.350      0.011  0.000e+00
     -0.352    28.4336   5.700453    35.2206     2.2077     0.1314          0     10.750 338.346722  1022.4165     -0.350      0.009  0.000e+00
     -0.341    28.4342   5.700293    35.2190     2.1985     0.1383          0     11.000 338.346725  1022.4152     -0.339      0.017  0.000e+00
     -0.363    28.4345   5.700255    35.2185     2.1977     0.1383          0     11.250 338.346727  1022.4146     -0.361      0.012  0.000e+00
     -0.363    28.4347   5.700278    35.2185     2.1955     0.1093          0     11.500 338.346730  1022.4146     -0.361      0.008  0.000e+00
     -0.352    28.4350   5.700415    35.2193     2.1849     0.1024          0     11.750 338.346733  1022.4151     -0.350      0.010  0.000e+00
     -0.363    28.4353   5.700674    35.2209     2.1788     0.1032          0     12.000 338.346736  1022.4161     -0.361      0.005  0.000e+00
     -0.341    28.4355   5.700994    35.2229     2.1684     0.1093          0     12.250 338.346739  1022.4177     -0.339      0.005  0.000e+00
     -0.363    28.4348   5.701315    35.2257     2.1599     0.1047          0     12.500 338.346742  1022.4199     -0.361     -0.003  0.000e+00
     -0.341    28.4342   5.701437    35.2270     2.1466     0.0734          0     12.750 338.346745  1022.4211     -0.339      0.001  0.000e+00
     -0.352    28.4333   5.701345    35.2270     2.1434     0.0688          0     13.000 338.346748  1022.4214     -0.350      0.002  0.000e+00
     -0.363    28.4329   5.701071    35.2254     2.1367     0.0772          0     13.250 338.346751  1022.4203     -0.361      0.004  0.000e+00
     -0.363    28.4327   5.700834    35.2239     2.1306     0.0780          0     13.500 338.346753  1022.4192     -0.361     -0.001  0.000e+00
     -0.363    28.4326   5.700575    35.2222     2.1235     0.1436          0     13.750 338.346756  1022.4180     -0.361     -0.005  0.000e+00
     -0.363    28.4325   5.700453    35.2214     2.1143     0.1436          0     14.000 338.346759  1022.4174     -0.361     -0.006  0.000e+00
     -0.363    28.4323   5.700225    35.2199     2.1082     0.1467          0     14.250 338.346762  1022.4164     -0.361     -0.009  0.000e+00
     -0.352    28.4323   5.700064    35.2188     2.1037     0.1436          0     14.500 338.346765  1022.4156     -0.350     -0.003  0.000e+00
     -0.352    28.4329   5.700064    35.2184     2.1004     0.1505          0     14.750 338.346768  1022.4151     -0.350     -0.003  0.000e+00
     -0.341    28.4332   5.700194    35.2191     2.0906     0.1612          0     15.000 338.346771  1022.4155     -0.339      0.006  0.000e+00
     -0.352    28.4335   5.700278    35.2194     2.0835     0.1581          0     15.250 338.346774  1022.4157     -0.350      0.009  0.000e+00
     -0.341    28.4338   5.700385    35.2199     2.0823     0.1589          0     15.500 338.346777  1022.4160     -0.339      0.012  0.000e+00
     -0.351    28.4343   5.700514    35.2205     2.0806     0.1306          0     15.750 338.346780  1022.4162     -0.350      0.009  0.000e+00
     -0.341    28.4346   5.700644    35.2212     2.0758     0.1383          0     16.000 338.346782  1022.4167     -0.339      0.010  0.000e+00
     -0.352    28.4351   5.700735    35.2214     2.0686     0.1337          0     16.250 338.346785  1022.4166     -0.350      0.005  0.000e+00
     -0.330    28.4351   5.700865    35.2223     2.0617     0.1337          0     16.500 338.346788  1022.4174     -0.328      0.006  0.000e+00
     -0.341    28.4351   5.700926    35.2228     2.0594     0.1322          0     16.750 338.346791  1022.4177     -0.339      0.005  0.000e+00
     -0.341    28.4349   5.700918    35.2229     2.0542     0.0986          0     17.000 338.346794  1022.4178     -0.339      0.004  0.000e+00
     -0.341    28.4346   5.701025    35.2238     2.0481     0.1009          0     17.250 338.346797  1022.4186     -0.339      0.005  0.000e+00
     -0.363    28.4346   5.701055    35.2240     2.0382     0.0887          0     17.500 338.346800  1022.4187     -0.361     -0.003  0.000e+00
     -0.341    28.4348   5.701086    35.2241     2.0312     0.0887          0     17.750 338.346803  1022.4188     -0.339     -0.001  0.000e+00
     -0.352    28.4352   5.701086    35.2238     2.0285     0.1077          0     18.000 338.346806  1022.4184     -0.350     -0.005  0.000e+00
     -0.319    28.4358   5.701155    35.2238     2.0257     0.1055          0     18.250 338.346808  1022.4184     -0.317      0.003  0.000e+00
     -0.341    28.4362   5.701124    35.2233     2.0236     0.1146          0     18.500 338.346811  1022.4177     -0.339     -0.000  0.000e+00
     -0.352    28.4364   5.701231    35.2239     2.0212     0.1062          0     18.750 338.346814  1022.4180     -0.350      0.001  0.000e+00
     -0.330    28.4370   5.701276    35.2237     2.0189     0.1894          0     19.000 338.346817  1022.4178     -0.328      0.005  0.000e+00
     -0.341    28.4375   5.701376    35.2241     2.0130     0.1962          0     19.250 338.346820  1022.4179     -0.339      0.006  0.000e+00
     -0.352    28.4377   5.701437    35.2243     2.0099     0.1909          0     19.500 338.346823  1022.4180     -0.350      0.004  0.000e+00
     -0.341    28.4378   5.701475    35.2245     2.0075     0.1947          0     19.750 338.346826  1022.4181     -0.339     -0.002  0.000e+00
     -0.330    28.4381   5.701475    35.2243     2.0035     0.1604          0     20.000 338.346829  1022.4179     -0.328      0.001  0.000e+00
     -0.330    28.4381   5.701406    35.2238     2.0002     0.1467          0     20.250 338.346832  1022.4175     -0.328     -0.001  0.000e+00
     -0.341    28.4381   5.701376    35.2236     1.9938     0.1474          0     20.500 338.346834  1022.4173     -0.339      0.004  0.000e+00
     -0.341    28.4381   5.701353    35.2235     1.9937     0.1528          0     20.750 338.346837  1022.4172     -0.339      0.004  0.000e+00
     -0.352    28.4383   5.701406    35.2237     1.9906     0.1612          0     21.000 338.346840  1022.4173     -0.350     -0.004  0.000e+00
     -0.352    28.4388   5.701475    35.2238     1.9894     0.1573          0     21.250 338.346843  1022.4172     -0.350     -0.004  0.000e+00
     -0.341    28.4393   5.701536    35.2239     1.9879     0.1573          0     21.500 338.346846  1022.4171     -0.339     -0.003  0.000e+00
     -0.341    28.4393   5.701597    35.2243     1.9862     0.1573          0     21.750 338.346849  1022.4174     -0.339     -0.006  0.000e+00
     -0.330    28.4394   5.701566    35.2240     1.9827     0.1596          0     22.000 338.346852  1022.4172     -0.328     -0.003  0.000e+00
     -0.341    28.4394   5.701505    35.2236     1.9834     0.1238          0     22.250 338.346855  1022.4169     -0.339      0.000  0.000e+00
     -0.352    28.4392   5.701444    35.2233     1.9835     0.1116          0     22.500 338.346858  1022.4167     -0.350      0.001  0.000e+00
     -0.341    28.4391   5.701406    35.2231     1.9779     0.1291          0     22.750 338.346861  1022.4166     -0.339      0.002  0.000e+00
     -0.352    28.4391   5.701376    35.2229     1.9764     0.1200          0     23.000 338.346863  1022.4164     -0.350      0.001  0.000e+00
     -0.330    28.4389   5.701315    35.2226     1.9759     0.1344          0     23.250 338.346866  1022.4164     -0.328      0.002  0.000e+00
     -0.341    28.4389   5.701215    35.2219     1.9709     0.1367          0     23.500 338.346869  1022.4158     -0.339     -0.001  0.000e+00
     -0.352    28.4385   5.701124    35.2216     1.9672     0.1375          0     23.750 338.346872  1022.4156     -0.350     -0.004  0.000e+00
     -0.341    28.4385   5.701086    35.2213     1.9674     0.1413          0     24.000 338.346875  1022.4155     -0.339     -0.003  0.000e+00
     -0.363    28.4385   5.701162    35.2219     1.9626     0.1261          0     24.250 338.346878  1022.4158     -0.361     -0.004  0.000e+00
     -0.352    28.4385   5.701215    35.2222     1.9613     0.1245          0     24.500 338.346881  1022.4161     -0.350     -0.004  0.000e+00
     -0.352    28.4388   5.701246    35.2222     1.9560     0.1192          0     24.750 338.346884  1022.4160     -0.350     -0.007  0.000e+00
     -0.362    28.4390   5.701246    35.2221     1.9506     0.1230          0     25.000 338.346887  1022.4158     -0.360     -0.009  0.000e+00
     -0.330    28.4390   5.701185    35.2216     1.9549     0.1207          0     25.250 338.346889  1022.4156     -0.328     -0.005  0.000e+00
     -0.341    28.4391   5.700834    35.2191     1.9506     0.1413          0     25.500 338.346892  1022.4136     -0.339      0.002  0.000e+00
     -0.341    28.4385   5.700324    35.2160     1.9510     0.1428          0     25.750 338.346895  1022.4115     -0.339      0.007  0.000e+00
     -0.352    28.4368   5.699744    35.2132     1.9484     0.1436          0     26.000 338.346898  1022.4099     -0.350      0.004  0.000e+00
     -0.341    28.4347   5.699569    35.2136     1.9426     0.1459          0     26.250 338.346901  1022.4109     -0.339      0.009  0.000e+00
     -0.352    28.4326   5.699653    35.2157     1.9409     0.1604          0     26.500 338.346904  1022.4132     -0.350      0.003  0.000e+00
     -0.341    28.4312   5.699523    35.2158     1.9386     0.1550          0     26.750 338.346907  1022.4138     -0.339      0.003  0.000e+00
     -0.352    28.4302   5.699462    35.2162     1.9355     0.1550          0     27.000 338.346910  1022.4143     -0.350     -0.001  0.000e+00
     -0.330    28.4292   5.699272    35.2156     1.9304     0.1497          0     27.250 338.346913  1022.4143     -0.328     -0.002  0.000e+00
     -0.319    28.4283   5.698761    35.2127     1.9271     0.1489          0     27.500 338.346916  1022.4125     -0.318      0.008  0.000e+00
