ctd_mafia/cnv/SBE19plus_01906740_2018_12_07_0097.cnv
* Sea-Bird SBE19plus  Data File:
* FileName = C:\Users\all user\Desktop\Patroba _ WWF Mapping Mafia\SBE19plus_01906740_2018_12_07_0097.hex
* Software version 2.6.3.104
* Temperature SN = 6740
* Conductivity SN = 6740
* System UpLoad Time = Dec 07 2018 14:34:38
* <ApplicationData>
* <Seaterm232>
# nquan = 13
# nvalues = 332                                   
# units = specified
# name 0 = prdM: Pressure, Strain Gauge [db]
# name 1 = tv290C: Temperature [ITS-90, deg C]
# name 2 = c0S/m: Conductivity [S/m]
# name 3 = sal00: Salinity, Practical [PSU]
# name 4 = sbeox0ML/L: Oxygen, SBE 43 [ml/l]
# name 5 = flECO-AFL: Fluorescence, WET Labs ECO-AFL/FL [mg/m^3]
# name 6 = nbf: Bottles Fired
# name 7 = timeS: Time, Elapsed [seconds]
# name 8 = timeJ: Julian Days
# name 9 = density00: Density [density, kg/m^3]
# name 10 = depSM: Depth [salt water, m], lat = 0.00
# name 11 = dz/dtM: Descent Rate [m/s]
# name 12 = flag:  0.000e+00
# span 0 =     -1.418,      3.999                 
# span 1 =    28.1325,    28.3349                 
# span 2 =   0.501975,   5.684519                 
# span 3 =     2.5181,    35.2578                 
# span 4 =     1.3909,     5.5121                 
# span 5 =    -0.0876,     1.6512                 
# span 6 =          0,          0                 
# span 7 =      0.000,     82.750                 
# span 8 = 338.373056, 338.374013                 
# span 9 =   998.0761,  1022.5358                 
# span 10 =     -1.410,      3.977                
# span 11 =     -0.757,      0.367                
# span 12 = 0.0000e+00, 0.0000e+00                
# interval = seconds: 0.25
# start_time = Dec 04 2018 08:57:12 [Instrument's time stamp, header]
# bad_flag = -9.990e-29
*END*
[from data line 223]
      3.556    28.2103   5.673464    35.1973     2.1430     0.0543          0     55.750 338.373701  1022.4893      3.536      0.130  0.000e+00
      3.577    28.2103   5.673494    35.1975     2.1586     0.0414          0     56.000 338.373704  1022.4896      3.558      0.110  0.000e+00
      3.620    28.2105   5.672513    35.1905     2.3030     0.0765          0     56.250 338.373707  1022.4844      3.601      0.102  0.000e+00
      3.631    28.2101   5.671402    35.1830     2.2238     0.0788          0     56.500 338.373709  1022.4790      3.611      0.099  0.000e+00
      3.674    28.2095   5.673624    35.1990     2.1558     0.0749          0     56.750 338.373712  1022.4913      3.654      0.110  0.000e+00
      3.739    28.2092   5.675115    35.2096     1.9585     0.0673          0     57.000 338.373715  1022.4997      3.719      0.127  0.000e+00
      3.783    28.2095   5.674095    35.2023     2.2919     0.0391          0     57.250 338.373718  1022.4943      3.762      0.140  0.000e+00
      3.815    28.2095   5.671874    35.1867     2.4297     0.0315          0     57.500 338.373721  1022.4827      3.794      0.151  0.000e+00
      3.858    28.2091   5.674575    35.2059     1.9856     0.0406          0     57.750 338.373724  1022.4974      3.837      0.157  0.000e+00
      3.923    28.2099   5.675579    35.2123     2.0794     0.0299          0     58.000 338.373727  1022.5023      3.902      0.172  0.000e+00
      3.988    28.2105   5.673205    35.1952     2.1701     0.0894          0     58.250 338.373730  1022.4896      3.966      0.186  0.000e+00
      3.988    28.2108   5.671212    35.1811     2.1463     0.0917          0     58.500 338.373733  1022.4788      3.966      0.187  0.000e+00
      3.999    28.2105   5.670984    35.1797     2.0784     0.0849          0     58.750 338.373736  1022.4779      3.977      0.171  0.000e+00
      3.988    28.2103   5.672384    35.1896     2.0206     0.0833          0     59.000 338.373738  1022.4854      3.966      0.141  0.000e+00
      3.999    28.2103   5.672985    35.1938     2.0011     0.0833          0     59.250 338.373741  1022.4886      3.977      0.115  0.000e+00
      3.999    28.2100   5.673905    35.2005     2.0092     0.0688          0     59.500 338.373744  1022.4937      3.977      0.087  0.000e+00
      3.977    28.2104   5.673715    35.1989     2.0846     0.0795          0     59.750 338.373747  1022.4923      3.955      0.048  0.000e+00
      3.988    28.2108   5.674065    35.2010     2.1543     0.0757          0     60.000 338.373750  1022.4938      3.966      0.017  0.000e+00
      3.977    28.2109   5.680388    35.2452     2.1130     0.0704          0     60.250 338.373753  1022.5269      3.955     -0.005  0.000e+00
      3.977    28.2127   5.682390    35.2578     2.1338     0.0490          0     60.500 338.373756  1022.5358      3.955     -0.009  0.000e+00
      3.977    28.2165   5.682482    35.2556     2.1108     0.0429          0     60.750 338.373759  1022.5329      3.955     -0.012  0.000e+00
      3.966    28.2202   5.682573    35.2535     2.1436     0.0505          0     61.000 338.373762  1022.5300      3.945     -0.013  0.000e+00
      3.956    28.2225   5.682550    35.2516     2.2991     0.0391          0     61.250 338.373764  1022.5279      3.934     -0.019  0.000e+00
      3.869    28.2237   5.682520    35.2505     2.4683     0.0391          0     61.500 338.373767  1022.5262      3.848     -0.042  0.000e+00
      3.837    28.2237   5.682390    35.2496     2.3958     0.0345          0     61.750 338.373770  1022.5254      3.816     -0.065  0.000e+00
      3.804    28.2234   5.682261    35.2490     2.2644     0.0299          0     62.000 338.373773  1022.5249      3.783     -0.093  0.000e+00
      3.793    28.2226   5.682451    35.2509     2.2862     0.0292          0     62.250 338.373776  1022.5266      3.773     -0.109  0.000e+00
      3.815    28.2225   5.682550    35.2517     2.3203     0.0559          0     62.500 338.373779  1022.5273      3.794     -0.110  0.000e+00
      3.815    28.2231   5.682580    35.2515     2.3022     0.0665          0     62.750 338.373782  1022.5269      3.794     -0.099  0.000e+00
      3.815    28.2237   5.682832    35.2527     2.4068     0.0574          0     63.000 338.373785  1022.5276      3.794     -0.079  0.000e+00
      3.815    28.2252   5.683090    35.2534     2.4928     0.0559          0     63.250 338.373788  1022.5277      3.794     -0.050  0.000e+00
      3.804    28.2268   5.683273    35.2535     2.4496     0.0665          0     63.500 338.373791  1022.5272      3.783     -0.019  0.000e+00
      3.750    28.2281   5.683250    35.2524     2.4569     0.0803          0     63.750 338.373793  1022.5257      3.730     -0.020  0.000e+00
      3.664    28.2290   5.683212    35.2515     2.3755     0.0818          0     64.000 338.373796  1022.5243      3.644     -0.048  0.000e+00
      3.545    28.2291   5.683121    35.2508     2.2659     0.0879          0     64.250 338.373799  1022.5233      3.525     -0.106  0.000e+00
      3.393    28.2285   5.682991    35.2504     2.2479     0.0833          0     64.500 338.373802  1022.5225      3.375     -0.191  0.000e+00
      3.242    28.2276   5.682831    35.2500     2.2294     0.0490          0     64.750 338.373805  1022.5219      3.224     -0.283  0.000e+00
      3.166    28.2261   5.682740    35.2505     2.2147     0.0406          0     65.000 338.373808  1022.5224      3.149     -0.356  0.000e+00
      3.080    28.2250   5.682580    35.2502     2.1611     0.0490          0     65.250 338.373811  1022.5222      3.063     -0.409  0.000e+00
      2.939    28.2237   5.682450    35.2503     2.2464     0.0421          0     65.500 338.373814  1022.5221      2.923     -0.451  0.000e+00
      2.853    28.2223   5.682481    35.2516     2.2863     0.0376          0     65.750 338.373817  1022.5232      2.837     -0.461  0.000e+00
      2.799    28.2214   5.682329    35.2512     2.3294     0.0414          0     66.000 338.373819  1022.5230      2.783     -0.440  0.000e+00
      2.712    28.2203   5.682230    35.2514     2.3339     0.0330          0     66.250 338.373822  1022.5230      2.697     -0.408  0.000e+00
      2.539    28.2192   5.682169    35.2518     2.3416     0.0360          0     66.500 338.373825  1022.5230      2.525     -0.398  0.000e+00
      2.291    28.2185   5.682131    35.2522     2.3223     0.0604          0     66.750 338.373828  1022.5225      2.278     -0.437  0.000e+00
      2.075    28.2179   5.682070    35.2523     2.3500     0.0650          0     67.000 338.373831  1022.5218      2.063     -0.512  0.000e+00
      1.945    28.2173   5.681940    35.2518     2.3100     0.0604          0     67.250 338.373834  1022.5211      1.934     -0.568  0.000e+00
      1.772    28.2170   5.682008    35.2526     2.2998     0.0521          0     67.500 338.373837  1022.5210      1.762     -0.618  0.000e+00
      1.545    28.2167   5.682199    35.2542     2.3885     0.0574          0     67.750 338.373840  1022.5214      1.536     -0.688  0.000e+00
      1.329    28.2172   5.682320    35.2547     2.4534     0.0482          0     68.000 338.373843  1022.5207      1.321     -0.751  0.000e+00
      1.231    28.2179   5.682480    35.2554     2.3689     0.0505          0     68.250 338.373845  1022.5205      1.225     -0.757  0.000e+00
      1.112    28.2187   5.682450    35.2546     2.4428     0.0475          0     68.500 338.373848  1022.5192      1.106     -0.719  0.000e+00
      0.918    28.2195   5.682693    35.2557     2.4174     0.0505          0     68.750 338.373851  1022.5189      0.913     -0.683  0.000e+00
      0.647    28.2205   5.682769    35.2556     2.3957     0.0223          0     69.000 338.373854  1022.5173      0.644     -0.695  0.000e+00
      0.474    28.2213   5.682738    35.2549     2.4739     0.0185          0     69.250 338.373857  1022.5158      0.472     -0.715  0.000e+00
      0.345    28.2219   5.682769    35.2547     2.4207     0.0177          0     69.500 338.373860  1022.5149      0.343     -0.706  0.000e+00
      0.215    28.2222   5.682799    35.2547     2.3007     0.0215          0     69.750 338.373863  1022.5143      0.214     -0.683  0.000e+00
     -0.023    28.2229   5.682928    35.2552     2.2771     0.0131          0     70.000 338.373866  1022.5134     -0.023     -0.696  0.000e+00
     -0.228    28.2234   5.683020    35.2554     2.3411     0.0200          0     70.250 338.373869  1022.5125     -0.227     -0.730  0.000e+00
     -0.336    28.2245   5.683210    35.2560     2.3321     0.0215          0     70.500 338.373872  1022.5121     -0.335     -0.722  0.000e+00
     -0.390    28.2256   5.683339    35.2561     2.3286     0.0208          0     70.750 338.373874  1022.5116     -0.388     -0.664  0.000e+00
     -0.488    28.2269   5.683438    35.2559     2.2960     0.0261          0     71.000 338.373877  1022.5106     -0.485     -0.596  0.000e+00
     -0.607    28.2277   5.683453    35.2554     2.3376     0.0261          0     71.250 338.373880  1022.5094     -0.603     -0.556  0.000e+00
     -0.747    28.2285   5.683469    35.2549     2.1010     0.0276          0     71.500 338.373883  1022.5082     -0.743     -0.528  0.000e+00
     -0.823    28.2290   5.683628    35.2557     2.4809     0.0131          0     71.750 338.373886  1022.5083     -0.818     -0.482  0.000e+00
     -0.834    28.2297   5.683750    35.2561     2.8280     0.0261          0     72.000 338.373889  1022.5083     -0.829     -0.404  0.000e+00
     -0.844    28.2309   5.683948    35.2566     2.6889    -0.0799          0     72.250 338.373892  1022.5083     -0.840     -0.339  0.000e+00
     -0.823    28.2320   5.684138    35.2570     2.7584    -0.0838          0     72.500 338.373895  1022.5083     -0.818     -0.281  0.000e+00
     -0.769    28.2331   5.683979    35.2551     2.6905    -0.0754          0     72.750 338.373898  1022.5067     -0.765     -0.205  0.000e+00
     -0.769    28.2330   5.683880    35.2545     2.6599    -0.0677          0     73.000 338.373900  1022.5063     -0.765     -0.119  0.000e+00
     -0.758    28.2330   5.683979    35.2552     2.5028     0.0047          0     73.250 338.373903  1022.5069     -0.754     -0.037  0.000e+00
     -0.769    28.2335   5.684169    35.2561     2.4704     0.0101          0     73.500 338.373906  1022.5074     -0.765      0.021  0.000e+00
     -0.747    28.2343   5.684222    35.2559     2.3109     0.0032          0     73.750 338.373909  1022.5070     -0.743      0.048  0.000e+00
     -0.769    28.2352   5.684260    35.2555     2.2477     0.0101          0     74.000 338.373912  1022.5064     -0.765      0.045  0.000e+00
     -0.780    28.2358   5.684329    35.2556     2.3420    -0.0326          0     74.250 338.373915  1022.5062     -0.775      0.031  0.000e+00
     -0.801    28.2363   5.684390    35.2556     2.2842    -0.0227          0     74.500 338.373918  1022.5059     -0.797      0.004  0.000e+00
     -0.769    28.2367   5.684390    35.2553     2.2778    -0.0258          0     74.750 338.373921  1022.5057     -0.765     -0.009  0.000e+00
     -0.758    28.2370   5.684420    35.2553     2.3054    -0.0334          0     75.000 338.373924  1022.5056     -0.754     -0.006  0.000e+00
     -0.790    28.2373   5.684420    35.2550     2.0152    -0.0052          0     75.250 338.373927  1022.5052     -0.786     -0.012  0.000e+00
     -0.877    28.2377   5.684519    35.2555     1.9746     0.0131          0     75.500 338.373929  1022.5050     -0.872     -0.035  0.000e+00
     -1.072    28.2379   5.684488    35.2552     2.2110     0.0086          0     75.750 338.373932  1022.5039     -1.066     -0.107  0.000e+00
     -1.245    28.2377   5.684450    35.2551     1.5588     0.0131          0     76.000 338.373935  1022.5032     -1.238     -0.197  0.000e+00
     -1.396    28.2375   5.684374    35.2548     1.8405     0.0231          0     76.250 338.373938  1022.5023     -1.388     -0.301  0.000e+00
     -1.407    28.2381   5.114455    31.3069     1.5571    -0.0860          0     76.500 338.373941  1019.5372     -1.399     -0.370  0.000e+00
     -1.396    28.2425   1.095421     5.7940     1.7936    -0.0799          0     76.750 338.373944  1000.4913     -1.388     -0.402  0.000e+00
     -1.396    28.2433   0.995925     5.2295     2.1478    -0.0868          0     77.000 338.373947  1000.0703     -1.388     -0.383  0.000e+00
     -1.396    28.2379   1.110399     5.8799     2.0557    -0.0876          0     77.250 338.373950  1000.5567     -1.388     -0.319  0.000e+00
     -1.385    28.2330   1.130615     5.9959     2.0849    -0.0273          0     77.500 338.373953  1000.6447     -1.377     -0.221  0.000e+00
     -1.396    28.2260   0.896870     4.6744     2.1331    -0.0212          0     77.750 338.373955   999.6614     -1.388     -0.114  0.000e+00
     -1.385    28.2196   0.976493     5.1224     2.2774    -0.0296          0     78.000 338.373958   999.9974     -1.377     -0.035  0.000e+00
     -1.396    28.2152   0.891589     4.6459     2.2430    -0.0273          0     78.250 338.373961   999.6433     -1.388      0.005  0.000e+00
     -1.385    28.2109   0.929809     4.8605     2.3819    -0.0296          0     78.500 338.373964   999.8047     -1.377      0.007  0.000e+00
     -1.407    28.2060   0.868577     4.5182     2.4331    -0.0242          0     78.750 338.373967   999.5507     -1.399     -0.001  0.000e+00
     -1.407    28.1996   1.005728     5.2897     2.4619    -0.0242          0     79.000 338.373970  1000.1279     -1.399     -0.005  0.000e+00
     -1.396    28.1934   0.920277     4.8088     2.5711    -0.0258          0     79.250 338.373973   999.7712     -1.388     -0.006  0.000e+00
     -1.407    28.1860   1.030575     5.4319     2.5720    -0.0197          0     79.500 338.373976  1000.2380     -1.399     -0.009  0.000e+00
     -1.385    28.1770   0.885581     4.6159     2.6038    -0.0265          0     79.750 338.373979   999.6322     -1.378     -0.003  0.000e+00
     -1.385    28.1711   0.804419     4.1642     2.5991    -0.0250          0     80.000 338.373981   999.2969     -1.378     -0.000  0.000e+00
     -1.418    28.1702   0.733689     3.7734     2.5637    -0.0159          0     80.250 338.373984   999.0053     -1.410     -0.003  0.000e+00
     -1.385    28.1724   0.715430     3.6728     2.5405    -0.0235          0     80.500 338.373987   998.9297     -1.377      0.001  0.000e+00
     -1.385    28.1734   0.821498     4.2589     2.5349    -0.0181          0     80.750 338.373990   999.3668     -1.378      0.009  0.000e+00
     -1.407    28.1669   0.713111     3.6605     2.5427    -0.0334          0     81.000 338.373993   998.9221     -1.399      0.003  0.000e+00
     -1.396    28.1599   0.674583     3.4499     2.5224    -0.0212          0     81.250 338.373996   998.7669     -1.388     -0.000  0.000e+00
     -1.396    28.1552   0.609287     3.0948     2.5570    -0.0296          0     81.500 338.373999   998.5030     -1.388     -0.000  0.000e+00
     -1.385    28.1525   0.583253     2.9541     2.5495    -0.0220          0     81.750 338.374002   998.3987     -1.378     -0.001  0.000e+00
     -1.385    28.1492   0.588328     2.9817     2.5359    -0.0281          0     82.000 338.374005   998.4203     -1.378      0.004  0.000e+00
     -1.385    28.1419   0.501975     2.5181     2.5513    -0.0242          0     82.250 338.374008   998.0761     -1.378      0.009  0.000e+00
     -1.396    28.1337   0.552323     2.7884     2.5463    -0.0349          0     82.500 338.374010   998.2804     -1.388      0.001  0.000e+00
     -1.418    28.1325   0.722960     3.7173     2.4894    -0.0265          0     82.750 338.374013   998.9744     -1.410     -0.004  0.000e+00
