ctd_mafia/cnv/SBE19plus_01906740_2018_12_07_0081.cnv
* Sea-Bird SBE19plus  Data File:
* FileName = C:\Users\all user\Desktop\Patroba _ WWF Mapping Mafia\SBE19plus_01906740_2018_12_07_0081.hex
* Software version 2.6.3.104
* Temperature SN = 6740
* Conductivity SN = 6740
* System UpLoad Time = Dec 07 2018 14:31:19
* <ApplicationData>
* <Seaterm232>
# nquan = 13
# nvalues = 562                                   
# units = specified
# name 0 = prdM: Pressure, Strain Gauge [db]
# name 1 = tv290C: Temperature [ITS-90, deg C]
# name 2 = c0S/m: Conductivity [S/m]
# name 3 = sal00: Salinity, Practical [PSU]
# name 4 = sbeox0ML/L: Oxygen, SBE 43 [ml/l]
# name 5 = flECO-AFL: Fluorescence, WET Labs ECO-AFL/FL [mg/m^3]
# name 6 = nbf: Bottles Fired
# name 7 = timeS: Time, Elapsed [seconds]
# name 8 = timeJ: Julian Days
# name 9 = density00: Density [density, kg/m^3]
# name 10 = depSM: Depth [salt water, m], lat = 0.00
# name 11 = dz/dtM: Descent Rate [m/s]
# name 12 = flag:  0.000e+00
# span 0 =     -1.387,     12.711                 
# span 1 =    27.3651,    28.1451                 
# span 2 =   0.112965,   5.671873                 
# span 3 =     0.5326,    35.2395                 
# span 4 =     1.8291,     3.8548                 
# span 5 =    -0.2905,    48.6864                 
# span 6 =          0,          0                 
# span 7 =      0.000,    140.250                 
# span 8 = 337.384514, 337.386137                 
# span 9 =   996.8035,  1022.5977                 
# span 10 =     -1.379,     12.641                
# span 11 =     -0.961,      0.269                
# span 12 = 0.0000e+00, 0.0000e+00                
# interval = seconds: 0.25
# start_time = Dec 03 2018 09:13:42 [Instrument's time stamp, header]
# bad_flag = -9.990e-29
*END*
[from data line 445]
     12.008    28.0893   5.666367    35.2354     2.4681     0.0154          0    111.250 337.385802  1022.5939     11.942     -0.262  0.000e+00
     11.803    28.0895   5.666398    35.2356     2.4589     0.0170          0    111.500 337.385804  1022.5931     11.738     -0.409  0.000e+00
     11.619    28.0898   5.666428    35.2356     2.4610     0.0185          0    111.750 337.385807  1022.5922     11.555     -0.553  0.000e+00
     11.425    28.0901   5.666489    35.2358     2.4522     0.0238          0    112.000 337.385810  1022.5914     11.362     -0.680  0.000e+00
     11.209    28.0904   5.666488    35.2357     2.4419     0.0177          0    112.250 337.385813  1022.5903     11.147     -0.779  0.000e+00
     11.003    28.0905   5.666458    35.2354     2.4220     0.0643          0    112.500 337.385816  1022.5892     10.943     -0.837  0.000e+00
     10.863    28.0903   5.666427    35.2354     2.4191     0.0612          0    112.750 337.385819  1022.5886     10.803     -0.836  0.000e+00
     10.852    28.0902   5.666397    35.2353     2.4024     0.0612          0    113.000 337.385822  1022.5885     10.792     -0.747  0.000e+00
     10.841    28.0899   5.666336    35.2351     2.3935     0.0589          0    113.250 337.385825  1022.5885     10.781     -0.631  0.000e+00
     10.711    28.0896   5.666313    35.2352     2.3859     0.0521          0    113.500 337.385828  1022.5881     10.652     -0.546  0.000e+00
     10.473    28.0892   5.666268    35.2353     2.3780     0.0231          0    113.750 337.385830  1022.5872     10.416     -0.507  0.000e+00
     10.192    28.0889   5.666237    35.2354     2.3890     0.0261          0    114.000 337.385833  1022.5862     10.136     -0.516  0.000e+00
     10.009    28.0887   5.666237    35.2356     2.3918     0.0177          0    114.250 337.385836  1022.5856      9.953     -0.543  0.000e+00
      9.911    28.0887   5.666237    35.2356     2.3987     0.0177          0    114.500 337.385839  1022.5852      9.857     -0.574  0.000e+00
      9.836    28.0885   5.666267    35.2360     2.3936     0.0238          0    114.750 337.385842  1022.5853      9.781     -0.608  0.000e+00
      9.684    28.0889   5.666298    35.2359     2.3782     0.0116          0    115.000 337.385845  1022.5845      9.631     -0.650  0.000e+00
      9.511    28.0890   5.666297    35.2359     2.3781     0.0253          0    115.250 337.385848  1022.5837      9.459     -0.664  0.000e+00
      9.317    28.0889   5.666335    35.2363     2.3656     0.0200          0    115.500 337.385851  1022.5832      9.265     -0.644  0.000e+00
      9.090    28.0891   5.666297    35.2360     2.3638     0.0177          0    115.750 337.385854  1022.5819      9.040     -0.626  0.000e+00
      8.787    28.0889   5.666267    35.2360     2.3570     0.0208          0    116.000 337.385856  1022.5807      8.739     -0.659  0.000e+00
      8.452    28.0889   5.666266    35.2361     2.3396     0.0086          0    116.250 337.385859  1022.5793      8.405     -0.764  0.000e+00
      8.182    28.0891   5.666236    35.2358     2.3515     0.0162          0    116.500 337.385862  1022.5779      8.136     -0.886  0.000e+00
      8.019    28.0888   5.666236    35.2361     2.3527     0.0116          0    116.750 337.385865  1022.5775      7.975     -0.961  0.000e+00
      7.954    28.0885   5.666205    35.2361     2.3510     0.0086          0    117.000 337.385868  1022.5773      7.911     -0.954  0.000e+00
      7.836    28.0885   5.666190    35.2360     2.3423     0.0063          0    117.250 337.385871  1022.5767      7.792     -0.902  0.000e+00
      7.684    28.0883   5.666175    35.2361     2.3370     0.0032          0    117.500 337.385874  1022.5762      7.642     -0.826  0.000e+00
      7.544    28.0878   5.666106    35.2360     2.3328     0.0101          0    117.750 337.385877  1022.5757      7.502     -0.730  0.000e+00
      7.446    28.0876   5.666076    35.2360     2.3289     0.0315          0    118.000 337.385880  1022.5753      7.405     -0.618  0.000e+00
      7.371    28.0873   5.666106    35.2364     2.3271     0.0299          0    118.250 337.385883  1022.5754      7.330     -0.517  0.000e+00
      7.198    28.0873   5.666076    35.2363     2.3261     0.0269          0    118.500 337.385885  1022.5746      7.158     -0.479  0.000e+00
      6.884    28.0870   5.666045    35.2364     2.3203     0.0406          0    118.750 337.385888  1022.5734      6.846     -0.532  0.000e+00
      6.560    28.0869   5.666015    35.2363     2.3015     0.0231          0    119.000 337.385891  1022.5720      6.524     -0.639  0.000e+00
      6.257    28.0868   5.666014    35.2365     2.2914     0.0170          0    119.250 337.385894  1022.5709      6.223     -0.750  0.000e+00
      6.084    28.0872   5.666045    35.2365     2.2821     0.0238          0    119.500 337.385897  1022.5700      6.051     -0.835  0.000e+00
      5.976    28.0875   5.666075    35.2365     2.2691     0.0215          0    119.750 337.385900  1022.5694      5.943     -0.881  0.000e+00
      5.836    28.0879   5.666105    35.2365     2.2603     0.0078          0    120.000 337.385903  1022.5687      5.803     -0.899  0.000e+00
      5.684    28.0881   5.666143    35.2366     2.2603     0.0101          0    120.250 337.385906  1022.5681      5.653     -0.875  0.000e+00
      5.468    28.0880   5.666105    35.2365     2.2590     0.0086          0    120.500 337.385909  1022.5671      5.438     -0.817  0.000e+00
      5.349    28.0883   5.666105    35.2363     2.2546     0.0047          0    120.750 337.385911  1022.5664      5.320     -0.721  0.000e+00
      5.209    28.0883   5.666128    35.2365     2.2475     0.0131          0    121.000 337.385914  1022.5659      5.180     -0.644  0.000e+00
      4.992    28.0883   5.666105    35.2364     2.2338     0.0200          0    121.250 337.385917  1022.5649      4.965     -0.620  0.000e+00
      4.657    28.0886   5.666074    35.2361     2.2226     0.0154          0    121.500 337.385920  1022.5631      4.632     -0.683  0.000e+00
      4.333    28.0886   5.666074    35.2362     2.2277     0.0070          0    121.750 337.385923  1022.5618      4.309     -0.783  0.000e+00
      4.106    28.0891   5.666203    35.2368     2.2226     0.0063          0    122.000 337.385926  1022.5611      4.083     -0.863  0.000e+00
      4.030    28.0899   5.666393    35.2376     2.2153     0.0414          0    122.250 337.385929  1022.5611      4.008     -0.886  0.000e+00
      3.976    28.0911   5.666523    35.2375     2.2035     0.0276          0    122.500 337.385932  1022.5605      3.954     -0.853  0.000e+00
      3.879    28.0920   5.666583    35.2373     2.2007     0.0330          0    122.750 337.385935  1022.5596      3.858     -0.804  0.000e+00
      3.706    28.0927   5.666583    35.2369     2.2094     0.0292          0    123.000 337.385938  1022.5583      3.686     -0.734  0.000e+00
      3.479    28.0933   5.666613    35.2367     2.2178    -0.0082          0    123.250 337.385940  1022.5570      3.460     -0.663  0.000e+00
      3.241    28.0935   5.666613    35.2367     2.2118    -0.0006          0    123.500 337.385943  1022.5559      3.223     -0.612  0.000e+00
      3.014    28.0936   5.666583    35.2364     2.2121    -0.0021          0    123.750 337.385946  1022.5546      2.998     -0.616  0.000e+00
      2.733    28.0936   5.666552    35.2362     2.2187    -0.0044          0    124.000 337.385949  1022.5533      2.718     -0.694  0.000e+00
      2.430    28.0937   5.666522    35.2360     2.2235     0.0261          0    124.250 337.385952  1022.5519      2.417     -0.822  0.000e+00
      2.203    28.0936   5.666522    35.2362     2.2100     0.0215          0    124.500 337.385955  1022.5510      2.191     -0.923  0.000e+00
      2.095    28.0941   5.666704    35.2371     2.2089     0.0170          0    124.750 337.385958  1022.5511      2.084     -0.950  0.000e+00
      2.052    28.0947   5.666742    35.2370     2.2052     0.0162          0    125.000 337.385961  1022.5506      2.041     -0.895  0.000e+00
      1.965    28.0947   5.666643    35.2363     2.2046    -0.0036          0    125.250 337.385964  1022.5498      1.955     -0.799  0.000e+00
      1.836    28.0943   5.666552    35.2360     2.1925     0.0055          0    125.500 337.385966  1022.5491      1.826     -0.698  0.000e+00
      1.619    28.0936   5.666362    35.2353     2.1959     0.0002          0    125.750 337.385969  1022.5479      1.611     -0.623  0.000e+00
      1.436    28.0930   5.666331    35.2356     2.2030    -0.0090          0    126.000 337.385972  1022.5475      1.428     -0.566  0.000e+00
      1.273    28.0924   5.666293    35.2358     2.2137     0.0017          0    126.250 337.385975  1022.5472      1.266     -0.540  0.000e+00
      1.036    28.0920   5.666262    35.2359     2.2296     0.0055          0    126.500 337.385978  1022.5464      1.030     -0.581  0.000e+00
      0.722    28.0921   5.666331    35.2364     2.2550     0.0086          0    126.750 337.385981  1022.5454      0.718     -0.688  0.000e+00
      0.409    28.0926   5.666391    35.2366     2.2994     0.0086          0    127.000 337.385984  1022.5440      0.406     -0.817  0.000e+00
      0.192    28.0936   5.666612    35.2374     2.3641     0.0025          0    127.250 337.385987  1022.5433      0.191     -0.905  0.000e+00
      0.117    28.0957   5.666992    35.2386     2.4304     0.0215          0    127.500 337.385990  1022.5432      0.116     -0.917  0.000e+00
      0.117    28.0983   5.667402    35.2395     2.5134     0.0299          0    127.750 337.385992  1022.5430      0.116     -0.850  0.000e+00
      0.063    28.1006   5.667592    35.2392     2.5836     0.0177          0    128.000 337.385995  1022.5418      0.062     -0.755  0.000e+00
     -0.067    28.1026   5.667752    35.2388     2.6669     0.0185          0    128.250 337.385998  1022.5403     -0.067     -0.652  0.000e+00
     -0.272    28.1043   5.667889    35.2385     2.7430    -0.0006          0    128.500 337.386001  1022.5387     -0.271     -0.558  0.000e+00
     -0.478    28.1058   5.667942    35.2378     2.8175    -0.0029          0    128.750 337.386004  1022.5368     -0.475     -0.494  0.000e+00
     -0.651    28.1066   5.667972    35.2375     2.8880    -0.0029          0    129.000 337.386007  1022.5356     -0.647     -0.481  0.000e+00
     -0.813    28.1073   5.667942    35.2368     3.0401    -0.0014          0    129.250 337.386010  1022.5342     -0.809     -0.523  0.000e+00
     -0.943    28.1079   5.668162    35.2379     3.1155    -0.2844          0    129.500 337.386013  1022.5342     -0.937     -0.591  0.000e+00
     -0.943    28.1100   5.668481    35.2386     3.1412    -0.2844          0    129.750 337.386016  1022.5340     -0.937     -0.608  0.000e+00
     -0.910    28.1130   5.668862    35.2390     3.1436    -0.2890          0    130.000 337.386019  1022.5335     -0.905     -0.546  0.000e+00
     -0.910    28.1165   5.669272    35.2393     3.1493    -0.2905          0    130.250 337.386021  1022.5325     -0.905     -0.434  0.000e+00
     -0.910    28.1192   5.669493    35.2388     3.1172    -0.2905          0    130.500 337.386024  1022.5313     -0.905     -0.300  0.000e+00
     -0.856    28.1205   5.669531    35.2381     3.1119     0.2436          0    130.750 337.386027  1022.5306     -0.851     -0.164  0.000e+00
     -0.802    28.1205   5.669272    35.2363     3.0765     0.2451          0    131.000 337.386030  1022.5294     -0.798     -0.042  0.000e+00
     -0.759    28.1226   5.669561    35.2367     3.0453     0.2306          0    131.250 337.386033  1022.5292     -0.755      0.054  0.000e+00
     -0.759    28.1262   5.670192    35.2384     3.0368     0.2321          0    131.500 337.386036  1022.5293     -0.755      0.104  0.000e+00
     -0.802    28.1297   5.670641    35.2390     3.0479    -0.1326          0    131.750 337.386039  1022.5284     -0.798      0.095  0.000e+00
     -0.813    28.1333   5.670937    35.2383     3.0501    -0.1242          0    132.000 337.386042  1022.5267     -0.809      0.074  0.000e+00
     -0.813    28.1361   5.671143    35.2377     3.0298    -0.1211          0    132.250 337.386045  1022.5254     -0.809      0.055  0.000e+00
     -0.835    28.1379   5.671242    35.2371     3.0240    -0.1295          0    132.500 337.386047  1022.5242     -0.830      0.024  0.000e+00
     -0.845    28.1394   5.671333    35.2366     3.0059     0.2809          0    132.750 337.386050  1022.5233     -0.841     -0.014  0.000e+00
     -0.835    28.1406   5.671432    35.2364     3.0040     0.2901          0    133.000 337.386053  1022.5228     -0.830     -0.037  0.000e+00
     -0.791    28.1417   5.671493    35.2360     3.0036     0.2870          0    133.250 337.386056  1022.5223     -0.787     -0.031  0.000e+00
     -0.802    28.1425   5.671622    35.2363     2.9956     0.2855          0    133.500 337.386059  1022.5222     -0.798     -0.014  0.000e+00
     -0.878    28.1436   5.671652    35.2357     3.0025     0.0543          0    133.750 337.386062  1022.5211     -0.873     -0.015  0.000e+00
     -0.986    28.1446   5.671781    35.2359     3.0075     0.0658          0    134.000 337.386065  1022.5204     -0.981     -0.051  0.000e+00
     -1.051    28.1451   5.671873    35.2362     3.0312     0.0574          0    134.250 337.386068  1022.5202     -1.045     -0.096  0.000e+00
     -1.137    28.1451   5.671812    35.2358     3.0556     0.0559          0    134.500 337.386071  1022.5195     -1.131     -0.148  0.000e+00
     -1.310    28.1445   5.671751    35.2358     3.1201     0.0635          0    134.750 337.386073  1022.5190     -1.303     -0.231  0.000e+00
     -1.375    28.1439   5.671652    35.2357     3.1772    48.6810          0    135.000 337.386076  1022.5188     -1.368     -0.304  0.000e+00
     -1.375    28.1432   5.671591    35.2357     3.1911    48.6864          0    135.250 337.386079  1022.5191     -1.368     -0.338  0.000e+00
     -1.386    28.1423   3.692442    21.8290     3.4794    48.6864          0    135.500 337.386082  1012.4741     -1.378     -0.324  0.000e+00
     -1.375    28.1392   0.952532     4.9957     3.8451    48.6856          0    135.750 337.386085   999.9265     -1.368     -0.272  0.000e+00
     -1.386    28.1358   0.822919     4.2701     3.8482     0.9745          0    136.000 337.386088   999.3861     -1.378     -0.209  0.000e+00
     -1.375    28.1327   1.121957     5.9589     3.7961     0.9836          0    136.250 337.386091  1000.6466     -1.368     -0.146  0.000e+00
     -1.375    28.1306   0.944789     4.9530     3.8419     0.9813          0    136.500 337.386094   999.8971     -1.368     -0.078  0.000e+00
     -1.353    28.1281   0.870033     4.5336     3.8548     0.9783          0    136.750 337.386097   999.5851     -1.346     -0.012  0.000e+00
     -1.364    28.1264   0.977994     5.1408     3.7551    -0.0235          0    137.000 337.386100  1000.0384     -1.357      0.009  0.000e+00
     -1.353    28.1259   1.072418     5.6768     3.6380    -0.0288          0    137.250 337.386102  1000.4383     -1.346      0.014  0.000e+00
     -1.353    28.1257   1.093533     5.7972     3.6170    -0.0273          0    137.500 337.386105  1000.5282     -1.346      0.017  0.000e+00
     -1.375    28.1241   0.886183     4.6244     3.5121    -0.0326          0    137.750 337.386108   999.6539     -1.368      0.010  0.000e+00
     -1.386    28.1222   0.597490     3.0329     3.3501    -0.0258          0    138.000 337.386111   998.4664     -1.378      0.003  0.000e+00
     -1.364    28.1214   0.792024     4.0997     3.1870    -0.0258          0    138.250 337.386114   999.2633     -1.357     -0.001  0.000e+00
     -1.364    28.1204   0.905067     4.7306     3.0226    -0.0242          0    138.500 337.386117   999.7343     -1.357     -0.004  0.000e+00
