ctd_mafia/cnv/SBE19plus_01906740_2018_12_07_0086.cnv
* Sea-Bird SBE19plus  Data File:
* FileName = C:\Users\all user\Desktop\Patroba _ WWF Mapping Mafia\SBE19plus_01906740_2018_12_07_0086.hex
* Software version 2.6.3.104
* Temperature SN = 6740
* Conductivity SN = 6740
* System UpLoad Time = Dec 07 2018 14:32:43
* <ApplicationData>
* <Seaterm232>
# nquan = 13
# nvalues = 642                                   
# units = specified
# name 0 = prdM: Pressure, Strain Gauge [db]
# name 1 = tv290C: Temperature [ITS-90, deg C]
# name 2 = c0S/m: Conductivity [S/m]
# name 3 = sal00: Salinity, Practical [PSU]
# name 4 = sbeox0ML/L: Oxygen, SBE 43 [ml/l]
# name 5 = flECO-AFL: Fluorescence, WET Labs ECO-AFL/FL [mg/m^3]
# name 6 = nbf: Bottles Fired
# name 7 = timeS: Time, Elapsed [seconds]
# name 8 = timeJ: Julian Days
# name 9 = density00: Density [density, kg/m^3]
# name 10 = depSM: Depth [salt water, m], lat = 0.00
# name 11 = dz/dtM: Descent Rate [m/s]
# name 12 = flag:  0.000e+00
# span 0 =     -1.400,     16.267                 
# span 1 =    27.7298,    28.2115                 
# span 2 =   0.144078,   5.677204                 
# span 3 =     0.6810,    35.2297                 
# span 4 =     1.8495,     2.7684                 
# span 5 =    -0.0456,    48.6864                 
# span 6 =          0,          0                 
# span 7 =      0.000,    160.250                 
# span 8 = 337.436296, 337.438151                 
# span 9 =   996.8113,  1022.5936                 
# span 10 =     -1.392,     16.177                
# span 11 =     -0.938,      0.373                
# span 12 = 0.0000e+00, 0.0000e+00                
# interval = seconds: 0.25
# start_time = Dec 03 2018 10:28:16 [Instrument's time stamp, header]
# bad_flag = -9.990e-29
*END*
[from data line 112]
      0.039    28.1546   5.666709    35.1926     1.9616     0.0406          0     28.000 337.436620  1022.4890      0.039      0.040  0.000e+00
     -0.015    28.1546   5.666261    35.1895     1.9629     0.0376          0     28.250 337.436623  1022.4865     -0.015      0.046  0.000e+00
     -0.058    28.1545   5.666481    35.1911     1.9655     0.0200          0     28.500 337.436626  1022.4875     -0.058      0.028  0.000e+00
     -0.090    28.1542   5.667591    35.1991     1.9538     0.0063          0     28.750 337.436629  1022.4935     -0.090     -0.007  0.000e+00
     -0.079    28.1542   5.668420    35.2049     1.9590    -0.0006          0     29.000 337.436632  1022.4979     -0.079     -0.041  0.000e+00
     -0.047    28.1542   5.669462    35.2122     1.9569     0.0124          0     29.250 337.436635  1022.5035     -0.047     -0.062  0.000e+00
     -0.004    28.1546   5.669842    35.2146     1.9537     0.0070          0     29.500 337.436638  1022.5054     -0.004     -0.054  0.000e+00
      0.061    28.1552   5.669530    35.2119     1.9546     0.0185          0     29.750 337.436641  1022.5035      0.061     -0.014  0.000e+00
      0.104    28.1551   5.667819    35.2000     1.9483     0.0231          0     30.000 337.436644  1022.4947      0.104      0.043  0.000e+00
      0.083    28.1546   5.666641    35.1921     1.9452     0.0231          0     30.250 337.436646  1022.4889      0.082      0.084  0.000e+00
      0.029    28.1548   5.666200    35.1889     1.9440     0.0162          0     30.500 337.436649  1022.4861      0.028      0.089  0.000e+00
     -0.047    28.1549   5.665979    35.1873     1.9434     0.0017          0     30.750 337.436652  1022.4846     -0.047      0.058  0.000e+00
     -0.090    28.1522   5.667181    35.1977     1.9389     0.0093          0     31.000 337.436655  1022.4931     -0.090      0.003  0.000e+00
     -0.080    28.1507   5.668230    35.2062     1.9294     0.0116          0     31.250 337.436658  1022.5000     -0.079     -0.045  0.000e+00
     -0.069    28.1508   5.669287    35.2136     1.9273     0.0025          0     31.500 337.436661  1022.5055     -0.068     -0.080  0.000e+00
      0.007    28.1515   5.669721    35.2161     1.9252     0.0246          0     31.750 337.436664  1022.5075      0.007     -0.079  0.000e+00
      0.072    28.1521   5.669591    35.2146     1.9259     0.0131          0     32.000 337.436667  1022.5065      0.071     -0.039  0.000e+00
      0.115    28.1528   5.668390    35.2057     1.9256     0.0162          0     32.250 337.436670  1022.4997      0.114      0.026  0.000e+00
      0.083    28.1527   5.667310    35.1982     1.9175     0.0177          0     32.500 337.436672  1022.4940      0.082      0.074  0.000e+00
      0.029    28.1534   5.666481    35.1919     1.9169     0.0192          0     32.750 337.436675  1022.4888      0.028      0.090  0.000e+00
     -0.047    28.1543   5.666261    35.1897     1.9202     0.0276          0     33.000 337.436678  1022.4866     -0.047      0.061  0.000e+00
     -0.079    28.1552   5.667401    35.1971     1.9206     0.0215          0     33.250 337.436681  1022.4917     -0.079      0.008  0.000e+00
     -0.047    28.1555   5.668770    35.2064     1.9190     0.0215          0     33.500 337.436684  1022.4988     -0.047     -0.033  0.000e+00
     -0.004    28.1555   5.669561    35.2120     1.9159     0.0215          0     33.750 337.436687  1022.5031     -0.004     -0.061  0.000e+00
      0.061    28.1557   5.669721    35.2128     1.9148     0.0574          0     34.000 337.436690  1022.5039      0.061     -0.051  0.000e+00
      0.137    28.1559   5.668922    35.2071     1.9176     0.0574          0     34.250 337.436693  1022.4999      0.136     -0.003  0.000e+00
      0.137    28.1553   5.667850    35.2001     1.9184     0.0604          0     34.500 337.436696  1022.4948      0.136      0.056  0.000e+00
      0.115    28.1547   5.667371    35.1972     1.9172     0.0650          0     34.750 337.436698  1022.4927      0.115      0.096  0.000e+00
      0.094    28.1548   5.666823    35.1933     1.9112     0.0215          0     35.000 337.436701  1022.4897      0.093      0.110  0.000e+00
      0.094    28.1550   5.667629    35.1988     1.9151     0.0231          0     35.250 337.436704  1022.4938      0.093      0.095  0.000e+00
      0.126    28.1551   5.669561    35.2122     1.9184     0.0200          0     35.500 337.436707  1022.5040      0.125      0.069  0.000e+00
      0.245    28.1553   5.670071    35.2156     1.9148     0.0147          0     35.750 337.436710  1022.5070      0.244      0.071  0.000e+00
      0.353    28.1549   5.669652    35.2129     1.9146     0.0521          0     36.000 337.436713  1022.5055      0.351      0.097  0.000e+00
      0.407    28.1546   5.669052    35.2089     1.9082     0.0429          0     36.250 337.436716  1022.5029      0.405      0.135  0.000e+00
      0.407    28.1540   5.668101    35.2027     1.9035     0.0414          0     36.500 337.436719  1022.4984      0.405      0.175  0.000e+00
      0.429    28.1541   5.667280    35.1969     1.8977     0.0459          0     36.750 337.436722  1022.4941      0.426      0.203  0.000e+00
      0.472    28.1544   5.668010    35.2018     1.9034     0.0368          0     37.000 337.436725  1022.4978      0.469      0.216  0.000e+00
      0.504    28.1546   5.669341    35.2109     1.9072     0.0345          0     37.250 337.436727  1022.5048      0.502      0.207  0.000e+00
      0.602    28.1547   5.669432    35.2115     1.9113     0.0284          0     37.500 337.436730  1022.5056      0.598      0.196  0.000e+00
      0.656    28.1549   5.669052    35.2086     1.9020     0.0383          0     37.750 337.436733  1022.5036      0.652      0.177  0.000e+00
      0.677    28.1549   5.668801    35.2069     1.9052     0.0391          0     38.000 337.436736  1022.5024      0.674      0.167  0.000e+00
      0.645    28.1547   5.668200    35.2028     1.8872     0.0078          0     38.250 337.436739  1022.4993      0.641      0.156  0.000e+00
      0.645    28.1546   5.667158    35.1956     1.8859     0.0101          0     38.500 337.436742  1022.4939      0.641      0.144  0.000e+00
      0.656    28.1544   5.666611    35.1919     1.8876     0.0086          0     38.750 337.436745  1022.4912      0.652      0.119  0.000e+00
      0.721    28.1543   5.667310    35.1969     1.8868     0.0055          0     39.000 337.436748  1022.4952      0.717      0.102  0.000e+00
      0.818    28.1542   5.669181    35.2100     1.8794     0.0383          0     39.250 337.436751  1022.5056      0.813      0.105  0.000e+00
      0.915    28.1543   5.669592    35.2128     1.8832     0.0391          0     39.500 337.436753  1022.5080      0.910      0.123  0.000e+00
      0.969    28.1544   5.669493    35.2120     1.8811     0.0345          0     39.750 337.436756  1022.5076      0.964      0.159  0.000e+00
      0.969    28.1543   5.669371    35.2112     1.8817     0.0337          0     40.000 337.436759  1022.5071      0.964      0.190  0.000e+00
      0.937    28.1539   5.668991    35.2089     1.8870     0.0292          0     40.250 337.436762  1022.5053      0.932      0.198  0.000e+00
      0.948    28.1539   5.668291    35.2040     1.8867     0.0147          0     40.500 337.436765  1022.5017      0.943      0.180  0.000e+00
      0.991    28.1537   5.669151    35.2101     1.8776     0.0253          0     40.750 337.436768  1022.5065      0.986      0.154  0.000e+00
      1.121    28.1540   5.669653    35.2134     1.8792     0.0261          0     41.000 337.436771  1022.5094      1.115      0.143  0.000e+00
      1.229    28.1543   5.669972    35.2153     1.8799     0.0276          0     41.250 337.436774  1022.5113      1.222      0.152  0.000e+00
      1.283    28.1550   5.670033    35.2152     1.8790     0.0322          0     41.500 337.436777  1022.5112      1.276      0.174  0.000e+00
      1.261    28.1552   5.670132    35.2158     1.8839     0.0284          0     41.750 337.436780  1022.5115      1.254      0.191  0.000e+00
      1.283    28.1551   5.670086    35.2155     1.8812     0.0383          0     42.000 337.436782  1022.5114      1.276      0.209  0.000e+00
      1.294    28.1546   5.669942    35.2149     1.8789     0.0292          0     42.250 337.436785  1022.5111      1.287      0.209  0.000e+00
      1.294    28.1541   5.669942    35.2153     1.8797    -0.0166          0     42.500 337.436788  1022.5116      1.287      0.177  0.000e+00
      1.369    28.1537   5.669911    35.2153     1.8764    -0.0036          0     42.750 337.436791  1022.5121      1.362      0.144  0.000e+00
      1.434    28.1531   5.669881    35.2155     1.8785     0.0002          0     43.000 337.436794  1022.5127      1.426      0.115  0.000e+00
      1.499    28.1532   5.669972    35.2161     1.8770    -0.0090          0     43.250 337.436797  1022.5134      1.491      0.117  0.000e+00
      1.553    28.1527   5.670102    35.2173     1.8761     0.0513          0     43.500 337.436800  1022.5147      1.544      0.145  0.000e+00
      1.575    28.1523   5.670003    35.2169     1.8730     0.0360          0     43.750 337.436803  1022.5146      1.566      0.174  0.000e+00
      1.629    28.1518   5.670071    35.2178     1.8713     0.0490          0     44.000 337.436806  1022.5157      1.620      0.192  0.000e+00
      1.683    28.1516   5.670071    35.2179     1.8717     0.0406          0     44.250 337.436808  1022.5161      1.674      0.206  0.000e+00
      1.726    28.1514   5.670102    35.2183     1.8668     0.0337          0     44.500 337.436811  1022.5166      1.717      0.209  0.000e+00
      1.791    28.1516   5.670163    35.2185     1.8693     0.0261          0     44.750 337.436814  1022.5170      1.781      0.200  0.000e+00
      1.877    28.1516   5.670262    35.2192     1.8697     0.0330          0     45.000 337.436817  1022.5179      1.867      0.207  0.000e+00
      1.986    28.1513   5.670383    35.2203     1.8758     0.0253          0     45.250 337.436820  1022.5192      1.975      0.230  0.000e+00
      1.996    28.1506   5.670330    35.2204     1.8734     0.0269          0     45.500 337.436823  1022.5196      1.985      0.241  0.000e+00
      2.007    28.1494   5.670193    35.2203     1.8781     0.0215          0     45.750 337.436826  1022.5200      1.996      0.239  0.000e+00
      1.996    28.1484   5.670034    35.2199     1.8648     0.0177          0     46.000 337.436829  1022.5199      1.985      0.212  0.000e+00
      1.986    28.1477   5.670034    35.2205     1.8626     0.0070          0     46.250 337.436832  1022.5206      1.975      0.172  0.000e+00
      1.986    28.1470   5.670132    35.2217     1.8600     0.0223          0     46.500 337.436834  1022.5217      1.975      0.125  0.000e+00
      2.040    28.1463   5.670224    35.2228     1.8583     0.0345          0     46.750 337.436837  1022.5230      2.028      0.088  0.000e+00
      2.137    28.1458   5.670384    35.2243     1.8593     0.0521          0     47.000 337.436840  1022.5247      2.125      0.077  0.000e+00
      2.234    28.1451   5.670452    35.2252     1.8613     0.0498          0     47.250 337.436843  1022.5261      2.222      0.098  0.000e+00
      2.288    28.1444   5.670384    35.2253     1.8670     0.0475          0     47.500 337.436846  1022.5266      2.276      0.146  0.000e+00
      2.321    28.1437   5.670262    35.2250     1.8638     0.0131          0     47.750 337.436849  1022.5267      2.308      0.185  0.000e+00
      2.310    28.1428   5.670163    35.2249     1.8700     0.0200          0     48.000 337.436852  1022.5269      2.297      0.204  0.000e+00
      2.299    28.1419   5.670072    35.2250     1.8632     0.0032          0     48.250 337.436855  1022.5272      2.286      0.196  0.000e+00
      2.310    28.1408   5.670034    35.2255     1.8658     0.0063          0     48.500 337.436858  1022.5280      2.297      0.167  0.000e+00
      2.353    28.1401   5.670034    35.2261     1.8597     0.0475          0     48.750 337.436861  1022.5288      2.340      0.128  0.000e+00
      2.450    28.1395   5.670057    35.2266     1.8575     0.0414          0     49.000 337.436863  1022.5299      2.437      0.109  0.000e+00
      2.580    28.1385   5.670103    35.2276     1.8602     0.0452          0     49.250 337.436866  1022.5315      2.566      0.129  0.000e+00
      2.667    28.1375   5.669973    35.2274     1.8634     0.0513          0     49.500 337.436869  1022.5320      2.652      0.175  0.000e+00
      2.732    28.1371   5.669882    35.2271     1.8620     0.0162          0     49.750 337.436872  1022.5322      2.717      0.228  0.000e+00
      2.732    28.1366   5.669722    35.2264     1.8672     0.0162          0     50.000 337.436875  1022.5319      2.717      0.262  0.000e+00
      2.753    28.1359   5.669532    35.2256     1.8641     0.0238          0     50.250 337.436878  1022.5315      2.738      0.270  0.000e+00
      2.710    28.1354   5.669532    35.2259     1.8670     0.0269          0     50.500 337.436881  1022.5318      2.695      0.234  0.000e+00
      2.732    28.1349   5.669624    35.2269     1.8670     0.0208          0     50.750 337.436884  1022.5328      2.717      0.180  0.000e+00
      2.807    28.1346   5.669684    35.2275     1.8720     0.0315          0     51.000 337.436887  1022.5337      2.792      0.133  0.000e+00
      2.905    28.1343   5.669753    35.2282     1.8794     0.0322          0     51.250 337.436889  1022.5347      2.889      0.113  0.000e+00
      3.023    28.1337   5.669654    35.2279     1.8740     0.0376          0     51.500 337.436892  1022.5352      3.007      0.138  0.000e+00
      3.110    28.1333   5.669593    35.2278     1.8705     0.0391          0     51.750 337.436895  1022.5356      3.093      0.186  0.000e+00
      3.229    28.1332   5.669495    35.2271     1.8732     0.0086          0     52.000 337.436898  1022.5356      3.211      0.257  0.000e+00
      3.272    28.1327   5.669411    35.2269     1.8670     0.0170          0     52.250 337.436901  1022.5359      3.254      0.307  0.000e+00
      3.261    28.1322   5.669274    35.2264     1.8630     0.0147          0     52.500 337.436904  1022.5355      3.243      0.325  0.000e+00
      3.240    28.1320   5.669304    35.2267     1.8640     0.0215          0     52.750 337.436907  1022.5358      3.222      0.289  0.000e+00
      3.294    28.1319   5.669305    35.2268     1.8703     0.0292          0     53.000 337.436910  1022.5361      3.276      0.239  0.000e+00
      3.359    28.1317   5.669343    35.2272     1.8613     0.0429          0     53.250 337.436913  1022.5367      3.340      0.195  0.000e+00
      3.402    28.1321   5.669274    35.2264     1.8654     0.0360          0     53.500 337.436916  1022.5362      3.383      0.157  0.000e+00
      3.434    28.1319   5.669274    35.2265     1.8726     0.0276          0     53.750 337.436918  1022.5365      3.415      0.135  0.000e+00
      3.488    28.1322   5.669244    35.2261     1.8688     0.0345          0     54.000 337.436921  1022.5363      3.469      0.128  0.000e+00
      3.542    28.1322   5.669244    35.2261     1.8667     0.0414          0     54.250 337.436924  1022.5365      3.523      0.151  0.000e+00
      3.618    28.1325   5.669274    35.2260     1.8671     0.0315          0     54.500 337.436927  1022.5367      3.598      0.187  0.000e+00
      3.694    28.1326   5.669373    35.2266     1.8603     0.0315          0     54.750 337.436930  1022.5375      3.673      0.216  0.000e+00
      3.802    28.1332   5.669373    35.2262     1.8591     0.0322          0     55.000 337.436933  1022.5374      3.781      0.239  0.000e+00
      3.878    28.1332   5.669305    35.2256     1.8592     0.0124          0     55.250 337.436936  1022.5373      3.856      0.262  0.000e+00
