ctd_mafia/cnv/SBE19plus_01906740_2018_12_07_0085.cnv
* Sea-Bird SBE19plus  Data File:
* FileName = C:\Users\all user\Desktop\Patroba _ WWF Mapping Mafia\SBE19plus_01906740_2018_12_07_0085.hex
* Software version 2.6.3.104
* Temperature SN = 6740
* Conductivity SN = 6740
* System UpLoad Time = Dec 07 2018 14:32:28
* <ApplicationData>
* <Seaterm232>
# nquan = 13
# nvalues = 809                                   
# units = specified
# name 0 = prdM: Pressure, Strain Gauge [db]
# name 1 = tv290C: Temperature [ITS-90, deg C]
# name 2 = c0S/m: Conductivity [S/m]
# name 3 = sal00: Salinity, Practical [PSU]
# name 4 = sbeox0ML/L: Oxygen, SBE 43 [ml/l]
# name 5 = flECO-AFL: Fluorescence, WET Labs ECO-AFL/FL [mg/m^3]
# name 6 = nbf: Bottles Fired
# name 7 = timeS: Time, Elapsed [seconds]
# name 8 = timeJ: Julian Days
# name 9 = density00: Density [density, kg/m^3]
# name 10 = depSM: Depth [salt water, m], lat = 0.00
# name 11 = dz/dtM: Descent Rate [m/s]
# name 12 = flag:  0.000e+00
# span 0 =     -1.379,     19.787                 
# span 1 =    28.0727,    28.5612                 
# span 2 =   0.199167,   5.760057                 
# span 3 =     0.9403,    35.7520                 
# span 4 =     1.8953,     3.0018                 
# span 5 =    -0.4431,     1.3956                 
# span 6 =          0,          0                 
# span 7 =      0.000,    202.000                 
# span 8 = 337.425093, 337.427431                 
# span 9 =   996.7794,  1022.8659                 
# span 10 =     -1.372,     19.677                
# span 11 =     -1.410,      0.809                
# span 12 = 0.0000e+00, 0.0000e+00                
# interval = seconds: 0.25
# start_time = Dec 03 2018 10:12:08 [Instrument's time stamp, header]
# bad_flag = -9.990e-29
*END*
[from data line 223]
     -0.071    28.1079   5.670360    35.2531     1.9561     0.0597          0     55.750 337.425738  1022.5493     -0.071      0.143  0.000e+00
     -0.147    28.1078   5.671242    35.2594     1.9415     0.0521          0     56.000 337.425741  1022.5538     -0.146      0.101  0.000e+00
     -0.201    28.1077   5.671904    35.2641     1.9393     0.0192          0     56.250 337.425744  1022.5572     -0.200      0.012  0.000e+00
     -0.158    28.1077   5.671684    35.2626     1.9420     0.0131          0     56.500 337.425747  1022.5562     -0.157     -0.073  0.000e+00
     -0.093    28.1073   5.671144    35.2591     1.9434     0.0208          0     56.750 337.425749  1022.5540     -0.092     -0.114  0.000e+00
     -0.028    28.1075   5.670763    35.2562     1.9516     0.0200          0     57.000 337.425752  1022.5520     -0.028     -0.106  0.000e+00
      0.015    28.1079   5.670794    35.2561     1.9532     0.0177          0     57.250 337.425755  1022.5519      0.015     -0.045  0.000e+00
      0.005    28.1082   5.670763    35.2557     1.9493     0.0200          0     57.500 337.425758  1022.5515      0.005      0.029  0.000e+00
     -0.017    28.1082   5.671524    35.2610     1.9496     0.0238          0     57.750 337.425761  1022.5554     -0.017      0.082  0.000e+00
     -0.039    28.1082   5.672444    35.2674     1.9545     0.0246          0     58.000 337.425764  1022.5602     -0.038      0.094  0.000e+00
     -0.093    28.1081   5.673053    35.2718     1.9615     0.0116          0     58.250 337.425767  1022.5632     -0.092      0.065  0.000e+00
     -0.114    28.1080   5.673083    35.2721     1.9557     0.0223          0     58.500 337.425770  1022.5634     -0.114      0.008  0.000e+00
     -0.147    28.1080   5.672513    35.2681     1.9564     0.0162          0     58.750 337.425773  1022.5603     -0.146     -0.049  0.000e+00
     -0.168    28.1079   5.671638    35.2620     1.9535     0.0162          0     59.000 337.425775  1022.5556     -0.167     -0.091  0.000e+00
     -0.114    28.1079   5.671113    35.2584     1.9515     0.0299          0     59.250 337.425778  1022.5531     -0.114     -0.092  0.000e+00
     -0.049    28.1081   5.670763    35.2557     1.9577     0.0574          0     59.500 337.425781  1022.5513     -0.049     -0.055  0.000e+00
      0.015    28.1085   5.670414    35.2530     1.9614     0.0604          0     59.750 337.425784  1022.5494      0.015     -0.000  0.000e+00
      0.091    28.1089   5.670414    35.2527     1.9574     0.0658          0     60.000 337.425787  1022.5494      0.091      0.067  0.000e+00
      0.048    28.1095   5.671212    35.2578     1.9592     0.0635          0     60.250 337.425790  1022.5529      0.048      0.108  0.000e+00
     -0.028    28.1096   5.672323    35.2656     1.9605     0.0093          0     60.500 337.425793  1022.5583     -0.028      0.105  0.000e+00
     -0.158    28.1098   5.672132    35.2641     1.9500     0.0017          0     60.750 337.425796  1022.5566     -0.157      0.056  0.000e+00
     -0.222    28.1097   5.670862    35.2553     1.9499     0.0124          0     61.000 337.425799  1022.5498     -0.221     -0.018  0.000e+00
     -0.201    28.1101   5.670923    35.2554     1.9506     0.0047          0     61.250 337.425802  1022.5498     -0.200     -0.089  0.000e+00
     -0.125    28.1109   5.670763    35.2537     1.9569     0.0383          0     61.500 337.425804  1022.5486     -0.124     -0.119  0.000e+00
     -0.039    28.1114   5.670292    35.2500     1.9592     0.0467          0     61.750 337.425807  1022.5460     -0.038     -0.104  0.000e+00
      0.048    28.1121   5.670102    35.2481     1.9650     0.0391          0     62.000 337.425810  1022.5447      0.048     -0.045  0.000e+00
      0.037    28.1128   5.669934    35.2464     1.9598     0.0337          0     62.250 337.425813  1022.5432      0.037      0.035  0.000e+00
      0.015    28.1135   5.670003    35.2464     1.9586    -0.0136          0     62.500 337.425816  1022.5428      0.015      0.097  0.000e+00
     -0.060    28.1140   5.670071    35.2465     1.9496    -0.0052          0     62.750 337.425819  1022.5425     -0.060      0.117  0.000e+00
     -0.104    28.1145   5.670353    35.2481     1.9378    -0.0090          0     63.000 337.425822  1022.5433     -0.103      0.084  0.000e+00
     -0.125    28.1145   5.670763    35.2510     1.9425    -0.0097          0     63.250 337.425825  1022.5454     -0.124      0.019  0.000e+00
     -0.125    28.1146   5.671022    35.2528     1.9377    -0.0029          0     63.500 337.425828  1022.5467     -0.124     -0.044  0.000e+00
     -0.049    28.1144   5.670573    35.2498     1.9340    -0.0189          0     63.750 337.425830  1022.5448     -0.049     -0.067  0.000e+00
     -0.017    28.1146   5.668702    35.2365     1.9441    -0.0151          0     64.000 337.425833  1022.5349     -0.017     -0.058  0.000e+00
     -0.039    28.1147   5.668322    35.2338     1.9433    -0.0151          0     64.250 337.425836  1022.5327     -0.038     -0.027  0.000e+00
     -0.103    28.1144   5.667911    35.2311     1.9337    -0.0189          0     64.500 337.425839  1022.5306     -0.103     -0.011  0.000e+00
     -0.168    28.1134   5.667820    35.2312     1.9240     0.0032          0     64.750 337.425842  1022.5307     -0.167     -0.010  0.000e+00
     -0.157    28.1131   5.667851    35.2317     1.9232     0.0116          0     65.000 337.425845  1022.5311     -0.157     -0.019  0.000e+00
     -0.060    28.1131   5.667881    35.2318     1.9183     0.0101          0     65.250 337.425848  1022.5317     -0.060     -0.011  0.000e+00
      0.048    28.1134   5.667881    35.2316     1.9136     0.0032          0     65.500 337.425851  1022.5319      0.048      0.017  0.000e+00
      0.059    28.1136   5.667828    35.2311     1.9088     0.0223          0     65.750 337.425854  1022.5315      0.058      0.035  0.000e+00
      0.015    28.1132   5.667592    35.2297     1.8953     0.0261          0     66.000 337.425856  1022.5304      0.015      0.055  0.000e+00
     -0.082    28.1127   5.667562    35.2299     1.9166     0.0215          0     66.250 337.425859  1022.5303     -0.081      0.056  0.000e+00
     -0.157    28.1124   5.667562    35.2301     1.9250     0.0246          0     66.500 337.425862  1022.5302     -0.157      0.034  0.000e+00
     -0.157    28.1124   5.667630    35.2306     1.9256     0.0231          0     66.750 337.425865  1022.5306     -0.157     -0.002  0.000e+00
     -0.157    28.1129   5.667721    35.2309     1.9432     0.0177          0     67.000 337.425868  1022.5306     -0.157     -0.056  0.000e+00
     -0.114    28.1132   5.667721    35.2307     1.9523     0.0276          0     67.250 337.425871  1022.5305     -0.114     -0.096  0.000e+00
     -0.060    28.1134   5.667691    35.2303     1.9578     0.0185          0     67.500 337.425874  1022.5304     -0.060     -0.092  0.000e+00
      0.026    28.1138   5.667721    35.2302     1.9788     0.0162          0     67.750 337.425877  1022.5306      0.026     -0.028  0.000e+00
      0.037    28.1138   5.667691    35.2300     1.9733     0.0490          0     68.000 337.425880  1022.5305      0.037      0.043  0.000e+00
      0.016    28.1138   5.667592    35.2293     1.9682     0.0429          0     68.250 337.425883  1022.5299      0.015      0.096  0.000e+00
     -0.028    28.1132   5.667470    35.2289     1.9780     0.0490          0     68.500 337.425885  1022.5296     -0.028      0.105  0.000e+00
     -0.093    28.1127   5.667470    35.2293     1.9877     0.0467          0     68.750 337.425888  1022.5297     -0.092      0.067  0.000e+00
     -0.125    28.1123   5.667501    35.2298     1.9949     0.0498          0     69.000 337.425891  1022.5301     -0.124      0.017  0.000e+00
     -0.147    28.1126   5.667592    35.2302     1.9962     0.0521          0     69.250 337.425894  1022.5303     -0.146     -0.042  0.000e+00
     -0.103    28.1134   5.667676    35.2302     1.9944     0.0513          0     69.500 337.425897  1022.5302     -0.103     -0.075  0.000e+00
     -0.071    28.1139   5.667721    35.2301     1.9986     0.0543          0     69.750 337.425900  1022.5301     -0.071     -0.082  0.000e+00
     -0.017    28.1145   5.667820    35.2304     2.0070     0.0253          0     70.000 337.425903  1022.5303     -0.017     -0.045  0.000e+00
     -0.028    28.1150   5.667820    35.2300     2.0068     0.0276          0     70.250 337.425906  1022.5299     -0.028     -0.005  0.000e+00
     -0.082    28.1150   5.667592    35.2284     2.0026     0.0116          0     70.500 337.425909  1022.5284     -0.081      0.018  0.000e+00
     -0.093    28.1147   5.667592    35.2287     1.9961     0.0253          0     70.750 337.425911  1022.5287     -0.092      0.030  0.000e+00
     -0.103    28.1145   5.667721    35.2297     2.0095     0.0398          0     71.000 337.425914  1022.5295     -0.103      0.022  0.000e+00
     -0.038    28.1149   5.667752    35.2296     2.0193     0.0276          0     71.250 337.425917  1022.5295     -0.038      0.022  0.000e+00
      0.005    28.1151   5.667752    35.2294     2.0223     0.0261          0     71.500 337.425920  1022.5295      0.005      0.019  0.000e+00
     -0.006    28.1153   5.667782    35.2295     2.0214     0.0307          0     71.750 337.425923  1022.5294     -0.006      0.019  0.000e+00
     -0.028    28.1161   5.668010    35.2305     2.0208     0.0360          0     72.000 337.425926  1022.5298     -0.028      0.017  0.000e+00
     -0.060    28.1172   5.668132    35.2305     2.0341     0.0276          0     72.250 337.425929  1022.5294     -0.060      0.021  0.000e+00
     -0.114    28.1180   5.668071    35.2295     2.0399     0.0170          0     72.500 337.425932  1022.5281     -0.114      0.010  0.000e+00
     -0.114    28.1183   5.667942    35.2284     2.0404     0.0131          0     72.750 337.425935  1022.5272     -0.114     -0.013  0.000e+00
     -0.103    28.1182   5.667919    35.2283     2.0356     0.0299          0     73.000 337.425937  1022.5272     -0.103     -0.035  0.000e+00
     -0.082    28.1180   5.667911    35.2284     2.0313     0.0276          0     73.250 337.425940  1022.5274     -0.081     -0.053  0.000e+00
     -0.082    28.1179   5.667972    35.2289     2.0296     0.0292          0     73.500 337.425943  1022.5278     -0.081     -0.052  0.000e+00
     -0.071    28.1181   5.667972    35.2288     2.0295     0.0276          0     73.750 337.425946  1022.5277     -0.071     -0.030  0.000e+00
     -0.071    28.1183   5.668041    35.2291     2.0353     0.0315          0     74.000 337.425949  1022.5279     -0.071     -0.007  0.000e+00
     -0.039    28.1186   5.668071    35.2290     2.0341     0.0253          0     74.250 337.425952  1022.5278     -0.038      0.022  0.000e+00
     -0.028    28.1188   5.668071    35.2289     2.0388     0.0154          0     74.500 337.425955  1022.5277     -0.028      0.043  0.000e+00
     -0.017    28.1194   5.668101    35.2286     2.0422     0.0223          0     74.750 337.425958  1022.5274     -0.017      0.048  0.000e+00
     -0.017    28.1199   5.668231    35.2292     2.0400     0.0231          0     75.000 337.425961  1022.5277     -0.017      0.045  0.000e+00
     -0.060    28.1212   5.668451    35.2298     2.0529     0.0261          0     75.250 337.425964  1022.5275     -0.060      0.029  0.000e+00
     -0.060    28.1222   5.668482    35.2292     2.0502     0.0391          0     75.500 337.425966  1022.5267     -0.060      0.017  0.000e+00
     -0.082    28.1226   5.668390    35.2283     2.0514     0.0307          0     75.750 337.425969  1022.5258     -0.081     -0.003  0.000e+00
     -0.103    28.1227   5.668390    35.2282     2.0476     0.0292          0     76.000 337.425972  1022.5256     -0.103     -0.025  0.000e+00
     -0.103    28.1229   5.668390    35.2281     2.0459     0.0406          0     76.250 337.425975  1022.5255     -0.103     -0.044  0.000e+00
     -0.147    28.1228   5.668390    35.2282     2.0580     0.0200          0     76.500 337.425978  1022.5254     -0.146     -0.062  0.000e+00
     -0.103    28.1227   5.668345    35.2279     2.0650     0.0154          0     76.750 337.425981  1022.5254     -0.103     -0.058  0.000e+00
     -0.060    28.1224   5.668322    35.2279     2.0587     0.0177          0     77.000 337.425984  1022.5257     -0.060     -0.033  0.000e+00
     -0.028    28.1222   5.668421    35.2288     2.0624     0.0215          0     77.250 337.425987  1022.5265     -0.028      0.003  0.000e+00
      0.016    28.1231   5.668611    35.2294     2.0609     0.0330          0     77.500 337.425990  1022.5269      0.016      0.037  0.000e+00
      0.016    28.1243   5.668702    35.2292     2.0650     0.0276          0     77.750 337.425992  1022.5264      0.016      0.066  0.000e+00
      0.005    28.1252   5.668801    35.2292     2.0699     0.0421          0     78.000 337.425995  1022.5261      0.005      0.079  0.000e+00
     -0.049    28.1262   5.668862    35.2289     2.0656     0.0299          0     78.250 337.425998  1022.5252     -0.049      0.066  0.000e+00
     -0.114    28.1266   5.668801    35.2282     2.0595     0.0498          0     78.500 337.426001  1022.5243     -0.113      0.031  0.000e+00
     -0.179    28.1266   5.668770    35.2280     2.0658     0.0536          0     78.750 337.426004  1022.5239     -0.178     -0.035  0.000e+00
     -0.168    28.1268   5.668702    35.2274     2.0765     0.0505          0     79.000 337.426007  1022.5234     -0.167     -0.081  0.000e+00
     -0.114    28.1264   5.668672    35.2274     2.0796     0.0376          0     79.250 337.426010  1022.5238     -0.113     -0.094  0.000e+00
     -0.049    28.1260   5.668611    35.2273     2.0735     0.0368          0     79.500 337.426013  1022.5241     -0.049     -0.075  0.000e+00
      0.026    28.1255   5.668580    35.2275     2.0733     0.0086          0     79.750 337.426016  1022.5247      0.026     -0.020  0.000e+00
      0.026    28.1257   5.668771    35.2287     2.0775     0.0047          0     80.000 337.426019  1022.5256      0.026      0.034  0.000e+00
      0.016    28.1264   5.668923    35.2292     2.0696     0.0055          0     80.250 337.426021  1022.5256      0.016      0.081  0.000e+00
     -0.028    28.1272   5.668923    35.2286     2.0819     0.0047          0     80.500 337.426024  1022.5248     -0.027      0.097  0.000e+00
     -0.082    28.1275   5.668892    35.2282     2.0756     0.0322          0     80.750 337.426027  1022.5241     -0.081      0.076  0.000e+00
     -0.147    28.1275   5.668831    35.2278     2.0752     0.0269          0     81.000 337.426030  1022.5235     -0.146      0.014  0.000e+00
     -0.179    28.1272   5.668770    35.2276     2.0670     0.0376          0     81.250 337.426033  1022.5233     -0.178     -0.055  0.000e+00
     -0.157    28.1269   5.668672    35.2271     2.0681     0.0368          0     81.500 337.426036  1022.5232     -0.157     -0.099  0.000e+00
     -0.049    28.1265   5.668611    35.2269     2.0635     0.0315          0     81.750 337.426039  1022.5236     -0.049     -0.091  0.000e+00
      0.059    28.1260   5.668611    35.2272     2.0651     0.0315          0     82.000 337.426042  1022.5245      0.059     -0.028  0.000e+00
      0.070    28.1258   5.668672    35.2279     2.0689     0.0353          0     82.250 337.426045  1022.5251      0.069      0.035  0.000e+00
      0.037    28.1259   5.668771    35.2284     2.0683     0.0261          0     82.500 337.426047  1022.5253      0.037      0.084  0.000e+00
     -0.082    28.1263   5.668801    35.2284     2.0747     0.0162          0     82.750 337.426050  1022.5247     -0.081      0.084  0.000e+00
     -0.125    28.1266   5.668801    35.2282     2.0756     0.0208          0     83.000 337.426053  1022.5242     -0.124      0.059  0.000e+00
