ctd_mafia/cnv/SBE19plus_01906740_2018_12_07_0077.cnv
* Sea-Bird SBE19plus  Data File:
* FileName = C:\Users\all user\Desktop\Patroba _ WWF Mapping Mafia\SBE19plus_01906740_2018_12_07_0077.hex
* Software version 2.6.3.104
* Temperature SN = 6740
* Conductivity SN = 6740
* System UpLoad Time = Dec 07 2018 14:30:32
* <ApplicationData>
* <Seaterm232>
# nquan = 13
# nvalues = 577                                   
# units = specified
# name 0 = prdM: Pressure, Strain Gauge [db]
# name 1 = tv290C: Temperature [ITS-90, deg C]
# name 2 = c0S/m: Conductivity [S/m]
# name 3 = sal00: Salinity, Practical [PSU]
# name 4 = sbeox0ML/L: Oxygen, SBE 43 [ml/l]
# name 5 = flECO-AFL: Fluorescence, WET Labs ECO-AFL/FL [mg/m^3]
# name 6 = nbf: Bottles Fired
# name 7 = timeS: Time, Elapsed [seconds]
# name 8 = timeJ: Julian Days
# name 9 = density00: Density [density, kg/m^3]
# name 10 = depSM: Depth [salt water, m], lat = 0.00
# name 11 = dz/dtM: Descent Rate [m/s]
# name 12 = flag:  0.000e+00
# span 0 =     -1.361,     12.909                 
# span 1 =    28.5437,    29.2872                 
# span 2 =   0.876326,   5.759733                 
# span 3 =     4.5297,    35.2527                 
# span 4 =     1.8362,     2.8692                 
# span 5 =    -0.3569,    48.6833                 
# span 6 =          0,          0                 
# span 7 =      0.000,    144.000                 
# span 8 = 337.353322, 337.354988                 
# span 9 =   999.4606,  1022.4078                 
# span 10 =     -1.354,     12.838                
# span 11 =     -0.707,      0.667                
# span 12 = 0.0000e+00, 0.0000e+00                
# interval = seconds: 0.25
# start_time = Dec 03 2018 08:28:47 [Instrument's time stamp, header]
# bad_flag = -9.990e-29
*END*
[from data line 112]
      0.304    28.6590   5.711828    35.1323     2.0746     0.0406          0     28.000 337.353646  1022.2783      0.302     -0.005  0.000e+00
      0.390    28.6607   5.712438    35.1352     2.0783     0.0475          0     28.250 337.353649  1022.2803      0.388      0.021  0.000e+00
      0.412    28.6608   5.710928    35.1247     2.0807     0.0109          0     28.500 337.353652  1022.2724      0.410      0.043  0.000e+00
      0.369    28.6591   5.708692    35.1104     2.0742     0.0047          0     28.750 337.353655  1022.2621      0.367      0.058  0.000e+00
      0.293    28.6588   5.707121    35.0998     2.0748     0.0200          0     29.000 337.353657  1022.2539      0.291      0.054  0.000e+00
      0.239    28.6597   5.706450    35.0945     2.0707    -0.0006          0     29.250 337.353660  1022.2494      0.238      0.038  0.000e+00
      0.228    28.6608   5.707380    35.1001     2.0718     0.0093          0     29.500 337.353663  1022.2532      0.227      0.005  0.000e+00
      0.261    28.6613   5.709074    35.1115     2.0668     0.0177          0     29.750 337.353666  1022.2617      0.259     -0.035  0.000e+00
      0.304    28.6611   5.708593    35.1083     2.0645     0.0246          0     30.000 337.353669  1022.2596      0.302     -0.059  0.000e+00
      0.315    28.6603   5.707220    35.0994     2.0537     0.0162          0     30.250 337.353672  1022.2532      0.313     -0.061  0.000e+00
      0.293    28.6584   5.705748    35.0906     2.0547     0.0139          0     30.500 337.353675  1022.2471      0.291     -0.040  0.000e+00
      0.315    28.6560   5.704605    35.0844     2.0501     0.0269          0     30.750 337.353678  1022.2433      0.313      0.001  0.000e+00
      0.336    28.6544   5.704666    35.0860     2.0439     0.0261          0     31.000 337.353681  1022.2452      0.334      0.039  0.000e+00
      0.347    28.6532   5.706450    35.0993     2.0495     0.0459          0     31.250 337.353683  1022.2556      0.345      0.057  0.000e+00
      0.369    28.6535   5.707159    35.1040     2.0363     0.0421          0     31.500 337.353686  1022.2592      0.367      0.059  0.000e+00
      0.369    28.6536   5.707159    35.1039     2.0375     0.0139          0     31.750 337.353689  1022.2591      0.367      0.049  0.000e+00
      0.325    28.6539   5.706420    35.0986     2.0409     0.0200          0     32.000 337.353692  1022.2548      0.324      0.029  0.000e+00
      0.217    28.6538   5.704849    35.0878     2.0396     0.0162          0     32.250 337.353695  1022.2462      0.216     -0.010  0.000e+00
      0.185    28.6518   5.704406    35.0862     2.0394     0.0253          0     32.500 337.353698  1022.2456      0.184     -0.048  0.000e+00
      0.217    28.6502   5.706519    35.1020     2.0409     0.0055          0     32.750 337.353701  1022.2581      0.216     -0.076  0.000e+00
      0.271    28.6516   5.708662    35.1158     2.0391     0.0009          0     33.000 337.353704  1022.2683      0.270     -0.078  0.000e+00
      0.304    28.6540   5.708563    35.1134     2.0384     0.0116          0     33.250 337.353707  1022.2658      0.302     -0.061  0.000e+00
      0.358    28.6551   5.707922    35.1081     2.0447     0.0086          0     33.500 337.353709  1022.2617      0.356     -0.023  0.000e+00
      0.369    28.6548   5.707190    35.1032     2.0440     0.0002          0     33.750 337.353712  1022.2582      0.367      0.024  0.000e+00
      0.379    28.6536   5.706138    35.0968     2.0680     0.0322          0     34.000 337.353715  1022.2538      0.377      0.073  0.000e+00
      0.369    28.6528   5.705016    35.0896     2.0664     0.0223          0     34.250 337.353718  1022.2486      0.367      0.105  0.000e+00
      0.325    28.6518   5.704345    35.0857     2.0661     0.0177          0     34.500 337.353721  1022.2458      0.324      0.086  0.000e+00
      0.282    28.6514   5.703735    35.0818     2.0671     0.0276          0     34.750 337.353724  1022.2428      0.281      0.038  0.000e+00
      0.282    28.6506   5.703225    35.0788     2.0654     0.0025          0     35.000 337.353727  1022.2409      0.281     -0.006  0.000e+00
      0.261    28.6500   5.702554    35.0746     2.0562     0.0147          0     35.250 337.353730  1022.2378      0.259     -0.042  0.000e+00
      0.250    28.6493   5.701852    35.0703     2.0455     0.0025          0     35.500 337.353733  1022.2347      0.248     -0.069  0.000e+00
      0.271    28.6486   5.701380    35.0675     2.0401     0.0047          0     35.750 337.353736  1022.2330      0.270     -0.069  0.000e+00
      0.304    28.6478   5.702424    35.0753     2.0342     0.0162          0     36.000 337.353738  1022.2392      0.302     -0.051  0.000e+00
      0.347    28.6472   5.704185    35.0880     2.0349     0.0215          0     36.250 337.353741  1022.2491      0.345     -0.014  0.000e+00
      0.380    28.6468   5.704628    35.0913     2.0372     0.0131          0     36.500 337.353744  1022.2519      0.377      0.031  0.000e+00
      0.380    28.6470   5.704826    35.0925     2.0376     0.0269          0     36.750 337.353747  1022.2528      0.377      0.061  0.000e+00
      0.347    28.6474   5.704536    35.0903     2.0355     0.0231          0     37.000 337.353750  1022.2508      0.345      0.063  0.000e+00
      0.304    28.6478   5.703644    35.0838     2.0360     0.0208          0     37.250 337.353753  1022.2456      0.302      0.051  0.000e+00
      0.282    28.6473   5.703926    35.0861     2.0315     0.0162          0     37.500 337.353756  1022.2474      0.281      0.023  0.000e+00
      0.293    28.6466   5.705047    35.0944     2.0219     0.0162          0     37.750 337.353759  1022.2539      0.292     -0.006  0.000e+00
      0.282    28.6468   5.705108    35.0947     2.0159     0.0170          0     38.000 337.353762  1022.2540      0.281     -0.035  0.000e+00
      0.261    28.6469   5.705078    35.0944     2.0108     0.0116          0     38.250 337.353764  1022.2537      0.259     -0.058  0.000e+00
      0.250    28.6470   5.704437    35.0899     2.0102     0.0055          0     38.500 337.353767  1022.2502      0.249     -0.068  0.000e+00
      0.250    28.6468   5.706290    35.1029     2.0028     0.0101          0     38.750 337.353770  1022.2600      0.248     -0.060  0.000e+00
      0.326    28.6471   5.709974    35.1282     2.0049     0.0070          0     39.000 337.353773  1022.2793      0.324     -0.023  0.000e+00
      0.390    28.6497   5.711828    35.1391     2.0059     0.0505          0     39.250 337.353776  1022.2869      0.388      0.024  0.000e+00
      0.434    28.6523   5.712499    35.1419     2.0052     0.0521          0     39.500 337.353779  1022.2883      0.431      0.065  0.000e+00
      0.412    28.6539   5.712850    35.1431     2.0012     0.0467          0     39.750 337.353782  1022.2886      0.410      0.084  0.000e+00
      0.358    28.6556   5.712850    35.1419     2.0036     0.0398          0     40.000 337.353785  1022.2869      0.356      0.084  0.000e+00
      0.271    28.6567   5.712560    35.1390     1.9981     0.0162          0     40.250 337.353788  1022.2840      0.270      0.053  0.000e+00
      0.228    28.6570   5.710577    35.1251     1.9990     0.0246          0     40.500 337.353791  1022.2732      0.227      0.004  0.000e+00
      0.217    28.6553   5.708883    35.1146     1.9940     0.0200          0     40.750 337.353793  1022.2659      0.216     -0.049  0.000e+00
      0.217    28.6516   5.707922    35.1107     1.9966     0.0170          0     41.000 337.353796  1022.2642      0.216     -0.100  0.000e+00
      0.261    28.6487   5.707251    35.1082     1.9957     0.0406          0     41.250 337.353799  1022.2634      0.259     -0.112  0.000e+00
      0.293    28.6470   5.706610    35.1049     1.9899     0.0345          0     41.500 337.353802  1022.2617      0.291     -0.090  0.000e+00
      0.336    28.6462   5.706199    35.1027     1.9857     0.0330          0     41.750 337.353805  1022.2604      0.334     -0.035  0.000e+00
      0.336    28.6458   5.706130    35.1025     1.9886     0.0315          0     42.000 337.353808  1022.2604      0.334      0.019  0.000e+00
      0.315    28.6456   5.706900    35.1080     1.9779     0.0414          0     42.250 337.353811  1022.2645      0.313      0.054  0.000e+00
      0.282    28.6459   5.707121    35.1093     1.9777     0.0017          0     42.500 337.353814  1022.2653      0.281      0.055  0.000e+00
      0.250    28.6466   5.706321    35.1032     1.9780     0.0131          0     42.750 337.353817  1022.2604      0.248      0.032  0.000e+00
      0.282    28.6469   5.705497    35.0973     1.9703     0.0192          0     43.000 337.353819  1022.2559      0.281      0.012  0.000e+00
      0.304    28.6465   5.704856    35.0931     1.9701     0.0063          0     43.250 337.353822  1022.2530      0.302     -0.006  0.000e+00
      0.358    28.6458   5.704185    35.0890     1.9723     0.0070          0     43.500 337.353825  1022.2504      0.356     -0.001  0.000e+00
      0.369    28.6450   5.704056    35.0887     1.9743     0.0025          0     43.750 337.353828  1022.2505      0.367      0.012  0.000e+00
      0.369    28.6445   5.704117    35.0895     1.9715     0.0116          0     44.000 337.353831  1022.2513      0.367      0.033  0.000e+00
      0.325    28.6437   5.703766    35.0877     1.9685     0.0093          0     44.250 337.353834  1022.2500      0.324      0.041  0.000e+00
      0.293    28.6429   5.703156    35.0841     1.9602     0.0261          0     44.500 337.353837  1022.2474      0.291      0.034  0.000e+00
      0.304    28.6422   5.702554    35.0804     1.9531     0.0139          0     44.750 337.353840  1022.2449      0.302      0.020  0.000e+00
      0.304    28.6414   5.702264    35.0790     1.9539     0.0177          0     45.000 337.353843  1022.2441      0.302     -0.006  0.000e+00
      0.380    28.6411   5.702104    35.0781     1.9515     0.0162          0     45.250 337.353845  1022.2438      0.377     -0.004  0.000e+00
      0.466    28.6407   5.702653    35.0821     1.9492     0.0253          0     45.500 337.353848  1022.2474      0.463      0.021  0.000e+00
      0.552    28.6402   5.704567    35.0958     1.9435     0.0139          0     45.750 337.353851  1022.2582      0.549      0.076  0.000e+00
      0.596    28.6401   5.705208    35.1003     1.9338     0.0215          0     46.000 337.353854  1022.2618      0.592      0.134  0.000e+00
      0.531    28.6407   5.706664    35.1099     1.9279     0.0253          0     46.250 337.353857  1022.2686      0.528      0.159  0.000e+00
      0.434    28.6423   5.706229    35.1058     1.9235     0.0200          0     46.500 337.353860  1022.2645      0.431      0.133  0.000e+00
      0.434    28.6432   5.706389    35.1062     1.9267     0.0170          0     46.750 337.353863  1022.2645      0.431      0.089  0.000e+00
      0.455    28.6434   5.707633    35.1147     1.9198     0.0200          0     47.000 337.353866  1022.2709      0.453      0.045  0.000e+00
      0.552    28.6444   5.708273    35.1184     1.9197     0.0170          0     47.250 337.353869  1022.2738      0.549      0.017  0.000e+00
      0.661    28.6459   5.708624    35.1196     1.9195     0.0276          0     47.500 337.353872  1022.2746      0.657      0.027  0.000e+00
      0.704    28.6473   5.708754    35.1195     1.9154     0.0246          0     47.750 337.353874  1022.2743      0.700      0.058  0.000e+00
      0.715    28.6484   5.709494    35.1238     1.9140     0.0215          0     48.000 337.353877  1022.2772      0.711      0.105  0.000e+00
      0.596    28.6503   5.709555    35.1229     1.9109     0.0223          0     48.250 337.353880  1022.2754      0.593      0.123  0.000e+00
      0.498    28.6521   5.708883    35.1169     1.9090     0.0192          0     48.500 337.353883  1022.2699      0.496      0.094  0.000e+00
      0.455    28.6527   5.706771    35.1018     1.9066     0.0177          0     48.750 337.353886  1022.2582      0.453      0.024  0.000e+00
      0.466    28.6513   5.705367    35.0931     1.9108     0.0223          0     49.000 337.353889  1022.2521      0.463     -0.045  0.000e+00
      0.585    28.6493   5.704696    35.0899     1.9094     0.0154          0     49.250 337.353892  1022.2509      0.582     -0.078  0.000e+00
      0.715    28.6478   5.704201    35.0875     1.9167     0.0231          0     49.500 337.353895  1022.2502      0.711     -0.052  0.000e+00
      0.769    28.6470   5.704315    35.0889     1.9205     0.0215          0     49.750 337.353898  1022.2517      0.765      0.014  0.000e+00
      0.704    28.6466   5.705108    35.0947     1.9201     0.0246          0     50.000 337.353900  1022.2559      0.700      0.069  0.000e+00
      0.639    28.6465   5.704788    35.0926     1.9224     0.0238          0     50.250 337.353903  1022.2540      0.635      0.111  0.000e+00
      0.542    28.6461   5.703797    35.0860     1.9205     0.0292          0     50.500 337.353906  1022.2488      0.539      0.092  0.000e+00
      0.531    28.6452   5.703065    35.0816     1.9181     0.0154          0     50.750 337.353909  1022.2458      0.528      0.042  0.000e+00
      0.552    28.6443   5.702775    35.0803     1.9132     0.0086          0     51.000 337.353912  1022.2452      0.549     -0.019  0.000e+00
      0.617    28.6427   5.702485    35.0795     1.9091     0.0101          0     51.250 337.353915  1022.2454      0.614     -0.066  0.000e+00
      0.693    28.6382   5.702363    35.0819     1.9069     0.0116          0     51.500 337.353918  1022.2490      0.689     -0.063  0.000e+00
      0.844    28.6331   5.702394    35.0859     1.9102     0.0055          0     51.750 337.353921  1022.2544      0.840      0.016  0.000e+00
      0.920    28.6253   5.702554    35.0927     1.9075     0.0521          0     52.000 337.353924  1022.2623      0.915      0.125  0.000e+00
      0.909    28.6157   5.703485    35.1062     1.9096     0.0475          0     52.250 337.353927  1022.2757      0.904      0.199  0.000e+00
      0.844    28.6095   5.703607    35.1117     1.9031     0.0475          0     52.500 337.353929  1022.2816      0.840      0.221  0.000e+00
      0.812    28.6057   5.703096    35.1109     1.9006     0.0490          0     52.750 337.353932  1022.2821      0.807      0.187  0.000e+00
      0.812    28.5999   5.702684    35.1124     1.8945     0.0345          0     53.000 337.353935  1022.2851      0.807      0.133  0.000e+00
      0.855    28.5932   5.702303    35.1147     1.8923     0.0376          0     53.250 337.353938  1022.2893      0.851      0.078  0.000e+00
      0.942    28.5874   5.702143    35.1178     1.8904     0.0429          0     53.500 337.353941  1022.2939      0.937      0.048  0.000e+00
      1.050    28.5838   5.702105    35.1202     1.8849     0.0383          0     53.750 337.353944  1022.2974      1.044      0.050  0.000e+00
      1.104    28.5822   5.702075    35.1212     1.8862     0.0345          0     54.000 337.353947  1022.2989      1.098      0.093  0.000e+00
      1.190    28.5816   5.702014    35.1212     1.8807     0.0276          0     54.250 337.353950  1022.2994      1.184      0.167  0.000e+00
      1.201    28.5815   5.702395    35.1239     1.8775     0.0345          0     54.500 337.353953  1022.3015      1.195      0.223  0.000e+00
      1.169    28.5825   5.703127    35.1282     1.8726     0.0292          0     54.750 337.353955  1022.3043      1.162      0.228  0.000e+00
      1.115    28.5853   5.703097    35.1260     1.8680     0.0391          0     55.000 337.353958  1022.3015      1.109      0.187  0.000e+00
      1.115    28.5878   5.702715    35.1215     1.8684     0.0063          0     55.250 337.353961  1022.2972      1.109      0.126  0.000e+00
