ctd_mafia/cnv/SBE19plus_01906740_2018_12_07_0091.cnv
* Sea-Bird SBE19plus  Data File:
* FileName = C:\Users\all user\Desktop\Patroba _ WWF Mapping Mafia\SBE19plus_01906740_2018_12_07_0091.hex
* Software version 2.6.3.104
* Temperature SN = 6740
* Conductivity SN = 6740
* System UpLoad Time = Dec 07 2018 14:33:36
* <ApplicationData>
* <Seaterm232>
# nquan = 13
# nvalues = 715                                   
# units = specified
# name 0 = prdM: Pressure, Strain Gauge [db]
# name 1 = tv290C: Temperature [ITS-90, deg C]
# name 2 = c0S/m: Conductivity [S/m]
# name 3 = sal00: Salinity, Practical [PSU]
# name 4 = sbeox0ML/L: Oxygen, SBE 43 [ml/l]
# name 5 = flECO-AFL: Fluorescence, WET Labs ECO-AFL/FL [mg/m^3]
# name 6 = nbf: Bottles Fired
# name 7 = timeS: Time, Elapsed [seconds]
# name 8 = timeJ: Julian Days
# name 9 = density00: Density [density, kg/m^3]
# name 10 = depSM: Depth [salt water, m], lat = 0.00
# name 11 = dz/dtM: Descent Rate [m/s]
# name 12 = flag:  0.000e+00
# span 0 =     -1.428,     11.232                 
# span 1 =    28.1922,    28.6382                 
# span 2 =   0.006597,   5.724202                 
# span 3 =     0.0357,    35.2683                 
# span 4 =     1.6155,     3.1663                 
# span 5 =    -0.4309,    48.6833                 
# span 6 =          0,          0                 
# span 7 =      0.000,    178.500                 
# span 8 = 338.331354, 338.333420                 
# span 9 =   996.1610,  1022.4581                 
# span 10 =     -1.420,     11.170                
# span 11 =     -0.961,      0.264                
# span 12 = 0.0000e+00, 0.0000e+00                
# interval = seconds: 0.25
# start_time = Dec 04 2018 07:57:09 [Instrument's time stamp, header]
# bad_flag = -9.990e-29
*END*
     -1.396    28.1922   0.006597     0.0357     2.7547    -0.0197          0      0.000 338.331354   996.2011     -1.388 8.4212e-16  0.000e+00
     -1.428    28.1933   0.007066     0.0376     2.7305    -0.0235          0      0.250 338.331357   996.2021     -1.420     -0.009  0.000e+00
     -1.428    28.1943   0.007512     0.0394     2.7199    -0.0220          0      0.500 338.331360   996.2031     -1.420     -0.015  0.000e+00
     -1.396    28.1953   0.007720     0.0402     2.7077    -0.0143          0      0.750 338.331363   996.2036     -1.388     -0.011  0.000e+00
     -1.428    28.1962   0.008822     0.0447     2.7040    -0.0258          0      1.000 338.331366   996.2066     -1.420     -0.015  0.000e+00
     -1.428    28.1971   0.009357     0.0469     2.6911    -0.0143          0      1.250 338.331369   996.2080     -1.420     -0.017  0.000e+00
     -1.396    28.1975   0.009045     0.0457     2.6960    -0.0220          0      1.500 338.331372   996.2071     -1.388     -0.009  0.000e+00
     -1.277    28.2011   0.009262     0.0466     2.7081    -0.0235          0      1.750 338.331374   996.2073     -1.270      0.032  0.000e+00
     -1.180    28.2082   0.009640     0.0481     2.7639    -0.1631          0      2.000 338.331377   996.2068     -1.173      0.090  0.000e+00
     -1.082    28.2685   0.010401     0.0512     2.8825    -0.1547          0      2.250 338.331380   996.1924     -1.076      0.160  0.000e+00
     -1.050    28.3845   0.011014     0.0537     2.9184    -0.1616          0      2.500 338.331383   996.1610     -1.044      0.207  0.000e+00
     -1.007    28.4730   0.077639     0.3537     2.9430    -0.1616          0      2.750 338.331386   996.3613     -1.001      0.240  0.000e+00
     -0.974    28.5253   0.184394     0.8677     2.9183    48.6833          0      3.000 338.331389   996.7319     -0.969      0.264  0.000e+00
     -0.942    28.5599   2.533692    14.2999     2.6754    48.6833          0      3.250 338.331392  1006.7326     -0.937      0.259  0.000e+00
     -0.844    28.5863   3.361019    19.4936     2.5765    48.6772          0      3.500 338.331395  1010.5948     -0.840      0.246  0.000e+00
     -0.747    28.6043   2.739846    15.5650     2.5837    48.6764          0      3.750 338.331398  1007.6619     -0.743      0.232  0.000e+00
     -0.726    28.6136   2.650856    15.0088     2.5897    48.6810          0      4.000 338.331400  1007.2450     -0.722      0.220  0.000e+00
     -0.671    28.6204   4.453757    26.6094     2.4171     0.3206          0      4.250 338.331403  1015.8984     -0.668      0.218  0.000e+00
     -0.617    28.6244   5.409398    33.0700     2.3051     0.3198          0      4.500 338.331406  1020.7373     -0.614      0.228  0.000e+00
     -0.585    28.6271   5.398306    32.9918     2.2964     0.3198          0      4.750 338.331409  1020.6779     -0.582      0.228  0.000e+00
     -0.520    28.6297   5.458650    33.4049     2.2843     0.3267          0      5.000 338.331412  1020.9873     -0.517      0.228  0.000e+00
     -0.455    28.6330   5.549635    34.0295     2.2755     0.0757          0      5.250 338.331415  1021.4554     -0.453      0.223  0.000e+00
     -0.423    28.6356   5.588023    34.2927     2.2649     0.0719          0      5.500 338.331418  1021.6523     -0.420      0.204  0.000e+00
     -0.434    28.6354   5.598494    34.3652     2.2629     0.0658          0      5.750 338.331421  1021.7067     -0.431      0.179  0.000e+00
     -0.434    28.6355   5.616599    34.4903     2.2552     0.0780          0      6.000 338.331424  1021.8007     -0.431      0.160  0.000e+00
     -0.412    28.6355   5.619296    34.5089     2.2652     0.1192          0      6.250 338.331427  1021.8148     -0.410      0.133  0.000e+00
     -0.401    28.6354   5.633015    34.6039     2.2753     0.1230          0      6.500 338.331429  1021.8862     -0.399      0.105  0.000e+00
     -0.379    28.6350   5.647819    34.7066     2.2823     0.1245          0      6.750 338.331432  1021.9636     -0.377      0.084  0.000e+00
     -0.379    28.6351   5.664952    34.8252     2.2837     0.1230          0      7.000 338.331435  1022.0526     -0.377      0.057  0.000e+00
     -0.358    28.6349   5.670122    34.8611     2.2945     0.0673          0      7.250 338.331438  1022.0798     -0.356      0.044  0.000e+00
     -0.379    28.6349   5.676847    34.9077     2.2977     0.0765          0      7.500 338.331441  1022.1147     -0.377      0.036  0.000e+00
     -0.369    28.6349   5.680180    34.9308     2.3061     0.0803          0      7.750 338.331444  1022.1321     -0.367      0.037  0.000e+00
     -0.390    28.6353   5.681619    34.9405     2.3111     0.0810          0      8.000 338.331447  1022.1391     -0.388      0.025  0.000e+00
     -0.379    28.6354   5.684032    34.9572     2.3144     0.0696          0      8.250 338.331450  1022.1516     -0.377      0.012  0.000e+00
     -0.390    28.6343   5.686385    34.9744     2.3164     0.1146          0      8.500 338.331453  1022.1649     -0.388      0.001  0.000e+00
     -0.379    28.6327   5.686865    34.9788     2.3205     0.1077          0      8.750 338.331455  1022.1688     -0.377     -0.006  0.000e+00
     -0.379    28.6302   5.688396    34.9913     2.3232     0.1116          0      9.000 338.331458  1022.1790     -0.377     -0.006  0.000e+00
     -0.390    28.6278   5.687885    34.9895     2.3221     0.1116          0      9.250 338.331461  1022.1784     -0.388     -0.010  0.000e+00
     -0.379    28.6257   5.682160    34.9513     2.3274     0.1009          0      9.500 338.331464  1022.1505     -0.377     -0.003  0.000e+00
     -0.412    28.6245   5.685723    34.9769     2.3307     0.0932          0      9.750 338.331467  1022.1700     -0.409     -0.010  0.000e+00
     -0.401    28.6235   5.696425    35.0519     2.3277     0.1047          0     10.000 338.331470  1022.2267     -0.399     -0.009  0.000e+00
     -0.390    28.6224   5.697233    35.0583     2.3249     0.0932          0     10.250 338.331473  1022.2319     -0.388     -0.009  0.000e+00
     -0.401    28.6210   5.697576    35.0617     2.3291     0.1306          0     10.500 338.331476  1022.2349     -0.399     -0.009  0.000e+00
     -0.390    28.6208   5.697927    35.0643     2.3268     0.1360          0     10.750 338.331479  1022.2370     -0.388     -0.009  0.000e+00
     -0.401    28.6216   5.698407    35.0671     2.3269     0.1375          0     11.000 338.331481  1022.2387     -0.399     -0.007  0.000e+00
     -0.401    28.6229   5.697066    35.0568     2.4302     0.1375          0     11.250 338.331484  1022.2306     -0.399     -0.004  0.000e+00
     -0.401    28.6244   5.698948    35.0687     2.4279     0.1200          0     11.500 338.331487  1022.2390     -0.399     -0.004  0.000e+00
     -0.390    28.6261   5.700480    35.0781     2.4147     0.1177          0     11.750 338.331490  1022.2455     -0.388      0.004  0.000e+00
     -0.390    28.6279   5.701563    35.0843     2.3941     0.1184          0     12.000 338.331493  1022.2496     -0.388      0.002  0.000e+00
     -0.390    28.6296   5.702302    35.0882     2.3685     0.1238          0     12.250 338.331496  1022.2519     -0.388      0.002  0.000e+00
     -0.390    28.6311   5.703003    35.0919     2.3423     0.1245          0     12.500 338.331499  1022.2543     -0.388      0.005  0.000e+00
     -0.412    28.6321   5.703545    35.0949     2.3149     0.1268          0     12.750 338.331502  1022.2561     -0.410     -0.002  0.000e+00
     -0.390    28.6330   5.704155    35.0985     2.2788     0.1245          0     13.000 338.331505  1022.2586     -0.388      0.002  0.000e+00
     -0.401    28.6342   5.704628    35.1009     2.2504     0.1245          0     13.250 338.331508  1022.2600     -0.399     -0.001  0.000e+00
     -0.369    28.6345   5.705817    35.1089     2.2483     0.1222          0     13.500 338.331510  1022.2660     -0.367      0.005  0.000e+00
     -0.390    28.6346   5.706481    35.1134     2.2366     0.1009          0     13.750 338.331513  1022.2692     -0.388      0.003  0.000e+00
     -0.390    28.6347   5.706801    35.1155     2.2336     0.0978          0     14.000 338.331516  1022.2708     -0.388      0.004  0.000e+00
     -0.379    28.6349   5.706931    35.1163     2.2218     0.1009          0     14.250 338.331519  1022.2714     -0.377      0.007  0.000e+00
     -0.412    28.6354   5.706999    35.1164     2.2192     0.0978          0     14.500 338.331522  1022.2711     -0.410      0.001  0.000e+00
     -0.390    28.6356   5.706900    35.1156     2.2023     0.0932          0     14.750 338.331525  1022.2705     -0.388      0.003  0.000e+00
     -0.401    28.6355   5.707190    35.1177     2.1935     0.0994          0     15.000 338.331528  1022.2721     -0.399     -0.006  0.000e+00
     -0.379    28.6350   5.707892    35.1229     2.1813     0.0986          0     15.250 338.331531  1022.2763     -0.377     -0.002  0.000e+00
     -0.369    28.6342   5.708723    35.1293     2.1699     0.0978          0     15.500 338.331534  1022.2814     -0.367      0.000  0.000e+00
     -0.368    28.6331   5.708944    35.1317     2.1610     0.0963          0     15.750 338.331536  1022.2836     -0.366      0.011  0.000e+00
     -0.368    28.6324   5.709013    35.1326     2.1506     0.1001          0     16.000 338.331539  1022.2845     -0.366      0.015  0.000e+00
     -0.368    28.6315   5.709173    35.1344     2.1369     0.0932          0     16.250 338.331542  1022.2862     -0.366      0.017  0.000e+00
     -0.336    28.6308   5.708784    35.1322     2.1294     0.0932          0     16.500 338.331545  1022.2849     -0.334      0.030  0.000e+00
     -0.336    28.6303   5.708982    35.1340     2.1183     0.1001          0     16.750 338.331548  1022.2864     -0.334      0.029  0.000e+00
     -0.347    28.6298   5.708502    35.1310     2.1083     0.1360          0     17.000 338.331551  1022.2842     -0.345      0.027  0.000e+00
     -0.336    28.6296   5.705276    35.1088     2.1036     0.1360          0     17.250 338.331554  1022.2677     -0.334      0.022  0.000e+00
     -0.347    28.6293   5.703484    35.0966     2.0924     0.1375          0     17.500 338.331557  1022.2585     -0.345      0.017  0.000e+00
     -0.336    28.6289   5.703835    35.0993     2.0877     0.1306          0     17.750 338.331560  1022.2608     -0.334      0.017  0.000e+00
     -0.357    28.6289   5.705718    35.1123     2.0763     0.1154          0     18.000 338.331563  1022.2705     -0.356      0.008  0.000e+00
     -0.368    28.6289   5.707762    35.1265     2.0728     0.1108          0     18.250 338.331565  1022.2811     -0.366     -0.004  0.000e+00
     -0.336    28.6291   5.709265    35.1368     2.0709     0.1100          0     18.500 338.331568  1022.2889     -0.334     -0.008  0.000e+00
     -0.368    28.6290   5.710066    35.1424     2.0622     0.1123          0     18.750 338.331571  1022.2930     -0.366     -0.011  0.000e+00
     -0.368    28.6289   5.710508    35.1456     2.0593     0.1077          0     19.000 338.331574  1022.2954     -0.366     -0.013  0.000e+00
     -0.357    28.6291   5.710325    35.1442     2.0525     0.1116          0     19.250 338.331577  1022.2943     -0.355     -0.013  0.000e+00
     -0.368    28.6295   5.710226    35.1432     2.0505     0.1123          0     19.500 338.331580  1022.2934     -0.366     -0.011  0.000e+00
     -0.347    28.6295   5.710615    35.1459     2.0465     0.1116          0     19.750 338.331583  1022.2955     -0.345     -0.006  0.000e+00
     -0.314    28.6298   5.710928    35.1478     2.0355     0.1550          0     20.000 338.331586  1022.2970     -0.313      0.012  0.000e+00
     -0.325    28.6298   5.711477    35.1516     2.0283     0.1558          0     20.250 338.331589  1022.2998     -0.323      0.019  0.000e+00
     -0.347    28.6297   5.711370    35.1510     2.0250     0.1566          0     20.500 338.331591  1022.2993     -0.345      0.014  0.000e+00
     -0.347    28.6297   5.710066    35.1419     2.0203     0.1505          0     20.750 338.331594  1022.2925     -0.345      0.018  0.000e+00
     -0.336    28.6299   5.710546    35.1451     2.0154     0.1573          0     21.000 338.331597  1022.2949     -0.334      0.015  0.000e+00
     -0.358    28.6299   5.709585    35.1384     2.0070     0.0734          0     21.250 338.331600  1022.2898     -0.356      0.004  0.000e+00
     -0.358    28.6305   5.708982    35.1338     2.0067     0.0788          0     21.500 338.331603  1022.2861     -0.356     -0.004  0.000e+00
     -0.358    28.6308   5.710195    35.1420     2.0075     0.0795          0     21.750 338.331606  1022.2922     -0.356     -0.015  0.000e+00
     -0.358    28.6311   5.710226    35.1420     1.9990     0.0711          0     22.000 338.331609  1022.2920     -0.356     -0.020  0.000e+00
     -0.336    28.6318   5.711057    35.1473     1.9920     0.0917          0     22.250 338.331612  1022.2959     -0.334     -0.008  0.000e+00
     -0.325    28.6325   5.711218    35.1479     1.9868     0.0864          0     22.500 338.331615  1022.2961     -0.323      0.005  0.000e+00
     -0.358    28.6332   5.711446    35.1489     1.9828     0.0894          0     22.750 338.331617  1022.2966     -0.356      0.002  0.000e+00
     -0.347    28.6345   5.711286    35.1468     1.9791     0.0910          0     23.000 338.331620  1022.2945     -0.345      0.003  0.000e+00
     -0.357    28.6352   5.711858    35.1503     1.9784     0.1093          0     23.250 338.331623  1022.2969     -0.356      0.004  0.000e+00
     -0.358    28.6362   5.712118    35.1513     1.9733     0.1100          0     23.500 338.331626  1022.2973     -0.356      0.000  0.000e+00
     -0.357    28.6371   5.712659    35.1544     1.9722     0.1085          0     23.750 338.331629  1022.2994     -0.356     -0.004  0.000e+00
     -0.379    28.6377   5.712789    35.1549     1.9707     0.1047          0     24.000 338.331632  1022.2994     -0.377     -0.014  0.000e+00
     -0.368    28.6379   5.713239    35.1579     1.9647     0.0864          0     24.250 338.331635  1022.3016     -0.366     -0.020  0.000e+00
     -0.357    28.6381   5.713651    35.1606     1.9600     0.0871          0     24.500 338.331638  1022.3037     -0.356     -0.015  0.000e+00
     -0.347    28.6382   5.714002    35.1629     1.9541     0.0841          0     24.750 338.331641  1022.3054     -0.345     -0.002  0.000e+00
     -0.358    28.6382   5.714163    35.1640     1.9541     0.0818          0     25.000 338.331644  1022.3062     -0.356     -0.001  0.000e+00
     -0.358    28.6381   5.714018    35.1631     1.9494     0.0833          0     25.250 338.331646  1022.3056     -0.356      0.003  0.000e+00
     -0.347    28.6380   5.713400    35.1589     1.9442     0.1093          0     25.500 338.331649  1022.3025     -0.345      0.007  0.000e+00
     -0.347    28.6378   5.712690    35.1541     1.9469     0.1100          0     25.750 338.331652  1022.2990     -0.345      0.011  0.000e+00
     -0.358    28.6378   5.712179    35.1506     1.9446     0.1100          0     26.000 338.331655  1022.2962     -0.356      0.011  0.000e+00
     -0.347    28.6376   5.712240    35.1511     1.9402     0.1077          0     26.250 338.331658  1022.2968     -0.345      0.006  0.000e+00
     -0.325    28.6374   5.711858    35.1486     1.9375     0.0833          0     26.500 338.331661  1022.2951     -0.324      0.009  0.000e+00
     -0.336    28.6375   5.711477    35.1459     1.9374     0.0803          0     26.750 338.331664  1022.2929     -0.334      0.010  0.000e+00
     -0.358    28.6374   5.711279    35.1446     1.9324     0.0826          0     27.000 338.331667  1022.2919     -0.356      0.007  0.000e+00
     -0.369    28.6372   5.710928    35.1423     1.9289     0.0902          0     27.250 338.331670  1022.2902     -0.367     -0.002  0.000e+00
     -0.347    28.6372   5.710737    35.1410     1.9265     0.1123          0     27.500 338.331672  1022.2893     -0.345     -0.004  0.000e+00
