ctd_mafia/cnv/SBE19plus_01906740_2018_12_07_0099.cnv
* Sea-Bird SBE19plus  Data File:
* FileName = C:\Users\all user\Desktop\Patroba _ WWF Mapping Mafia\SBE19plus_01906740_2018_12_07_0099.hex
* Software version 2.6.3.104
* Temperature SN = 6740
* Conductivity SN = 6740
* System UpLoad Time = Dec 07 2018 14:35:07
* <ApplicationData>
* <Seaterm232>
# nquan = 13
# nvalues = 730                                   
# units = specified
# name 0 = prdM: Pressure, Strain Gauge [db]
# name 1 = tv290C: Temperature [ITS-90, deg C]
# name 2 = c0S/m: Conductivity [S/m]
# name 3 = sal00: Salinity, Practical [PSU]
# name 4 = sbeox0ML/L: Oxygen, SBE 43 [ml/l]
# name 5 = flECO-AFL: Fluorescence, WET Labs ECO-AFL/FL [mg/m^3]
# name 6 = nbf: Bottles Fired
# name 7 = timeS: Time, Elapsed [seconds]
# name 8 = timeJ: Julian Days
# name 9 = density00: Density [density, kg/m^3]
# name 10 = depSM: Depth [salt water, m], lat = 0.00
# name 11 = dz/dtM: Descent Rate [m/s]
# name 12 = flag:  0.000e+00
# span 0 =     -1.419,     12.483                 
# span 1 =    27.8750,    28.2248                 
# span 2 =   0.512628,   5.672825                 
# span 3 =     2.5811,    35.3217                 
# span 4 =     1.8654,     3.0772                 
# span 5 =    -0.3630,    48.6848                 
# span 6 =          0,          0                 
# span 7 =      0.000,    182.250                 
# span 8 = 338.387118, 338.389227                 
# span 9 =   998.1560,  1022.6917                 
# span 10 =     -1.412,     12.414                
# span 11 =     -0.697,      0.355                
# span 12 = 0.0000e+00, 0.0000e+00                
# interval = seconds: 0.25
# start_time = Dec 04 2018 09:17:27 [Instrument's time stamp, header]
# bad_flag = -9.990e-29
*END*
[from data line 223]
     -0.231    28.0696   5.650199    35.1404     1.8761     0.0162          0     55.750 338.387763  1022.4765     -0.229      0.022  0.000e+00
     -0.231    28.0700   5.649660    35.1363     1.8772     0.0040          0     56.000 338.387766  1022.4733     -0.229      0.023  0.000e+00
     -0.241    28.0698   5.651050    35.1462     1.8783    -0.0105          0     56.250 338.387769  1022.4807     -0.240      0.022  0.000e+00
     -0.177    28.0700   5.653579    35.1638     1.8761    -0.0014          0     56.500 338.387772  1022.4942     -0.176      0.031  0.000e+00
     -0.155    28.0700   5.654460    35.1700     1.8763    -0.0143          0     56.750 338.387775  1022.4989     -0.154      0.043  0.000e+00
     -0.122    28.0691   5.654528    35.1712     1.8739    -0.0075          0     57.000 338.387778  1022.5002     -0.122      0.052  0.000e+00
     -0.133    28.0680   5.653769    35.1666     1.8707     0.0284          0     57.250 338.387781  1022.4971     -0.133      0.059  0.000e+00
     -0.122    28.0671   5.653321    35.1641     1.8708     0.0307          0     57.500 338.387784  1022.4956     -0.122      0.066  0.000e+00
     -0.155    28.0669   5.653419    35.1650     1.8723     0.0192          0     57.750 338.387786  1022.4962     -0.154      0.060  0.000e+00
     -0.112    28.0664   5.653359    35.1649     1.8692     0.0154          0     58.000 338.387789  1022.4964     -0.111      0.058  0.000e+00
     -0.090    28.0663   5.653199    35.1639     1.8698     0.0131          0     58.250 338.387792  1022.4958     -0.090      0.053  0.000e+00
     -0.079    28.0658   5.653389    35.1656     1.8654     0.0078          0     58.500 338.387795  1022.4973     -0.079      0.039  0.000e+00
     -0.036    28.0657   5.653890    35.1692     1.8769     0.0032          0     58.750 338.387798  1022.5002     -0.036      0.047  0.000e+00
     -0.014    28.0655   5.653890    35.1693     1.8804     0.0124          0     59.000 338.387801  1022.5005     -0.014      0.058  0.000e+00
     -0.014    28.0651   5.653830    35.1692     1.8713     0.0086          0     59.250 338.387804  1022.5005     -0.014      0.071  0.000e+00
      0.007    28.0648   5.653009    35.1637     1.8705    -0.0075          0     59.500 338.387807  1022.4966      0.007      0.079  0.000e+00
      0.007    28.0648   5.653389    35.1663     1.8687    -0.0029          0     59.750 338.387810  1022.4986      0.007      0.081  0.000e+00
      0.018    28.0646   5.654179    35.1720     1.8702    -0.0151          0     60.000 338.387813  1022.5029      0.018      0.067  0.000e+00
      0.051    28.0640   5.665251    35.2501     1.8732    -0.0136          0     60.250 338.387815  1022.5620      0.050      0.064  0.000e+00
      0.061    28.0565   5.663792    35.2454     1.8758     0.0444          0     60.500 338.387818  1022.5610      0.061      0.061  0.000e+00
      0.094    28.0392   5.662872    35.2519     1.8714     0.0490          0     60.750 338.387821  1022.5716      0.093      0.059  0.000e+00
      0.083    28.0222   5.662652    35.2631     1.8781     0.0429          0     61.000 338.387824  1022.5856      0.083      0.058  0.000e+00
      0.083    28.0108   5.662341    35.2695     1.8776     0.0490          0     61.250 338.387827  1022.5941      0.083      0.055  0.000e+00
      0.115    28.0035   5.661991    35.2725     1.8935    -0.0052          0     61.500 338.387830  1022.5990      0.115      0.056  0.000e+00
      0.170    27.9979   5.661391    35.2724     1.9084     0.0086          0     61.750 338.387833  1022.6009      0.169      0.069  0.000e+00
      0.191    27.9926   5.661612    35.2780     1.9221    -0.0044          0     62.000 338.387836  1022.6069      0.190      0.076  0.000e+00
      0.256    27.9901   5.661011    35.2756     1.9434    -0.0029          0     62.250 338.387839  1022.6063      0.255      0.093  0.000e+00
      0.299    27.9870   5.660852    35.2768     1.9653     0.0337          0     62.500 338.387841  1022.6084      0.298      0.116  0.000e+00
      0.310    27.9846   5.660882    35.2788     1.9808     0.0360          0     62.750 338.387844  1022.6107      0.308      0.129  0.000e+00
      0.299    27.9829   5.660913    35.2803     1.9957     0.0376          0     63.000 338.387847  1022.6123      0.298      0.133  0.000e+00
      0.332    27.9819   5.660852    35.2806     2.0190     0.0376          0     63.250 338.387850  1022.6130      0.330      0.129  0.000e+00
      0.364    27.9810   5.659172    35.2695     2.0311     0.0406          0     63.500 338.387853  1022.6051      0.362      0.117  0.000e+00
      0.396    27.9739   5.657752    35.2648     2.0453     0.0131          0     63.750 338.387856  1022.6040      0.394      0.105  0.000e+00
      0.386    27.9623   5.656323    35.2635     2.0556     0.0139          0     64.000 338.387859  1022.6068      0.384      0.090  0.000e+00
      0.386    27.9507   5.656802    35.2755     2.0641     0.0185          0     64.250 338.387862  1022.6196      0.384      0.068  0.000e+00
      0.407    27.9454   5.656901    35.2802     2.0765     0.0070          0     64.500 338.387865  1022.6250      0.405      0.060  0.000e+00
      0.396    27.9440   5.657182    35.2832     2.0863     0.0276          0     64.750 338.387867  1022.6276      0.394      0.053  0.000e+00
      0.396    27.9433   5.656263    35.2773     2.0943     0.0284          0     65.000 338.387870  1022.6234      0.394      0.044  0.000e+00
      0.407    27.9413   5.656612    35.2812     2.1120     0.0162          0     65.250 338.387873  1022.6271      0.405      0.028  0.000e+00
      0.440    27.9397   5.655412    35.2739     2.1325     0.0269          0     65.500 338.387876  1022.6223      0.437      0.024  0.000e+00
      0.505    27.9351   5.654941    35.2741     2.1406     0.0047          0     65.750 338.387879  1022.6242      0.502      0.042  0.000e+00
      0.526    27.9298   5.654843    35.2774     2.1479     0.0063          0     66.000 338.387882  1022.6285      0.523      0.066  0.000e+00
      0.559    27.9262   5.654782    35.2796     2.1675     0.0147          0     66.250 338.387885  1022.6315      0.556      0.087  0.000e+00
      0.613    27.9244   5.654904    35.2818     2.1759     0.0147          0     66.500 338.387888  1022.6340      0.609      0.111  0.000e+00
      0.645    27.9238   5.654812    35.2816     2.1840     0.0330          0     66.750 338.387891  1022.6341      0.642      0.136  0.000e+00
      0.645    27.9233   5.654873    35.2824     2.1927     0.0307          0     67.000 338.387894  1022.6349      0.642      0.141  0.000e+00
      0.699    27.9232   5.655002    35.2834     2.1924     0.0376          0     67.250 338.387896  1022.6359      0.695      0.143  0.000e+00
      0.710    27.9241   5.655443    35.2858     2.1960     0.0353          0     67.500 338.387899  1022.6375      0.706      0.133  0.000e+00
      0.764    27.9270   5.656522    35.2912     2.1953     0.0307          0     67.750 338.387902  1022.6408      0.760      0.127  0.000e+00
      0.797    27.9322   5.656392    35.2864     2.2029     0.0154          0     68.000 338.387905  1022.6356      0.792      0.130  0.000e+00
      0.840    27.9350   5.655663    35.2791     2.2189     0.0292          0     68.250 338.387908  1022.6294      0.835      0.132  0.000e+00
      0.872    27.9336   5.654873    35.2747     2.2230     0.0200          0     68.500 338.387911  1022.6267      0.868      0.133  0.000e+00
      0.894    27.9291   5.654683    35.2767     2.2252     0.0337          0     68.750 338.387914  1022.6297      0.889      0.136  0.000e+00
      0.916    27.9256   5.654904    35.2808     2.2257     0.0040          0     69.000 338.387917  1022.6341      0.911      0.138  0.000e+00
      0.959    27.9245   5.654873    35.2815     2.2248     0.0131          0     69.250 338.387920  1022.6351      0.954      0.133  0.000e+00
      1.024    27.9242   5.654835    35.2814     2.2357     0.0139          0     69.500 338.387922  1022.6354      1.018      0.142  0.000e+00
      1.099    27.9235   5.654342    35.2784     2.2439     0.0109          0     69.750 338.387925  1022.6337      1.093      0.154  0.000e+00
      1.121    27.9212   5.654304    35.2799     2.2293    -0.0097          0     70.000 338.387928  1022.6357      1.115      0.163  0.000e+00
      1.143    27.9195   5.654273    35.2809     2.2281    -0.0067          0     70.250 338.387931  1022.6371      1.136      0.165  0.000e+00
      1.153    27.9182   5.654273    35.2819     2.2279    -0.0067          0     70.500 338.387934  1022.6383      1.147      0.161  0.000e+00
      1.143    27.9181   5.654623    35.2844     2.2270    -0.0159          0     70.750 338.387937  1022.6402      1.136      0.145  0.000e+00
      1.143    27.9189   5.654684    35.2843     2.2266     0.0330          0     71.000 338.387940  1022.6399      1.136      0.117  0.000e+00
      1.153    27.9203   5.654972    35.2852     2.2287     0.0391          0     71.250 338.387943  1022.6401      1.147      0.084  0.000e+00
      1.186    27.9221   5.655162    35.2852     2.2330     0.0383          0     71.500 338.387946  1022.6396      1.179      0.057  0.000e+00
      1.229    27.9236   5.654372    35.2785     2.2385     0.0261          0     71.750 338.387948  1022.6343      1.222      0.048  0.000e+00
      1.272    27.9220   5.654213    35.2785     2.2434     0.0391          0     72.000 338.387951  1022.6351      1.265      0.063  0.000e+00
      1.283    27.9193   5.654273    35.2810     2.2443     0.0276          0     72.250 338.387954  1022.6378      1.276      0.076  0.000e+00
      1.283    27.9182   5.654433    35.2830     2.2489     0.0353          0     72.500 338.387957  1022.6397      1.276      0.085  0.000e+00
      1.337    27.9185   5.654403    35.2825     2.2636     0.0414          0     72.750 338.387960  1022.6395      1.330      0.103  0.000e+00
      1.402    27.9188   5.654403    35.2823     2.2695     0.0391          0     73.000 338.387963  1022.6395      1.394      0.123  0.000e+00
      1.435    27.9188   5.654372    35.2821     2.2618     0.0353          0     73.250 338.387966  1022.6395      1.427      0.133  0.000e+00
      1.456    27.9185   5.654372    35.2823     2.2636     0.0330          0     73.500 338.387969  1022.6398      1.448      0.134  0.000e+00
      1.456    27.9185   5.654433    35.2827     2.2595     0.0292          0     73.750 338.387972  1022.6402      1.448      0.125  0.000e+00
      1.467    27.9186   5.654403    35.2824     2.2599     0.0269          0     74.000 338.387975  1022.6400      1.459      0.116  0.000e+00
      1.456    27.9188   5.654494    35.2829     2.2546     0.0322          0     74.250 338.387977  1022.6402      1.448      0.102  0.000e+00
      1.478    27.9191   5.654593    35.2834     2.2633     0.0299          0     74.500 338.387980  1022.6406      1.470      0.086  0.000e+00
      1.554    27.9198   5.654722    35.2837     2.2641     0.0376          0     74.750 338.387983  1022.6409      1.545      0.076  0.000e+00
      1.586    27.9207   5.654593    35.2821     2.2713     0.0368          0     75.000 338.387986  1022.6395      1.577      0.076  0.000e+00
      1.597    27.9209   5.654562    35.2818     2.2722     0.0536          0     75.250 338.387989  1022.6393      1.588      0.083  0.000e+00
      1.608    27.9206   5.654380    35.2807     2.2677     0.0528          0     75.500 338.387992  1022.6386      1.599      0.091  0.000e+00
      1.597    27.9195   5.654342    35.2812     2.2680     0.0421          0     75.750 338.387995  1022.6393      1.588      0.092  0.000e+00
      1.618    27.9188   5.654433    35.2824     2.2639     0.0406          0     76.000 338.387998  1022.6406      1.609      0.089  0.000e+00
      1.608    27.9189   5.654494    35.2828     2.2623     0.0536          0     76.250 338.388001  1022.6407      1.599      0.076  0.000e+00
      1.662    27.9189   5.654494    35.2828     2.2671     0.0192          0     76.500 338.388003  1022.6410      1.652      0.064  0.000e+00
      1.726    27.9191   5.654464    35.2823     2.2795     0.0147          0     76.750 338.388006  1022.6408      1.717      0.063  0.000e+00
      1.813    27.9193   5.654433    35.2819     2.2896     0.0063          0     77.000 338.388009  1022.6408      1.803      0.094  0.000e+00
      1.856    27.9191   5.654373    35.2817     2.2880     0.0116          0     77.250 338.388012  1022.6409      1.846      0.130  0.000e+00
      1.889    27.9188   5.654342    35.2817     2.2896     0.0345          0     77.500 338.388015  1022.6412      1.878      0.161  0.000e+00
      1.878    27.9188   5.654304    35.2815     2.2830     0.0376          0     77.750 338.388018  1022.6409      1.867      0.172  0.000e+00
      1.899    27.9184   5.654373    35.2822     2.2763     0.0406          0     78.000 338.388021  1022.6417      1.889      0.168  0.000e+00
      1.910    27.9181   5.654342    35.2822     2.2741     0.0391          0     78.250 338.388024  1022.6419      1.900      0.153  0.000e+00
      1.921    27.9181   5.654403    35.2826     2.2715     0.0337          0     78.500 338.388027  1022.6422      1.910      0.119  0.000e+00
      1.932    27.9182   5.654342    35.2821     2.2682     0.0406          0     78.750 338.388030  1022.6419      1.921      0.084  0.000e+00
      1.932    27.9181   5.654304    35.2819     2.2653     0.0376          0     79.000 338.388032  1022.6417      1.921      0.053  0.000e+00
      1.943    27.9177   5.654274    35.2820     2.2685     0.0337          0     79.250 338.388035  1022.6420      1.932      0.040  0.000e+00
      1.986    27.9175   5.654274    35.2822     2.2767     0.0315          0     79.500 338.388038  1022.6423      1.975      0.045  0.000e+00
      2.018    27.9171   5.654183    35.2818     2.2793     0.0376          0     79.750 338.388041  1022.6423      2.007      0.060  0.000e+00
      2.051    27.9170   5.654183    35.2819     2.2787     0.0459          0     80.000 338.388044  1022.6425      2.039      0.071  0.000e+00
      2.115    27.9164   5.654084    35.2816     2.2896     0.0322          0     80.250 338.388047  1022.6428      2.104      0.096  0.000e+00
      2.148    27.9160   5.654183    35.2826     2.2828     0.0444          0     80.500 338.388050  1022.6439      2.136      0.118  0.000e+00
      2.191    27.9162   5.654183    35.2824     2.2875     0.0208          0     80.750 338.388053  1022.6438      2.179      0.140  0.000e+00
      2.213    27.9162   5.654054    35.2815     2.2876     0.0162          0     81.000 338.388056  1022.6432      2.201      0.153  0.000e+00
      2.224    27.9158   5.654023    35.2816     2.2831     0.0269          0     81.250 338.388058  1022.6435      2.211      0.150  0.000e+00
      2.235    27.9152   5.654046    35.2822     2.2871     0.0246          0     81.500 338.388061  1022.6442      2.222      0.134  0.000e+00
      2.256    27.9151   5.653963    35.2817     2.2869     0.0086          0     81.750 338.388064  1022.6439      2.244      0.119  0.000e+00
      2.267    27.9146   5.653963    35.2821     2.2823     0.0200          0     82.000 338.388067  1022.6444      2.254      0.100  0.000e+00
      2.278    27.9143   5.654023    35.2827     2.2792     0.0101          0     82.250 338.388070  1022.6450      2.265      0.077  0.000e+00
      2.310    27.9143   5.653963    35.2823     2.2767     0.0139          0     82.500 338.388073  1022.6448      2.297      0.070  0.000e+00
      2.321    27.9138   5.653894    35.2821     2.2733     0.0170          0     82.750 338.388076  1022.6449      2.308      0.063  0.000e+00
      2.343    27.9135   5.653932    35.2826     2.2755     0.0276          0     83.000 338.388079  1022.6455      2.330      0.066  0.000e+00
