ctd_mafia/cnv/SBE19plus_01906740_2018_12_07_0100.cnv
* Sea-Bird SBE19plus  Data File:
* FileName = C:\Users\all user\Desktop\Patroba _ WWF Mapping Mafia\SBE19plus_01906740_2018_12_07_0100.hex
* Software version 2.6.3.104
* Temperature SN = 6740
* Conductivity SN = 6740
* System UpLoad Time = Dec 07 2018 14:35:20
* <ApplicationData>
* <Seaterm232>
# nquan = 13
# nvalues = 543                                   
# units = specified
# name 0 = prdM: Pressure, Strain Gauge [db]
# name 1 = tv290C: Temperature [ITS-90, deg C]
# name 2 = c0S/m: Conductivity [S/m]
# name 3 = sal00: Salinity, Practical [PSU]
# name 4 = sbeox0ML/L: Oxygen, SBE 43 [ml/l]
# name 5 = flECO-AFL: Fluorescence, WET Labs ECO-AFL/FL [mg/m^3]
# name 6 = nbf: Bottles Fired
# name 7 = timeS: Time, Elapsed [seconds]
# name 8 = timeJ: Julian Days
# name 9 = density00: Density [density, kg/m^3]
# name 10 = depSM: Depth [salt water, m], lat = 0.00
# name 11 = dz/dtM: Descent Rate [m/s]
# name 12 = flag:  0.000e+00
# span 0 =     -1.355,      7.045                 
# span 1 =    28.0987,    28.4409                 
# span 2 =   0.483836,   5.707164                 
# span 3 =     2.4181,    35.3282                 
# span 4 =     1.8151,     2.9098                 
# span 5 =    -0.4317,     2.0777                 
# span 6 =          0,          0                 
# span 7 =      0.000,    135.500                 
# span 8 = 338.393600, 338.395168                 
# span 9 =   997.9823,  1022.5912                 
# span 10 =     -1.348,      7.006                
# span 11 =     -0.958,      0.178                
# span 12 = 0.0000e+00, 0.0000e+00                
# interval = seconds: 0.25
# start_time = Dec 04 2018 09:26:47 [Instrument's time stamp, header]
# bad_flag = -9.990e-29
*END*
[from data line 223]
      2.558    28.2031   5.668831    35.1705     1.8233     0.0292          0     55.750 338.394245  1022.4673      2.544      0.132  0.000e+00
      2.569    28.2035   5.668702    35.1693     1.8172     0.0276          0     56.000 338.394248  1022.4663      2.555      0.133  0.000e+00
      2.580    28.2038   5.669653    35.1758     1.8194    -0.0220          0     56.250 338.394251  1022.4711      2.566      0.127  0.000e+00
      2.612    28.2045   5.670071    35.1782     1.8187    -0.0143          0     56.500 338.394253  1022.4728      2.598      0.119  0.000e+00
      2.623    28.2052   5.670733    35.1823     1.8178    -0.0326          0     56.750 338.394256  1022.4757      2.609      0.107  0.000e+00
      2.645    28.2063   5.671432    35.1864     1.8181    -0.0342          0     57.000 338.394259  1022.4785      2.630      0.094  0.000e+00
      2.666    28.2075   5.671813    35.1881     1.8188    -0.0242          0     57.250 338.394262  1022.4795      2.652      0.086  0.000e+00
      2.742    28.2096   5.672003    35.1879     1.8187    -0.0242          0     57.500 338.394265  1022.4790      2.727      0.095  0.000e+00
      2.785    28.2132   5.670193    35.1725     1.8154    -0.0273          0     57.750 338.394268  1022.4664      2.770      0.109  0.000e+00
      2.796    28.2154   5.668770    35.1609     1.8197    -0.0273          0     58.000 338.394271  1022.4570      2.781      0.122  0.000e+00
      2.818    28.2159   5.668960    35.1618     1.8163     0.0315          0     58.250 338.394274  1022.4576      2.802      0.128  0.000e+00
      2.839    28.2158   5.669782    35.1676     1.8209     0.0246          0     58.500 338.394277  1022.4621      2.824      0.128  0.000e+00
      2.872    28.2125   5.671562    35.1826     1.8184     0.0231          0     58.750 338.394280  1022.4746      2.856      0.129  0.000e+00
      2.893    28.2116   5.670603    35.1765     1.8192     0.0246          0     59.000 338.394282  1022.4704      2.877      0.122  0.000e+00
      2.904    28.2103   5.669812    35.1720     1.8195     0.0162          0     59.250 338.394285  1022.4675      2.888      0.108  0.000e+00
      2.926    28.2097   5.669653    35.1713     1.8162     0.0292          0     59.500 338.394288  1022.4673      2.910      0.089  0.000e+00
      2.947    28.2096   5.671052    35.1812     1.8159     0.0330          0     59.750 338.394291  1022.4748      2.931      0.084  0.000e+00
      2.969    28.2102   5.673623    35.1987     1.8151     0.0391          0     60.000 338.394294  1022.4879      2.953      0.086  0.000e+00
      3.001    28.2143   5.691779    35.3226     1.8352     0.0345          0     60.250 338.394297  1022.5798      2.985      0.087  0.000e+00
      3.045    28.2368   5.693775    35.3197     1.8483     0.0093          0     60.500 338.394300  1022.5704      3.028      0.094  0.000e+00
      3.077    28.2533   5.694582    35.3130     1.8548     0.0154          0     60.750 338.394303  1022.5601      3.060      0.101  0.000e+00
      3.110    28.2627   5.694613    35.3061     1.8607     0.0147          0     61.000 338.394306  1022.5520      3.092      0.112  0.000e+00
      3.131    28.2677   5.694681    35.3029     1.8597     0.0147          0     61.250 338.394308  1022.5480      3.114      0.120  0.000e+00
      3.174    28.2701   5.694681    35.3011     1.8765     0.0200          0     61.500 338.394311  1022.5461      3.157      0.127  0.000e+00
      3.196    28.2712   5.694453    35.2986     1.8890     0.0307          0     61.750 338.394314  1022.5439      3.178      0.129  0.000e+00
      3.228    28.2707   5.694300    35.2980     1.9003     0.0200          0     62.000 338.394317  1022.5438      3.211      0.129  0.000e+00
      3.283    28.2696   5.694171    35.2979     1.9021     0.0208          0     62.250 338.394320  1022.5443      3.264      0.132  0.000e+00
      3.304    28.2683   5.694011    35.2977     1.9280     0.0147          0     62.500 338.394323  1022.5446      3.286      0.130  0.000e+00
      3.326    28.2668   5.693958    35.2984     1.9371     0.0047          0     62.750 338.394326  1022.5458      3.308      0.129  0.000e+00
      3.358    28.2655   5.693950    35.2994     1.9457     0.0131          0     63.000 338.394329  1022.5471      3.340      0.128  0.000e+00
      3.412    28.2650   5.693950    35.2997     1.9562     0.0185          0     63.250 338.394332  1022.5477      3.394      0.134  0.000e+00
      3.445    28.2645   5.693721    35.2985     1.9672     0.0101          0     63.500 338.394334  1022.5471      3.426      0.136  0.000e+00
      3.477    28.2637   5.693500    35.2975     1.9791    -0.0097          0     63.750 338.394337  1022.5468      3.458      0.139  0.000e+00
      3.520    28.2617   5.692000    35.2886     1.9911     0.0032          0     64.000 338.394340  1022.5409      3.501      0.141  0.000e+00
      3.542    28.2556   5.691619    35.2904     1.9996     0.0025          0     64.250 338.394343  1022.5444      3.523      0.138  0.000e+00
      3.585    28.2498   5.692030    35.2976     2.0045    -0.0067          0     64.500 338.394346  1022.5518      3.566      0.144  0.000e+00
      3.629    28.2474   5.691787    35.2977     2.0122     0.0208          0     64.750 338.394349  1022.5529      3.609      0.148  0.000e+00
      3.661    28.2457   5.690857    35.2924     2.0162     0.0231          0     65.000 338.394352  1022.5496      3.641      0.147  0.000e+00
      3.672    28.2414   5.690698    35.2945     2.0157     0.0261          0     65.250 338.394355  1022.5527      3.652      0.137  0.000e+00
      3.726    28.2374   5.691109    35.3004     2.0145     0.0292          0     65.500 338.394358  1022.5586      3.705      0.138  0.000e+00
      3.758    28.2368   5.691239    35.3017     2.0109    -0.0052          0     65.750 338.394361  1022.5600      3.738      0.138  0.000e+00
      3.769    28.2374   5.691368    35.3022     2.0169    -0.0044          0     66.000 338.394363  1022.5602      3.748      0.131  0.000e+00
      3.802    28.2383   5.691429    35.3019     2.0208    -0.0166          0     66.250 338.394366  1022.5598      3.781      0.128  0.000e+00
      3.823    28.2391   5.691208    35.2998     2.0306    -0.0136          0     66.500 338.394369  1022.5581      3.802      0.118  0.000e+00
      3.877    28.2388   5.690439    35.2946     2.0415    -0.0166          0     66.750 338.394372  1022.5545      3.856      0.119  0.000e+00
      3.910    28.2366   5.690134    35.2941     2.0594    -0.0204          0     67.000 338.394375  1022.5549      3.888      0.123  0.000e+00
      3.964    28.2329   5.689898    35.2952     2.0599    -0.0128          0     67.250 338.394378  1022.5572      3.942      0.134  0.000e+00
      3.996    28.2294   5.689647    35.2961     2.0704    -0.0067          0     67.500 338.394381  1022.5592      3.974      0.137  0.000e+00
      4.018    28.2263   5.689327    35.2962     2.0723    -0.0136          0     67.750 338.394384  1022.5604      3.996      0.142  0.000e+00
      4.039    28.2234   5.689578    35.3000     2.0730     0.0078          0     68.000 338.394387  1022.5643      4.017      0.144  0.000e+00
      4.061    28.2225   5.689677    35.3015     2.0742    -0.0014          0     68.250 338.394389  1022.5658      4.039      0.137  0.000e+00
      4.093    28.2230   5.689548    35.3002     2.0645     0.0086          0     68.500 338.394392  1022.5648      4.071      0.130  0.000e+00
      4.126    28.2233   5.689426    35.2991     2.0558     0.0047          0     68.750 338.394395  1022.5640      4.103      0.119  0.000e+00
      4.148    28.2225   5.689266    35.2985     2.0616     0.0170          0     69.000 338.394398  1022.5640      4.125      0.112  0.000e+00
      4.191    28.2211   5.689243    35.2994     2.0567     0.0017          0     69.250 338.394401  1022.5652      4.168      0.109  0.000e+00
      4.191    28.2204   5.688946    35.2978     2.0611     0.0055          0     69.500 338.394404  1022.5643      4.168      0.105  0.000e+00
      4.212    28.2190   5.688946    35.2989     2.0687     0.0101          0     69.750 338.394407  1022.5657      4.189      0.103  0.000e+00
      4.234    28.2178   5.689007    35.3002     2.0692     0.0002          0     70.000 338.394410  1022.5671      4.211      0.099  0.000e+00
      4.288    28.2176   5.689106    35.3010     2.0698    -0.0036          0     70.250 338.394413  1022.5680      4.264      0.103  0.000e+00
      4.310    28.2175   5.689228    35.3020     2.0682    -0.0105          0     70.500 338.394416  1022.5689      4.286      0.103  0.000e+00
      4.331    28.2182   5.689739    35.3050     2.0746    -0.0044          0     70.750 338.394418  1022.5710      4.307      0.103  0.000e+00
      4.342    28.2204   5.689868    35.3042     2.0708    -0.0097          0     71.000 338.394421  1022.5697      4.318      0.101  0.000e+00
      4.396    28.2224   5.689777    35.3021     2.0761    -0.0014          0     71.250 338.394424  1022.5677      4.372      0.106  0.000e+00
      4.439    28.2237   5.689700    35.3006     2.0772    -0.0052          0     71.500 338.394427  1022.5663      4.415      0.120  0.000e+00
      4.472    28.2238   5.689777    35.3010     2.0783    -0.0021          0     71.750 338.394430  1022.5667      4.447      0.127  0.000e+00
      4.526    28.2240   5.689739    35.3006     2.0906    -0.0097          0     72.000 338.394433  1022.5666      4.501      0.136  0.000e+00
      4.558    28.2238   5.689708    35.3005     2.0889    -0.0097          0     72.250 338.394436  1022.5667      4.533      0.140  0.000e+00
      4.580    28.2236   5.689739    35.3008     2.0898    -0.0044          0     72.500 338.394439  1022.5672      4.555      0.147  0.000e+00
      4.591    28.2237   5.689777    35.3010     2.0902    -0.0029          0     72.750 338.394442  1022.5673      4.565      0.144  0.000e+00
      4.623    28.2236   5.689807    35.3013     2.0946     0.0017          0     73.000 338.394444  1022.5677      4.598      0.138  0.000e+00
      4.645    28.2237   5.689868    35.3017     2.0856     0.0192          0     73.250 338.394447  1022.5680      4.619      0.122  0.000e+00
      4.677    28.2243   5.689952    35.3018     2.0805     0.0261          0     73.500 338.394450  1022.5681      4.651      0.113  0.000e+00
      4.720    28.2248   5.689899    35.3011     2.0759     0.0299          0     73.750 338.394453  1022.5675      4.694      0.111  0.000e+00
      4.753    28.2250   5.689899    35.3009     2.0802     0.0292          0     74.000 338.394456  1022.5675      4.727      0.110  0.000e+00
      4.796    28.2250   5.689868    35.3007     2.0732     0.0078          0     74.250 338.394459  1022.5675      4.770      0.119  0.000e+00
      4.839    28.2247   5.689838    35.3007     2.0720    -0.0113          0     74.500 338.394462  1022.5678      4.813      0.133  0.000e+00
      4.861    28.2252   5.690539    35.3052     2.0732    -0.0014          0     74.750 338.394465  1022.5711      4.834      0.141  0.000e+00
      4.861    28.2269   5.690569    35.3042     2.0821    -0.0067          0     75.000 338.394468  1022.5698      4.834      0.133  0.000e+00
      4.883    28.2290   5.690508    35.3021     2.0786    -0.0067          0     75.250 338.394470  1022.5676      4.856      0.125  0.000e+00
      4.893    28.2296   5.690569    35.3021     2.0863    -0.0029          0     75.500 338.394473  1022.5675      4.866      0.109  0.000e+00
      4.937    28.2303   5.690592    35.3017     2.0867     0.0017          0     75.750 338.394476  1022.5672      4.909      0.099  0.000e+00
      4.969    28.2307   5.690759    35.3026     2.0933     0.0002          0     76.000 338.394479  1022.5678      4.942      0.094  0.000e+00
      5.001    28.2316   5.690698    35.3015     2.0973     0.0017          0     76.250 338.394482  1022.5669      4.974      0.093  0.000e+00
      5.012    28.2320   5.690569    35.3002     2.0973    -0.0090          0     76.500 338.394485  1022.5658      4.985      0.092  0.000e+00
      5.023    28.2318   5.690569    35.3005     2.1275    -0.0014          0     76.750 338.394488  1022.5661      4.996      0.094  0.000e+00
      5.066    28.2313   5.690569    35.3008     2.1162     0.0032          0     77.000 338.394491  1022.5667      5.039      0.103  0.000e+00
      5.099    28.2311   5.690699    35.3019     2.1046    -0.0075          0     77.250 338.394494  1022.5677      5.071      0.107  0.000e+00
      5.088    28.2316   5.690668    35.3013     2.1013    -0.0006          0     77.500 338.394497  1022.5671      5.060      0.099  0.000e+00
      5.131    28.2317   5.690759    35.3018     2.1015     0.0017          0     77.750 338.394499  1022.5676      5.103      0.092  0.000e+00
      5.153    28.2322   5.690897    35.3024     2.0990     0.0124          0     78.000 338.394502  1022.5679      5.125      0.090  0.000e+00
      5.229    28.2327   5.690600    35.2999     2.0917     0.0200          0     78.250 338.394505  1022.5662      5.200      0.105  0.000e+00
      5.261    28.2324   5.690318    35.2981     2.0865     0.0139          0     78.500 338.394508  1022.5651      5.232      0.121  0.000e+00
      5.283    28.2307   5.690059    35.2976     2.0866     0.0116          0     78.750 338.394511  1022.5654      5.253      0.130  0.000e+00
      5.326    28.2285   5.690158    35.2999     2.0932     0.0162          0     79.000 338.394514  1022.5680      5.297      0.135  0.000e+00
      5.380    28.2277   5.689998    35.2994     2.0887     0.0116          0     79.250 338.394517  1022.5681      5.350      0.150  0.000e+00
      5.423    28.2266   5.689777    35.2987     2.0866     0.0154          0     79.500 338.394520  1022.5682      5.393      0.166  0.000e+00
      5.423    28.2254   5.689808    35.2998     2.0870     0.0299          0     79.750 338.394523  1022.5694      5.393      0.156  0.000e+00
      5.434    28.2247   5.689929    35.3011     2.0904     0.0231          0     80.000 338.394525  1022.5707      5.404      0.142  0.000e+00
      5.488    28.2247   5.689983    35.3015     2.0909     0.0124          0     80.250 338.394528  1022.5712      5.458      0.129  0.000e+00
      5.520    28.2251   5.689838    35.3002     2.0868     0.0261          0     80.500 338.394531  1022.5702      5.490      0.128  0.000e+00
      5.542    28.2250   5.689709    35.2993     2.0873    -0.0082          0     80.750 338.394534  1022.5697      5.511      0.123  0.000e+00
      5.585    28.2241   5.689297    35.2971     2.0871    -0.0052          0     81.000 338.394537  1022.5685      5.554      0.119  0.000e+00
      5.618    28.2218   5.689229    35.2984     2.0956     0.0063          0     81.250 338.394540  1022.5703      5.587      0.117  0.000e+00
      5.683    28.2201   5.690090    35.3056     2.0896    -0.0052          0     81.500 338.394543  1022.5766      5.651      0.132  0.000e+00
      5.715    28.2220   5.690440    35.3067     2.0796    -0.0006          0     81.750 338.394546  1022.5769      5.684      0.149  0.000e+00
      5.726    28.2253   5.690379    35.3037     2.0831    -0.0052          0     82.000 338.394549  1022.5737      5.694      0.150  0.000e+00
      5.758    28.2273   5.690409    35.3025     2.0840    -0.0021          0     82.250 338.394552  1022.5722      5.727      0.143  0.000e+00
      5.791    28.2282   5.690379    35.3015     2.0918    -0.0052          0     82.500 338.394554  1022.5713      5.759      0.141  0.000e+00
      5.823    28.2287   5.690128    35.2994     2.0884     0.0231          0     82.750 338.394557  1022.5697      5.791      0.138  0.000e+00
      5.866    28.2280   5.689648    35.2965     2.0879     0.0246          0     83.000 338.394560  1022.5680      5.834      0.133  0.000e+00
