ctd_mafia/cnv/SBE19plus_01906740_2018_12_07_0106.cnv
* Sea-Bird SBE19plus  Data File:
* FileName = C:\Users\all user\Desktop\Patroba _ WWF Mapping Mafia\SBE19plus_01906740_2018_12_07_0106.hex
* Software version 2.6.3.104
* Temperature SN = 6740
* Conductivity SN = 6740
* System UpLoad Time = Dec 07 2018 14:37:12
* <ApplicationData>
* <Seaterm232>
# nquan = 13
# nvalues = 369                                   
# units = specified
# name 0 = prdM: Pressure, Strain Gauge [db]
# name 1 = tv290C: Temperature [ITS-90, deg C]
# name 2 = c0S/m: Conductivity [S/m]
# name 3 = sal00: Salinity, Practical [PSU]
# name 4 = sbeox0ML/L: Oxygen, SBE 43 [ml/l]
# name 5 = flECO-AFL: Fluorescence, WET Labs ECO-AFL/FL [mg/m^3]
# name 6 = nbf: Bottles Fired
# name 7 = timeS: Time, Elapsed [seconds]
# name 8 = timeJ: Julian Days
# name 9 = density00: Density [density, kg/m^3]
# name 10 = depSM: Depth [salt water, m], lat = 0.00
# name 11 = dz/dtM: Descent Rate [m/s]
# name 12 = flag:  0.000e+00
# span 0 =     -1.412,      6.416                 
# span 1 =    27.4763,    27.7845                 
# span 2 =   0.363687,   5.635481                 
# span 3 =     1.8133,    35.2821                 
# span 4 =     1.2931,     7.1328                 
# span 5 =    -0.1707,     1.4513                 
# span 6 =          0,          0                 
# span 7 =      0.000,     92.000                 
# span 8 = 338.439039, 338.440104                 
# span 9 =   997.7396,  1022.7357                 
# span 10 =     -1.404,      6.380                
# span 11 =     -0.584,      0.567                
# span 12 = 0.0000e+00, 0.0000e+00                
# interval = seconds: 0.25
# start_time = Dec 04 2018 10:32:13 [Instrument's time stamp, header]
# bad_flag = -9.990e-29
*END*
[from data line 223]
      2.297    27.7259   5.627786    35.2393     1.7542     0.0620          0     55.750 338.439685  1022.6739      2.284      0.227  0.000e+00
      2.329    27.7259   5.628256    35.2426     2.0965     0.0635          0     56.000 338.439687  1022.6765      2.316      0.233  0.000e+00
      2.362    27.7261   5.627976    35.2405     2.4143     0.0589          0     56.250 338.439690  1022.6750      2.349      0.232  0.000e+00
      2.394    27.7259   5.628287    35.2428     2.6241     0.0574          0     56.500 338.439693  1022.6769      2.381      0.226  0.000e+00
      2.426    27.7259   5.627938    35.2404     2.7952     0.0543          0     56.750 338.439696  1022.6752      2.413      0.210  0.000e+00
      2.513    27.7256   5.627817    35.2397     2.5400     0.0543          0     57.000 338.439699  1022.6752      2.499      0.200  0.000e+00
      2.567    27.7253   5.627817    35.2399     3.1865     0.0795          0     57.250 338.439702  1022.6756      2.553      0.190  0.000e+00
      2.632    27.7249   5.627938    35.2410     3.1363     0.0871          0     57.500 338.439705  1022.6769      2.617      0.190  0.000e+00
      2.740    27.7250   5.628006    35.2414     3.1837     0.0864          0     57.750 338.439708  1022.6776      2.725      0.214  0.000e+00
      2.826    27.7247   5.628226    35.2431     2.8075     0.0887          0     58.000 338.439711  1022.6794      2.811      0.249  0.000e+00
      2.956    27.7245   5.628666    35.2463     2.5336     0.0406          0     58.250 338.439714  1022.6824      2.940      0.295  0.000e+00
      3.086    27.7245   5.629167    35.2498     2.7893     0.0559          0     58.500 338.439716  1022.6856      3.069      0.344  0.000e+00
      3.183    27.7241   5.629447    35.2522     2.6743     0.0521          0     58.750 338.439719  1022.6879      3.166      0.381  0.000e+00
      3.248    27.7240   5.629576    35.2531     2.7344     0.0437          0     59.000 338.439722  1022.6889      3.230      0.394  0.000e+00
      3.335    27.7231   5.629546    35.2535     2.5560     0.0513          0     59.250 338.439725  1022.6899      3.316      0.404  0.000e+00
      3.443    27.7217   5.629387    35.2535     2.8096     0.0742          0     59.500 338.439728  1022.6908      3.424      0.407  0.000e+00
      3.540    27.7203   5.629516    35.2553     2.6073     0.0734          0     59.750 338.439731  1022.6931      3.520      0.398  0.000e+00
      3.637    27.7182   5.629546    35.2571     2.6015     0.0673          0     60.000 338.439734  1022.6955      3.617      0.391  0.000e+00
      3.745    27.7152   5.629576    35.2595     2.7740     0.0673          0     60.250 338.439737  1022.6988      3.725      0.381  0.000e+00
      3.886    27.7124   5.629668    35.2623     2.4326     0.0475          0     60.500 338.439740  1022.7024      3.865      0.391  0.000e+00
      3.972    27.7098   5.628477    35.2558     2.6009     0.0475          0     60.750 338.439742  1022.6987      3.950      0.406  0.000e+00
      4.113    27.6999   5.626143    35.2467     2.1512     0.0406          0     61.000 338.439745  1022.6957      4.090      0.431  0.000e+00
      4.243    27.6850   5.625961    35.2566     2.2466     0.0406          0     61.250 338.439748  1022.7085      4.219      0.450  0.000e+00
      4.340    27.6757   5.625681    35.2616     1.9247     0.0582          0     61.500 338.439751  1022.7157      4.316      0.458  0.000e+00
      4.426    27.6701   5.625522    35.2647     2.7084     0.0612          0     61.750 338.439754  1022.7202      4.402      0.458  0.000e+00
      4.481    27.6670   5.625461    35.2665     2.3194     0.0597          0     62.000 338.439757  1022.7229      4.456      0.440  0.000e+00
      4.621    27.6652   5.625431    35.2677     2.3788     0.0528          0     62.250 338.439760  1022.7249      4.596      0.428  0.000e+00
      4.708    27.6639   5.625401    35.2684     2.8744     0.0559          0     62.500 338.439763  1022.7262      4.682      0.410  0.000e+00
      4.805    27.6635   5.625401    35.2686     2.3563     0.0658          0     62.750 338.439766  1022.7269      4.778      0.401  0.000e+00
      4.935    27.6633   5.625401    35.2688     2.3505     0.0559          0     63.000 338.439769  1022.7277      4.907      0.394  0.000e+00
      5.064    27.6633   5.625401    35.2687     2.3386     0.0620          0     63.250 338.439771  1022.7281      5.036      0.404  0.000e+00
      5.183    27.6630   5.625371    35.2687     2.4177     0.0635          0     63.500 338.439774  1022.7288      5.155      0.425  0.000e+00
      5.313    27.6630   5.625371    35.2687     2.7348     0.0559          0     63.750 338.439777  1022.7293      5.284      0.451  0.000e+00
      5.399    27.6628   5.625432    35.2692     2.7363     0.0643          0     64.000 338.439780  1022.7302      5.370      0.464  0.000e+00
      5.529    27.6630   5.625462    35.2693     2.5193     0.0574          0     64.250 338.439783  1022.7307      5.499      0.465  0.000e+00
      5.680    27.6631   5.625432    35.2689     2.5483     0.0551          0     64.500 338.439786  1022.7311      5.649      0.483  0.000e+00
      5.843    27.6633   5.625462    35.2689     2.7157     0.0658          0     64.750 338.439789  1022.7316      5.810      0.502  0.000e+00
      5.972    27.6633   5.625523    35.2693     2.6368     0.0688          0     65.000 338.439792  1022.7325      5.939      0.513  0.000e+00
      6.156    27.6635   5.625523    35.2691     2.6500     0.0719          0     65.250 338.439795  1022.7331      6.122      0.538  0.000e+00
      6.307    27.6635   5.625553    35.2692     2.7006     0.0673          0     65.500 338.439797  1022.7338      6.273      0.566  0.000e+00
      6.372    27.6640   5.625932    35.2715     2.1098     0.0917          0     65.750 338.439800  1022.7357      6.337      0.567  0.000e+00
      6.394    27.6655   5.626031    35.2711     1.9958     0.0902          0     66.000 338.439803  1022.7350      6.359      0.538  0.000e+00
      6.416    27.6671   5.625902    35.2690     2.0925     0.0849          0     66.250 338.439806  1022.7330      6.380      0.472  0.000e+00
      6.383    27.6673   5.625811    35.2682     2.1735     0.0910          0     66.500 338.439809  1022.7322      6.348      0.373  0.000e+00
      6.394    27.6671   5.625773    35.2681     2.3807     0.0757          0     66.750 338.439812  1022.7322      6.359      0.270  0.000e+00
      6.383    27.6665   5.625713    35.2681     2.7189     0.0665          0     67.000 338.439815  1022.7323      6.348      0.170  0.000e+00
      6.394    27.6659   5.625682    35.2683     2.8775     0.0726          0     67.250 338.439818  1022.7327      6.359      0.081  0.000e+00
      6.383    27.6656   5.625682    35.2685     3.2941     0.0757          0     67.500 338.439821  1022.7329      6.348      0.022  0.000e+00
      6.383    27.6654   5.625713    35.2690     3.7641     0.0704          0     67.750 338.439823  1022.7334      6.348     -0.002  0.000e+00
      6.394    27.6655   5.625743    35.2691     3.7769     0.1093          0     68.000 338.439826  1022.7335      6.359     -0.006  0.000e+00
      6.405    27.6654   5.625811    35.2697     3.8853     0.1016          0     68.250 338.439829  1022.7340      6.369     -0.002  0.000e+00
      6.372    27.6659   5.625811    35.2692     3.3647     0.0902          0     68.500 338.439832  1022.7333      6.337     -0.000  0.000e+00
      6.297    27.6661   5.625811    35.2691     2.6882     0.1001          0     68.750 338.439835  1022.7329      6.262     -0.026  0.000e+00
      6.156    27.6662   5.625811    35.2691     3.0486     0.0994          0     69.000 338.439838  1022.7322      6.122     -0.080  0.000e+00
      6.070    27.6663   5.625773    35.2688     3.0319     0.0940          0     69.250 338.439841  1022.7316      6.036     -0.145  0.000e+00
      6.026    27.6662   5.625743    35.2686     1.7032     0.1001          0     69.500 338.439844  1022.7313      5.993     -0.197  0.000e+00
      5.983    27.6662   5.625333    35.2658     1.4387     0.1001          0     69.750 338.439847  1022.7290      5.950     -0.239  0.000e+00
      5.918    27.6659   5.625682    35.2685     1.3333     0.0444          0     70.000 338.439850  1022.7308      5.886     -0.272  0.000e+00
      5.843    27.6656   5.625652    35.2685     1.3127     0.0437          0     70.250 338.439852  1022.7306      5.810     -0.291  0.000e+00
      5.713    27.6656   5.625621    35.2684     1.4156     0.0421          0     70.500 338.439855  1022.7300      5.681     -0.304  0.000e+00
      5.529    27.6652   5.625621    35.2687     1.5022     0.0543          0     70.750 338.439858  1022.7296      5.499     -0.331  0.000e+00
      5.367    27.6651   5.625651    35.2691     1.5093     0.0887          0     71.000 338.439861  1022.7292      5.337     -0.370  0.000e+00
      5.216    27.6652   5.625621    35.2688     1.7494     0.0856          0     71.250 338.439864  1022.7283      5.187     -0.434  0.000e+00
      5.107    27.6650   5.625621    35.2690     2.0759     0.0833          0     71.500 338.439867  1022.7280      5.079     -0.493  0.000e+00
      4.978    27.6650   5.625553    35.2686     2.1056     0.0856          0     71.750 338.439870  1022.7272      4.950     -0.537  0.000e+00
      4.826    27.6648   5.625492    35.2683     2.1310     0.0910          0     72.000 338.439873  1022.7264      4.800     -0.566  0.000e+00
      4.675    27.6645   5.625462    35.2684     2.1501     0.0887          0     72.250 338.439876  1022.7259      4.649     -0.579  0.000e+00
      4.524    27.6644   5.625492    35.2687     2.1782     0.0879          0     72.500 338.439878  1022.7255      4.499     -0.576  0.000e+00
      4.405    27.6641   5.625461    35.2687     2.1789     0.0925          0     72.750 338.439881  1022.7251      4.381     -0.559  0.000e+00
      4.243    27.6639   5.625431    35.2687     2.1779     0.0818          0     73.000 338.439884  1022.7245      4.219     -0.560  0.000e+00
      4.048    27.6636   5.625461    35.2692     2.1798     0.0612          0     73.250 338.439887  1022.7241      4.026     -0.581  0.000e+00
      3.972    27.6638   5.625522    35.2695     2.2009     0.0620          0     73.500 338.439890  1022.7239      3.951     -0.584  0.000e+00
      3.886    27.6641   5.625492    35.2691     2.1930     0.0650          0     73.750 338.439893  1022.7232      3.865     -0.564  0.000e+00
      3.756    27.6643   5.625522    35.2692     2.1933     0.0551          0     74.000 338.439896  1022.7226      3.736     -0.541  0.000e+00
      3.648    27.6645   5.625620    35.2698     2.1932     0.0719          0     74.250 338.439899  1022.7225      3.628     -0.515  0.000e+00
      3.572    27.6648   5.625651    35.2698     2.8556     0.0673          0     74.500 338.439902  1022.7221      3.553     -0.481  0.000e+00
      3.551    27.6653   5.625651    35.2695     3.7297     0.0688          0     74.750 338.439905  1022.7216      3.531     -0.430  0.000e+00
      3.540    27.6654   5.625681    35.2696     4.0703     0.0719          0     75.000 338.439907  1022.7217      3.520     -0.356  0.000e+00
      3.518    27.6658   5.626211    35.2730     4.1856     0.0574          0     75.250 338.439910  1022.7240      3.499     -0.285  0.000e+00
      3.432    27.6677   5.626249    35.2719     4.1000     0.0574          0     75.500 338.439913  1022.7222      3.413     -0.253  0.000e+00
      3.259    27.6694   5.625931    35.2684     3.9391     0.0597          0     75.750 338.439916  1022.7183      3.241     -0.252  0.000e+00
      3.075    27.6689   5.625931    35.2688     3.9815     0.0589          0     76.000 338.439919  1022.7179      3.058     -0.280  0.000e+00
      2.913    27.6688   5.626181    35.2707     3.7015     0.0582          0     76.250 338.439922  1022.7187      2.897     -0.342  0.000e+00
      2.826    27.6697   5.626370    35.2714     3.1425     0.0879          0     76.500 338.439925  1022.7186      2.811     -0.406  0.000e+00
      2.783    27.6706   5.626340    35.2705     2.9686     0.0871          0     76.750 338.439928  1022.7174      2.768     -0.452  0.000e+00
      2.643    27.6712   5.626431    35.2708     2.7160     0.0925          0     77.000 338.439931  1022.7168      2.628     -0.490  0.000e+00
      2.470    27.6723   5.626969    35.2738     3.0430     0.0818          0     77.250 338.439933  1022.7180      2.456     -0.517  0.000e+00
      2.318    27.6743   5.627029    35.2728     2.9328     0.0559          0     77.500 338.439936  1022.7159      2.306     -0.521  0.000e+00
      2.199    27.6764   5.627249    35.2728     3.0041     0.0543          0     77.750 338.439939  1022.7147      2.187     -0.505  0.000e+00
      2.124    27.6782   5.627878    35.2759     2.8371     0.0559          0     78.000 338.439942  1022.7161      2.112     -0.485  0.000e+00
      2.048    27.6819   5.628727    35.2791     2.5296     0.0551          0     78.250 338.439945  1022.7170      2.037     -0.471  0.000e+00
      1.918    27.6866   5.628568    35.2745     2.5912     0.0772          0     78.500 338.439948  1022.7114      1.908     -0.476  0.000e+00
      1.713    27.6896   5.628727    35.2734     2.6807     0.0810          0     78.750 338.439951  1022.7088      1.703     -0.499  0.000e+00
      1.540    27.6918   5.629386    35.2765     2.8135     0.0658          0     79.000 338.439954  1022.7096      1.531     -0.509  0.000e+00
      1.410    27.6954   5.630076    35.2787     2.8380     0.0765          0     79.250 338.439957  1022.7096      1.402     -0.517  0.000e+00
      1.356    27.7006   5.631115    35.2821     2.7238     0.0650          0     79.500 338.439959  1022.7102      1.349     -0.515  0.000e+00
      1.313    27.7070   5.630955    35.2762     2.2907     0.0894          0     79.750 338.439962  1022.7036      1.306     -0.500  0.000e+00
      1.183    27.7106   5.630985    35.2737     2.3770     0.0856          0     80.000 338.439965  1022.6999      1.177     -0.493  0.000e+00
      0.967    27.7126   5.631364    35.2749     2.6277     0.0879          0     80.250 338.439968  1022.6993      0.962     -0.501  0.000e+00
      0.805    27.7148   5.631243    35.2725     2.5381     0.0826          0     80.500 338.439971  1022.6961      0.800     -0.500  0.000e+00
      0.675    27.7156   5.631523    35.2739     2.4797     0.0841          0     80.750 338.439974  1022.6963      0.671     -0.494  0.000e+00
      0.610    27.7170   5.631804    35.2749     1.9729     0.0650          0     81.000 338.439977  1022.6963      0.607     -0.492  0.000e+00
      0.502    27.7192   5.632054    35.2750     1.8441     0.0696          0     81.250 338.439980  1022.6952      0.499     -0.502  0.000e+00
      0.329    27.7213   5.632054    35.2735     2.0498     0.0742          0     81.500 338.439983  1022.6927      0.327     -0.532  0.000e+00
      0.145    27.7227   5.632183    35.2734     2.2967     0.0871          0     81.750 338.439986  1022.6913      0.144     -0.557  0.000e+00
      0.037    27.7238   5.632243    35.2730     2.6380     0.0948          0     82.000 338.439988  1022.6902      0.037     -0.545  0.000e+00
     -0.006    27.7247   5.632372    35.2732     2.1437     0.0833          0     82.250 338.439991  1022.6899     -0.006     -0.502  0.000e+00
     -0.093    27.7260   5.632683    35.2745     2.1962     0.0887          0     82.500 338.439994  1022.6901     -0.092     -0.476  0.000e+00
     -0.222    27.7277   5.632653    35.2731     2.8009     0.0833          0     82.750 338.439997  1022.6879     -0.221     -0.467  0.000e+00
     -0.428    27.7288   5.632592    35.2719     2.8369     0.0879          0     83.000 338.440000  1022.6858     -0.425     -0.488  0.000e+00
