ctd_mafia/cnv/SBE19plus_01906740_2018_12_07_0082.cnv
* Sea-Bird SBE19plus  Data File:
* FileName = C:\Users\all user\Desktop\Patroba _ WWF Mapping Mafia\SBE19plus_01906740_2018_12_07_0082.hex
* Software version 2.6.3.104
* Temperature SN = 6740
* Conductivity SN = 6740
* System UpLoad Time = Dec 07 2018 14:31:36
* <ApplicationData>
* <Seaterm232>
# nquan = 13
# nvalues = 709                                   
# units = specified
# name 0 = prdM: Pressure, Strain Gauge [db]
# name 1 = tv290C: Temperature [ITS-90, deg C]
# name 2 = c0S/m: Conductivity [S/m]
# name 3 = sal00: Salinity, Practical [PSU]
# name 4 = sbeox0ML/L: Oxygen, SBE 43 [ml/l]
# name 5 = flECO-AFL: Fluorescence, WET Labs ECO-AFL/FL [mg/m^3]
# name 6 = nbf: Bottles Fired
# name 7 = timeS: Time, Elapsed [seconds]
# name 8 = timeJ: Julian Days
# name 9 = density00: Density [density, kg/m^3]
# name 10 = depSM: Depth [salt water, m], lat = 0.00
# name 11 = dz/dtM: Descent Rate [m/s]
# name 12 = flag:  0.000e+00
# span 0 =     -1.335,     12.493                 
# span 1 =    27.3270,    28.1264                 
# span 2 =   0.191669,   5.668542                 
# span 3 =     0.9254,    35.2381                 
# span 4 =     1.8147,     3.5342                 
# span 5 =    -0.4370,    48.6864                 
# span 6 =          0,          0                 
# span 7 =      0.000,    177.000                 
# span 8 = 337.392431, 337.394479                 
# span 9 =   997.1053,  1022.6043                 
# span 10 =     -1.328,     12.424                
# span 11 =     -1.003,      0.325                
# span 12 = 0.0000e+00, 0.0000e+00                
# interval = seconds: 0.25
# start_time = Dec 03 2018 09:25:06 [Instrument's time stamp, header]
# bad_flag = -9.990e-29
*END*
[from data line 223]
      1.705    28.0664   5.650101    35.1415     1.8608     0.0231          0     55.750 337.393076  1022.4867      1.695      0.131  0.000e+00
      1.726    28.0664   5.649790    35.1394     1.8609     0.0261          0     56.000 337.393079  1022.4851      1.717      0.139  0.000e+00
      1.759    28.0663   5.649190    35.1352     1.8444    -0.0052          0     56.250 337.393082  1022.4822      1.749      0.137  0.000e+00
      1.802    28.0659   5.648902    35.1335     1.8517     0.0002          0     56.500 337.393084  1022.4812      1.792      0.125  0.000e+00
      1.856    28.0655   5.649281    35.1365     1.8466    -0.0067          0     56.750 337.393087  1022.4838      1.846      0.120  0.000e+00
      1.845    28.0647   5.650041    35.1424     1.8440    -0.0044          0     57.000 337.393090  1022.4885      1.835      0.111  0.000e+00
      1.878    28.0644   5.650360    35.1448     1.8457     0.0177          0     57.250 337.393093  1022.4905      1.867      0.108  0.000e+00
      1.845    28.0642   5.650261    35.1443     1.8637     0.0154          0     57.500 337.393096  1022.4901      1.835      0.094  0.000e+00
      1.899    28.0640   5.650360    35.1451     1.8641     0.0246          0     57.750 337.393099  1022.4910      1.889      0.094  0.000e+00
      1.932    28.0636   5.650291    35.1449     1.8617     0.0185          0     58.000 337.393102  1022.4911      1.921      0.090  0.000e+00
      1.997    28.0630   5.651036    35.1505     1.8638     0.0002          0     58.250 337.393105  1022.4958      1.986      0.095  0.000e+00
      2.029    28.0627   5.651810    35.1562     1.8602     0.0017          0     58.500 337.393108  1022.5003      2.018      0.102  0.000e+00
      2.040    28.0631   5.652570    35.1612     1.8568    -0.0029          0     58.750 337.393111  1022.5040      2.029      0.107  0.000e+00
      2.061    28.0630   5.652760    35.1626     1.8493     0.0017          0     59.000 337.393113  1022.5051      2.050      0.121  0.000e+00
      2.083    28.0629   5.653071    35.1649     1.8407     0.0070          0     59.250 337.393116  1022.5070      2.072      0.123  0.000e+00
      2.116    28.0626   5.653322    35.1669     1.8309     0.0215          0     59.500 337.393119  1022.5088      2.104      0.129  0.000e+00
      2.148    28.0622   5.653512    35.1685     1.8371     0.0200          0     59.750 337.393122  1022.5102      2.136      0.117  0.000e+00
      2.159    28.0611   5.653960    35.1724     1.8378     0.0246          0     60.000 337.393125  1022.5136      2.147      0.105  0.000e+00
      2.213    28.0602   5.654081    35.1739     1.8310     0.0177          0     60.250 337.393128  1022.5152      2.201      0.102  0.000e+00
      2.267    28.0593   5.654431    35.1770     1.8324     0.0192          0     60.500 337.393131  1022.5181      2.254      0.115  0.000e+00
      2.299    28.0583   5.654750    35.1800     1.8337     0.0162          0     60.750 337.393134  1022.5208      2.287      0.130  0.000e+00
      2.321    28.0576   5.654970    35.1821     1.8315     0.0307          0     61.000 337.393137  1022.5227      2.308      0.137  0.000e+00
      2.310    28.0568   5.654940    35.1825     1.8326     0.0200          0     61.250 337.393139  1022.5232      2.297      0.129  0.000e+00
      2.343    28.0560   5.654720    35.1815     1.8296    -0.0097          0     61.500 337.393142  1022.5228      2.330      0.120  0.000e+00
      2.332    28.0556   5.654591    35.1809     1.8260     0.0040          0     61.750 337.393145  1022.5225      2.319      0.102  0.000e+00
      2.386    28.0550   5.654492    35.1807     1.8346    -0.0097          0     62.000 337.393148  1022.5228      2.373      0.095  0.000e+00
      2.418    28.0544   5.654682    35.1824     1.8416     0.0086          0     62.250 337.393151  1022.5244      2.405      0.084  0.000e+00
      2.494    28.0540   5.655031    35.1852     1.8414    -0.0136          0     62.500 337.393154  1022.5269      2.480      0.094  0.000e+00
      2.537    28.0537   5.655411    35.1880     1.8439    -0.0159          0     62.750 337.393157  1022.5293      2.523      0.115  0.000e+00
      2.537    28.0541   5.655631    35.1893     1.8382    -0.0128          0     63.000 337.393160  1022.5302      2.523      0.129  0.000e+00
      2.537    28.0539   5.655540    35.1888     1.8346    -0.0159          0     63.250 337.393163  1022.5298      2.523      0.134  0.000e+00
      2.537    28.0532   5.655472    35.1888     1.8408    -0.0174          0     63.500 337.393166  1022.5301      2.523      0.121  0.000e+00
      2.516    28.0525   5.655001    35.1861     1.8382     0.0261          0     63.750 337.393168  1022.5282      2.502      0.098  0.000e+00
      2.580    28.0518   5.654872    35.1857     1.8312     0.0246          0     64.000 337.393171  1022.5284      2.566      0.077  0.000e+00
      2.624    28.0509   5.655685    35.1920     1.8349     0.0215          0     64.250 337.393174  1022.5336      2.609      0.069  0.000e+00
      2.710    28.0505   5.656171    35.1957     1.8244     0.0292          0     64.500 337.393177  1022.5369      2.695      0.079  0.000e+00
      2.753    28.0501   5.656642    35.1993     1.8169     0.0223          0     64.750 337.393180  1022.5399      2.738      0.107  0.000e+00
      2.797    28.0495   5.656961    35.2019     1.8170     0.0315          0     65.000 337.393183  1022.5423      2.781      0.143  0.000e+00
      2.829    28.0493   5.657022    35.2025     1.8147     0.0177          0     65.250 337.393186  1022.5429      2.814      0.170  0.000e+00
      2.829    28.0495   5.656992    35.2021     1.8181     0.0177          0     65.500 337.393189  1022.5426      2.814      0.178  0.000e+00
      2.797    28.0494   5.656961    35.2020     1.8173     0.0292          0     65.750 337.393192  1022.5424      2.781      0.158  0.000e+00
      2.797    28.0491   5.659172    35.2177     1.8149     0.0261          0     66.000 337.393194  1022.5543      2.781      0.113  0.000e+00
      2.851    28.0486   5.659902    35.2233     1.8244     0.0337          0     66.250 337.393197  1022.5589      2.835      0.086  0.000e+00
      2.894    28.0481   5.660122    35.2252     1.8321     0.0192          0     66.500 337.393200  1022.5606      2.878      0.066  0.000e+00
      2.970    28.0485   5.660252    35.2258     1.8463    -0.0044          0     66.750 337.393203  1022.5613      2.953      0.078  0.000e+00
      3.089    28.0488   5.660312    35.2259     1.8391    -0.0006          0     67.000 337.393206  1022.5618      3.072      0.118  0.000e+00
      3.121    28.0491   5.660343    35.2259     1.8413    -0.0052          0     67.250 337.393209  1022.5619      3.104      0.159  0.000e+00
      3.078    28.0491   5.660312    35.2256     1.8461     0.0025          0     67.500 337.393212  1022.5614      3.061      0.178  0.000e+00
      3.035    28.0490   5.660343    35.2260     1.8489    -0.0052          0     67.750 337.393215  1022.5616      3.018      0.169  0.000e+00
      3.035    28.0491   5.660442    35.2266     1.8598     0.0070          0     68.000 337.393218  1022.5620      3.018      0.135  0.000e+00
      3.078    28.0493   5.660472    35.2266     1.8680     0.0055          0     68.250 337.393220  1022.5621      3.061      0.097  0.000e+00
      3.153    28.0496   5.660533    35.2268     1.8754     0.0162          0     68.500 337.393223  1022.5625      3.136      0.078  0.000e+00
      3.197    28.0499   5.660563    35.2268     1.8870     0.0055          0     68.750 337.393226  1022.5626      3.179      0.065  0.000e+00
      3.207    28.0496   5.660502    35.2266     1.9036     0.0246          0     69.000 337.393229  1022.5625      3.190      0.060  0.000e+00
      3.197    28.0495   5.660556    35.2270     1.9143     0.0269          0     69.250 337.393232  1022.5629      3.179      0.076  0.000e+00
      3.218    28.0494   5.660563    35.2271     1.9190     0.0253          0     69.500 337.393235  1022.5631      3.201      0.101  0.000e+00
      3.240    28.0494   5.660632    35.2276     1.9414     0.0253          0     69.750 337.393238  1022.5635      3.222      0.111  0.000e+00
      3.272    28.0496   5.660662    35.2277     1.9494     0.0292          0     70.000 337.393241  1022.5636      3.254      0.104  0.000e+00
      3.294    28.0496   5.660693    35.2279     1.9548     0.0284          0     70.250 337.393244  1022.5639      3.276      0.088  0.000e+00
      3.337    28.0497   5.660693    35.2278     1.9618     0.0330          0     70.500 337.393247  1022.5640      3.319      0.080  0.000e+00
      3.359    28.0497   5.660662    35.2276     1.9681     0.0429          0     70.750 337.393249  1022.5639      3.340      0.086  0.000e+00
      3.380    28.0494   5.660662    35.2278     1.9765     0.0147          0     71.000 337.393252  1022.5643      3.362      0.098  0.000e+00
      3.391    28.0493   5.660632    35.2276     1.9889     0.0040          0     71.250 337.393255  1022.5642      3.372      0.104  0.000e+00
      3.445    28.0490   5.660662    35.2281     1.9924     0.0070          0     71.500 337.393258  1022.5650      3.426      0.110  0.000e+00
      3.478    28.0489   5.660662    35.2282     1.9942     0.0116          0     71.750 337.393261  1022.5652      3.459      0.114  0.000e+00
      3.467    28.0490   5.660693    35.2283     2.0003     0.0147          0     72.000 337.393264  1022.5652      3.448      0.105  0.000e+00
      3.532    28.0491   5.660723    35.2284     2.0015     0.0116          0     72.250 337.393267  1022.5654      3.512      0.110  0.000e+00
      3.597    28.0491   5.660662    35.2280     2.0180     0.0246          0     72.500 337.393270  1022.5655      3.577      0.121  0.000e+00
      3.618    28.0487   5.660564    35.2276     2.0187     0.0162          0     72.750 337.393273  1022.5654      3.598      0.133  0.000e+00
      3.618    28.0479   5.660503    35.2278     2.0142     0.0315          0     73.000 337.393275  1022.5658      3.598      0.133  0.000e+00
      3.575    28.0472   5.660472    35.2281     2.0177    -0.0029          0     73.250 337.393278  1022.5660      3.555      0.111  0.000e+00
      3.586    28.0470   5.660533    35.2286     2.0255     0.0009          0     73.500 337.393281  1022.5666      3.566      0.083  0.000e+00
      3.651    28.0469   5.660602    35.2292     2.0236    -0.0036          0     73.750 337.393284  1022.5673      3.631      0.077  0.000e+00
      3.748    28.0470   5.660617    35.2292     2.0321     0.0032          0     74.000 337.393287  1022.5677      3.727      0.094  0.000e+00
      3.834    28.0471   5.660564    35.2287     2.0318     0.0330          0     74.250 337.393290  1022.5677      3.813      0.113  0.000e+00
      3.867    28.0471   5.660503    35.2283     2.0313     0.0322          0     74.500 337.393293  1022.5675      3.846      0.138  0.000e+00
      3.856    28.0465   5.660503    35.2287     2.0320     0.0337          0     74.750 337.393296  1022.5679      3.835      0.159  0.000e+00
      3.856    28.0462   5.660503    35.2289     2.0264     0.0299          0     75.000 337.393299  1022.5682      3.835      0.169  0.000e+00
      3.867    28.0462   5.660503    35.2289     2.0364     0.0231          0     75.250 337.393302  1022.5682      3.846      0.167  0.000e+00
      3.888    28.0459   5.660533    35.2293     2.0331     0.0185          0     75.500 337.393304  1022.5687      3.867      0.140  0.000e+00
      3.888    28.0460   5.660533    35.2293     2.0262     0.0276          0     75.750 337.393307  1022.5687      3.867      0.095  0.000e+00
      3.910    28.0462   5.660564    35.2293     2.0341     0.0253          0     76.000 337.393310  1022.5687      3.889      0.058  0.000e+00
      3.943    28.0460   5.660533    35.2293     2.0375     0.0215          0     76.250 337.393313  1022.5689      3.921      0.044  0.000e+00
      3.986    28.0462   5.660564    35.2293     2.0465    -0.0014          0     76.500 337.393316  1022.5690      3.964      0.058  0.000e+00
      4.018    28.0463   5.660632    35.2297     2.0432    -0.0052          0     76.750 337.393319  1022.5695      3.996      0.081  0.000e+00
      4.105    28.0468   5.660663    35.2295     2.0451    -0.0006          0     77.000 337.393322  1022.5695      4.082      0.113  0.000e+00
      4.148    28.0468   5.660663    35.2295     2.0514     0.0002          0     77.250 337.393325  1022.5697      4.125      0.141  0.000e+00
      4.180    28.0469   5.660663    35.2294     2.0610    -0.0029          0     77.500 337.393328  1022.5698      4.157      0.161  0.000e+00
      4.180    28.0472   5.660693    35.2294     2.0668     0.0078          0     77.750 337.393330  1022.5697      4.157      0.167  0.000e+00
      4.180    28.0471   5.660663    35.2293     2.0599     0.0002          0     78.000 337.393333  1022.5696      4.157      0.154  0.000e+00
      4.180    28.0471   5.660663    35.2293     2.0609     0.0086          0     78.250 337.393336  1022.5696      4.157      0.129  0.000e+00
      4.202    28.0469   5.660678    35.2295     2.0669     0.0032          0     78.500 337.393339  1022.5699      4.179      0.102  0.000e+00
      4.278    28.0471   5.660723    35.2297     2.0661    -0.0067          0     78.750 337.393342  1022.5703      4.254      0.093  0.000e+00
      4.310    28.0470   5.660663    35.2293     2.0664     0.0040          0     79.000 337.393345  1022.5702      4.286      0.084  0.000e+00
      4.332    28.0467   5.660632    35.2293     2.0680    -0.0090          0     79.250 337.393348  1022.5704      4.308      0.089  0.000e+00
      4.321    28.0464   5.660602    35.2293     2.0665    -0.0052          0     79.500 337.393351  1022.5704      4.297      0.092  0.000e+00
      4.364    28.0461   5.660602    35.2295     2.0710     0.0101          0     79.750 337.393354  1022.5709      4.340      0.105  0.000e+00
      4.429    28.0460   5.660602    35.2296     2.0677     0.0101          0     80.000 337.393356  1022.5712      4.405      0.123  0.000e+00
      4.483    28.0459   5.660632    35.2299     2.0650     0.0147          0     80.250 337.393359  1022.5717      4.458      0.138  0.000e+00
      4.570    28.0458   5.660564    35.2295     2.0548     0.0032          0     80.500 337.393362  1022.5718      4.545      0.157  0.000e+00
      4.624    28.0458   5.660633    35.2299     2.0540     0.0261          0     80.750 337.393365  1022.5723      4.598      0.172  0.000e+00
      4.645    28.0458   5.660602    35.2297     2.0588     0.0246          0     81.000 337.393368  1022.5723      4.620      0.189  0.000e+00
      4.667    28.0457   5.660602    35.2298     2.0694     0.0223          0     81.250 337.393371  1022.5725      4.641      0.198  0.000e+00
      4.667    28.0454   5.660602    35.2300     2.0856     0.0139          0     81.500 337.393374  1022.5728      4.641      0.191  0.000e+00
      4.689    28.0455   5.660633    35.2302     2.0971     0.0063          0     81.750 337.393377  1022.5730      4.663      0.164  0.000e+00
      4.743    28.0455   5.660633    35.2301     2.1247     0.0139          0     82.000 337.393380  1022.5732      4.716      0.141  0.000e+00
      4.797    28.0458   5.660633    35.2299     2.1293     0.0025          0     82.250 337.393383  1022.5731      4.770      0.128  0.000e+00
      4.829    28.0457   5.660663    35.2302     2.1237     0.0185          0     82.500 337.393385  1022.5735      4.802      0.118  0.000e+00
      4.861    28.0457   5.660633    35.2300     2.1191     0.0429          0     82.750 337.393388  1022.5735      4.835      0.122  0.000e+00
      4.861    28.0456   5.660617    35.2299     2.1198     0.0467          0     83.000 337.393391  1022.5735      4.835      0.125  0.000e+00
