ctd_mafia/cnv/SBE19plus_01906740_2018_12_07_0077.cnv
* Sea-Bird SBE19plus  Data File:
* FileName = C:\Users\all user\Desktop\Patroba _ WWF Mapping Mafia\SBE19plus_01906740_2018_12_07_0077.hex
* Software version 2.6.3.104
* Temperature SN = 6740
* Conductivity SN = 6740
* System UpLoad Time = Dec 07 2018 14:30:32
* <ApplicationData>
* <Seaterm232>
# nquan = 13
# nvalues = 577                                   
# units = specified
# name 0 = prdM: Pressure, Strain Gauge [db]
# name 1 = tv290C: Temperature [ITS-90, deg C]
# name 2 = c0S/m: Conductivity [S/m]
# name 3 = sal00: Salinity, Practical [PSU]
# name 4 = sbeox0ML/L: Oxygen, SBE 43 [ml/l]
# name 5 = flECO-AFL: Fluorescence, WET Labs ECO-AFL/FL [mg/m^3]
# name 6 = nbf: Bottles Fired
# name 7 = timeS: Time, Elapsed [seconds]
# name 8 = timeJ: Julian Days
# name 9 = density00: Density [density, kg/m^3]
# name 10 = depSM: Depth [salt water, m], lat = 0.00
# name 11 = dz/dtM: Descent Rate [m/s]
# name 12 = flag:  0.000e+00
# span 0 =     -1.361,     12.909                 
# span 1 =    28.5437,    29.2872                 
# span 2 =   0.876326,   5.759733                 
# span 3 =     4.5297,    35.2527                 
# span 4 =     1.8362,     2.8692                 
# span 5 =    -0.3569,    48.6833                 
# span 6 =          0,          0                 
# span 7 =      0.000,    144.000                 
# span 8 = 337.353322, 337.354988                 
# span 9 =   999.4606,  1022.4078                 
# span 10 =     -1.354,     12.838                
# span 11 =     -0.707,      0.667                
# span 12 = 0.0000e+00, 0.0000e+00                
# interval = seconds: 0.25
# start_time = Dec 03 2018 08:28:47 [Instrument's time stamp, header]
# bad_flag = -9.990e-29
*END*
     -1.167    28.9446   2.604612    14.6217     2.5937    48.6780          0      0.000 337.353322  1006.8526     -1.160 4.2106e-16  0.000e+00
     -1.188    29.1487   2.900860    16.3858     2.5371    48.6826          0      0.250 337.353325  1008.1018     -1.182     -0.006  0.000e+00
     -1.166    29.2483   3.050708    17.2827     2.8137    48.6803          0      0.500 337.353328  1008.7382     -1.160     -0.004  0.000e+00
     -1.123    29.2870   3.303442    18.8500     2.8692    48.6734          0      0.750 337.353330  1009.8930     -1.117      0.009  0.000e+00
     -1.037    29.2872   3.586878    20.6422     2.8076    -0.0601          0      1.000 337.353333  1011.2284     -1.031      0.042  0.000e+00
     -0.961    29.2384   5.759733    35.0369     2.5661    -0.0654          0      1.250 337.353336  1022.0078     -0.956      0.087  0.000e+00
     -0.885    29.1362   5.744345    35.0060     2.5129    -0.0639          0      1.500 337.353339  1022.0192     -0.881      0.138  0.000e+00
     -0.885    28.9938   5.730970    35.0183     2.4716    -0.0662          0      1.750 337.353342  1022.0761     -0.881      0.170  0.000e+00
     -0.875    28.8725   5.730880    35.1069     2.4084    -0.0029          0      2.000 337.353345  1022.1831     -0.870      0.187  0.000e+00
     -0.885    28.7987   5.736957    35.2033     2.3584     0.0002          0      2.250 337.353348  1022.2802     -0.881      0.181  0.000e+00
     -0.885    28.7536   5.739061    35.2513     2.2804    -0.0014          0      2.500 337.353351  1022.3312     -0.881      0.149  0.000e+00
     -0.831    28.7314   5.731326    35.2142     2.2709     0.0002          0      2.750 337.353354  1022.3109     -0.827      0.119  0.000e+00
     -0.745    28.7231   5.725773    35.1818     2.2816     0.0078          0      3.000 337.353356  1022.2897     -0.741      0.104  0.000e+00
     -0.723    28.7109   5.724520    35.1821     2.3213     0.0086          0      3.250 337.353359  1022.2941     -0.719      0.098  0.000e+00
     -0.691    28.6957   5.722528    35.1796     2.3170     0.0101          0      3.500 337.353362  1022.2974     -0.687      0.105  0.000e+00
     -0.637    28.6861   5.722566    35.1869     2.3150     0.0063          0      3.750 337.353365  1022.3064     -0.633      0.134  0.000e+00
     -0.637    28.6800   5.721322    35.1828     2.3265     0.0025          0      4.000 337.353368  1022.3053     -0.633      0.146  0.000e+00
     -0.669    28.6759   5.720474    35.1800     2.3327    -0.0075          0      4.250 337.353371  1022.3044     -0.666      0.137  0.000e+00
     -0.702    28.6753   5.719902    35.1765     2.3441    -0.0014          0      4.500 337.353374  1022.3018     -0.698      0.102  0.000e+00
     -0.756    28.6747   5.719802    35.1763     2.3522    -0.0044          0      4.750 337.353377  1022.3016     -0.752      0.040  0.000e+00
     -0.713    28.6739   5.721375    35.1877     2.3451    -0.0067          0      5.000 337.353380  1022.3107     -0.709     -0.002  0.000e+00
     -0.637    28.6744   5.722979    35.1985     2.3299     0.0215          0      5.250 337.353383  1022.3189     -0.633     -0.002  0.000e+00
     -0.572    28.6745   5.722520    35.1952     2.3269     0.0223          0      5.500 337.353385  1022.3167     -0.569      0.016  0.000e+00
     -0.561    28.6752   5.718871    35.1694     2.3195     0.0208          0      5.750 337.353388  1022.2971     -0.558      0.037  0.000e+00
     -0.572    28.6755   5.716535    35.1530     2.3216     0.0246          0      6.000 337.353391  1022.2846     -0.569      0.064  0.000e+00
     -0.561    28.6744   5.714902    35.1425     2.3249     0.0246          0      6.250 337.353394  1022.2771     -0.558      0.090  0.000e+00
     -0.518    28.6675   5.718489    35.1724     2.3314     0.0246          0      6.500 337.353397  1022.3021     -0.515      0.112  0.000e+00
     -0.399    28.6644   5.722276    35.2010     2.3398     0.0215          0      6.750 337.353400  1022.3251     -0.397      0.144  0.000e+00
     -0.312    28.6665   5.723781    35.2098     2.3548     0.0284          0      7.000 337.353403  1022.3314     -0.311      0.162  0.000e+00
     -0.215    28.6700   5.723910    35.2080     2.4772     0.0345          0      7.250 337.353406  1022.3293     -0.214      0.190  0.000e+00
     -0.096    28.6723   5.724521    35.2106     2.4901     0.0360          0      7.500 337.353409  1022.3310     -0.096      0.241  0.000e+00
      0.001    28.6737   5.724040    35.2062     2.4636     0.0383          0      7.750 337.353411  1022.3276      0.001      0.305  0.000e+00
      0.055    28.6747   5.722819    35.1969     2.4494     0.0307          0      8.000 337.353414  1022.3206      0.055      0.348  0.000e+00
      0.066    28.6749   5.722490    35.1945     2.4217     0.0276          0      8.250 337.353417  1022.3188      0.066      0.350  0.000e+00
      0.077    28.6745   5.722047    35.1917     2.3967     0.0253          0      8.500 337.353420  1022.3169      0.076      0.315  0.000e+00
      0.120    28.6735   5.721635    35.1896     2.3544     0.0246          0      8.750 337.353423  1022.3158      0.119      0.264  0.000e+00
      0.152    28.6731   5.721406    35.1883     2.3212     0.0215          0      9.000 337.353426  1022.3151      0.152      0.218  0.000e+00
      0.196    28.6728   5.722017    35.1927     2.2929     0.0292          0      9.250 337.353429  1022.3187      0.195      0.177  0.000e+00
      0.250    28.6722   5.721085    35.1867     2.2926     0.0261          0      9.500 337.353432  1022.3146      0.248      0.148  0.000e+00
      0.271    28.6710   5.718421    35.1691     2.3013     0.0360          0      9.750 337.353435  1022.3018      0.270      0.133  0.000e+00
      0.271    28.6700   5.716406    35.1559     2.2951     0.0414          0     10.000 337.353437  1022.2922      0.270      0.127  0.000e+00
      0.207    28.6701   5.715796    35.1516     2.2912     0.0307          0     10.250 337.353440  1022.2887      0.205      0.103  0.000e+00
      0.185    28.6705   5.715063    35.1462     2.2880     0.0208          0     10.500 337.353443  1022.2844      0.184      0.067  0.000e+00
      0.131    28.6706   5.714582    35.1428     2.2840     0.0231          0     10.750 337.353446  1022.2816      0.130      0.012  0.000e+00
      0.163    28.6709   5.715063    35.1459     2.2788     0.0276          0     11.000 337.353449  1022.2840      0.162     -0.023  0.000e+00
      0.196    28.6711   5.716078    35.1528     2.2717     0.0223          0     11.250 337.353452  1022.2892      0.195     -0.042  0.000e+00
      0.272    28.6714   5.716116    35.1528     2.2652     0.0604          0     11.500 337.353455  1022.2895      0.270     -0.029  0.000e+00
      0.315    28.6711   5.714994    35.1453     2.2544     0.0604          0     11.750 337.353458  1022.2841      0.313      0.009  0.000e+00
      0.304    28.6697   5.712598    35.1297     2.2537     0.0597          0     12.000 337.353461  1022.2728      0.302      0.046  0.000e+00
      0.304    28.6664   5.709684    35.1120     2.2522     0.0589          0     12.250 337.353464  1022.2606      0.302      0.081  0.000e+00
      0.250    28.6634   5.707762    35.1009     2.2542     0.0658          0     12.500 337.353466  1022.2530      0.249      0.079  0.000e+00
      0.196    28.6629   5.706633    35.0934     2.2421     0.0086          0     12.750 337.353469  1022.2474      0.195      0.051  0.000e+00
      0.174    28.6632   5.706740    35.0939     2.2384     0.0124          0     13.000 337.353472  1022.2476      0.173     -0.001  0.000e+00
      0.153    28.6630   5.709844    35.1156     2.2347     0.0147          0     13.250 337.353475  1022.2638      0.152     -0.050  0.000e+00
      0.218    28.6622   5.711286    35.1262     2.2291     0.0109          0     13.500 337.353478  1022.2723      0.216     -0.071  0.000e+00
      0.272    28.6623   5.712240    35.1327     2.2269     0.0223          0     13.750 337.353481  1022.2774      0.270     -0.054  0.000e+00
      0.304    28.6629   5.712209    35.1320     2.2170     0.0200          0     14.000 337.353484  1022.2768      0.302     -0.014  0.000e+00
      0.326    28.6628   5.711668    35.1284     2.2158     0.0269          0     14.250 337.353487  1022.2742      0.324      0.030  0.000e+00
      0.337    28.6619   5.710874    35.1235     2.2122     0.0162          0     14.500 337.353490  1022.2709      0.335      0.074  0.000e+00
      0.293    28.6610   5.709715    35.1161     2.2090     0.0063          0     14.750 337.353492  1022.2655      0.292      0.087  0.000e+00
      0.239    28.6592   5.708082    35.1062     2.1950     0.0078          0     15.000 337.353495  1022.2583      0.238      0.065  0.000e+00
      0.185    28.6567   5.708433    35.1104     2.1907     0.0116          0     15.250 337.353498  1022.2621      0.184      0.018  0.000e+00
      0.153    28.6555   5.710004    35.1223     2.1863     0.0185          0     15.500 337.353501  1022.2713      0.152     -0.045  0.000e+00
      0.153    28.6577   5.713361    35.1439     2.1780     0.0368          0     15.750 337.353504  1022.2868      0.152     -0.087  0.000e+00
      0.218    28.6595   5.714910    35.1533     2.1722     0.0337          0     16.000 337.353507  1022.2936      0.216     -0.089  0.000e+00
      0.304    28.6611   5.715094    35.1534     2.1640     0.0307          0     16.250 337.353510  1022.2934      0.302     -0.054  0.000e+00
      0.380    28.6614   5.714323    35.1478     2.1556     0.0299          0     16.500 337.353513  1022.2895      0.378      0.009  0.000e+00
      0.401    28.6603   5.712179    35.1337     2.1568     0.0330          0     16.750 337.353516  1022.2794      0.399      0.077  0.000e+00
      0.369    28.6582   5.707541    35.1031     2.1534    -0.0052          0     17.000 337.353519  1022.2569      0.367      0.118  0.000e+00
      0.282    28.6578   5.706870    35.0988     2.1461    -0.0036          0     17.250 337.353521  1022.2534      0.281      0.113  0.000e+00
      0.174    28.6593   5.706999    35.0986     2.1426     0.0002          0     17.500 337.353524  1022.2523      0.173      0.058  0.000e+00
      0.109    28.6509   5.707495    35.1083     2.1397    -0.0075          0     17.750 337.353527  1022.2621      0.109     -0.024  0.000e+00
      0.109    28.6366   5.710707    35.1411     2.1357    -0.0288          0     18.000 337.353530  1022.2915      0.109     -0.103  0.000e+00
      0.185    28.6339   5.714194    35.1673     2.1297    -0.0326          0     18.250 337.353533  1022.3125      0.184     -0.138  0.000e+00
      0.315    28.6388   5.716598    35.1803     2.1144    -0.0258          0     18.500 337.353536  1022.3211      0.313     -0.107  0.000e+00
      0.444    28.6455   5.716147    35.1721     2.1062    -0.0296          0     18.750 337.353539  1022.3133      0.442     -0.017  0.000e+00
      0.445    28.6504   5.712919    35.1462     2.0936     0.0215          0     19.000 337.353542  1022.2922      0.442      0.076  0.000e+00
      0.401    28.6530   5.710478    35.1273     2.0836     0.0231          0     19.250 337.353545  1022.2770      0.399      0.144  0.000e+00
      0.250    28.6566   5.710966    35.1281     2.0782     0.0246          0     19.500 337.353547  1022.2757      0.249      0.141  0.000e+00
      0.163    28.6508   5.710134    35.1266     2.0810     0.0162          0     19.750 337.353550  1022.2762      0.162      0.080  0.000e+00
      0.120    28.6352   5.710005    35.1373     2.0831     0.0101          0     20.000 337.353553  1022.2891      0.119     -0.013  0.000e+00
      0.163    28.6276   5.712629    35.1611     2.0892     0.0109          0     20.250 337.353556  1022.3098      0.162     -0.095  0.000e+00
      0.271    28.6263   5.713942    35.1711     2.0947     0.0017          0     20.500 337.353559  1022.3182      0.270     -0.127  0.000e+00
      0.380    28.6330   5.714446    35.1697     2.0953     0.0086          0     20.750 337.353562  1022.3154      0.378     -0.092  0.000e+00
      0.444    28.6402   5.713270    35.1561     2.0987    -0.0021          0     21.000 337.353565  1022.3031      0.442     -0.001  0.000e+00
      0.412    28.6446   5.710646    35.1347     2.0946     0.0307          0     21.250 337.353568  1022.2854      0.410      0.081  0.000e+00
      0.347    28.6471   5.708914    35.1208     2.0919     0.0208          0     21.500 337.353571  1022.2738      0.345      0.133  0.000e+00
      0.261    28.6502   5.708982    35.1191     2.0956     0.0276          0     21.750 337.353573  1022.2711      0.259      0.116  0.000e+00
      0.185    28.6516   5.708403    35.1140     2.0942     0.0215          0     22.000 337.353576  1022.2666      0.184      0.049  0.000e+00
      0.163    28.6436   5.710897    35.1373     2.0913     0.0192          0     22.250 337.353579  1022.2866      0.162     -0.040  0.000e+00
      0.239    28.6387   5.712873    35.1546     2.0891     0.0177          0     22.500 337.353582  1022.3015      0.238     -0.097  0.000e+00
      0.325    28.6393   5.713911    35.1613     2.0889     0.0162          0     22.750 337.353585  1022.3067      0.324     -0.100  0.000e+00
      0.358    28.6426   5.712629    35.1500     2.0844     0.0315          0     23.000 337.353588  1022.2973      0.356     -0.061  0.000e+00
      0.358    28.6443   5.710066    35.1309     2.0840     0.0162          0     23.250 337.353591  1022.2824      0.356     -0.000  0.000e+00
      0.336    28.6453   5.708273    35.1177     2.0753     0.0078          0     23.500 337.353594  1022.2720      0.334      0.050  0.000e+00
      0.250    28.6482   5.707861    35.1128     2.0733     0.0032          0     23.750 337.353597  1022.2670      0.248      0.061  0.000e+00
      0.217    28.6511   5.707709    35.1096     2.0840     0.0101          0     24.000 337.353600  1022.2635      0.216      0.041  0.000e+00
      0.174    28.6465   5.707442    35.1111     2.0843     0.0070          0     24.250 337.353602  1022.2660      0.173     -0.013  0.000e+00
      0.174    28.6355   5.710546    35.1408     2.0868    -0.0006          0     24.500 337.353605  1022.2919      0.173     -0.074  0.000e+00
      0.261    28.6323   5.713522    35.1638     2.0749     0.0032          0     24.750 337.353608  1022.3107      0.259     -0.087  0.000e+00
      0.358    28.6337   5.714323    35.1683     2.0748     0.0047          0     25.000 337.353611  1022.3140      0.356     -0.046  0.000e+00
      0.380    28.6374   5.712690    35.1542     2.0692     0.0131          0     25.250 337.353614  1022.3023      0.377      0.009  0.000e+00
      0.380    28.6403   5.710165    35.1346     2.0646     0.0299          0     25.500 337.353617  1022.2865      0.377      0.062  0.000e+00
      0.304    28.6435   5.708388    35.1199     2.0641     0.0246          0     25.750 337.353620  1022.2742      0.302      0.087  0.000e+00
      0.250    28.6473   5.708021    35.1145     2.0584     0.0406          0     26.000 337.353623  1022.2686      0.248      0.070  0.000e+00
      0.250    28.6513   5.709394    35.1211     2.0561     0.0322          0     26.250 337.353626  1022.2722      0.248      0.043  0.000e+00
      0.293    28.6537   5.711347    35.1329     2.0586     0.0467          0     26.500 337.353628  1022.2805      0.291      0.010  0.000e+00
      0.315    28.6565   5.710737    35.1265     2.0621     0.0337          0     26.750 337.353631  1022.2748      0.313     -0.024  0.000e+00
      0.315    28.6572   5.708883    35.1132     2.0573     0.0406          0     27.000 337.353634  1022.2646      0.313     -0.040  0.000e+00
      0.261    28.6569   5.707274    35.1022     2.0609     0.0383          0     27.250 337.353637  1022.2562      0.259     -0.040  0.000e+00
      0.207    28.6573   5.706679    35.0978     2.0591     0.0459          0     27.500 337.353640  1022.2526      0.205     -0.042  0.000e+00
