ctd_mafia/cnv/SBE19plus_01906740_2018_12_07_0087.cnv
* Sea-Bird SBE19plus  Data File:
* FileName = C:\Users\all user\Desktop\Patroba _ WWF Mapping Mafia\SBE19plus_01906740_2018_12_07_0087.hex
* Software version 2.6.3.104
* Temperature SN = 6740
* Conductivity SN = 6740
* System UpLoad Time = Dec 07 2018 14:32:56
* <ApplicationData>
* <Seaterm232>
# nquan = 13
# nvalues = 558                                   
# units = specified
# name 0 = prdM: Pressure, Strain Gauge [db]
# name 1 = tv290C: Temperature [ITS-90, deg C]
# name 2 = c0S/m: Conductivity [S/m]
# name 3 = sal00: Salinity, Practical [PSU]
# name 4 = sbeox0ML/L: Oxygen, SBE 43 [ml/l]
# name 5 = flECO-AFL: Fluorescence, WET Labs ECO-AFL/FL [mg/m^3]
# name 6 = nbf: Bottles Fired
# name 7 = timeS: Time, Elapsed [seconds]
# name 8 = timeJ: Julian Days
# name 9 = density00: Density [density, kg/m^3]
# name 10 = depSM: Depth [salt water, m], lat = 0.00
# name 11 = dz/dtM: Descent Rate [m/s]
# name 12 = flag:  0.000e+00
# span 0 =     -1.365,     10.711                 
# span 1 =    28.1099,    28.7646                 
# span 2 =   0.253170,   5.711094                 
# span 3 =     1.2206,    35.3807                 
# span 4 =     1.7269,     2.7277                 
# span 5 =    -0.1845,     4.5916                 
# span 6 =          0,          0                 
# span 7 =      0.000,    139.250                 
# span 8 = 337.441169, 337.442781                 
# span 9 =   997.0086,  1022.5737                 
# span 10 =     -1.357,     10.652                
# span 11 =     -0.786,      0.486                
# span 12 = 0.0000e+00, 0.0000e+00                
# interval = seconds: 0.25
# start_time = Dec 03 2018 10:35:17 [Instrument's time stamp, header]
# bad_flag = -9.990e-29
*END*
[from data line 445]
     10.127    28.2126   5.677751    35.2236     1.9541     0.0452          0    111.250 337.442457  1022.5365     10.071     -0.261  0.000e+00
      9.987    28.2124   5.677751    35.2238     1.9473     0.0345          0    111.500 337.442459  1022.5361      9.932     -0.374  0.000e+00
      9.760    28.2122   5.677751    35.2240     1.9458     0.0322          0    111.750 337.442462  1022.5353      9.706     -0.497  0.000e+00
      9.576    28.2121   5.677690    35.2237     1.9560     0.0315          0    112.000 337.442465  1022.5343      9.523     -0.608  0.000e+00
      9.403    28.2121   5.677720    35.2240     1.9412     0.0253          0    112.250 337.442468  1022.5338      9.351     -0.688  0.000e+00
      9.262    28.2121   5.677720    35.2240     1.9347     0.0299          0    112.500 337.442471  1022.5332      9.211     -0.717  0.000e+00
      9.014    28.2121   5.677720    35.2241     1.9301     0.0330          0    112.750 337.442474  1022.5322      8.964     -0.734  0.000e+00
      8.733    28.2121   5.677720    35.2242     1.9370     0.0360          0    113.000 337.442477  1022.5311      8.685     -0.764  0.000e+00
      8.571    28.2122   5.677659    35.2237     1.9308     0.0383          0    113.250 337.442480  1022.5300      8.523     -0.786  0.000e+00
      8.452    28.2119   5.677659    35.2240     1.9349     0.0330          0    113.500 337.442483  1022.5298      8.405     -0.785  0.000e+00
      8.311    28.2117   5.677590    35.2237     1.9264     0.0459          0    113.750 337.442486  1022.5290      8.265     -0.757  0.000e+00
      8.214    28.2113   5.677560    35.2238     1.9273     0.0505          0    114.000 337.442488  1022.5288      8.169     -0.719  0.000e+00
      8.106    28.2109   5.677499    35.2238     1.9271     0.0467          0    114.250 337.442491  1022.5285      8.061     -0.668  0.000e+00
      7.911    28.2108   5.677499    35.2239     1.9267     0.0543          0    114.500 337.442494  1022.5278      7.868     -0.628  0.000e+00
      7.673    28.2105   5.677430    35.2237     1.9303     0.0551          0    114.750 337.442497  1022.5267      7.631     -0.600  0.000e+00
      7.522    28.2102   5.677430    35.2240     1.9268     0.0620          0    115.000 337.442500  1022.5264      7.481     -0.588  0.000e+00
      7.382    28.2100   5.677399    35.2239     1.9298     0.0528          0    115.250 337.442503  1022.5258      7.341     -0.608  0.000e+00
      7.209    28.2098   5.677399    35.2241     1.9363     0.0627          0    115.500 337.442506  1022.5253      7.169     -0.639  0.000e+00
      7.025    28.2098   5.677369    35.2240     1.9347     0.0521          0    115.750 337.442509  1022.5244      6.986     -0.667  0.000e+00
      6.917    28.2096   5.677399    35.2244     1.9327     0.0490          0    116.000 337.442512  1022.5243      6.879     -0.675  0.000e+00
      6.733    28.2097   5.677399    35.2243     1.9311     0.0398          0    116.250 337.442514  1022.5234      6.696     -0.672  0.000e+00
      6.517    28.2097   5.677376    35.2242     1.9321     0.0459          0    116.500 337.442517  1022.5224      6.481     -0.664  0.000e+00
      6.322    28.2098   5.677368    35.2242     1.9283     0.0543          0    116.750 337.442520  1022.5215      6.287     -0.667  0.000e+00
      6.149    28.2098   5.677368    35.2242     1.9387     0.0421          0    117.000 337.442523  1022.5208      6.115     -0.690  0.000e+00
      5.944    28.2099   5.677399    35.2244     1.9413     0.0452          0    117.250 337.442526  1022.5201      5.911     -0.716  0.000e+00
      5.771    28.2101   5.677399    35.2243     1.9406     0.0421          0    117.500 337.442529  1022.5192      5.739     -0.729  0.000e+00
      5.641    28.2104   5.677398    35.2241     1.9336     0.0444          0    117.750 337.442532  1022.5184      5.610     -0.728  0.000e+00
      5.490    28.2103   5.677368    35.2241     1.9361     0.0437          0    118.000 337.442535  1022.5177      5.459     -0.724  0.000e+00
      5.306    28.2103   5.677307    35.2237     1.9416     0.0429          0    118.250 337.442538  1022.5166      5.277     -0.702  0.000e+00
      5.187    28.2100   5.677307    35.2239     1.9363     0.0498          0    118.500 337.442541  1022.5164      5.158     -0.666  0.000e+00
      5.057    28.2096   5.677238    35.2238     1.9330     0.0459          0    118.750 337.442543  1022.5159      5.029     -0.633  0.000e+00
      4.830    28.2094   5.677177    35.2236     1.9382     0.0688          0    119.000 337.442546  1022.5148      4.804     -0.629  0.000e+00
      4.603    28.2091   5.677132    35.2235     1.9425     0.0635          0    119.250 337.442549  1022.5139      4.578     -0.644  0.000e+00
      4.430    28.2086   5.677086    35.2236     1.9380     0.0719          0    119.500 337.442552  1022.5134      4.406     -0.670  0.000e+00
      4.257    28.2082   5.677017    35.2235     1.9478     0.0711          0    119.750 337.442555  1022.5127      4.234     -0.698  0.000e+00
      4.117    28.2077   5.676987    35.2237     1.9548     0.0101          0    120.000 337.442558  1022.5124      4.094     -0.707  0.000e+00
      4.030    28.2075   5.677017    35.2241     1.9574     0.0032          0    120.250 337.442561  1022.5124      4.008     -0.688  0.000e+00
      3.976    28.2076   5.677017    35.2240     1.9627     0.0147          0    120.500 337.442564  1022.5121      3.954     -0.647  0.000e+00
      3.868    28.2077   5.677086    35.2245     1.9632     0.0116          0    120.750 337.442567  1022.5119      3.847     -0.585  0.000e+00
      3.673    28.2078   5.677116    35.2246     1.9614     0.0162          0    121.000 337.442569  1022.5112      3.653     -0.531  0.000e+00
      3.479    28.2080   5.677085    35.2243     1.9698     0.0231          0    121.250 337.442572  1022.5101      3.460     -0.512  0.000e+00
      3.327    28.2081   5.677085    35.2243     1.9590     0.0269          0    121.500 337.442575  1022.5094      3.309     -0.520  0.000e+00
      3.079    28.2083   5.677085    35.2242     1.9510     0.0200          0    121.750 337.442578  1022.5082      3.062     -0.566  0.000e+00
      2.830    28.2086   5.677085    35.2241     1.9502     0.0192          0    122.000 337.442581  1022.5069      2.815     -0.646  0.000e+00
      2.700    28.2087   5.677100    35.2242     1.9525     0.0154          0    122.250 337.442584  1022.5064      2.686     -0.712  0.000e+00
      2.625    28.2088   5.677115    35.2242     1.9500     0.0215          0    122.500 337.442587  1022.5061      2.610     -0.733  0.000e+00
      2.506    28.2092   5.677085    35.2238     1.9496     0.0177          0    122.750 337.442590  1022.5051      2.492     -0.710  0.000e+00
      2.441    28.2091   5.677115    35.2241     1.9524     0.0177          0    123.000 337.442593  1022.5050      2.427     -0.642  0.000e+00
      2.322    28.2088   5.677115    35.2243     1.9555     4.5809          0    123.250 337.442595  1022.5048      2.309     -0.576  0.000e+00
      2.127    28.2091   5.677085    35.2239     1.9608     4.5916          0    123.500 337.442598  1022.5036      2.116     -0.536  0.000e+00
      1.879    28.2092   5.677046    35.2237     1.9625     4.5794          0    123.750 337.442601  1022.5023      1.868     -0.523  0.000e+00
      1.684    28.2092   5.677046    35.2237     1.9518     4.5748          0    124.000 337.442604  1022.5015      1.675     -0.549  0.000e+00
      1.587    28.2091   5.677084    35.2241     1.9568     0.5136          0    124.250 337.442607  1022.5014      1.578     -0.590  0.000e+00
      1.446    28.2092   5.677115    35.2243     1.9650     0.5098          0    124.500 337.442610  1022.5009      1.438     -0.628  0.000e+00
      1.338    28.2094   5.677145    35.2244     1.9675     0.5083          0    124.750 337.442613  1022.5005      1.331     -0.638  0.000e+00
      1.295    28.2097   5.677130    35.2241     1.9680     0.5167          0    125.000 337.442616  1022.4999      1.288     -0.613  0.000e+00
      1.198    28.2097   5.677175    35.2244     1.9621     0.0124          0    125.250 337.442619  1022.4998      1.191     -0.554  0.000e+00
      1.035    28.2100   5.677175    35.2242     1.9613     0.0246          0    125.500 337.442622  1022.4989      1.030     -0.496  0.000e+00
      0.841    28.2101   5.677175    35.2242     1.9589     0.0162          0    125.750 337.442624  1022.4980      0.836     -0.468  0.000e+00
      0.711    28.2103   5.677175    35.2241     1.9590     0.0261          0    126.000 337.442627  1022.4973      0.707     -0.473  0.000e+00
      0.560    28.2104   5.677175    35.2241     1.9528     0.0162          0    126.250 337.442630  1022.4966      0.557     -0.504  0.000e+00
      0.333    28.2106   5.677205    35.2242     1.9400     0.0078          0    126.500 337.442633  1022.4957      0.331     -0.554  0.000e+00
      0.203    28.2109   5.677236    35.2243     1.9393     0.0063          0    126.750 337.442636  1022.4950      0.202     -0.602  0.000e+00
      0.127    28.2113   5.677365    35.2248     1.9471     0.0116          0    127.000 337.442639  1022.4950      0.127     -0.623  0.000e+00
     -0.002    28.2122   5.677494    35.2251     1.9468     0.0109          0    127.250 337.442642  1022.4943     -0.002     -0.612  0.000e+00
     -0.197    28.2131   5.677555    35.2249     1.9440     0.0124          0    127.500 337.442645  1022.4931     -0.196     -0.599  0.000e+00
     -0.316    28.2141   5.677616    35.2247     1.9350     0.0086          0    127.750 337.442648  1022.4921     -0.314     -0.579  0.000e+00
     -0.359    28.2148   5.677646    35.2244     1.9450     0.0116          0    128.000 337.442650  1022.4914     -0.357     -0.545  0.000e+00
     -0.478    28.2150   5.677616    35.2241     1.9591     0.0131          0    128.250 337.442653  1022.4906     -0.475     -0.506  0.000e+00
     -0.575    28.2153   5.677654    35.2241     1.9533    -0.1723          0    128.500 337.442656  1022.4901     -0.572     -0.464  0.000e+00
     -0.662    28.2157   5.677715    35.2242     1.9486    -0.1845          0    128.750 337.442659  1022.4897     -0.658     -0.445  0.000e+00
     -0.705    28.2163   5.677874    35.2249     1.9482    -0.1791          0    129.000 337.442662  1022.4898     -0.701     -0.415  0.000e+00
     -0.716    28.2177   5.678156    35.2259     1.9502    -0.1715          0    129.250 337.442665  1022.4901     -0.712     -0.352  0.000e+00
     -0.694    28.2190   5.678255    35.2256     1.9517     0.0231          0    129.500 337.442668  1022.4895     -0.691     -0.271  0.000e+00
     -0.640    28.2206   5.678384    35.2253     1.9527     0.0208          0    129.750 337.442671  1022.4890     -0.637     -0.194  0.000e+00
     -0.565    28.2227   5.678795    35.2266     1.9478     0.0215          0    130.000 337.442674  1022.4896     -0.562     -0.107  0.000e+00
     -0.511    28.2276   5.680226    35.2329     1.9457     0.0223          0    130.250 337.442677  1022.4929     -0.508     -0.003  0.000e+00
     -0.500    28.2333   5.680195    35.2284     1.9491     0.0200          0    130.500 337.442679  1022.4878     -0.497      0.074  0.000e+00
     -0.565    28.2362   5.679944    35.2245     1.9378    -0.0029          0    130.750 337.442682  1022.4836     -0.561      0.103  0.000e+00
     -0.651    28.2375   5.679845    35.2229     1.9495    -0.0052          0    131.000 337.442685  1022.4816     -0.647      0.079  0.000e+00
     -0.694    28.2381   5.680035    35.2238     1.9507     0.0009          0    131.250 337.442688  1022.4819     -0.690      0.029  0.000e+00
     -0.651    28.2394   5.680545    35.2264     1.9550    -0.0052          0    131.500 337.442691  1022.4836     -0.647     -0.014  0.000e+00
     -0.586    28.2425   5.680987    35.2271     1.9523     0.0810          0    131.750 337.442694  1022.4834     -0.583     -0.037  0.000e+00
     -0.554    28.2446   5.680827    35.2244     1.9585     0.0833          0    132.000 337.442697  1022.4808     -0.551     -0.041  0.000e+00
     -0.629    28.2449   5.680507    35.2220     1.9557     0.0849          0    132.250 337.442700  1022.4785     -0.626     -0.045  0.000e+00
     -0.835    28.2440   5.680256    35.2210     1.9917     0.0833          0    132.500 337.442703  1022.4772     -0.830     -0.082  0.000e+00
     -1.073    28.2429   5.680286    35.2221     2.0110     0.5052          0    132.750 337.442705  1022.4774     -1.067     -0.157  0.000e+00
     -1.256    28.2428   5.680476    35.2235     2.0195     0.5075          0    133.000 337.442708  1022.4777     -1.249     -0.264  0.000e+00
     -1.343    28.2430   5.680545    35.2239     2.0095     0.5083          0    133.250 337.442711  1022.4776     -1.335     -0.378  0.000e+00
     -1.365    28.2434   4.331392    26.0017     2.1138     0.5113          0    133.500 337.442714  1015.5614     -1.357     -0.465  0.000e+00
     -1.354    28.2420   1.133837     6.0132     2.3558     0.9905          0    133.750 337.442717  1000.6551     -1.346     -0.490  0.000e+00
     -1.354    28.2332   1.093529     5.7843     2.3627     0.9867          0    134.000 337.442720  1000.4870     -1.346     -0.447  0.000e+00
     -1.354    28.2227   0.991675     5.2077     2.3646     0.9935          0    134.250 337.442723  1000.0603     -1.346     -0.342  0.000e+00
     -1.365    28.2150   1.172473     6.2379     2.3665     0.9912          0    134.500 337.442726  1000.8305     -1.357     -0.211  0.000e+00
     -1.343    28.2078   1.141970     6.0640     2.4129     0.9882          0    134.750 337.442729  1000.7031     -1.336     -0.094  0.000e+00
     -1.365    28.1995   1.019317     5.3666     2.4332    -0.0296          0    135.000 337.442731  1000.1855     -1.357     -0.029  0.000e+00
     -1.365    28.1904   1.030784     5.4326     2.4170    -0.0273          0    135.250 337.442734  1000.2374     -1.357     -0.005  0.000e+00
     -1.354    28.1816   1.065232     5.6293     2.3908    -0.0250          0    135.500 337.442737  1000.3866     -1.346 -5.702e-11  0.000e+00
     -1.343    28.1742   0.925446     4.8397     2.3831    -0.0197          0    135.750 337.442740   999.8001     -1.336      0.001  0.000e+00
     -1.365    28.1695   0.944104     4.9451     2.3678    -0.0296          0    136.000 337.442743   999.8800     -1.357     -0.001  0.000e+00
     -1.365    28.1669   1.122646     5.9586     2.3459    -0.0288          0    136.250 337.442746  1000.6364     -1.357     -0.002  0.000e+00
     -1.354    28.1629   1.279373     6.8612     2.3227    -0.0212          0    136.500 337.442749  1001.3104     -1.346     -0.000  0.000e+00
     -1.321    28.1565   0.790870     4.0903     2.3458    -0.0242          0    136.750 337.442752   999.2462     -1.314      0.007  0.000e+00
     -1.354    28.1499   0.607981     3.0880     2.3568    -0.0265          0    137.000 337.442755   998.4997     -1.346      0.010  0.000e+00
     -1.354    28.1418   0.499457     2.5047     2.3437    -0.0273          0    137.250 337.442758   998.0662     -1.346      0.006  0.000e+00
     -1.332    28.1328   0.411231     2.0377     2.3550    -0.0197          0    137.500 337.442760   997.7197     -1.325      0.008  0.000e+00
     -1.354    28.1231   0.398767     1.9727     2.3563    -0.0242          0    137.750 337.442763   997.6737     -1.346      0.005  0.000e+00
     -1.343    28.1147   0.396355     1.9604     2.3627    -0.0242          0    138.000 337.442766   997.6670     -1.336      0.009  0.000e+00
     -1.343    28.1101   0.395624     1.9567     2.3629    -0.0250          0    138.250 337.442769   997.6656     -1.336      0.005  0.000e+00
     -1.332    28.1099   0.355955     1.7495     2.3815    -0.0319          0    138.500 337.442772   997.5106     -1.325      0.003  0.000e+00
