ctd_mafia/cnv/SBE19plus_01906740_2018_12_07_0104.cnv
* Sea-Bird SBE19plus  Data File:
* FileName = C:\Users\all user\Desktop\Patroba _ WWF Mapping Mafia\SBE19plus_01906740_2018_12_07_0104.hex
* Software version 2.6.3.104
* Temperature SN = 6740
* Conductivity SN = 6740
* System UpLoad Time = Dec 07 2018 14:36:44
* <ApplicationData>
* <Seaterm232>
# nquan = 13
# nvalues = 1082                                  
# units = specified
# name 0 = prdM: Pressure, Strain Gauge [db]
# name 1 = tv290C: Temperature [ITS-90, deg C]
# name 2 = c0S/m: Conductivity [S/m]
# name 3 = sal00: Salinity, Practical [PSU]
# name 4 = sbeox0ML/L: Oxygen, SBE 43 [ml/l]
# name 5 = flECO-AFL: Fluorescence, WET Labs ECO-AFL/FL [mg/m^3]
# name 6 = nbf: Bottles Fired
# name 7 = timeS: Time, Elapsed [seconds]
# name 8 = timeJ: Julian Days
# name 9 = density00: Density [density, kg/m^3]
# name 10 = depSM: Depth [salt water, m], lat = 0.00
# name 11 = dz/dtM: Descent Rate [m/s]
# name 12 = flag:  0.000e+00
# span 0 =     -1.401,     18.502                 
# span 1 =    27.3551,    28.6746                 
# span 2 =   0.512993,   5.695220                 
# span 3 =     2.5489,    35.5061                 
# span 4 =     1.7655,     3.0306                 
# span 5 =    -0.4317,    48.6848                 
# span 6 =          0,          0                 
# span 7 =      0.000,    270.250                 
# span 8 = 338.423287, 338.426415                 
# span 9 =   997.9451,  1022.9116                 
# span 10 =     -1.393,     18.399                
# span 11 =     -0.957,      0.377                
# span 12 = 0.0000e+00, 0.0000e+00                
# interval = seconds: 0.25
# start_time = Dec 04 2018 10:09:32 [Instrument's time stamp, header]
# bad_flag = -9.990e-29
*END*
[from data line 1001]
      3.649    28.1089   5.676988    35.2977     2.1237     0.0131          0    250.250 338.426183  1022.5985      3.629     -0.297  0.000e+00
      3.498    28.1120   5.676889    35.2947     2.1044     0.0139          0    250.500 338.426186  1022.5946      3.479     -0.231  0.000e+00
      3.152    28.1138   5.676478    35.2906     2.1116     0.0170          0    250.750 338.426189  1022.5894      3.134     -0.240  0.000e+00
      2.925    28.1131   5.676257    35.2896     2.1161     0.0253          0    251.000 338.426192  1022.5879      2.909     -0.331  0.000e+00
      2.838    28.1112   5.676288    35.2913     2.1280     0.0215          0    251.250 338.426195  1022.5895      2.823     -0.428  0.000e+00
      2.827    28.1097   5.676577    35.2945     2.1265     0.0208          0    251.500 338.426198  1022.5923      2.812     -0.497  0.000e+00
      2.860    28.1097   5.676387    35.2931     2.1232     0.0070          0    251.750 338.426201  1022.5914      2.844     -0.510  0.000e+00
      2.838    28.1098   5.676387    35.2930     2.1190     0.0124          0    252.000 338.426204  1022.5912      2.823     -0.481  0.000e+00
      2.644    28.1100   5.676607    35.2945     2.1225     0.0086          0    252.250 338.426207  1022.5914      2.629     -0.445  0.000e+00
      2.309    28.1108   5.676227    35.2914     2.1207     0.0131          0    252.500 338.426209  1022.5874      2.296     -0.429  0.000e+00
      2.103    28.1100   5.676219    35.2919     2.1393     0.0101          0    252.750 338.426212  1022.5872      2.092     -0.428  0.000e+00
      2.017    28.1090   5.677086    35.2988     2.1409     0.0101          0    253.000 338.426215  1022.5923      2.006     -0.473  0.000e+00
      2.038    28.1112   5.677147    35.2976     2.1267     0.0116          0    253.250 338.426218  1022.5908      2.027     -0.512  0.000e+00
      2.049    28.1134   5.677086    35.2955     2.1167     0.0070          0    253.500 338.426221  1022.5885      2.038     -0.517  0.000e+00
      2.060    28.1141   5.677018    35.2945     2.1187     0.0131          0    253.750 338.426224  1022.5876      2.049     -0.471  0.000e+00
      1.941    28.1146   5.677018    35.2942     2.1152     0.0231          0    254.000 338.426227  1022.5867      1.930     -0.395  0.000e+00
      1.638    28.1150   5.676858    35.2928     2.1184     0.0246          0    254.250 338.426230  1022.5842      1.629     -0.345  0.000e+00
      1.422    28.1147   5.676766    35.2925     2.1307     0.0246          0    254.500 338.426233  1022.5831      1.414     -0.338  0.000e+00
      1.314    28.1141   5.677208    35.2961     2.1459     0.0177          0    254.750 338.426236  1022.5856      1.307     -0.390  0.000e+00
      1.292    28.1147   5.677527    35.2979     2.1442     0.0093          0    255.000 338.426238  1022.5866      1.285     -0.450  0.000e+00
      1.314    28.1165   5.677428    35.2958     2.1557     0.0086          0    255.250 338.426241  1022.5845      1.307     -0.479  0.000e+00
      1.314    28.1172   5.677375    35.2949     2.1511     0.0078          0    255.500 338.426244  1022.5837      1.307     -0.453  0.000e+00
      1.141    28.1177   5.677428    35.2950     2.1434     0.0093          0    255.750 338.426247  1022.5828      1.135     -0.422  0.000e+00
      0.784    28.1184   5.677207    35.2930     2.1355    -0.0006          0    256.000 338.426250  1022.5796      0.780     -0.422  0.000e+00
      0.514    28.1182   5.677428    35.2948     2.1207     0.0032          0    256.250 338.426253  1022.5798      0.511     -0.449  0.000e+00
      0.406    28.1187   5.679117    35.3062     2.1125     0.0009          0    256.500 338.426256  1022.5878      0.404     -0.510  0.000e+00
      0.374    28.1255   5.680670    35.3121     2.1024    -0.0052          0    256.750 338.426259  1022.5898      0.371     -0.570  0.000e+00
      0.417    28.1360   5.682169    35.3147     2.0995    -0.0067          0    257.000 338.426262  1022.5885      0.414     -0.584  0.000e+00
      0.417    28.1480   5.684331    35.3209     2.0853     0.0086          0    257.250 338.426264  1022.5892      0.414     -0.546  0.000e+00
      0.352    28.1623   5.683691    35.3057     2.0952     0.0086          0    257.500 338.426267  1022.5729      0.350     -0.460  0.000e+00
      0.082    28.1697   5.683409    35.2982     2.1100     0.0238          0    257.750 338.426270  1022.5637      0.081     -0.381  0.000e+00
     -0.145    28.1722   5.682929    35.2931     2.1178     0.0177          0    258.000 338.426273  1022.5580     -0.145     -0.339  0.000e+00
     -0.232    28.1707   5.681993    35.2877     2.1309     0.0002          0    258.250 338.426276  1022.5541     -0.231     -0.352  0.000e+00
     -0.297    28.1665   5.684102    35.3056     2.1367    -0.0075          0    258.500 338.426279  1022.5686     -0.295     -0.406  0.000e+00
     -0.243    28.1715   5.687064    35.3225     2.1428    -0.0029          0    258.750 338.426282  1022.5799     -0.241     -0.427  0.000e+00
     -0.318    28.1863   5.688053    35.3185     2.1540    -0.0021          0    259.000 338.426285  1022.5717     -0.317     -0.435  0.000e+00
     -0.481    28.1989   5.687383    35.3043     2.1634    -0.0044          0    259.250 338.426288  1022.5562     -0.478     -0.427  0.000e+00
     -0.589    28.2036   5.685852    35.2902     2.1680    -0.0067          0    259.500 338.426291  1022.5436     -0.585     -0.387  0.000e+00
     -0.621    28.2001   5.686431    35.2968     2.2118    -0.0014          0    259.750 338.426293  1022.5496     -0.618     -0.311  0.000e+00
     -0.654    28.1986   5.686393    35.2978     2.2515    -0.0006          0    260.000 338.426296  1022.5507     -0.650     -0.268  0.000e+00
     -0.632    28.1981   5.685951    35.2950     2.2575     0.0192          0    260.250 338.426299  1022.5489     -0.629     -0.247  0.000e+00
     -0.600    28.1971   5.686454    35.2993     2.2628     0.0093          0    260.500 338.426302  1022.5525     -0.596     -0.213  0.000e+00
     -0.535    28.1974   5.685951    35.2955     2.2530     0.0147          0    260.750 338.426305  1022.5499     -0.532     -0.159  0.000e+00
     -0.513    28.1960   5.685220    35.2914     2.2432     0.0131          0    261.000 338.426308  1022.5473     -0.510     -0.065  0.000e+00
     -0.491    28.1926   5.684451    35.2886     2.2286     0.0063          0    261.250 338.426311  1022.5464     -0.489      0.027  0.000e+00
     -0.524    28.1875   5.683949    35.2889     2.2039     0.0139          0    261.500 338.426314  1022.5482     -0.521      0.069  0.000e+00
     -0.545    28.1824   5.683629    35.2905     2.1756     0.0078          0    261.750 338.426317  1022.5510     -0.542      0.071  0.000e+00
     -0.567    28.1778   5.683409    35.2924     2.1768     0.0101          0    262.000 338.426319  1022.5538     -0.564      0.053  0.000e+00
     -0.545    28.1749   5.683310    35.2939     2.1698     0.0131          0    262.250 338.426322  1022.5560     -0.542      0.027  0.000e+00
     -0.535    28.1728   5.682800    35.2918     2.1748     0.0162          0    262.500 338.426325  1022.5552     -0.532      0.004  0.000e+00
     -0.524    28.1699   5.682450    35.2916     2.1762     0.0147          0    262.750 338.426328  1022.5560     -0.521     -0.012  0.000e+00
     -0.524    28.1670   5.682419    35.2935     2.1775     0.0231          0    263.000 338.426331  1022.5584     -0.521     -0.011  0.000e+00
     -0.502    28.1650   5.682480    35.2954     2.1839     0.0231          0    263.250 338.426334  1022.5606     -0.499      0.002  0.000e+00
     -0.524    28.1643   5.682670    35.2973     2.1862    -0.0273          0    263.500 338.426337  1022.5621     -0.521      0.016  0.000e+00
     -0.513    28.1647   5.682899    35.2986     2.1868    -0.0265          0    263.750 338.426340  1022.5630     -0.510      0.024  0.000e+00
     -0.535    28.1656   5.683181    35.2999     2.1924    -0.0273          0    264.000 338.426343  1022.5636     -0.532      0.018  0.000e+00
     -0.535    28.1673   5.683439    35.3004     2.2014    -0.0296          0    264.250 338.426345  1022.5634     -0.532      0.004  0.000e+00
     -0.578    28.1717   5.687193    35.3234     2.2042    -0.0059          0    264.500 338.426348  1022.5791     -0.575     -0.016  0.000e+00
     -0.643    28.1852   5.687002    35.3120     2.1859    -0.0067          0    264.750 338.426351  1022.5658     -0.639     -0.048  0.000e+00
     -0.794    28.1937   5.684931    35.2912     2.1828    -0.0006          0    265.000 338.426354  1022.5467     -0.790     -0.109  0.000e+00
     -1.032    28.1907   5.684139    35.2880     2.2246    -0.0014          0    265.250 338.426357  1022.5443     -1.026     -0.216  0.000e+00
     -1.238    28.1868   5.686484    35.3074     2.2211    -0.0029          0    265.500 338.426360  1022.5593     -1.231     -0.336  0.000e+00
     -1.367    28.1925   5.670290    35.1898     2.2222     1.0004          0    265.750 338.426363  1022.4684     -1.360     -0.449  0.000e+00
     -1.389    28.2021   1.752023     9.6364     2.5879     1.0027          0    266.000 338.426366  1003.3660     -1.381     -0.508  0.000e+00
     -1.389    28.2071   1.099643     5.8223     2.6783     0.9996          0    266.250 338.426369  1000.5229     -1.381     -0.516  0.000e+00
     -1.400    28.2008   0.970023     5.0879     2.7926     0.9989          0    266.500 338.426372   999.9771     -1.392     -0.470  0.000e+00
     -1.367    28.1848   0.980442     5.1483     2.8815     0.3008          0    266.750 338.426374  1000.0270     -1.360     -0.372  0.000e+00
     -1.389    28.1627   0.949436     4.9758     2.8932     0.3000          0    267.000 338.426377   999.9047     -1.381     -0.249  0.000e+00
     -1.367    28.1415   0.934872     4.8960     2.9229     0.3023          0    267.250 338.426380   999.8515     -1.360     -0.120  0.000e+00
     -1.378    28.1235   0.849150     4.4174     2.9607     0.3015          0    267.500 338.426383   999.4996     -1.370     -0.036  0.000e+00
     -1.389    28.1074   1.002729     5.2828     3.0306     0.2123          0    267.750 338.426386  1000.1498     -1.381      0.000  0.000e+00
     -1.378    28.0901   0.913175     4.7791     2.9812     0.2138          0    268.000 338.426389   999.7792     -1.370      0.006  0.000e+00
     -1.367    28.0793   0.850834     4.4308     2.8845     0.2138          0    268.250 338.426392   999.5226     -1.360      0.008  0.000e+00
     -1.367    28.0738   1.055152     5.5844     2.7743     0.2199          0    268.500 338.426395  1000.3846     -1.360      0.009  0.000e+00
     -1.345    28.0720   0.759722     3.9249     2.7161    -0.0448          0    268.750 338.426398   999.1472     -1.338      0.010  0.000e+00
     -1.356    28.0735   0.653515     3.3409     2.6636    -0.0502          0    269.000 338.426400   998.7106     -1.349      0.016  0.000e+00
     -1.345    28.0757   0.604094     3.0717     2.6191    -0.0426          0    269.250 338.426403   998.5090     -1.338      0.017  0.000e+00
     -1.345    28.0763   0.641570     3.2755     2.5725    -0.0471          0    269.500 338.426406   998.6610     -1.338      0.022  0.000e+00
     -1.356    28.0771   0.744015     3.8377     2.5246    -0.0502          0    269.750 338.426409   999.0805     -1.349      0.019  0.000e+00
     -1.356    28.0787   0.858383     4.4731     2.5239    -0.0258          0    270.000 338.426412   999.5543     -1.349      0.011  0.000e+00
     -1.367    28.0805   0.618554     3.1499     2.5454    -0.0258          0    270.250 338.426415   998.5659     -1.359      0.002  0.000e+00
