ctd_mafia/cnv/SBE19plus_01906740_2018_12_07_0100.cnv
* Sea-Bird SBE19plus  Data File:
* FileName = C:\Users\all user\Desktop\Patroba _ WWF Mapping Mafia\SBE19plus_01906740_2018_12_07_0100.hex
* Software version 2.6.3.104
* Temperature SN = 6740
* Conductivity SN = 6740
* System UpLoad Time = Dec 07 2018 14:35:20
* <ApplicationData>
* <Seaterm232>
# nquan = 13
# nvalues = 543                                   
# units = specified
# name 0 = prdM: Pressure, Strain Gauge [db]
# name 1 = tv290C: Temperature [ITS-90, deg C]
# name 2 = c0S/m: Conductivity [S/m]
# name 3 = sal00: Salinity, Practical [PSU]
# name 4 = sbeox0ML/L: Oxygen, SBE 43 [ml/l]
# name 5 = flECO-AFL: Fluorescence, WET Labs ECO-AFL/FL [mg/m^3]
# name 6 = nbf: Bottles Fired
# name 7 = timeS: Time, Elapsed [seconds]
# name 8 = timeJ: Julian Days
# name 9 = density00: Density [density, kg/m^3]
# name 10 = depSM: Depth [salt water, m], lat = 0.00
# name 11 = dz/dtM: Descent Rate [m/s]
# name 12 = flag:  0.000e+00
# span 0 =     -1.355,      7.045                 
# span 1 =    28.0987,    28.4409                 
# span 2 =   0.483836,   5.707164                 
# span 3 =     2.4181,    35.3282                 
# span 4 =     1.8151,     2.9098                 
# span 5 =    -0.4317,     2.0777                 
# span 6 =          0,          0                 
# span 7 =      0.000,    135.500                 
# span 8 = 338.393600, 338.395168                 
# span 9 =   997.9823,  1022.5912                 
# span 10 =     -1.348,      7.006                
# span 11 =     -0.958,      0.178                
# span 12 = 0.0000e+00, 0.0000e+00                
# interval = seconds: 0.25
# start_time = Dec 04 2018 09:26:47 [Instrument's time stamp, header]
# bad_flag = -9.990e-29
*END*
[from data line 334]
      5.942    28.2211   5.689298    35.2993     2.0935     0.0192          0     83.500 338.394566  1022.5726      5.909      0.129  0.000e+00
      5.985    28.2194   5.687828    35.2902     2.0825     0.0147          0     83.750 338.394569  1022.5666      5.952      0.139  0.000e+00
      5.985    28.2137   5.687287    35.2907     2.0817    -0.0021          0     84.000 338.394572  1022.5688      5.952      0.140  0.000e+00
      5.996    28.2067   5.687417    35.2969     2.0878     0.0032          0     84.250 338.394575  1022.5758      5.963      0.129  0.000e+00
      6.018    28.2035   5.687417    35.2992     2.0851    -0.0059          0     84.500 338.394578  1022.5787      5.985      0.117  0.000e+00
      6.061    28.2019   5.686275    35.2925     2.0802     0.0032          0     84.750 338.394580  1022.5743      6.028      0.110  0.000e+00
      6.093    28.1971   5.685924    35.2936     2.0941     0.0093          0     85.000 338.394583  1022.5769      6.060      0.104  0.000e+00
      6.137    28.1924   5.685986    35.2975     2.0999     0.0101          0     85.250 338.394586  1022.5816      6.103      0.106  0.000e+00
      6.158    28.1899   5.685856    35.2985     2.1006     0.0162          0     85.500 338.394589  1022.5832      6.124      0.107  0.000e+00
      6.180    28.1884   5.685826    35.2993     2.1008     0.0070          0     85.750 338.394592  1022.5845      6.146      0.110  0.000e+00
      6.201    28.1874   5.685887    35.3005     2.1032     0.0009          0     86.000 338.394595  1022.5857      6.167      0.118  0.000e+00
      6.212    28.1872   5.686176    35.3027     2.0889    -0.0052          0     86.250 338.394598  1022.5875      6.178      0.115  0.000e+00
      6.223    28.1884   5.686656    35.3051     2.0907    -0.0067          0     86.500 338.394601  1022.5890      6.189      0.102  0.000e+00
      6.245    28.1909   5.686747    35.3039     2.0853    -0.0014          0     86.750 338.394604  1022.5873      6.210      0.088  0.000e+00
      6.288    28.1937   5.687775    35.3090     2.0778     0.0147          0     87.000 338.394606  1022.5905      6.253      0.084  0.000e+00
      6.342    28.1988   5.688727    35.3119     2.0764     0.0238          0     87.250 338.394609  1022.5912      6.307      0.091  0.000e+00
      6.385    28.2059   5.689329    35.3107     2.0771     0.0292          0     87.500 338.394612  1022.5882      6.350      0.107  0.000e+00
      6.407    28.2122   5.689077    35.3042     2.0798     0.0170          0     87.750 338.394615  1022.5813      6.372      0.119  0.000e+00
      6.450    28.2150   5.688978    35.3015     2.0702     0.0269          0     88.000 338.394618  1022.5785      6.415      0.133  0.000e+00
      6.461    28.2154   5.688788    35.2998     2.0696    -0.0166          0     88.250 338.394621  1022.5771      6.425      0.140  0.000e+00
      6.472    28.2150   5.688437    35.2977     2.0721    -0.0097          0     88.500 338.394624  1022.5757      6.436      0.135  0.000e+00
      6.515    28.2133   5.687927    35.2953     2.0726    -0.0166          0     88.750 338.394627  1022.5747      6.479      0.129  0.000e+00
      6.526    28.2102   5.687676    35.2959     2.0778    -0.0120          0     89.000 338.394630  1022.5762      6.490      0.113  0.000e+00
      6.526    28.2072   5.687775    35.2988     2.0845     0.0063          0     89.250 338.394633  1022.5793      6.490      0.093  0.000e+00
      6.547    28.2056   5.687676    35.2993     2.0812    -0.0014          0     89.500 338.394635  1022.5804      6.511      0.081  0.000e+00
      6.569    28.2044   5.687478    35.2988     2.0785    -0.0029          0     89.750 338.394638  1022.5805      6.533      0.075  0.000e+00
      6.601    28.2038   5.687866    35.3020     2.0745     0.0032          0     90.000 338.394641  1022.5832      6.565      0.073  0.000e+00
      6.645    28.2037   5.688278    35.3049     2.0696     0.0177          0     90.250 338.394644  1022.5856      6.608      0.084  0.000e+00
      6.688    28.2058   5.686496    35.2909     2.0616     0.0185          0     90.500 338.394647  1022.5746      6.651      0.097  0.000e+00
      6.720    28.2013   5.685986    35.2907     2.0634     0.0276          0     90.750 338.394650  1022.5760      6.683      0.107  0.000e+00
      6.742    28.1949   5.685986    35.2954     2.0647     0.0154          0     91.000 338.394653  1022.5818      6.705      0.120  0.000e+00
      6.742    28.1910   5.686047    35.2988     2.0641     0.0063          0     91.250 338.394656  1022.5856      6.705      0.123  0.000e+00
      6.731    28.1896   5.686146    35.3005     2.0742     0.0032          0     91.500 338.394659  1022.5873      6.694      0.107  0.000e+00
      6.764    28.1893   5.686153    35.3008     2.0822     0.0101          0     91.750 338.394661  1022.5878      6.726      0.094  0.000e+00
      6.785    28.1893   5.686336    35.3021     2.0695     0.0063          0     92.000 338.394664  1022.5888      6.748      0.080  0.000e+00
      6.796    28.1901   5.686176    35.3004     2.0680     0.0124          0     92.250 338.394667  1022.5873      6.759      0.065  0.000e+00
      6.850    28.1901   5.686085    35.2997     2.0861    -0.0029          0     92.500 338.394670  1022.5871      6.812      0.066  0.000e+00
      6.893    28.1896   5.686047    35.2998     2.0917    -0.0212          0     92.750 338.394673  1022.5875      6.855      0.079  0.000e+00
      6.904    28.1892   5.686306    35.3019     2.0813    -0.0128          0     93.000 338.394676  1022.5892      6.866      0.092  0.000e+00
      6.937    28.1898   5.686466    35.3026     2.0760    -0.0067          0     93.250 338.394679  1022.5897      6.898      0.108  0.000e+00
      6.947    28.1909   5.686397    35.3012     2.0720     0.0055          0     93.500 338.394682  1022.5883      6.909      0.115  0.000e+00
      6.915    28.1913   5.686367    35.3007     2.0667     0.0170          0     93.750 338.394685  1022.5877      6.877      0.095  0.000e+00
      6.937    28.1916   5.686336    35.3003     2.0756     0.0185          0     94.000 338.394687  1022.5873      6.898      0.080  0.000e+00
      6.958    28.1914   5.686336    35.3004     2.0704     0.0002          0     94.250 338.394690  1022.5876      6.920      0.066  0.000e+00
      6.947    28.1915   5.686336    35.3004     2.0661     0.0276          0     94.500 338.394693  1022.5875      6.909      0.042  0.000e+00
      6.947    28.1912   5.686336    35.3006     2.0723     0.0368          0     94.750 338.394696  1022.5877      6.909      0.025  0.000e+00
      6.958    28.1913   5.686367    35.3007     2.0703     0.0246          0     95.000 338.394699  1022.5879      6.920      0.019  0.000e+00
      6.947    28.1913   5.686397    35.3009     2.0679     0.0429          0     95.250 338.394702  1022.5880      6.909      0.010  0.000e+00
      6.969    28.1915   5.686397    35.3008     2.0673     0.0231          0     95.500 338.394705  1022.5879      6.931      0.014  0.000e+00
      6.969    28.1916   5.686435    35.3010     2.0656     0.0292          0     95.750 338.394708  1022.5880      6.931      0.020  0.000e+00
      6.969    28.1919   5.686435    35.3007     2.0622     0.0414          0     96.000 338.394711  1022.5877      6.931      0.014  0.000e+00
      6.980    28.1920   5.686435    35.3007     2.0626     0.0376          0     96.250 338.394714  1022.5877      6.941      0.014  0.000e+00
      6.980    28.1921   5.686428    35.3005     2.0587     0.0360          0     96.500 338.394716  1022.5876      6.941      0.018  0.000e+00
      6.980    28.1921   5.686435    35.3006     2.0559     0.0147          0     96.750 338.394719  1022.5876      6.941      0.017  0.000e+00
      6.991    28.1921   5.686466    35.3008     2.0686     0.0292          0     97.000 338.394722  1022.5878      6.952      0.017  0.000e+00
      6.969    28.1922   5.686435    35.3005     2.0653     0.0284          0     97.250 338.394725  1022.5875      6.931      0.012  0.000e+00
      6.991    28.1921   5.686397    35.3003     2.0644     0.0246          0     97.500 338.394728  1022.5875      6.952      0.009  0.000e+00
      6.991    28.1921   5.686367    35.3001     2.0636    -0.0075          0     97.750 338.394731  1022.5873      6.952      0.009  0.000e+00
      7.001    28.1918   5.686306    35.2999     2.0604    -0.0090          0     98.000 338.394734  1022.5873      6.963      0.012  0.000e+00
      6.991    28.1916   5.686367    35.3005     2.0664     0.0047          0     98.250 338.394737  1022.5877      6.952      0.009  0.000e+00
      7.001    28.1915   5.686275    35.2999     2.0637    -0.0067          0     98.500 338.394740  1022.5874      6.963      0.011  0.000e+00
      7.001    28.1913   5.686032    35.2983     2.0622     0.0421          0     98.750 338.394742  1022.5863      6.963      0.012  0.000e+00
      7.012    28.1901   5.686047    35.2994     2.0619     0.0414          0     99.000 338.394745  1022.5875      6.974      0.014  0.000e+00
      7.034    28.1893   5.686047    35.3000     2.0634     0.0276          0     99.250 338.394748  1022.5883      6.995      0.023  0.000e+00
      7.023    28.1890   5.685956    35.2996     2.0543     0.0330          0     99.500 338.394751  1022.5880      6.984      0.019  0.000e+00
      7.023    28.1886   5.685956    35.2999     2.0539     0.0215          0     99.750 338.394754  1022.5884      6.984      0.019  0.000e+00
      7.034    28.1878   5.685956    35.3004     2.0517     0.0116          0    100.000 338.394757  1022.5891      6.995      0.020  0.000e+00
      7.023    28.1880   5.685857    35.2996     2.0528     0.0109          0    100.250 338.394760  1022.5884      6.984      0.019  0.000e+00
      7.012    28.1878   5.685857    35.2997     2.0595     0.0040          0    100.500 338.394763  1022.5885      6.974      0.009  0.000e+00
      7.034    28.1871   5.685857    35.3003     2.0610     0.0032          0    100.750 338.394766  1022.5892      6.995      0.008  0.000e+00
      7.045    28.1870   5.685857    35.3003     2.0620     0.0322          0    101.000 338.394769  1022.5893      7.006      0.007  0.000e+00
      7.034    28.1870   5.685788    35.2998     2.0644     0.0292          0    101.250 338.394771  1022.5889      6.995      0.004  0.000e+00
      7.045    28.1868   5.685796    35.3001     2.0593     0.0177          0    101.500 338.394774  1022.5893      7.006      0.010  0.000e+00
      7.045    28.1865   5.685796    35.3003     2.0603     0.0261          0    101.750 338.394777  1022.5895      7.006      0.012  0.000e+00
      7.034    28.1865   5.685796    35.3003     2.0509     0.0147          0    102.000 338.394780  1022.5895      6.995      0.009  0.000e+00
      7.023    28.1865   5.685826    35.3006     2.0476     0.0200          0    102.250 338.394783  1022.5896      6.984      0.006  0.000e+00
      7.023    28.1864   5.685796    35.3004     2.0501     0.0185          0    102.500 338.394786  1022.5895      6.984      0.000  0.000e+00
      6.991    28.1864   5.685735    35.3000     2.0442     0.0292          0    102.750 338.394789  1022.5891      6.952     -0.018  0.000e+00
      7.012    28.1862   5.685735    35.3001     2.0467     0.0223          0    103.000 338.394792  1022.5894      6.974     -0.022  0.000e+00
      7.002    28.1863   5.685735    35.3001     2.0493     0.0261          0    103.250 338.394795  1022.5892      6.963     -0.023  0.000e+00
      7.002    28.1858   5.685758    35.3006     2.0518     0.0131          0    103.500 338.394797  1022.5898      6.963     -0.025  0.000e+00
      6.991    28.1857   5.685735    35.3005     2.0491     0.0200          0    103.750 338.394800  1022.5897      6.952     -0.024  0.000e+00
      7.002    28.1860   5.685765    35.3005     2.0477     0.0269          0    104.000 338.394803  1022.5896      6.963     -0.017  0.000e+00
      6.980    28.1861   5.685697    35.3000     2.0492     0.0162          0    104.250 338.394806  1022.5891      6.941     -0.017  0.000e+00
      6.980    28.1861   5.685636    35.2995     2.0453     0.0147          0    104.500 338.394809  1022.5888      6.941     -0.016  0.000e+00
      6.991    28.1857   5.685636    35.2998     2.0489     0.0246          0    104.750 338.394812  1022.5892      6.952     -0.009  0.000e+00
      6.947    28.1853   5.685636    35.3001     2.0504     0.0261          0    105.000 338.394815  1022.5894      6.909     -0.023  0.000e+00
      6.969    28.1854   5.685765    35.3009     2.0565     0.0429          0    105.250 338.394818  1022.5900      6.931     -0.021  0.000e+00
      6.958    28.1858   5.685697    35.3002     2.0671     0.0376          0    105.500 338.394821  1022.5893      6.920     -0.022  0.000e+00
      6.980    28.1860   5.685605    35.2994     2.0727     0.0391          0    105.750 338.394823  1022.5887      6.941     -0.015  0.000e+00
      6.991    28.1856   5.685697    35.3003     2.0779     0.0376          0    106.000 338.394826  1022.5896      6.952     -0.007  0.000e+00
      7.023    28.1855   5.685735    35.3006     2.0736     0.0315          0    106.250 338.394829  1022.5900      6.984      0.013  0.000e+00
      7.012    28.1857   5.685735    35.3005     2.0716     0.0315          0    106.500 338.394832  1022.5898      6.974      0.022  0.000e+00
      7.002    28.1856   5.685735    35.3006     2.0764     0.0337          0    106.750 338.394835  1022.5898      6.963      0.025  0.000e+00
      6.991    28.1859   5.685735    35.3004     2.0689     0.0337          0    107.000 338.394838  1022.5895      6.952      0.028  0.000e+00
      6.980    28.1861   5.685697    35.3000     2.0619     0.0543          0    107.250 338.394841  1022.5891      6.941      0.014  0.000e+00
      6.937    28.1859   5.685796    35.3008     2.0649     0.0589          0    107.500 338.394844  1022.5896      6.898     -0.007  0.000e+00
      6.861    28.1863   5.686016    35.3021     2.0642     0.0543          0    107.750 338.394847  1022.5901      6.823     -0.050  0.000e+00
      6.742    28.1871   5.686085    35.3019     2.0556     0.0604          0    108.000 338.394850  1022.5892      6.705     -0.110  0.000e+00
      6.645    28.1883   5.686336    35.3028     2.0584     0.0002          0    108.250 338.394852  1022.5891      6.608     -0.177  0.000e+00
      6.591    28.1898   5.686587    35.3035     2.0601     0.0009          0    108.500 338.394855  1022.5889      6.554     -0.225  0.000e+00
      6.602    28.1920   5.687166    35.3059     2.0598     0.0009          0    108.750 338.394858  1022.5900      6.565     -0.244  0.000e+00
      6.612    28.1950   5.687326    35.3047     2.0561    -0.0014          0    109.000 338.394861  1022.5882      6.576     -0.237  0.000e+00
      6.580    28.1980   5.687768    35.3057     2.0508    -0.0113          0    109.250 338.394864  1022.5878      6.544     -0.216  0.000e+00
      6.537    28.2014   5.688057    35.3051     2.0650     0.0047          0    109.500 338.394867  1022.5861      6.501     -0.183  0.000e+00
      6.418    28.2041   5.688148    35.3038     2.0685     0.0109          0    109.750 338.394870  1022.5836      6.382     -0.167  0.000e+00
      6.256    28.2061   5.687676    35.2991     2.0643     0.0147          0    110.000 338.394873  1022.5788      6.221     -0.184  0.000e+00
      6.072    28.2059   5.687828    35.3003     2.0524     0.0124          0    110.250 338.394876  1022.5790      6.038     -0.249  0.000e+00
      5.920    28.2057   5.688056    35.3021     2.0479    -0.0151          0    110.500 338.394878  1022.5798      5.888     -0.343  0.000e+00
      5.888    28.2067   5.688353    35.3035     2.0560    -0.0136          0    110.750 338.394881  1022.5803      5.856     -0.415  0.000e+00
