ctd_mafia/cnv/SBE19plus_01906740_2018_12_07_0099.cnv
* Sea-Bird SBE19plus  Data File:
* FileName = C:\Users\all user\Desktop\Patroba _ WWF Mapping Mafia\SBE19plus_01906740_2018_12_07_0099.hex
* Software version 2.6.3.104
* Temperature SN = 6740
* Conductivity SN = 6740
* System UpLoad Time = Dec 07 2018 14:35:07
* <ApplicationData>
* <Seaterm232>
# nquan = 13
# nvalues = 730                                   
# units = specified
# name 0 = prdM: Pressure, Strain Gauge [db]
# name 1 = tv290C: Temperature [ITS-90, deg C]
# name 2 = c0S/m: Conductivity [S/m]
# name 3 = sal00: Salinity, Practical [PSU]
# name 4 = sbeox0ML/L: Oxygen, SBE 43 [ml/l]
# name 5 = flECO-AFL: Fluorescence, WET Labs ECO-AFL/FL [mg/m^3]
# name 6 = nbf: Bottles Fired
# name 7 = timeS: Time, Elapsed [seconds]
# name 8 = timeJ: Julian Days
# name 9 = density00: Density [density, kg/m^3]
# name 10 = depSM: Depth [salt water, m], lat = 0.00
# name 11 = dz/dtM: Descent Rate [m/s]
# name 12 = flag:  0.000e+00
# span 0 =     -1.419,     12.483                 
# span 1 =    27.8750,    28.2248                 
# span 2 =   0.512628,   5.672825                 
# span 3 =     2.5811,    35.3217                 
# span 4 =     1.8654,     3.0772                 
# span 5 =    -0.3630,    48.6848                 
# span 6 =          0,          0                 
# span 7 =      0.000,    182.250                 
# span 8 = 338.387118, 338.389227                 
# span 9 =   998.1560,  1022.6917                 
# span 10 =     -1.412,     12.414                
# span 11 =     -0.697,      0.355                
# span 12 = 0.0000e+00, 0.0000e+00                
# interval = seconds: 0.25
# start_time = Dec 04 2018 09:17:27 [Instrument's time stamp, header]
# bad_flag = -9.990e-29
*END*
[from data line 556]
     11.726    27.9057   5.653300    35.2812     2.2942     0.0185          0    139.000 338.388727  1022.6872     11.662      0.088  0.000e+00
     11.813    27.9052   5.653269    35.2814     2.2907     0.0475          0    139.250 338.388730  1022.6878     11.748      0.125  0.000e+00
     11.856    27.9048   5.653292    35.2818     2.2889     0.0505          0    139.500 338.388733  1022.6885     11.791      0.164  0.000e+00
     11.910    27.9048   5.653300    35.2819     2.2937     0.0505          0    139.750 338.388736  1022.6888     11.844      0.196  0.000e+00
     11.986    27.9048   5.653300    35.2818     2.2951     0.0376          0    140.000 338.388738  1022.6890     11.920      0.233  0.000e+00
     12.094    27.9048   5.653300    35.2818     2.3040     0.0459          0    140.250 338.388741  1022.6895     12.027      0.268  0.000e+00
     12.169    27.9048   5.653330    35.2820     2.3154     0.0459          0    140.500 338.388744  1022.6900     12.102      0.290  0.000e+00
     12.213    27.9046   5.653269    35.2817     2.3070     0.0444          0    140.750 338.388747  1022.6901     12.145      0.287  0.000e+00
     12.299    27.9048   5.653368    35.2823     2.3038     0.0406          0    141.000 338.388750  1022.6908     12.231      0.287  0.000e+00
     12.353    27.9050   5.653558    35.2834     2.2979     0.0421          0    141.250 338.388753  1022.6917     12.285      0.285  0.000e+00
     12.429    27.9059   5.653589    35.2829     2.2975     0.0444          0    141.500 338.388756  1022.6914     12.360      0.291  0.000e+00
     12.461    27.9066   5.653558    35.2822     2.2916     0.0452          0    141.750 338.388759  1022.6908     12.393      0.279  0.000e+00
     12.440    27.9068   5.653558    35.2820     2.2874     0.0414          0    142.000 338.388762  1022.6905     12.371      0.239  0.000e+00
     12.472    27.9068   5.653589    35.2822     2.2824     0.0498          0    142.250 338.388764  1022.6908     12.403      0.197  0.000e+00
     12.461    27.9069   5.653558    35.2820     2.2782     0.0490          0    142.500 338.388767  1022.6905     12.393      0.156  0.000e+00
     12.461    27.9072   5.653558    35.2817     2.2818     0.0459          0    142.750 338.388770  1022.6903     12.393      0.115  0.000e+00
     12.461    27.9069   5.653558    35.2820     2.2793     0.0475          0    143.000 338.388773  1022.6905     12.393      0.070  0.000e+00
     12.461    27.9070   5.653520    35.2816     2.2760     0.0482          0    143.250 338.388776  1022.6902     12.393      0.037  0.000e+00
     12.483    27.9070   5.653589    35.2821     2.2764     0.0284          0    143.500 338.388779  1022.6907     12.414      0.017  0.000e+00
     12.483    27.9069   5.653619    35.2824     2.2779     0.0391          0    143.750 338.388782  1022.6909     12.414      0.013  0.000e+00
     12.472    27.9075   5.653649    35.2822     2.2766     0.0398          0    144.000 338.388785  1022.6905     12.403      0.014  0.000e+00
     12.461    27.9076   5.653710    35.2824     2.2786     0.0345          0    144.250 338.388788  1022.6906     12.393      0.004  0.000e+00
     12.472    27.9078   5.653710    35.2823     2.2773     0.0467          0    144.500 338.388791  1022.6905     12.403      0.006  0.000e+00
     12.461    27.9080   5.653649    35.2817     2.2758     0.0429          0    144.750 338.388793  1022.6900     12.393      0.001  0.000e+00
     12.451    27.9080   5.653589    35.2813     2.2759     0.0498          0    145.000 338.388796  1022.6896     12.382     -0.006  0.000e+00
     12.461    27.9076   5.653520    35.2811     2.2765     0.0498          0    145.250 338.388799  1022.6896     12.393     -0.009  0.000e+00
     12.451    27.9073   5.653520    35.2814     2.2749     0.0788          0    145.500 338.388802  1022.6899     12.382     -0.016  0.000e+00
     12.429    27.9069   5.653558    35.2820     2.2723     0.0688          0    145.750 338.388805  1022.6904     12.360     -0.020  0.000e+00
     12.386    27.9071   5.653566    35.2819     2.2749     0.0719          0    146.000 338.388808  1022.6901     12.317     -0.032  0.000e+00
     12.310    27.9071   5.653680    35.2827     2.2733     0.0734          0    146.250 338.388811  1022.6904     12.242     -0.062  0.000e+00
     12.202    27.9076   5.653680    35.2823     2.2767     0.0719          0    146.500 338.388814  1022.6894     12.135     -0.113  0.000e+00
     12.126    27.9080   5.653679    35.2820     2.2763     0.0749          0    146.750 338.388817  1022.6888     12.059     -0.164  0.000e+00
     12.105    27.9079   5.653619    35.2817     2.2769     0.0719          0    147.000 338.388819  1022.6885     12.038     -0.200  0.000e+00
     12.083    27.9078   5.653520    35.2811     2.2800     0.0726          0    147.250 338.388822  1022.6879     12.016     -0.223  0.000e+00
     12.083    27.9074   5.653490    35.2812     2.2794     0.0627          0    147.500 338.388825  1022.6882     12.016     -0.217  0.000e+00
     12.083    27.9069   5.653520    35.2818     2.2805     0.0345          0    147.750 338.388828  1022.6888     12.016     -0.190  0.000e+00
     12.116    27.9068   5.653490    35.2817     2.2835     0.0429          0    148.000 338.388831  1022.6889     12.049     -0.136  0.000e+00
     12.126    27.9065   5.653459    35.2817     2.2827     0.0421          0    148.250 338.388834  1022.6890     12.059     -0.073  0.000e+00
     12.137    27.9063   5.653459    35.2818     2.2761     0.0360          0    148.500 338.388837  1022.6892     12.070     -0.016  0.000e+00
     12.148    27.9063   5.653398    35.2814     2.2781     0.0330          0    148.750 338.388840  1022.6889     12.081      0.020  0.000e+00
     12.137    27.9060   5.653398    35.2816     2.2778     0.0383          0    149.000 338.388843  1022.6891     12.070      0.032  0.000e+00
     12.148    27.9057   5.653398    35.2818     2.2827     0.0444          0    149.250 338.388845  1022.6894     12.081      0.038  0.000e+00
     12.072    27.9055   5.653368    35.2818     2.2871     0.0368          0    149.500 338.388848  1022.6892     12.006      0.014  0.000e+00
     11.932    27.9052   5.653368    35.2820     2.2871     0.0177          0    149.750 338.388851  1022.6888     11.866     -0.046  0.000e+00
     11.759    27.9052   5.653368    35.2821     2.2847     0.0147          0    150.000 338.388854  1022.6881     11.694     -0.143  0.000e+00
     11.694    27.9052   5.653398    35.2823     2.2912     0.0200          0    150.250 338.388857  1022.6880     11.629     -0.224  0.000e+00
     11.705    27.9053   5.653330    35.2817     2.2931     0.0200          0    150.500 338.388860  1022.6876     11.640     -0.271  0.000e+00
     11.683    27.9052   5.653269    35.2814     2.2867     0.0360          0    150.750 338.388863  1022.6873     11.619     -0.292  0.000e+00
     11.683    27.9048   5.653269    35.2818     2.2902     0.0376          0    151.000 338.388866  1022.6877     11.619     -0.279  0.000e+00
     11.618    27.9046   5.653269    35.2819     2.2847     0.0253          0    151.250 338.388869  1022.6876     11.554     -0.256  0.000e+00
     11.456    27.9045   5.653239    35.2818     2.2816     0.0360          0    151.500 338.388872  1022.6869     11.393     -0.238  0.000e+00
     11.251    27.9046   5.653299    35.2822     2.2798     0.0276          0    151.750 338.388874  1022.6863     11.189     -0.254  0.000e+00
     11.099    27.9048   5.653330    35.2824     2.2780     0.0543          0    152.000 338.388877  1022.6857     11.038     -0.302  0.000e+00
     10.937    27.9048   5.653322    35.2823     2.2743     0.0482          0    152.250 338.388880  1022.6849     10.877     -0.396  0.000e+00
     10.775    27.9049   5.653329    35.2823     2.2771     0.0521          0    152.500 338.388883  1022.6842     10.716     -0.499  0.000e+00
     10.602    27.9050   5.653299    35.2821     2.2817     0.0421          0    152.750 338.388886  1022.6832     10.544     -0.584  0.000e+00
     10.440    27.9050   5.653268    35.2819     2.2729     0.0574          0    153.000 338.388889  1022.6824     10.382     -0.646  0.000e+00
     10.256    27.9048   5.653238    35.2819     2.2734     0.0650          0    153.250 338.388892  1022.6817     10.200     -0.675  0.000e+00
     10.072    27.9048   5.653207    35.2817     2.2779     0.0543          0    153.500 338.388895  1022.6808     10.017     -0.678  0.000e+00
      9.910    27.9047   5.653207    35.2819     2.2791     0.0513          0    153.750 338.388898  1022.6803      9.855     -0.676  0.000e+00
      9.694    27.9046   5.653238    35.2823     2.2758     0.0475          0    154.000 338.388900  1022.6797      9.640     -0.697  0.000e+00
      9.575    27.9047   5.653207    35.2820     2.2775     0.0482          0    154.250 338.388903  1022.6789      9.522     -0.696  0.000e+00
      9.413    27.9046   5.653177    35.2819     2.2761     0.0490          0    154.500 338.388906  1022.6782      9.361     -0.691  0.000e+00
      9.218    27.9046   5.653177    35.2820     2.2773     0.0536          0    154.750 338.388909  1022.6774      9.167     -0.690  0.000e+00
      9.089    27.9046   5.653108    35.2815     2.2770     0.0459          0    155.000 338.388912  1022.6765      9.038     -0.678  0.000e+00
      8.948    27.9043   5.653078    35.2816     2.2786     0.0543          0    155.250 338.388915  1022.6761      8.899     -0.657  0.000e+00
      8.786    27.9040   5.653047    35.2816     2.2757     0.0521          0    155.500 338.388918  1022.6755      8.737     -0.640  0.000e+00
      8.624    27.9039   5.653108    35.2822     2.2770     0.0459          0    155.750 338.388921  1022.6752      8.576     -0.630  0.000e+00
      8.472    27.9037   5.653047    35.2819     2.2754     0.0528          0    156.000 338.388924  1022.6745      8.426     -0.618  0.000e+00
      8.256    27.9038   5.653047    35.2819     2.2687     0.0521          0    156.250 338.388927  1022.6735      8.211     -0.639  0.000e+00
      8.126    27.9036   5.653017    35.2819     2.2711     0.0505          0    156.500 338.388929  1022.6730      8.082     -0.639  0.000e+00
      8.029    27.9036   5.653017    35.2819     2.2740     0.0582          0    156.750 338.388932  1022.6726      7.985     -0.623  0.000e+00
      7.878    27.9036   5.652986    35.2818     2.2748     0.0635          0    157.000 338.388935  1022.6718      7.834     -0.619  0.000e+00
      7.694    27.9033   5.653016    35.2823     2.2783     0.0307          0    157.250 338.388938  1022.6715      7.652     -0.618  0.000e+00
      7.554    27.9033   5.653047    35.2825     2.2820     0.0444          0    157.500 338.388941  1022.6711      7.512     -0.609  0.000e+00
      7.391    27.9034   5.653047    35.2825     2.2834     0.0330          0    157.750 338.388944  1022.6703      7.351     -0.604  0.000e+00
      7.175    27.9035   5.653046    35.2825     2.2799     0.0376          0    158.000 338.388947  1022.6694      7.136     -0.618  0.000e+00
      7.045    27.9037   5.653046    35.2824     2.2809     0.0200          0    158.250 338.388950  1022.6687      7.007     -0.620  0.000e+00
      6.916    27.9041   5.653077    35.2823     2.2747     0.0238          0    158.500 338.388953  1022.6680      6.878     -0.633  0.000e+00
      6.721    27.9042   5.653046    35.2821     2.2766     0.0238          0    158.750 338.388955  1022.6669      6.684     -0.653  0.000e+00
      6.624    27.9042   5.653046    35.2821     2.2770     0.0215          0    159.000 338.388958  1022.6665      6.587     -0.637  0.000e+00
      6.505    27.9045   5.653046    35.2820     2.2690     0.0299          0    159.250 338.388961  1022.6658      6.469     -0.610  0.000e+00
      6.343    27.9041   5.653046    35.2823     2.2693     0.0177          0    159.500 338.388964  1022.6655      6.308     -0.595  0.000e+00
      6.159    27.9041   5.653107    35.2828     2.2735     0.0292          0    159.750 338.388967  1022.6651      6.125     -0.587  0.000e+00
      6.040    27.9043   5.653046    35.2822     2.2780     0.0185          0    160.000 338.388970  1022.6641      6.007     -0.571  0.000e+00
      5.889    27.9045   5.653076    35.2823     2.2755     0.0208          0    160.250 338.388973  1022.6635      5.856     -0.577  0.000e+00
      5.748    27.9048   5.653076    35.2822     2.2779     0.0284          0    160.500 338.388976  1022.6626      5.717     -0.579  0.000e+00
      5.586    27.9046   5.653106    35.2826     2.2808     0.0261          0    160.750 338.388979  1022.6623      5.555     -0.580  0.000e+00
      5.392    27.9048   5.653045    35.2821     2.2795     0.0223          0    161.000 338.388981  1022.6610      5.362     -0.610  0.000e+00
      5.208    27.9048   5.653045    35.2820     2.2793     0.0177          0    161.250 338.388984  1022.6602      5.179     -0.632  0.000e+00
      5.089    27.9048   5.653045    35.2821     2.2760     0.0543          0    161.500 338.388987  1022.6597      5.061     -0.631  0.000e+00
      4.970    27.9048   5.653045    35.2822     2.2751     0.0429          0    161.750 338.388990  1022.6593      4.943     -0.622  0.000e+00
      4.775    27.9046   5.653045    35.2824     2.2747     0.0482          0    162.000 338.388993  1022.6587      4.749     -0.634  0.000e+00
      4.635    27.9047   5.653106    35.2828     2.2756     0.0513          0    162.250 338.388996  1022.6583      4.609     -0.631  0.000e+00
      4.483    27.9051   5.653106    35.2825     2.2762     0.0627          0    162.500 338.388999  1022.6573      4.459     -0.626  0.000e+00
      4.310    27.9053   5.653174    35.2829     2.2703     0.0673          0    162.750 338.389002  1022.6568      4.287     -0.619  0.000e+00
      4.192    27.9058   5.653364    35.2839     2.2750     0.0551          0    163.000 338.389005  1022.6569      4.168     -0.603  0.000e+00
      4.040    27.9066   5.653455    35.2840     2.2765     0.0543          0    163.250 338.389008  1022.6561      4.018     -0.598  0.000e+00
      3.889    27.9079   5.653516    35.2834     2.2706     0.0231          0    163.500 338.389010  1022.6546      3.867     -0.605  0.000e+00
      3.748    27.9089   5.653774    35.2846     2.2801     0.0261          0    163.750 338.389013  1022.6545      3.728     -0.602  0.000e+00
      3.586    27.9105   5.653933    35.2845     2.2812     0.0246          0    164.000 338.389016  1022.6532      3.566     -0.592  0.000e+00
      3.424    27.9119   5.653933    35.2835     2.2769     0.0131          0    164.250 338.389019  1022.6514      3.405     -0.597  0.000e+00
      3.283    27.9130   5.654153    35.2843     2.2826     0.0154          0    164.500 338.389022  1022.6510      3.265     -0.597  0.000e+00
      3.186    27.9143   5.654305    35.2844     2.2795     0.0086          0    164.750 338.389025  1022.6502      3.169     -0.584  0.000e+00
      3.035    27.9158   5.654229    35.2828     2.2751     0.0040          0    165.000 338.389028  1022.6479      3.018     -0.582  0.000e+00
      2.883    27.9166   5.654274    35.2825     2.2752     0.0131          0    165.250 338.389031  1022.6467      2.868     -0.574  0.000e+00
      2.775    27.9168   5.654343    35.2829     2.2747     0.0017          0    165.500 338.389034  1022.6465      2.760     -0.559  0.000e+00
      2.624    27.9173   5.654305    35.2823     2.2740     0.0246          0    165.750 338.389036  1022.6452      2.609     -0.551  0.000e+00
      2.429    27.9174   5.654244    35.2819     2.2748     0.0154          0    166.000 338.389039  1022.6440      2.416     -0.556  0.000e+00
      2.310    27.9171   5.654213    35.2819     2.2742     0.0238          0    166.250 338.389042  1022.6437      2.298     -0.560  0.000e+00
