ctd_mafia/cnv/SBE19plus_01906740_2018_12_07_0081.cnv
* Sea-Bird SBE19plus  Data File:
* FileName = C:\Users\all user\Desktop\Patroba _ WWF Mapping Mafia\SBE19plus_01906740_2018_12_07_0081.hex
* Software version 2.6.3.104
* Temperature SN = 6740
* Conductivity SN = 6740
* System UpLoad Time = Dec 07 2018 14:31:19
* <ApplicationData>
* <Seaterm232>
# nquan = 13
# nvalues = 562                                   
# units = specified
# name 0 = prdM: Pressure, Strain Gauge [db]
# name 1 = tv290C: Temperature [ITS-90, deg C]
# name 2 = c0S/m: Conductivity [S/m]
# name 3 = sal00: Salinity, Practical [PSU]
# name 4 = sbeox0ML/L: Oxygen, SBE 43 [ml/l]
# name 5 = flECO-AFL: Fluorescence, WET Labs ECO-AFL/FL [mg/m^3]
# name 6 = nbf: Bottles Fired
# name 7 = timeS: Time, Elapsed [seconds]
# name 8 = timeJ: Julian Days
# name 9 = density00: Density [density, kg/m^3]
# name 10 = depSM: Depth [salt water, m], lat = 0.00
# name 11 = dz/dtM: Descent Rate [m/s]
# name 12 = flag:  0.000e+00
# span 0 =     -1.387,     12.711                 
# span 1 =    27.3651,    28.1451                 
# span 2 =   0.112965,   5.671873                 
# span 3 =     0.5326,    35.2395                 
# span 4 =     1.8291,     3.8548                 
# span 5 =    -0.2905,    48.6864                 
# span 6 =          0,          0                 
# span 7 =      0.000,    140.250                 
# span 8 = 337.384514, 337.386137                 
# span 9 =   996.8035,  1022.5977                 
# span 10 =     -1.379,     12.641                
# span 11 =     -0.961,      0.269                
# span 12 = 0.0000e+00, 0.0000e+00                
# interval = seconds: 0.25
# start_time = Dec 03 2018 09:13:42 [Instrument's time stamp, header]
# bad_flag = -9.990e-29
*END*
[from data line 334]
      9.197    28.0904   5.666525    35.2365     2.2938     0.0284          0     83.500 337.385480  1022.5823      9.147      0.223  0.000e+00
      9.230    28.0905   5.666525    35.2364     2.2977     0.0322          0     83.750 337.385483  1022.5823      9.179      0.169  0.000e+00
      9.252    28.0904   5.666556    35.2367     2.2842     0.0337          0     84.000 337.385486  1022.5827      9.201      0.108  0.000e+00
      9.349    28.0905   5.666586    35.2368     2.2896     0.0414          0     84.250 337.385489  1022.5831      9.297      0.082  0.000e+00
      9.457    28.0907   5.666617    35.2369     2.2889     0.0437          0     84.500 337.385492  1022.5836      9.405      0.099  0.000e+00
      9.533    28.0910   5.666647    35.2368     2.2884     0.0368          0     84.750 337.385495  1022.5838      9.480      0.143  0.000e+00
      9.543    28.0910   5.666617    35.2366     2.2815     0.0490          0     85.000 337.385498  1022.5837      9.491      0.187  0.000e+00
      9.533    28.0907   5.666526    35.2362     2.2847     0.0475          0     85.250 337.385501  1022.5834      9.480      0.213  0.000e+00
      9.543    28.0901   5.666366    35.2355     2.2973     0.0536          0     85.500 337.385503  1022.5831      9.491      0.204  0.000e+00
      9.554    28.0896   5.666336    35.2357     2.3006     0.0559          0     85.750 337.385506  1022.5835      9.502      0.175  0.000e+00
      9.598    28.0892   5.666396    35.2364     2.3039    -0.0014          0     86.000 337.385509  1022.5844      9.545      0.145  0.000e+00
      9.652    28.0893   5.666457    35.2368     2.3106    -0.0014          0     86.250 337.385512  1022.5848      9.598      0.112  0.000e+00
      9.695    28.0898   5.666488    35.2366     2.3178    -0.0097          0     86.500 337.385515  1022.5847      9.641      0.096  0.000e+00
      9.727    28.0900   5.666526    35.2367     2.3203    -0.0097          0     86.750 337.385518  1022.5849      9.674      0.102  0.000e+00
      9.792    28.0898   5.666457    35.2364     2.3202     0.0337          0     87.000 337.385521  1022.5850      9.738      0.132  0.000e+00
      9.879    28.0895   5.666427    35.2363     2.3264     0.0376          0     87.250 337.385524  1022.5854      9.824      0.171  0.000e+00
      9.965    28.0893   5.666366    35.2360     2.3147     0.0353          0     87.500 337.385527  1022.5856      9.910      0.208  0.000e+00
     10.062    28.0893   5.666336    35.2358     2.3255     0.0276          0     87.750 337.385530  1022.5858     10.007      0.246  0.000e+00
     10.084    28.0890   5.666336    35.2360     2.3245     0.0238          0     88.000 337.385532  1022.5862     10.028      0.258  0.000e+00
     10.106    28.0886   5.666336    35.2363     2.3340     0.0131          0     88.250 337.385535  1022.5866     10.050      0.255  0.000e+00
     10.116    28.0887   5.666298    35.2360     2.3226     0.0208          0     88.500 337.385538  1022.5864     10.061      0.239  0.000e+00
     10.192    28.0884   5.666336    35.2364     2.3175     0.0162          0     88.750 337.385541  1022.5872     10.136      0.227  0.000e+00
     10.279    28.0886   5.666336    35.2362     2.3107     0.0238          0     89.000 337.385544  1022.5873     10.222      0.216  0.000e+00
     10.354    28.0885   5.666336    35.2363     2.2891     0.0177          0     89.250 337.385547  1022.5877     10.297      0.209  0.000e+00
     10.408    28.0886   5.666366    35.2364     2.2829     0.0177          0     89.500 337.385550  1022.5880     10.351      0.208  0.000e+00
     10.452    28.0886   5.666366    35.2364     2.2748     0.0246          0     89.750 337.385553  1022.5882     10.394      0.213  0.000e+00
     10.430    28.0886   5.666366    35.2364     2.2786     0.0215          0     90.000 337.385556  1022.5881     10.372      0.211  0.000e+00
     10.495    28.0887   5.666397    35.2365     2.2675     0.0368          0     90.250 337.385558  1022.5884     10.437      0.210  0.000e+00
     10.581    28.0887   5.666374    35.2363     2.2747     0.0292          0     90.500 337.385561  1022.5887     10.523      0.211  0.000e+00
     10.646    28.0887   5.666367    35.2363     2.2788     0.0391          0     90.750 337.385564  1022.5889     10.587      0.202  0.000e+00
     10.733    28.0886   5.666367    35.2363     2.2743     0.0459          0     91.000 337.385567  1022.5893     10.673      0.205  0.000e+00
     10.808    28.0887   5.666367    35.2362     2.2733     0.0177          0     91.250 337.385570  1022.5896     10.749      0.222  0.000e+00
     10.830    28.0886   5.666367    35.2363     2.2707     0.0276          0     91.500 337.385573  1022.5897     10.770      0.234  0.000e+00
     10.873    28.0888   5.666397    35.2363     2.2850     0.0269          0     91.750 337.385576  1022.5899     10.813      0.244  0.000e+00
     10.884    28.0889   5.666367    35.2361     2.2837     0.0101          0     92.000 337.385579  1022.5897     10.824      0.241  0.000e+00
     10.938    28.0887   5.666397    35.2364     2.3095     0.0109          0     92.250 337.385582  1022.5902     10.878      0.215  0.000e+00
     10.970    28.0890   5.666428    35.2364     2.3153     0.0101          0     92.500 337.385584  1022.5903     10.910      0.187  0.000e+00
     11.003    28.0890   5.666428    35.2364     2.3314     0.0063          0     92.750 337.385587  1022.5904     10.942      0.164  0.000e+00
     11.014    28.0891   5.666428    35.2363     2.3435     0.0177          0     93.000 337.385590  1022.5904     10.953      0.137  0.000e+00
     11.079    28.0890   5.666397    35.2361     2.3606     0.0131          0     93.250 337.385593  1022.5906     11.017      0.132  0.000e+00
     11.111    28.0891   5.666367    35.2358     2.3564     0.0498          0     93.500 337.385596  1022.5904     11.050      0.138  0.000e+00
     11.154    28.0889   5.666336    35.2358     2.3541     0.0383          0     93.750 337.385599  1022.5906     11.093      0.142  0.000e+00
     11.187    28.0889   5.666367    35.2360     2.3478     0.0452          0     94.000 337.385602  1022.5909     11.125      0.148  0.000e+00
     11.208    28.0888   5.666374    35.2361     2.3565     0.0353          0     94.250 337.385605  1022.5911     11.146      0.142  0.000e+00
     11.241    28.0889   5.666367    35.2360     2.3747     0.0162          0     94.500 337.385608  1022.5911     11.179      0.141  0.000e+00
     11.295    28.0890   5.666397    35.2361     2.3814     0.0185          0     94.750 337.385611  1022.5914     11.232      0.146  0.000e+00
     11.327    28.0891   5.666397    35.2360     2.3807     0.0047          0     95.000 337.385613  1022.5915     11.265      0.148  0.000e+00
     11.338    28.0891   5.666397    35.2360     2.3750     0.0040          0     95.250 337.385616  1022.5915     11.275      0.135  0.000e+00
     11.360    28.0889   5.666397    35.2361     2.3737     0.0620          0     95.500 337.385619  1022.5918     11.297      0.128  0.000e+00
     11.392    28.0888   5.666367    35.2360     2.3826     0.0635          0     95.750 337.385622  1022.5918     11.329      0.121  0.000e+00
     11.468    28.0888   5.666337    35.2357     2.3658     0.0536          0     96.000 337.385625  1022.5920     11.404      0.130  0.000e+00
     11.554    28.0886   5.666367    35.2361     2.3591     0.0559          0     96.250 337.385628  1022.5927     11.490      0.153  0.000e+00
     11.619    28.0888   5.666397    35.2361     2.3597     0.0574          0     96.500 337.385631  1022.5929     11.555      0.175  0.000e+00
     11.695    28.0887   5.666398    35.2362     2.3576     0.0406          0     96.750 337.385634  1022.5933     11.630      0.201  0.000e+00
     11.727    28.0886   5.666367    35.2360     2.3779     0.0337          0     97.000 337.385637  1022.5934     11.662      0.223  0.000e+00
     11.706    28.0885   5.666299    35.2356     2.3764     0.0360          0     97.250 337.385639  1022.5930     11.641      0.222  0.000e+00
     11.716    28.0882   5.666299    35.2358     2.3806     0.0337          0     97.500 337.385642  1022.5933     11.652      0.202  0.000e+00
     11.760    28.0880   5.666268    35.2358     2.3738     0.0101          0     97.750 337.385645  1022.5935     11.695      0.175  0.000e+00
     11.846    28.0880   5.666268    35.2357     2.3763     0.0131          0     98.000 337.385648  1022.5939     11.781      0.156  0.000e+00
     11.900    28.0881   5.666314    35.2360     2.3877     0.0116          0     98.250 337.385651  1022.5942     11.834      0.146  0.000e+00
     11.900    28.0882   5.666299    35.2358     2.3860     0.0047          0     98.500 337.385654  1022.5941     11.835      0.136  0.000e+00
     11.933    28.0877   5.666268    35.2359     2.3971     0.0131          0     98.750 337.385657  1022.5945     11.867      0.133  0.000e+00
     11.954    28.0878   5.666238    35.2356     2.3973     0.0154          0     99.000 337.385660  1022.5943     11.888      0.140  0.000e+00
     12.008    28.0878   5.666238    35.2356     2.3953     0.0223          0     99.250 337.385663  1022.5945     11.942      0.155  0.000e+00
     12.095    28.0877   5.666268    35.2359     2.3887     0.0292          0     99.500 337.385666  1022.5951     12.028      0.167  0.000e+00
     12.170    28.0876   5.666269    35.2359     2.3935     0.0253          0     99.750 337.385668  1022.5955     12.103      0.177  0.000e+00
     12.203    28.0877   5.666269    35.2359     2.3943     0.0200          0    100.000 337.385671  1022.5956     12.136      0.180  0.000e+00
     12.225    28.0877   5.666269    35.2358     2.3971     0.0208          0    100.250 337.385674  1022.5957     12.157      0.188  0.000e+00
     12.268    28.0875   5.666269    35.2360     2.3913     0.0215          0    100.500 337.385677  1022.5960     12.200      0.200  0.000e+00
     12.343    28.0877   5.666269    35.2358     2.3878     0.0162          0    100.750 337.385680  1022.5961     12.275      0.208  0.000e+00
     12.441    28.0874   5.666269    35.2360     2.3953     0.0170          0    101.000 337.385683  1022.5968     12.372      0.223  0.000e+00
     12.473    28.0877   5.666269    35.2358     2.4056     0.0322          0    101.250 337.385686  1022.5967     12.404      0.221  0.000e+00
     12.527    28.0877   5.666269    35.2358     2.3988     0.0231          0    101.500 337.385689  1022.5969     12.458      0.215  0.000e+00
     12.603    28.0880   5.666269    35.2355     2.3843     0.0246          0    101.750 337.385692  1022.5969     12.533      0.225  0.000e+00
     12.657    28.0877   5.666314    35.2360     2.3828     0.0505          0    102.000 337.385694  1022.5977     12.587      0.240  0.000e+00
     12.689    28.0880   5.666299    35.2357     2.3788     0.0459          0    102.250 337.385697  1022.5974     12.619      0.242  0.000e+00
     12.711    28.0882   5.666299    35.2356     2.3931     0.0490          0    102.500 337.385700  1022.5974     12.641      0.225  0.000e+00
     12.711    28.0880   5.666299    35.2357     2.3895     0.0574          0    102.750 337.385703  1022.5975     12.641      0.189  0.000e+00
     12.711    28.0881   5.666299    35.2356     2.3879     0.0315          0    103.000 337.385706  1022.5974     12.641      0.150  0.000e+00
     12.711    28.0882   5.666299    35.2356     2.3841     0.0307          0    103.250 337.385709  1022.5974     12.641      0.118  0.000e+00
     12.711    28.0885   5.666337    35.2356     2.3727     0.0452          0    103.500 337.385712  1022.5973     12.641      0.079  0.000e+00
     12.711    28.0886   5.666368    35.2357     2.3794     0.0345          0    103.750 337.385715  1022.5974     12.641      0.043  0.000e+00
     12.689    28.0886   5.666368    35.2357     2.3852     0.0360          0    104.000 337.385718  1022.5973     12.619      0.013  0.000e+00
     12.689    28.0890   5.666368    35.2355     2.3938     0.0406          0    104.250 337.385720  1022.5969     12.619     -0.004  0.000e+00
     12.700    28.0891   5.666398    35.2356     2.3730     0.0429          0    104.500 337.385723  1022.5971     12.630     -0.010  0.000e+00
     12.711    28.0893   5.666428    35.2357     2.4050     0.0414          0    104.750 337.385726  1022.5971     12.641     -0.006  0.000e+00
     12.700    28.0896   5.666428    35.2354     2.3886     0.0330          0    105.000 337.385729  1022.5968     12.630     -0.006  0.000e+00
     12.700    28.0894   5.666428    35.2356     2.3902     0.0124          0    105.250 337.385732  1022.5970     12.630     -0.004  0.000e+00
     12.700    28.0897   5.666428    35.2354     2.3869     0.0070          0    105.500 337.385735  1022.5967     12.630     -0.002  0.000e+00
     12.700    28.0898   5.666466    35.2356     2.3571     0.0124          0    105.750 337.385738  1022.5968     12.630      0.001  0.000e+00
     12.689    28.0898   5.666428    35.2353     2.3608     0.0147          0    106.000 337.385741  1022.5966     12.619      0.001  0.000e+00
     12.689    28.0899   5.666428    35.2352     2.3611     0.0253          0    106.250 337.385744  1022.5965     12.619     -0.004  0.000e+00
     12.700    28.0899   5.666428    35.2352     2.3723     0.0154          0    106.500 337.385747  1022.5965     12.630     -0.006  0.000e+00
     12.689    28.0900   5.666428    35.2352     2.3743     0.0192          0    106.750 337.385749  1022.5964     12.619     -0.008  0.000e+00
     12.679    28.0898   5.666459    35.2355     2.3799     0.0131          0    107.000 337.385752  1022.5967     12.609     -0.009  0.000e+00
     12.700    28.0900   5.666459    35.2354     2.3777     0.0360          0    107.250 337.385755  1022.5966     12.630     -0.005  0.000e+00
     12.700    28.0901   5.666459    35.2353     2.3796     0.0391          0    107.500 337.385758  1022.5965     12.630     -0.001  0.000e+00
     12.689    28.0901   5.666459    35.2352     2.3805     0.0284          0    107.750 337.385761  1022.5964     12.619     -0.001  0.000e+00
     12.668    28.0901   5.666459    35.2353     2.3693     0.0368          0    108.000 337.385764  1022.5964     12.598     -0.005  0.000e+00
     12.679    28.0901   5.666459    35.2353     2.3873     0.0551          0    108.250 337.385767  1022.5964     12.608     -0.008  0.000e+00
     12.679    28.0901   5.666459    35.2352     2.4170     0.0490          0    108.500 337.385770  1022.5963     12.608     -0.010  0.000e+00
     12.657    28.0898   5.666428    35.2353     2.4326     0.0467          0    108.750 337.385773  1022.5964     12.587     -0.014  0.000e+00
     12.625    28.0897   5.666428    35.2354     2.4332     0.0459          0    109.000 337.385775  1022.5964     12.555     -0.027  0.000e+00
     12.657    28.0895   5.666398    35.2353     2.4253     0.0459          0    109.250 337.385778  1022.5965     12.587     -0.030  0.000e+00
     12.646    28.0896   5.666406    35.2353     2.4378     0.0200          0    109.500 337.385781  1022.5964     12.576     -0.028  0.000e+00
     12.646    28.0893   5.666398    35.2355     2.4495     0.0086          0    109.750 337.385784  1022.5967     12.576     -0.022  0.000e+00
     12.657    28.0894   5.666398    35.2354     2.4337     0.0025          0    110.000 337.385787  1022.5966     12.587     -0.014  0.000e+00
     12.657    28.0893   5.666398    35.2355     2.4335     0.0139          0    110.250 337.385790  1022.5967     12.587     -0.010  0.000e+00
     12.614    28.0893   5.666398    35.2355     2.4494     0.0070          0    110.500 337.385793  1022.5965     12.544     -0.014  0.000e+00
     12.538    28.0893   5.666368    35.2353     2.4616     0.0147          0    110.750 337.385796  1022.5961     12.469     -0.033  0.000e+00
