ctd_mafia/cnv/SBE19plus_01906740_2018_12_07_0076.cnv
* Sea-Bird SBE19plus  Data File:
* FileName = C:\Users\all user\Desktop\Patroba _ WWF Mapping Mafia\SBE19plus_01906740_2018_12_07_0076.hex
* Software version 2.6.3.104
* Temperature SN = 6740
* Conductivity SN = 6740
* System UpLoad Time = Dec 07 2018 14:30:18
* <ApplicationData>
* <Seaterm232>
# nquan = 13
# nvalues = 728                                   
# units = specified
# name 0 = prdM: Pressure, Strain Gauge [db]
# name 1 = tv290C: Temperature [ITS-90, deg C]
# name 2 = c0S/m: Conductivity [S/m]
# name 3 = sal00: Salinity, Practical [PSU]
# name 4 = sbeox0ML/L: Oxygen, SBE 43 [ml/l]
# name 5 = flECO-AFL: Fluorescence, WET Labs ECO-AFL/FL [mg/m^3]
# name 6 = nbf: Bottles Fired
# name 7 = timeS: Time, Elapsed [seconds]
# name 8 = timeJ: Julian Days
# name 9 = density00: Density [density, kg/m^3]
# name 10 = depSM: Depth [salt water, m], lat = 0.00
# name 11 = dz/dtM: Descent Rate [m/s]
# name 12 = flag:  0.000e+00
# span 0 =     -1.396,     12.541                 
# span 1 =    28.8591,    29.0755                 
# span 2 =   0.146164,   5.765152                 
# span 3 =     0.6737,    35.2638                 
# span 4 =     2.0526,     4.4753                 
# span 5 =    -0.4042,    48.6864                 
# span 6 =          0,          0                 
# span 7 =      0.000,    181.750                 
# span 8 = 337.346701, 337.348805                 
# span 9 =   996.4377,  1022.3222                 
# span 10 =     -1.388,     12.472                
# span 11 =     -1.035,      0.333                
# span 12 = 0.0000e+00, 0.0000e+00                
# interval = seconds: 0.25
# start_time = Dec 03 2018 08:19:15 [Instrument's time stamp, header]
# bad_flag = -9.990e-29
*END*
[from data line 556]
     12.455    28.9776   5.765053    35.2613     2.3624     0.0711          0    139.000 337.348310  1022.3211     12.386     -0.017  0.000e+00
     12.465    28.9775   5.765084    35.2616     2.3634     0.0528          0    139.250 337.348313  1022.3214     12.396     -0.013  0.000e+00
     12.465    28.9776   5.765053    35.2613     2.3581     0.0376          0    139.500 337.348316  1022.3211     12.396     -0.007  0.000e+00
     12.465    28.9778   5.765053    35.2612     2.3643     0.0459          0    139.750 337.348319  1022.3209     12.397     -0.007  0.000e+00
     12.455    28.9776   5.765053    35.2613     2.3699     0.0429          0    140.000 337.348322  1022.3211     12.386     -0.003  0.000e+00
     12.455    28.9776   5.765083    35.2615     2.3783     0.0543          0    140.250 337.348325  1022.3212     12.386      0.000  0.000e+00
     12.455    28.9776   5.765083    35.2615     2.3861     0.0505          0    140.500 337.348328  1022.3212     12.386     -0.003  0.000e+00
     12.465    28.9778   5.765083    35.2614     2.3825     0.0429          0    140.750 337.348330  1022.3211     12.396      0.001  0.000e+00
     12.455    28.9781   5.765152    35.2616     2.3814     0.0459          0    141.000 337.348333  1022.3211     12.386     -0.002  0.000e+00
     12.454    28.9782   5.765145    35.2615     2.3834     0.0597          0    141.250 337.348336  1022.3210     12.386     -0.005  0.000e+00
     12.433    28.9783   5.765083    35.2610     2.3735     0.0620          0    141.500 337.348339  1022.3205     12.364     -0.010  0.000e+00
     12.444    28.9782   5.765122    35.2613     2.3640     0.0543          0    141.750 337.348342  1022.3208     12.375     -0.010  0.000e+00
     12.455    28.9783   5.765114    35.2612     2.3588     0.0566          0    142.000 337.348345  1022.3208     12.386     -0.006  0.000e+00
     12.444    28.9783   5.765122    35.2613     2.3598     0.0551          0    142.250 337.348348  1022.3208     12.375     -0.007  0.000e+00
     12.476    28.9784   5.765122    35.2612     2.3621     0.0574          0    142.500 337.348351  1022.3208     12.407      0.001  0.000e+00
     12.476    28.9786   5.765122    35.2610     2.3581     0.0543          0    142.750 337.348354  1022.3206     12.407      0.007  0.000e+00
     12.476    28.9782   5.765114    35.2613     2.3670     0.0620          0    143.000 337.348356  1022.3209     12.407      0.016  0.000e+00
     12.465    28.9782   5.765083    35.2611     2.3719     0.0559          0    143.250 337.348359  1022.3207     12.396      0.017  0.000e+00
     12.465    28.9780   5.765122    35.2615     2.3817     0.0780          0    143.500 337.348362  1022.3211     12.396      0.018  0.000e+00
     12.465    28.9781   5.765152    35.2616     2.3822     0.0864          0    143.750 337.348365  1022.3212     12.396      0.011  0.000e+00
     12.487    28.9781   5.765114    35.2614     2.3777     0.0818          0    144.000 337.348368  1022.3211     12.418      0.011  0.000e+00
     12.487    28.9784   5.765152    35.2614     2.3696     0.0879          0    144.250 337.348371  1022.3210     12.418      0.012  0.000e+00
     12.530    28.9784   5.765152    35.2614     2.3615     0.0559          0    144.500 337.348374  1022.3212     12.461      0.018  0.000e+00
     12.509    28.9784   5.765152    35.2614     2.3696     0.0459          0    144.750 337.348377  1022.3211     12.440      0.024  0.000e+00
     12.509    28.9782   5.765145    35.2615     2.3706     0.0505          0    145.000 337.348380  1022.3212     12.440      0.027  0.000e+00
     12.498    28.9782   5.765152    35.2615     2.3618     0.0543          0    145.250 337.348383  1022.3212     12.429      0.026  0.000e+00
     12.498    28.9781   5.765084    35.2611     2.3657     0.0360          0    145.500 337.348385  1022.3210     12.429      0.020  0.000e+00
     12.509    28.9781   5.765122    35.2614     2.3724     0.0345          0    145.750 337.348388  1022.3212     12.440      0.014  0.000e+00
     12.520    28.9782   5.765114    35.2613     2.3608     0.0376          0    146.000 337.348391  1022.3211     12.450      0.008  0.000e+00
     12.520    28.9780   5.765152    35.2617     2.3604     0.0406          0    146.250 337.348394  1022.3215     12.450      0.006  0.000e+00
     12.541    28.9781   5.765122    35.2614     2.3585     0.0398          0    146.500 337.348397  1022.3213     12.472      0.007  0.000e+00
     12.530    28.9781   5.765114    35.2613     2.3659     0.0444          0    146.750 337.348400  1022.3212     12.461      0.017  0.000e+00
     12.520    28.9779   5.765122    35.2615     2.3644     0.0551          0    147.000 337.348403  1022.3214     12.450      0.016  0.000e+00
     12.509    28.9779   5.765122    35.2616     2.3708     0.0482          0    147.250 337.348406  1022.3214     12.440      0.012  0.000e+00
     12.509    28.9780   5.765152    35.2617     2.3627     0.0421          0    147.500 337.348409  1022.3214     12.440      0.004  0.000e+00
     12.487    28.9780   5.765145    35.2616     2.3651     0.0604          0    147.750 337.348411  1022.3213     12.418     -0.011  0.000e+00
     12.487    28.9782   5.765152    35.2615     2.3686     0.0582          0    148.000 337.348414  1022.3212     12.418     -0.021  0.000e+00
     12.498    28.9783   5.765152    35.2615     2.3684     0.0543          0    148.250 337.348417  1022.3211     12.429     -0.023  0.000e+00
     12.498    28.9783   5.765152    35.2615     2.3646     0.0620          0    148.500 337.348420  1022.3211     12.429     -0.024  0.000e+00
     12.455    28.9782   5.765114    35.2613     2.3680     0.0574          0    148.750 337.348423  1022.3209     12.386     -0.027  0.000e+00
     12.325    28.9780   5.765122    35.2615     2.3647     0.0635          0    149.000 337.348426  1022.3205     12.257     -0.063  0.000e+00
     12.087    28.9779   5.765122    35.2617     2.3681     0.0597          0    149.250 337.348429  1022.3197     12.021     -0.153  0.000e+00
     11.828    28.9781   5.765083    35.2613     2.3705     0.0574          0    149.500 337.348432  1022.3182     11.763     -0.286  0.000e+00
     11.601    28.9778   5.765083    35.2616     2.3780     0.0513          0    149.750 337.348435  1022.3176     11.537     -0.435  0.000e+00
     11.406    28.9780   5.765083    35.2615     2.3913     0.0490          0    150.000 337.348437  1022.3166     11.343     -0.582  0.000e+00
     11.255    28.9780   5.765022    35.2612     2.3913     0.0482          0    150.250 337.348440  1022.3157     11.193     -0.697  0.000e+00
     11.157    28.9775   5.764960    35.2611     2.3988     0.0452          0    150.500 337.348443  1022.3154     11.096     -0.752  0.000e+00
     11.071    28.9769   5.764899    35.2612     2.3965     0.0665          0    150.750 337.348446  1022.3153     11.010     -0.742  0.000e+00
     10.974    28.9765   5.764830    35.2610     2.3945     0.0673          0    151.000 337.348449  1022.3149     10.913     -0.676  0.000e+00
     10.855    28.9757   5.764830    35.2616     2.3983     0.0643          0    151.250 337.348452  1022.3150     10.795     -0.587  0.000e+00
     10.714    28.9754   5.764807    35.2617     2.3780     0.0536          0    151.500 337.348455  1022.3146     10.655     -0.516  0.000e+00
     10.412    28.9752   5.764761    35.2616     2.3775     0.0612          0    151.750 337.348458  1022.3133     10.354     -0.521  0.000e+00
     10.087    28.9749   5.764730    35.2617     2.3701     0.0459          0    152.000 337.348461  1022.3121     10.031     -0.594  0.000e+00
      9.774    28.9749   5.764699    35.2616     2.3711     0.0498          0    152.250 337.348464  1022.3107      9.720     -0.714  0.000e+00
      9.514    28.9745   5.764645    35.2616     2.3777     0.0437          0    152.500 337.348466  1022.3097      9.462     -0.845  0.000e+00
      9.330    28.9741   5.764630    35.2618     2.3796     0.0421          0    152.750 337.348469  1022.3092      9.279     -0.942  0.000e+00
      9.201    28.9739   5.764630    35.2620     2.3826     0.0505          0    153.000 337.348472  1022.3089      9.150     -0.980  0.000e+00
      9.060    28.9738   5.764630    35.2621     2.3747     0.0513          0    153.250 337.348475  1022.3084      9.010     -0.964  0.000e+00
      8.941    28.9736   5.764614    35.2622     2.3764     0.0391          0    153.500 337.348478  1022.3080      8.892     -0.891  0.000e+00
      8.779    28.9737   5.764630    35.2623     2.3837     0.0414          0    153.750 337.348481  1022.3074      8.731     -0.781  0.000e+00
      8.455    28.9736   5.764599    35.2622     2.3952     0.0574          0    154.000 337.348484  1022.3060      8.408     -0.729  0.000e+00
      8.163    28.9737   5.764599    35.2622     2.3890     0.0406          0    154.250 337.348487  1022.3047      8.118     -0.732  0.000e+00
      7.904    28.9735   5.764583    35.2624     2.3861     0.0528          0    154.500 337.348490  1022.3037      7.860     -0.781  0.000e+00
      7.666    28.9737   5.764568    35.2622     2.3827     0.0513          0    154.750 337.348492  1022.3025      7.623     -0.855  0.000e+00
      7.460    28.9735   5.764568    35.2624     2.3670     0.0627          0    155.000 337.348495  1022.3019      7.419     -0.922  0.000e+00
      7.298    28.9735   5.764537    35.2622     2.3729     0.0612          0    155.250 337.348498  1022.3010      7.258     -0.951  0.000e+00
      7.104    28.9735   5.764521    35.2622     2.3777     0.0658          0    155.500 337.348501  1022.3002      7.064     -0.952  0.000e+00
      6.974    28.9732   5.764537    35.2625     2.3735     0.0643          0    155.750 337.348504  1022.3000      6.936     -0.896  0.000e+00
      6.887    28.9733   5.764498    35.2622     2.3792     0.0589          0    156.000 337.348507  1022.2994      6.850     -0.787  0.000e+00
      6.931    28.9731   5.764491    35.2623     2.3846     0.0543          0    156.250 337.348510  1022.2997      6.892     -0.648  0.000e+00
      6.920    28.9730   5.764498    35.2624     2.3825     0.0612          0    156.500 337.348513  1022.2998      6.882     -0.507  0.000e+00
      6.952    28.9731   5.764437    35.2619     2.3792     0.0597          0    156.750 337.348516  1022.2995      6.914     -0.362  0.000e+00
      6.952    28.9728   5.764437    35.2622     2.3725     0.0559          0    157.000 337.348519  1022.2997      6.914     -0.232  0.000e+00
      6.952    28.9726   5.764429    35.2622     2.3693     0.0398          0    157.250 337.348521  1022.2999      6.914     -0.123  0.000e+00
      6.963    28.9726   5.764406    35.2621     2.3710     0.0414          0    157.500 337.348524  1022.2998      6.925     -0.032  0.000e+00
      6.931    28.9725   5.764406    35.2622     2.3689     0.0467          0    157.750 337.348527  1022.2998      6.892      0.009  0.000e+00
      6.952    28.9723   5.764406    35.2623     2.3686     0.0566          0    158.000 337.348530  1022.3000      6.914      0.023  0.000e+00
      6.909    28.9724   5.764399    35.2622     2.3635     0.0276          0    158.250 337.348533  1022.2997      6.871     -0.001  0.000e+00
      6.909    28.9725   5.764437    35.2624     2.3649     0.0215          0    158.500 337.348536  1022.2998      6.871     -0.013  0.000e+00
      6.931    28.9722   5.764437    35.2626     2.3615     0.0192          0    158.750 337.348539  1022.3002      6.892     -0.021  0.000e+00
      7.060    28.9723   5.764437    35.2625     2.3676     0.0231          0    159.000 337.348542  1022.3006      7.021      0.016  0.000e+00
      7.093    28.9726   5.764430    35.2622     2.3708     0.0444          0    159.250 337.348545  1022.3005      7.054      0.054  0.000e+00
      7.093    28.9723   5.764407    35.2623     2.3710     0.0345          0    159.500 337.348547  1022.3006      7.054      0.083  0.000e+00
      7.060    28.9722   5.764368    35.2621     2.3738     0.0284          0    159.750 337.348550  1022.3004      7.021      0.097  0.000e+00
      7.039    28.9721   5.764407    35.2624     2.3775     0.0276          0    160.000 337.348553  1022.3006      7.000      0.089  0.000e+00
      7.060    28.9722   5.764429    35.2625     2.3746     0.0353          0    160.250 337.348556  1022.3007      7.021      0.086  0.000e+00
      7.114    28.9723   5.764468    35.2627     2.3680     0.0604          0    160.500 337.348559  1022.3010      7.075      0.076  0.000e+00
      7.168    28.9725   5.764437    35.2623     2.3621     0.0521          0    160.750 337.348562  1022.3009      7.129      0.066  0.000e+00
      7.190    28.9725   5.764437    35.2623     2.3644     0.0582          0    161.000 337.348565  1022.3010      7.150      0.053  0.000e+00
      7.168    28.9725   5.764430    35.2623     2.3664     0.0566          0    161.250 337.348568  1022.3009      7.129      0.059  0.000e+00
      7.114    28.9723   5.764437    35.2625     2.3603     0.0528          0    161.500 337.348571  1022.3009      7.075      0.055  0.000e+00
      7.114    28.9724   5.764437    35.2624     2.3556     0.0589          0    161.750 337.348573  1022.3008      7.075      0.049  0.000e+00
      7.136    28.9725   5.764460    35.2625     2.3654     0.0650          0    162.000 337.348576  1022.3009      7.097      0.037  0.000e+00
      7.190    28.9726   5.764468    35.2624     2.3705     0.0574          0    162.250 337.348579  1022.3010      7.150      0.027  0.000e+00
      7.212    28.9727   5.764437    35.2622     2.3753     0.0330          0    162.500 337.348582  1022.3009      7.172      0.019  0.000e+00
      7.082    28.9725   5.764437    35.2623     2.3751     0.0330          0    162.750 337.348585  1022.3005      7.043     -0.014  0.000e+00
      6.833    28.9725   5.764429    35.2624     2.3692     0.0353          0    163.000 337.348588  1022.2995      6.796     -0.094  0.000e+00
      6.563    28.9725   5.764437    35.2625     2.3639     0.0353          0    163.250 337.348591  1022.2984      6.527     -0.217  0.000e+00
      6.304    28.9725   5.764406    35.2624     2.3692     0.0475          0    163.500 337.348594  1022.2972      6.269     -0.374  0.000e+00
      6.077    28.9726   5.764406    35.2623     2.3732     0.0490          0    163.750 337.348597  1022.2962      6.043     -0.552  0.000e+00
      5.958    28.9727   5.764398    35.2623     2.3725     0.0521          0    164.000 337.348600  1022.2956      5.925     -0.693  0.000e+00
      5.882    28.9725   5.764368    35.2622     2.3714     0.0421          0    164.250 337.348602  1022.2953      5.850     -0.769  0.000e+00
      5.763    28.9727   5.764367    35.2621     2.3625     0.0414          0    164.500 337.348605  1022.2947      5.731     -0.775  0.000e+00
      5.601    28.9725   5.764367    35.2623     2.3606     0.0261          0    164.750 337.348608  1022.2942      5.570     -0.723  0.000e+00
      5.395    28.9725   5.764337    35.2621     2.3619     0.0231          0    165.000 337.348611  1022.2932      5.366     -0.661  0.000e+00
      5.212    28.9723   5.764337    35.2623     2.3627     0.0215          0    165.250 337.348614  1022.2926      5.183     -0.618  0.000e+00
      4.909    28.9724   5.764367    35.2626     2.3552     0.0215          0    165.500 337.348617  1022.2915      4.882     -0.639  0.000e+00
      4.585    28.9723   5.764336    35.2625     2.3538     0.0330          0    165.750 337.348620  1022.2901      4.559     -0.721  0.000e+00
      4.250    28.9726   5.764397    35.2628     2.3573     0.0353          0    166.000 337.348623  1022.2888      4.226     -0.855  0.000e+00
      3.979    28.9729   5.764405    35.2627     2.3652     0.0391          0    166.250 337.348626  1022.2874      3.957     -0.978  0.000e+00
