ctd_mafia/cnv/SBE19plus_01906740_2018_12_07_0082.cnv
* Sea-Bird SBE19plus  Data File:
* FileName = C:\Users\all user\Desktop\Patroba _ WWF Mapping Mafia\SBE19plus_01906740_2018_12_07_0082.hex
* Software version 2.6.3.104
* Temperature SN = 6740
* Conductivity SN = 6740
* System UpLoad Time = Dec 07 2018 14:31:36
* <ApplicationData>
* <Seaterm232>
# nquan = 13
# nvalues = 709                                   
# units = specified
# name 0 = prdM: Pressure, Strain Gauge [db]
# name 1 = tv290C: Temperature [ITS-90, deg C]
# name 2 = c0S/m: Conductivity [S/m]
# name 3 = sal00: Salinity, Practical [PSU]
# name 4 = sbeox0ML/L: Oxygen, SBE 43 [ml/l]
# name 5 = flECO-AFL: Fluorescence, WET Labs ECO-AFL/FL [mg/m^3]
# name 6 = nbf: Bottles Fired
# name 7 = timeS: Time, Elapsed [seconds]
# name 8 = timeJ: Julian Days
# name 9 = density00: Density [density, kg/m^3]
# name 10 = depSM: Depth [salt water, m], lat = 0.00
# name 11 = dz/dtM: Descent Rate [m/s]
# name 12 = flag:  0.000e+00
# span 0 =     -1.335,     12.493                 
# span 1 =    27.3270,    28.1264                 
# span 2 =   0.191669,   5.668542                 
# span 3 =     0.9254,    35.2381                 
# span 4 =     1.8147,     3.5342                 
# span 5 =    -0.4370,    48.6864                 
# span 6 =          0,          0                 
# span 7 =      0.000,    177.000                 
# span 8 = 337.392431, 337.394479                 
# span 9 =   997.1053,  1022.6043                 
# span 10 =     -1.328,     12.424                
# span 11 =     -1.003,      0.325                
# span 12 = 0.0000e+00, 0.0000e+00                
# interval = seconds: 0.25
# start_time = Dec 03 2018 09:25:06 [Instrument's time stamp, header]
# bad_flag = -9.990e-29
*END*
     -1.335    27.3607   0.191669     0.9254     2.6551     0.0032          0      0.000 337.392431   997.1053     -1.328      0.000  0.000e+00
     -1.313    27.3590   0.245702     1.2014     2.6335     0.0002          0      0.250 337.392433   997.3130     -1.306      0.006  0.000e+00
     -1.313    27.3575   0.280859     1.3833     2.6693    -0.0036          0      0.500 337.392436   997.4499     -1.306      0.010  0.000e+00
     -1.324    27.3559   0.291656     1.4395     2.8186     0.0017          0      0.750 337.392439   997.4924     -1.317      0.010  0.000e+00
     -1.324    27.3541   0.285183     1.4058     2.8375    48.6719          0      1.000 337.392442   997.4677     -1.317      0.009  0.000e+00
     -1.313    27.3525   0.293521     1.4493     2.7939    48.6848          0      1.250 337.392445   997.5008     -1.306      0.011  0.000e+00
     -1.313    27.3507   0.290158     1.4318     2.7348    48.6696          0      1.500 337.392448   997.4882     -1.306      0.011  0.000e+00
     -1.313    27.3490   0.300899     1.4879     2.8018    48.6764          0      1.750 337.392451   997.5307     -1.306      0.010  0.000e+00
     -1.313    27.3472   0.333978     1.6614     2.8280     0.0147          0      2.000 337.392454   997.6613     -1.306      0.007  0.000e+00
     -1.324    27.3453   0.339249     1.6892     2.7953     0.0101          0      2.250 337.392457   997.6826     -1.316     -0.000  0.000e+00
     -1.313    27.3438   0.340948     1.6982     2.7339     0.0223          0      2.500 337.392459   997.6898     -1.306      0.002  0.000e+00
     -1.313    27.3420   0.362665     1.8130     2.6874     0.0147          0      2.750 337.392462   997.7764     -1.305      0.004  0.000e+00
     -1.323    27.3405   0.356161     1.7787     2.6812     0.4183          0      3.000 337.392465   997.7510     -1.316     -0.000  0.000e+00
     -1.323    27.3389   0.326207     1.6208     2.6907     0.4236          0      3.250 337.392468   997.6331     -1.316     -0.005  0.000e+00
     -1.323    27.3374   0.305795     1.5139     2.6824     0.4251          0      3.500 337.392471   997.5534     -1.316     -0.005  0.000e+00
     -1.334    27.3358   0.287592     1.4189     2.6609     0.4228          0      3.750 337.392474   997.4826     -1.326     -0.008  0.000e+00
     -1.301    27.3343   0.263316     1.2929     2.6591     0.4206          0      4.000 337.392477   997.3886     -1.294     -0.001  0.000e+00
     -1.312    27.3330   0.251770     1.2333     2.6641    -0.0212          0      4.250 337.392480   997.3442     -1.305      0.003  0.000e+00
     -1.323    27.3316   0.256215     1.2563     2.8088    -0.0250          0      4.500 337.392483   997.3618     -1.315     -0.000  0.000e+00
     -1.323    27.3301   0.249698     1.2227     2.9927    -0.0258          0      4.750 337.392486   997.3370     -1.315      0.000  0.000e+00
     -1.323    27.3286   0.234649     1.1453     2.9847    -0.0288          0      5.000 337.392488   997.2794     -1.315      0.002  0.000e+00
     -1.301    27.3270   0.357649     1.7870     2.9592     1.5657          0      5.250 337.392491   997.7611     -1.294      0.006  0.000e+00
     -1.236    27.3680   0.407038     2.0479     2.9933     1.5627          0      5.500 337.392494   997.9453     -1.229      0.026  0.000e+00
     -1.096    27.4539   0.431028     2.1723     3.4767     1.5642          0      5.750 337.392497   998.0150     -1.090      0.078  0.000e+00
     -0.923    27.5311   0.419657     2.1082     3.5342     1.5635          0      6.000 337.392500   997.9459     -0.917      0.157  0.000e+00
     -0.847    27.6831   0.544523     2.7722     3.4389     1.5039          0      6.250 337.392503   998.4000     -0.842      0.240  0.000e+00
     -0.825    27.7889   0.664842     3.4229     3.3231     1.4971          0      6.500 337.392506   998.8562     -0.821      0.295  0.000e+00
     -0.782    27.8711   2.067321    11.6171     3.0628     1.5017          0      6.750 337.392509  1004.9428     -0.778      0.325  0.000e+00
     -0.803    27.9396   2.970737    17.2485     2.8840     1.5039          0      7.000 337.392512  1009.1204     -0.799      0.314  0.000e+00
     -0.825    27.9836   3.063719    17.8265     2.7672    -0.0082          0      7.250 337.392514  1009.5381     -0.821      0.262  0.000e+00
     -0.814    28.0152   3.171684    18.5068     2.6432    -0.0067          0      7.500 337.392517  1010.0359     -0.810      0.187  0.000e+00
     -0.803    28.0330   3.589542    21.2059     2.4891    -0.0082          0      7.750 337.392520  1012.0453     -0.799      0.104  0.000e+00
     -0.793    28.0447   5.388647    33.3328     2.3234    -0.0006          0      8.000 337.392523  1021.1236     -0.788      0.042  0.000e+00
     -0.782    28.0543   5.638214    35.0680     2.3104    -0.0036          0      8.250 337.392526  1022.4247     -0.778      0.020  0.000e+00
     -0.782    28.0589   5.641651    35.0887     2.3063     0.0696          0      8.500 337.392529  1022.4387     -0.778      0.014  0.000e+00
     -0.717    28.0625   5.646091    35.1171     2.3220     0.0734          0      8.750 337.392532  1022.4592     -0.713      0.029  0.000e+00
     -0.652    28.0675   5.645499    35.1092     2.3551     0.0780          0      9.000 337.392535  1022.4519     -0.649      0.068  0.000e+00
     -0.576    28.0708   5.647450    35.1204     2.3763     0.0719          0      9.250 337.392538  1022.4595     -0.573      0.111  0.000e+00
     -0.576    28.0750   5.654460    35.1664     2.3567     0.0253          0      9.500 337.392541  1022.4928     -0.573      0.132  0.000e+00
     -0.555    28.0805   5.653069    35.1525     2.3774     0.0253          0      9.750 337.392543  1022.4806     -0.552      0.146  0.000e+00
     -0.533    28.0866   5.656039    35.1688     2.3411     0.0200          0     10.000 337.392546  1022.4909     -0.530      0.151  0.000e+00
     -0.490    28.0915   5.656548    35.1687     2.3259     0.0253          0     10.250 337.392549  1022.4894     -0.487      0.154  0.000e+00
     -0.436    28.0944   5.655439    35.1587     2.2925     0.0238          0     10.500 337.392552  1022.4812     -0.434      0.155  0.000e+00
     -0.360    28.0977   5.655318    35.1554     2.2711     0.0246          0     10.750 337.392555  1022.4780     -0.358      0.153  0.000e+00
     -0.306    28.1006   5.655948    35.1577     2.2508     0.0185          0     11.000 337.392558  1022.4790     -0.305      0.159  0.000e+00
     -0.306    28.1025   5.657050    35.1639     2.2584     0.0276          0     11.250 337.392561  1022.4831     -0.305      0.159  0.000e+00
     -0.295    28.1016   5.658159    35.1724     2.2692    -0.0036          0     11.500 337.392564  1022.4897     -0.294      0.164  0.000e+00
     -0.285    28.0977   5.657529    35.1708     2.2810    -0.0067          0     11.750 337.392567  1022.4899     -0.283      0.153  0.000e+00
     -0.274    28.0938   5.657240    35.1717     2.2990    -0.0036          0     12.000 337.392569  1022.4919     -0.272      0.133  0.000e+00
     -0.295    28.0904   5.655690    35.1634     2.3103    -0.0128          0     12.250 337.392572  1022.4867     -0.294      0.095  0.000e+00
     -0.263    28.0876   5.654938    35.1602     2.3253    -0.0151          0     12.500 337.392575  1022.4853     -0.261      0.065  0.000e+00
     -0.263    28.0857   5.654270    35.1570     2.3256    -0.0151          0     12.750 337.392578  1022.4835     -0.261      0.038  0.000e+00
     -0.252    28.0835   5.652690    35.1475     2.3411    -0.0189          0     13.000 337.392581  1022.4772     -0.251      0.027  0.000e+00
     -0.220    28.0817   5.652189    35.1454     2.3410    -0.0143          0     13.250 337.392584  1022.4763     -0.218      0.035  0.000e+00
     -0.198    28.0806   5.655979    35.1727     2.3362    -0.0136          0     13.500 337.392587  1022.4973     -0.197      0.044  0.000e+00
     -0.187    28.0800   5.656708    35.1783     2.3441    -0.0220          0     13.750 337.392590  1022.5017     -0.186      0.052  0.000e+00
     -0.209    28.0798   5.656807    35.1791     2.3444    -0.0281          0     14.000 337.392593  1022.5023     -0.208      0.051  0.000e+00
     -0.241    28.0837   5.657149    35.1786     2.3463    -0.0113          0     14.250 337.392595  1022.5005     -0.240      0.039  0.000e+00
     -0.263    28.0879   5.658258    35.1833     2.3465    -0.0296          0     14.500 337.392598  1022.5026     -0.261      0.012  0.000e+00
     -0.241    28.0914   5.658919    35.1853     2.3333    -0.0006          0     14.750 337.392601  1022.5030     -0.240      0.000  0.000e+00
     -0.209    28.0932   5.659010    35.1846     2.4548    -0.0075          0     15.000 337.392604  1022.5021     -0.208     -0.005  0.000e+00
     -0.166    28.0939   5.659079    35.1845     2.4654    -0.0059          0     15.250 337.392607  1022.5019     -0.165      0.001  0.000e+00
     -0.155    28.0955   5.659140    35.1838     2.4507    -0.0052          0     15.500 337.392610  1022.5009     -0.154      0.016  0.000e+00
     -0.144    28.0970   5.658828    35.1805     2.4245     0.0093          0     15.750 337.392613  1022.4980     -0.143      0.036  0.000e+00
     -0.166    28.0999   5.658980    35.1794     2.4150     0.0116          0     16.000 337.392616  1022.4961     -0.165      0.050  0.000e+00
     -0.209    28.1031   5.659269    35.1790     2.3886     0.0093          0     16.250 337.392619  1022.4946     -0.208      0.045  0.000e+00
     -0.187    28.1067   5.659838    35.1803     2.3505     0.0047          0     16.500 337.392622  1022.4945     -0.186      0.034  0.000e+00
     -0.187    28.1111   5.660310    35.1804     2.3134     0.0131          0     16.750 337.392624  1022.4931     -0.186      0.012  0.000e+00
     -0.176    28.1152   5.660879    35.1812     2.2709     0.0032          0     17.000 337.392627  1022.4924     -0.175     -0.004  0.000e+00
     -0.176    28.1192   5.660689    35.1769     2.2697     0.0063          0     17.250 337.392630  1022.4879     -0.175     -0.014  0.000e+00
     -0.176    28.1222   5.660439    35.1730     2.2733     0.0078          0     17.500 337.392633  1022.4840     -0.175     -0.012  0.000e+00
     -0.176    28.1241   5.659899    35.1678     2.2615     0.0032          0     17.750 337.392636  1022.4794     -0.175     -0.006  0.000e+00
     -0.176    28.1254   5.659648    35.1651     2.2536    -0.0159          0     18.000 337.392639  1022.4770     -0.175      0.006  0.000e+00
     -0.166    28.1258   5.659078    35.1608     2.2553    -0.0166          0     18.250 337.392642  1022.4737     -0.165      0.015  0.000e+00
     -0.155    28.1254   5.657840    35.1524     2.2524    -0.0242          0     18.500 337.392645  1022.4675     -0.154      0.013  0.000e+00
     -0.187    28.1244   5.657718    35.1523     2.2504    -0.0136          0     18.750 337.392648  1022.4676     -0.186      0.006  0.000e+00
     -0.187    28.1235   5.658721    35.1599     2.2372    -0.0097          0     19.000 337.392650  1022.4737     -0.186     -0.001  0.000e+00
     -0.198    28.1227   5.659200    35.1639     2.2314    -0.0029          0     19.250 337.392653  1022.4768     -0.197     -0.008  0.000e+00
     -0.133    28.1219   5.659010    35.1632     2.2306    -0.0044          0     19.500 337.392656  1022.4769     -0.132      0.004  0.000e+00
     -0.101    28.1208   5.658569    35.1609     2.2226     0.0086          0     19.750 337.392659  1022.4756     -0.100      0.022  0.000e+00
     -0.058    28.1192   5.657779    35.1565     2.2109     0.0177          0     20.000 337.392662  1022.4730     -0.057      0.047  0.000e+00
     -0.047    28.1173   5.656928    35.1520     2.1977     0.0253          0     20.250 337.392665  1022.4703     -0.046      0.066  0.000e+00
     -0.079    28.1157   5.656328    35.1490     2.1801     0.0276          0     20.500 337.392668  1022.4684     -0.079      0.072  0.000e+00
     -0.101    28.1148   5.655378    35.1430     2.1821     0.0215          0     20.750 337.392671  1022.4642     -0.100      0.070  0.000e+00
     -0.101    28.1145   5.655568    35.1446     2.1661     0.0261          0     21.000 337.392674  1022.4655     -0.100      0.053  0.000e+00
     -0.090    28.1142   5.655469    35.1441     2.1657     0.0086          0     21.250 337.392677  1022.4652     -0.089      0.034  0.000e+00
     -0.090    28.1135   5.655568    35.1453     2.1720     0.0177          0     21.500 337.392679  1022.4664     -0.089      0.004  0.000e+00
     -0.122    28.1131   5.655788    35.1471     2.1706     0.0147          0     21.750 337.392682  1022.4677     -0.122     -0.019  0.000e+00
     -0.101    28.1127   5.655758    35.1472     2.1794     0.0116          0     22.000 337.392685  1022.4680     -0.100     -0.027  0.000e+00
     -0.079    28.1125   5.655758    35.1474     2.1795     0.0124          0     22.250 337.392688  1022.4683     -0.079     -0.015  0.000e+00
     -0.090    28.1114   5.654900    35.1421     2.1750     0.0047          0     22.500 337.392691  1022.4647     -0.090     -0.001  0.000e+00
     -0.079    28.1106   5.650578    35.1125     2.1745     0.0093          0     22.750 337.392694  1022.4427     -0.079      0.009  0.000e+00
     -0.122    28.1090   5.649378    35.1053     2.1693     0.0139          0     23.000 337.392697  1022.4376     -0.122     -0.001  0.000e+00
     -0.133    28.1078   5.651269    35.1195     2.1623    -0.0395          0     23.250 337.392700  1022.4487     -0.132     -0.012  0.000e+00
     -0.144    28.1061   5.652788    35.1314     2.1401    -0.0265          0     23.500 337.392703  1022.4581     -0.143     -0.019  0.000e+00
     -0.133    28.1048   5.654019    35.1409     2.1398    -0.0265          0     23.750 337.392705  1022.4657     -0.132     -0.021  0.000e+00
     -0.122    28.1048   5.654748    35.1460     2.1122    -0.0227          0     24.000 337.392708  1022.4696     -0.122     -0.027  0.000e+00
     -0.079    28.1044   5.654900    35.1474     2.1081     0.0185          0     24.250 337.392711  1022.4709     -0.079     -0.015  0.000e+00
     -0.057    28.1028   5.654870    35.1484     2.1001     0.0231          0     24.500 337.392714  1022.4723     -0.057      0.009  0.000e+00
     -0.068    28.1007   5.654406    35.1467     2.0919     0.0208          0     24.750 337.392717  1022.4717     -0.068      0.025  0.000e+00
     -0.090    28.0987   5.653988    35.1453     2.0898     0.0231          0     25.000 337.392720  1022.4712     -0.089      0.037  0.000e+00
     -0.112    28.0968   5.653799    35.1454     2.0911     0.0101          0     25.250 337.392723  1022.4718     -0.111      0.030  0.000e+00
     -0.133    28.0951   5.653859    35.1471     2.0897    -0.0159          0     25.500 337.392726  1022.4735     -0.132      0.012  0.000e+00
     -0.112    28.0939   5.653738    35.1471     2.0924    -0.0052          0     25.750 337.392729  1022.4740     -0.111     -0.003  0.000e+00
     -0.133    28.0934   5.653859    35.1484     2.0964    -0.0143          0     26.000 337.392731  1022.4751     -0.132     -0.022  0.000e+00
     -0.155    28.0923   5.654209    35.1516     2.0926    -0.0220          0     26.250 337.392734  1022.4778     -0.154     -0.044  0.000e+00
     -0.111    28.0920   5.654680    35.1551     2.0890     0.0017          0     26.500 337.392737  1022.4807     -0.111     -0.037  0.000e+00
     -0.079    28.0921   5.655189    35.1586     2.0858    -0.0067          0     26.750 337.392740  1022.4834     -0.079     -0.013  0.000e+00
     -0.047    28.0926   5.655128    35.1578     2.0867    -0.0097          0     27.000 337.392743  1022.4828     -0.046      0.018  0.000e+00
     -0.036    28.0932   5.654680    35.1542     2.0693    -0.0059          0     27.250 337.392746  1022.4800     -0.036      0.043  0.000e+00
     -0.036    28.0936   5.654338    35.1515     2.0684    -0.0029          0     27.500 337.392749  1022.4777     -0.036      0.058  0.000e+00
