ctd_mafia/cnv/SBE19plus_01906740_2018_12_07_0096.cnv
* Sea-Bird SBE19plus  Data File:
* FileName = C:\Users\all user\Desktop\Patroba _ WWF Mapping Mafia\SBE19plus_01906740_2018_12_07_0096.hex
* Software version 2.6.3.104
* Temperature SN = 6740
* Conductivity SN = 6740
* System UpLoad Time = Dec 07 2018 14:34:29
* <ApplicationData>
* <Seaterm232>
# nquan = 13
# nvalues = 462                                   
# units = specified
# name 0 = prdM: Pressure, Strain Gauge [db]
# name 1 = tv290C: Temperature [ITS-90, deg C]
# name 2 = c0S/m: Conductivity [S/m]
# name 3 = sal00: Salinity, Practical [PSU]
# name 4 = sbeox0ML/L: Oxygen, SBE 43 [ml/l]
# name 5 = flECO-AFL: Fluorescence, WET Labs ECO-AFL/FL [mg/m^3]
# name 6 = nbf: Bottles Fired
# name 7 = timeS: Time, Elapsed [seconds]
# name 8 = timeJ: Julian Days
# name 9 = density00: Density [density, kg/m^3]
# name 10 = depSM: Depth [salt water, m], lat = 0.00
# name 11 = dz/dtM: Descent Rate [m/s]
# name 12 = flag:  0.000e+00
# span 0 =     -1.372,      4.163                 
# span 1 =    27.6852,    28.6022                 
# span 2 =   0.367425,   5.707481                 
# span 3 =     1.8093,    35.2908                 
# span 4 =     1.4553,     2.7635                 
# span 5 =    -0.4332,     0.2924                 
# span 6 =          0,          0                 
# span 7 =      0.000,    115.250                 
# span 8 = 338.368125, 338.369459                 
# span 9 =   997.5569,  1022.5460                 
# span 10 =     -1.365,      4.140                
# span 11 =     -0.832,      0.297                
# span 12 = 0.0000e+00, 0.0000e+00                
# interval = seconds: 0.25
# start_time = Dec 04 2018 08:50:06 [Instrument's time stamp, header]
# bad_flag = -9.990e-29
*END*
[from data line 223]
      0.866    28.2630   5.678666    35.1952     1.4926     0.0376          0     55.750 338.368770  1022.4588      0.861      0.138  0.000e+00
      0.909    28.2629   5.679275    35.1995     1.4896     0.0459          0     56.000 338.368773  1022.4623      0.904      0.156  0.000e+00
      0.930    28.2622   5.678323    35.1933     1.4873     0.0536          0     56.250 338.368776  1022.4580      0.925      0.164  0.000e+00
      0.952    28.2624   5.678856    35.1969     1.4822     0.0582          0     56.500 338.368779  1022.4607      0.947      0.159  0.000e+00
      0.941    28.2621   5.678476    35.1945     1.4787     0.0521          0     56.750 338.368782  1022.4590      0.936      0.143  0.000e+00
      0.941    28.2620   5.677715    35.1893     1.4758     0.0597          0     57.000 338.368785  1022.4551      0.936      0.119  0.000e+00
      0.941    28.2621   5.677745    35.1894     1.4772     0.0894          0     57.250 338.368788  1022.4551      0.936      0.086  0.000e+00
      0.995    28.2620   5.678575    35.1953     1.4784     0.0818          0     57.500 338.368791  1022.4598      0.990      0.066  0.000e+00
      1.028    28.2620   5.679617    35.2026     1.4770     0.0910          0     57.750 338.368793  1022.4654      1.022      0.061  0.000e+00
      1.060    28.2616   5.679336    35.2009     1.4799     0.0833          0     58.000 338.368796  1022.4644      1.054      0.066  0.000e+00
      1.071    28.2613   5.679336    35.2011     1.4770     0.0749          0     58.250 338.368799  1022.4648      1.065      0.074  0.000e+00
      1.103    28.2609   5.678384    35.1947     1.4771     0.0696          0     58.500 338.368802  1022.4602      1.097      0.088  0.000e+00
      1.103    28.2611   5.678285    35.1939     1.4745     0.0742          0     58.750 338.368805  1022.4595      1.097      0.097  0.000e+00
      1.103    28.2610   5.678963    35.1987     1.4790     0.0780          0     59.000 338.368808  1022.4632      1.097      0.093  0.000e+00
      1.147    28.2612   5.679336    35.2011     1.4832     0.0780          0     59.250 338.368811  1022.4651      1.140      0.089  0.000e+00
      1.201    28.2610   5.679686    35.2037     1.4760     0.0475          0     59.500 338.368814  1022.4674      1.194      0.086  0.000e+00
      1.211    28.2608   5.680158    35.2072     1.4648     0.0421          0     59.750 338.368817  1022.4701      1.205      0.087  0.000e+00
      1.233    28.2605   5.680318    35.2085     1.4648     0.0437          0     60.000 338.368819  1022.4713      1.226      0.090  0.000e+00
      1.222    28.2602   5.681048    35.2138     1.4665     0.0490          0     60.250 338.368822  1022.4753      1.216      0.087  0.000e+00
      1.287    28.2588   5.680987    35.2144     1.4730     0.0589          0     60.500 338.368825  1022.4765      1.280      0.094  0.000e+00
      1.330    28.2569   5.681977    35.2228     1.4695     0.0604          0     60.750 338.368828  1022.4836      1.323      0.110  0.000e+00
      1.352    28.2538   5.685190    35.2475     1.4708     0.0612          0     61.000 338.368831  1022.5033      1.345      0.115  0.000e+00
      1.395    28.2442   5.683180    35.2406     1.4690     0.0604          0     61.250 338.368834  1022.5015      1.388      0.116  0.000e+00
      1.417    28.2303   5.683059    35.2501     1.4748     0.0772          0     61.500 338.368837  1022.5133      1.409      0.118  0.000e+00
      1.439    28.2200   5.682967    35.2571     1.4690     0.0719          0     61.750 338.368840  1022.5220      1.431      0.125  0.000e+00
      1.439    28.2140   5.682899    35.2612     1.4609     0.0704          0     62.000 338.368843  1022.5270      1.431      0.120  0.000e+00
      1.449    28.2105   5.682990    35.2644     1.4553     0.0688          0     62.250 338.368845  1022.5307      1.441      0.110  0.000e+00
      1.439    28.2089   5.682899    35.2650     1.4570     0.0566          0     62.500 338.368848  1022.5316      1.431      0.079  0.000e+00
      1.471    28.2083   5.682930    35.2656     1.4645     0.0673          0     62.750 338.368851  1022.5324      1.463      0.063  0.000e+00
      1.536    28.2075   5.682640    35.2641     1.4761     0.0589          0     63.000 338.368854  1022.5318      1.527      0.068  0.000e+00
      1.568    28.2061   5.682290    35.2628     1.4848     0.0635          0     63.250 338.368857  1022.5314      1.560      0.074  0.000e+00
      1.612    28.2040   5.682321    35.2645     1.4996     0.0604          0     63.500 338.368860  1022.5336      1.603      0.092  0.000e+00
      1.633    28.2028   5.682321    35.2654     1.5132     0.0864          0     63.750 338.368863  1022.5347      1.624      0.109  0.000e+00
      1.644    28.2026   5.682199    35.2647     1.5263     0.0879          0     64.000 338.368866  1022.5344      1.635      0.121  0.000e+00
      1.655    28.2017   5.682298    35.2661     1.5367     0.0856          0     64.250 338.368869  1022.5357      1.646      0.122  0.000e+00
      1.720    28.2013   5.682229    35.2659     1.5393     0.0856          0     64.500 338.368872  1022.5360      1.710      0.130  0.000e+00
      1.720    28.2009   5.682070    35.2651     1.5465     0.0566          0     64.750 338.368874  1022.5355      1.710      0.117  0.000e+00
      1.730    28.2004   5.682169    35.2661     1.5542     0.0582          0     65.000 338.368877  1022.5365      1.721      0.098  0.000e+00
      1.741    28.2002   5.682199    35.2665     1.5690     0.0521          0     65.250 338.368880  1022.5368      1.732      0.086  0.000e+00
      1.795    28.2005   5.682100    35.2655     1.5785     0.0673          0     65.500 338.368883  1022.5363      1.785      0.086  0.000e+00
      1.806    28.2004   5.682070    35.2654     1.5834     0.0902          0     65.750 338.368886  1022.5363      1.796      0.089  0.000e+00
      1.828    28.1998   5.682039    35.2656     1.5878     0.0955          0     66.000 338.368889  1022.5367      1.818      0.091  0.000e+00
      1.860    28.1996   5.682039    35.2657     1.5948     0.0833          0     66.250 338.368892  1022.5370      1.850      0.092  0.000e+00
      1.903    28.1997   5.682070    35.2659     1.5979     0.0879          0     66.500 338.368895  1022.5373      1.893      0.094  0.000e+00
      1.903    28.1997   5.682115    35.2662     1.6005     0.0643          0     66.750 338.368898  1022.5375      1.893      0.102  0.000e+00
      1.914    28.1997   5.682100    35.2661     1.5986     0.0574          0     67.000 338.368900  1022.5375      1.904      0.099  0.000e+00
      1.925    28.2000   5.682131    35.2661     1.6046     0.0566          0     67.250 338.368903  1022.5374      1.914      0.091  0.000e+00
      1.936    28.2001   5.682169    35.2663     1.6069     0.0559          0     67.500 338.368906  1022.5376      1.925      0.076  0.000e+00
      1.947    28.2004   5.682291    35.2669     1.6080     0.0559          0     67.750 338.368909  1022.5380      1.936      0.069  0.000e+00
      2.001    28.2011   5.682390    35.2671     1.6167     0.0566          0     68.000 338.368912  1022.5381      1.990      0.069  0.000e+00
      2.012    28.2018   5.682321    35.2661     1.6153     0.0543          0     68.250 338.368915  1022.5372      2.001      0.067  0.000e+00
      2.066    28.2022   5.682420    35.2665     1.6231     0.0582          0     68.500 338.368918  1022.5376      2.054      0.078  0.000e+00
      2.055    28.2025   5.682420    35.2662     1.6250     0.0604          0     68.750 338.368921  1022.5373      2.044      0.087  0.000e+00
      2.087    28.2027   5.682420    35.2661     1.6288     0.0742          0     69.000 338.368924  1022.5372      2.076      0.094  0.000e+00
      2.087    28.2029   5.682481    35.2663     1.6324     0.0788          0     69.250 338.368927  1022.5373      2.076      0.092  0.000e+00
      2.130    28.2031   5.682580    35.2668     1.6363     0.0726          0     69.500 338.368929  1022.5378      2.119      0.094  0.000e+00
      2.130    28.2039   5.682549    35.2660     1.6357     0.0681          0     69.750 338.368932  1022.5370      2.119      0.086  0.000e+00
      2.152    28.2042   5.682641    35.2664     1.6481     0.0994          0     70.000 338.368935  1022.5373      2.140      0.075  0.000e+00
      2.184    28.2044   5.682519    35.2654     1.6547     0.0925          0     70.250 338.368938  1022.5366      2.172      0.076  0.000e+00
      2.206    28.2046   5.682481    35.2650     1.6551     0.0902          0     70.500 338.368941  1022.5363      2.194      0.075  0.000e+00
      2.206    28.2042   5.682481    35.2653     1.6586     0.1047          0     70.750 338.368944  1022.5367      2.194      0.079  0.000e+00
      2.217    28.2042   5.682519    35.2656     1.6565     0.0627          0     71.000 338.368947  1022.5369      2.205      0.072  0.000e+00
      2.217    28.2044   5.682580    35.2659     1.6567     0.0582          0     71.250 338.368950  1022.5370      2.205      0.066  0.000e+00
      2.217    28.2046   5.682610    35.2659     1.6550     0.0612          0     71.500 338.368953  1022.5370      2.205      0.050  0.000e+00
      2.228    28.2049   5.682671    35.2661     1.6602     0.0490          0     71.750 338.368955  1022.5371      2.215      0.044  0.000e+00
      2.271    28.2051   5.682481    35.2646     1.6529     0.0589          0     72.000 338.368958  1022.5361      2.258      0.042  0.000e+00
      2.303    28.2046   5.682420    35.2646     1.6622     0.0536          0     72.250 338.368961  1022.5364      2.291      0.048  0.000e+00
      2.336    28.2041   5.682451    35.2651     1.6623     0.0566          0     72.500 338.368964  1022.5371      2.323      0.062  0.000e+00
      2.368    28.2040   5.682550    35.2659     1.6653     0.0589          0     72.750 338.368967  1022.5378      2.355      0.082  0.000e+00
      2.390    28.2043   5.682610    35.2661     1.6668     0.0528          0     73.000 338.368970  1022.5380      2.377      0.097  0.000e+00
      2.412    28.2050   5.682801    35.2669     1.6651     0.0704          0     73.250 338.368973  1022.5385      2.398      0.110  0.000e+00
      2.390    28.2060   5.682831    35.2664     1.6630     0.0734          0     73.500 338.368976  1022.5377      2.377      0.103  0.000e+00
      2.401    28.2068   5.682740    35.2652     1.6634     0.0788          0     73.750 338.368979  1022.5365      2.388      0.088  0.000e+00
      2.433    28.2068   5.682831    35.2658     1.6645     0.0635          0     74.000 338.368981  1022.5372      2.420      0.073  0.000e+00
      2.444    28.2070   5.682869    35.2658     1.6633     0.0620          0     74.250 338.368984  1022.5371      2.431      0.061  0.000e+00
      2.476    28.2074   5.682725    35.2645     1.6622     0.0643          0     74.500 338.368987  1022.5362      2.463      0.058  0.000e+00
      2.530    28.2070   5.682709    35.2647     1.6668     0.0780          0     74.750 338.368990  1022.5367      2.517      0.068  0.000e+00
      2.530    28.2068   5.682740    35.2651     1.6660     0.0711          0     75.000 338.368993  1022.5371      2.517      0.076  0.000e+00
      2.541    28.2065   5.682740    35.2653     1.6729     0.0482          0     75.250 338.368996  1022.5374      2.527      0.083  0.000e+00
      2.585    28.2066   5.682801    35.2657     1.6715     0.0383          0     75.500 338.368999  1022.5378      2.570      0.099  0.000e+00
      2.606    28.2067   5.682831    35.2658     1.6769     0.0406          0     75.750 338.369002  1022.5379      2.592      0.102  0.000e+00
      2.606    28.2069   5.682709    35.2648     1.6780     0.0429          0     76.000 338.369005  1022.5371      2.592      0.094  0.000e+00
      2.714    28.2067   5.682671    35.2647     1.6783     0.0429          0     76.250 338.369008  1022.5375      2.699      0.112  0.000e+00
      2.747    28.2062   5.682611    35.2646     1.6790     0.0543          0     76.500 338.369010  1022.5378      2.732      0.123  0.000e+00
      2.768    28.2054   5.682550    35.2647     1.6835     0.0551          0     76.750 338.369013  1022.5383      2.753      0.131  0.000e+00
      2.812    28.2046   5.682390    35.2642     1.6857     0.0521          0     77.000 338.369016  1022.5383      2.796      0.149  0.000e+00
      2.812    28.2036   5.682390    35.2649     1.6828     0.0589          0     77.250 338.369019  1022.5392      2.796      0.148  0.000e+00
      2.822    28.2029   5.682451    35.2659     1.6860     0.0902          0     77.500 338.369022  1022.5401      2.807      0.136  0.000e+00
      2.833    28.2031   5.682519    35.2662     1.6838     0.0955          0     77.750 338.369025  1022.5404      2.818      0.121  0.000e+00
      2.844    28.2032   5.682580    35.2665     1.6877     0.1001          0     78.000 338.369028  1022.5406      2.828      0.100  0.000e+00
      2.866    28.2038   5.682672    35.2667     1.6834     0.0940          0     78.250 338.369031  1022.5407      2.850      0.069  0.000e+00
      2.909    28.2045   5.682641    35.2660     1.6874     0.1001          0     78.500 338.369034  1022.5401      2.893      0.068  0.000e+00
      2.920    28.2044   5.682451    35.2647     1.6820     0.1093          0     78.750 338.369036  1022.5392      2.904      0.069  0.000e+00
      2.952    28.2038   5.682481    35.2654     1.6864     0.0994          0     79.000 338.369039  1022.5400      2.936      0.073  0.000e+00
      2.985    28.2033   5.682481    35.2657     1.6857     0.0932          0     79.250 338.369042  1022.5406      2.968      0.088  0.000e+00
      3.006    28.2030   5.682512    35.2662     1.6865     0.0726          0     79.500 338.369045  1022.5411      2.990      0.097  0.000e+00
      3.017    28.2031   5.682550    35.2664     1.6886     0.0726          0     79.750 338.369048  1022.5413      3.001      0.100  0.000e+00
      3.039    28.2032   5.682611    35.2667     1.6887     0.0704          0     80.000 338.369051  1022.5416      3.022      0.100  0.000e+00
      3.028    28.2035   5.682611    35.2665     1.6929     0.0765          0     80.250 338.369054  1022.5413      3.011      0.086  0.000e+00
      3.028    28.2036   5.682710    35.2671     1.6859     0.0688          0     80.500 338.369057  1022.5417      3.011      0.067  0.000e+00
      3.039    28.2039   5.682672    35.2666     1.6944     0.0757          0     80.750 338.369060  1022.5413      3.022      0.055  0.000e+00
      3.060    28.2044   5.682740    35.2667     1.6898     0.0643          0     81.000 338.369062  1022.5413      3.044      0.043  0.000e+00
      3.082    28.2046   5.682771    35.2668     1.6939     0.0681          0     81.250 338.369065  1022.5414      3.065      0.039  0.000e+00
      3.114    28.2050   5.682740    35.2663     1.6964     0.0688          0     81.500 338.369068  1022.5410      3.097      0.045  0.000e+00
      3.114    28.2050   5.682611    35.2654     1.6923     0.0833          0     81.750 338.369071  1022.5403      3.097      0.050  0.000e+00
      3.136    28.2046   5.682634    35.2658     1.6948     0.0833          0     82.000 338.369074  1022.5409      3.119      0.058  0.000e+00
      3.158    28.2040   5.682672    35.2665     1.6937     0.0803          0     82.250 338.369077  1022.5417      3.140      0.070  0.000e+00
      3.190    28.2041   5.682710    35.2667     1.6935     0.0818          0     82.500 338.369080  1022.5419      3.173      0.079  0.000e+00
      3.266    28.2042   5.682672    35.2663     1.6941     0.0688          0     82.750 338.369083  1022.5420      3.248      0.098  0.000e+00
      3.309    28.2040   5.682611    35.2660     1.6872     0.0704          0     83.000 338.369086  1022.5420      3.291      0.116  0.000e+00
