ctd_mafia/cnv/SBE19plus_01906740_2018_12_07_0105.cnv
* Sea-Bird SBE19plus  Data File:
* FileName = C:\Users\all user\Desktop\Patroba _ WWF Mapping Mafia\SBE19plus_01906740_2018_12_07_0105.hex
* Software version 2.6.3.104
* Temperature SN = 6740
* Conductivity SN = 6740
* System UpLoad Time = Dec 07 2018 14:37:02
* <ApplicationData>
* <Seaterm232>
# nquan = 13
# nvalues = 814                                   
# units = specified
# name 0 = prdM: Pressure, Strain Gauge [db]
# name 1 = tv290C: Temperature [ITS-90, deg C]
# name 2 = c0S/m: Conductivity [S/m]
# name 3 = sal00: Salinity, Practical [PSU]
# name 4 = sbeox0ML/L: Oxygen, SBE 43 [ml/l]
# name 5 = flECO-AFL: Fluorescence, WET Labs ECO-AFL/FL [mg/m^3]
# name 6 = nbf: Bottles Fired
# name 7 = timeS: Time, Elapsed [seconds]
# name 8 = timeJ: Julian Days
# name 9 = density00: Density [density, kg/m^3]
# name 10 = depSM: Depth [salt water, m], lat = 0.00
# name 11 = dz/dtM: Descent Rate [m/s]
# name 12 = flag:  0.000e+00
# span 0 =     -1.420,     20.892                 
# span 1 =    27.9443,    28.6468                 
# span 2 =   0.478774,   5.724422                 
# span 3 =     2.3949,    35.3945                 
# span 4 =     1.0842,    10.5825                 
# span 5 =    -0.0784,     1.1637                 
# span 6 =          0,          0                 
# span 7 =      0.000,    203.250                 
# span 8 = 338.431574, 338.433927                 
# span 9 =   997.9862,  1022.7191                 
# span 10 =     -1.412,     20.776                
# span 11 =     -1.150,      0.536                
# span 12 = 0.0000e+00, 0.0000e+00                
# interval = seconds: 0.25
# start_time = Dec 04 2018 10:21:28 [Instrument's time stamp, header]
# bad_flag = -9.990e-29
*END*
[from data line 334]
      4.439    28.3710   5.706076    35.3050     2.1521     0.0345          0     83.500 338.432541  1022.5211      4.414      0.223  0.000e+00
      4.514    28.3682   5.704765    35.2979     2.1474     0.0269          0     83.750 338.432543  1022.5171      4.489      0.244  0.000e+00
      4.547    28.3608   5.704224    35.2996     2.1415    -0.0082          0     84.000 338.432546  1022.5209      4.522      0.247  0.000e+00
      4.547    28.3559   5.705345    35.3111     2.1398    -0.0052          0     84.250 338.432549  1022.5312      4.522      0.228  0.000e+00
      4.547    28.3564   5.705535    35.3121     2.1326    -0.0044          0     84.500 338.432552  1022.5317      4.522      0.191  0.000e+00
      4.558    28.3580   5.706176    35.3153     2.1250    -0.0067          0     84.750 338.432555  1022.5336      4.532      0.157  0.000e+00
      4.579    28.3654   5.709593    35.3336     2.1236     0.0047          0     85.000 338.432558  1022.5451      4.554      0.123  0.000e+00
      4.644    28.3815   5.709882    35.3236     2.1196     0.0131          0     85.250 338.432561  1022.5325      4.618      0.103  0.000e+00
      4.698    28.3899   5.705824    35.2890     2.1096     0.0131          0     85.500 338.432564  1022.5039      4.672      0.100  0.000e+00
      4.720    28.3806   5.705657    35.2948     2.1105     0.0070          0     85.750 338.432567  1022.5115      4.694      0.100  0.000e+00
      4.720    28.3708   5.705825    35.3033     2.1039     0.0376          0     86.000 338.432569  1022.5211      4.694      0.107  0.000e+00
      4.774    28.3671   5.707739    35.3194     2.1019     0.0330          0     86.250 338.432572  1022.5347      4.747      0.125  0.000e+00
      4.849    28.3715   5.705855    35.3029     2.0923     0.0353          0     86.500 338.432575  1022.5212      4.823      0.148  0.000e+00
      4.860    28.3691   5.704895    35.2980     2.0829     0.0322          0     86.750 338.432578  1022.5183      4.833      0.154  0.000e+00
      4.882    28.3621   5.705596    35.3081     2.0735     0.0231          0     87.000 338.432581  1022.5283      4.855      0.148  0.000e+00
      4.925    28.3597   5.703294    35.2938     2.0734     0.0215          0     87.250 338.432584  1022.5185      4.898      0.139  0.000e+00
      4.968    28.3490   5.699299    35.2739     2.0791     0.0170          0     87.500 338.432587  1022.5073      4.941      0.141  0.000e+00
      5.033    28.3282   5.698415    35.2832     2.0830     0.0154          0     87.750 338.432590  1022.5214      5.006      0.156  0.000e+00
      5.109    28.3121   5.698507    35.2959     2.0750     0.0215          0     88.000 338.432593  1022.5366      5.081      0.176  0.000e+00
      5.163    28.3037   5.700230    35.3142     2.0775     0.0200          0     88.250 338.432595  1022.5533      5.135      0.184  0.000e+00
      5.206    28.3052   5.699879    35.3106     2.0704     0.0177          0     88.500 338.432598  1022.5503      5.178      0.193  0.000e+00
      5.249    28.3075   5.699079    35.3033     2.0754     0.0330          0     88.750 338.432601  1022.5443      5.220      0.210  0.000e+00
      5.260    28.3047   5.698187    35.2991     2.0738     0.0238          0     89.000 338.432604  1022.5421      5.231      0.206  0.000e+00
      5.271    28.2994   5.698027    35.3020     2.0719     0.0299          0     89.250 338.432607  1022.5460      5.242      0.186  0.000e+00
      5.271    28.2957   5.698012    35.3046     2.0794     0.0261          0     89.500 338.432610  1022.5492      5.242      0.154  0.000e+00
      5.293    28.2939   5.698347    35.3084     2.0771     0.0162          0     89.750 338.432613  1022.5527      5.263      0.120  0.000e+00
      5.336    28.2945   5.699117    35.3132     2.0818     0.0276          0     90.000 338.432616  1022.5563      5.306      0.097  0.000e+00
      5.422    28.2980   5.699590    35.3139     2.1000     0.0406          0     90.250 338.432619  1022.5561      5.392      0.102  0.000e+00
      5.487    28.3026   5.700970    35.3201     2.0935     0.0376          0     90.500 338.432622  1022.5595      5.457      0.121  0.000e+00
      5.530    28.3093   5.701091    35.3159     2.0978     0.0368          0     90.750 338.432624  1022.5543      5.500      0.145  0.000e+00
      5.585    28.3155   5.701892    35.3169     2.0989     0.0345          0     91.000 338.432627  1022.5532      5.554      0.176  0.000e+00
      5.682    28.3204   5.699948    35.2996     2.0948     0.0177          0     91.250 338.432630  1022.5391      5.651      0.214  0.000e+00
      5.736    28.3154   5.697181    35.2840     2.0920     0.0139          0     91.500 338.432633  1022.5292      5.704      0.242  0.000e+00
      5.779    28.3020   5.696404    35.2886     2.0916     0.0101          0     91.750 338.432636  1022.5373      5.747      0.251  0.000e+00
      5.855    28.2909   5.697997    35.3079     2.0966     0.0101          0     92.000 338.432639  1022.5558      5.823      0.253  0.000e+00
      5.930    28.2895   5.698988    35.3159     2.0882     0.0032          0     92.250 338.432642  1022.5625      5.898      0.252  0.000e+00
      5.941    28.2918   5.696496    35.2968     2.0897     0.0376          0     92.500 338.432645  1022.5475      5.909      0.244  0.000e+00
      5.952    28.2854   5.696085    35.2986     2.0879     0.0421          0     92.750 338.432648  1022.5510      5.919      0.225  0.000e+00
      5.985    28.2797   5.695894    35.3016     2.0855     0.0292          0     93.000 338.432650  1022.5553      5.952      0.198  0.000e+00
      6.028    28.2770   5.696694    35.3092     2.0840     0.0368          0     93.250 338.432653  1022.5620      5.995      0.171  0.000e+00
      6.049    28.2791   5.698188    35.3181     2.0832     0.0139          0     93.500 338.432656  1022.5681      6.016      0.152  0.000e+00
      6.147    28.2855   5.699369    35.3215     2.1013     0.0040          0     93.750 338.432659  1022.5690      6.113      0.153  0.000e+00
      6.201    28.2952   5.702083    35.3332     2.0898     0.0139          0     94.000 338.432662  1022.5748      6.167      0.155  0.000e+00
      6.266    28.3130   5.704835    35.3390     2.0798     0.0101          0     94.250 338.432665  1022.5736      6.231      0.172  0.000e+00
      6.352    28.3334   5.703874    35.3171     2.0793     0.0109          0     94.500 338.432668  1022.5508      6.317      0.209  0.000e+00
      6.428    28.3396   5.700870    35.2915     2.0767     0.0032          0     94.750 338.432671  1022.5298      6.392      0.242  0.000e+00
      6.536    28.3320   5.702822    35.3108     2.0767     0.0086          0     95.000 338.432674  1022.5473      6.500      0.275  0.000e+00
      6.547    28.3337   5.705255    35.3264     2.0644     0.0070          0     95.250 338.432677  1022.5586      6.511      0.283  0.000e+00
      6.558    28.3446   5.705216    35.3180     2.0642     0.0086          0     95.500 338.432679  1022.5487      6.521      0.271  0.000e+00
      6.579    28.3520   5.705346    35.3134     2.0603     0.0185          0     95.750 338.432682  1022.5429      6.543      0.236  0.000e+00
      6.633    28.3560   5.705506    35.3115     2.0625     0.0116          0     96.000 338.432685  1022.5404      6.597      0.213  0.000e+00
      6.774    28.3581   5.705025    35.3065     2.0773     0.0086          0     96.250 338.432688  1022.5365      6.736      0.213  0.000e+00
      6.904    28.3555   5.698606    35.2637     2.0831     0.0109          0     96.500 338.432691  1022.5057      6.865      0.231  0.000e+00
      7.001    28.3324   5.696595    35.2668     2.0746     0.0429          0     96.750 338.432694  1022.5161      6.962      0.262  0.000e+00
      7.044    28.3074   5.697487    35.2917     2.0704     0.0444          0     97.000 338.432697  1022.5433      7.005      0.285  0.000e+00
      7.055    28.2957   5.697617    35.3013     2.0723     0.0398          0     97.250 338.432700  1022.5544      7.016      0.307  0.000e+00
      7.066    28.2912   5.697518    35.3040     2.0601     0.0391          0     97.500 338.432703  1022.5579      7.027      0.301  0.000e+00
      7.076    28.2891   5.697586    35.3061     2.0550     0.0101          0     97.750 338.432705  1022.5603      7.037      0.266  0.000e+00
      7.098    28.2884   5.697548    35.3063     2.0588     0.0101          0     98.000 338.432708  1022.5607      7.059      0.210  0.000e+00
      7.120    28.2880   5.697586    35.3069     2.0632     0.0147          0     98.250 338.432711  1022.5614      7.080      0.143  0.000e+00
      7.163    28.2881   5.697998    35.3097     2.0687     0.0177          0     98.500 338.432714  1022.5636      7.123      0.102  0.000e+00
      7.206    28.2897   5.698219    35.3100     2.0757     0.0253          0     98.750 338.432717  1022.5635      7.166      0.089  0.000e+00
      7.303    28.2916   5.698013    35.3071     2.0887     0.0276          0     99.000 338.432720  1022.5611      7.263      0.115  0.000e+00
      7.379    28.2916   5.697396    35.3028     2.0975     0.0261          0     99.250 338.432723  1022.5582      7.338      0.156  0.000e+00
      7.476    28.2896   5.697648    35.3060     2.1084     0.0223          0     99.500 338.432726  1022.5617      7.435      0.203  0.000e+00
      7.563    28.2891   5.698059    35.3092     2.1032     0.0429          0     99.750 338.432729  1022.5647      7.521      0.249  0.000e+00
      7.682    28.2900   5.696786    35.2996     2.1045     0.0307          0    100.000 338.432731  1022.5576      7.639      0.298  0.000e+00
      7.790    28.2862   5.695064    35.2904     2.1061     0.0322          0    100.250 338.432734  1022.5524      7.747      0.342  0.000e+00
      7.866    28.2762   5.694585    35.2945     2.1061     0.0376          0    100.500 338.432737  1022.5591      7.822      0.367  0.000e+00
      7.898    28.2692   5.695514    35.3062     2.0932     0.0376          0    100.750 338.432740  1022.5704      7.854      0.365  0.000e+00
      7.876    28.2688   5.696878    35.3160     2.0773     0.0208          0    101.000 338.432743  1022.5778      7.833      0.324  0.000e+00
      7.876    28.2742   5.697519    35.3165     2.0768     0.0109          0    101.250 338.432746  1022.5764      7.833      0.270  0.000e+00
      7.866    28.2799   5.696436    35.3047     2.0747     0.0162          0    101.500 338.432749  1022.5656      7.822      0.200  0.000e+00
      7.930    28.2799   5.696787    35.3071     2.0637     0.0025          0    101.750 338.432752  1022.5677      7.887      0.147  0.000e+00
      7.952    28.2806   5.697808    35.3137     2.0614     0.0246          0    102.000 338.432755  1022.5725      7.908      0.099  0.000e+00
      8.006    28.2853   5.698768    35.3168     2.0575     0.0261          0    102.250 338.432758  1022.5735      7.962      0.079  0.000e+00
      8.103    28.2925   5.700011    35.3202     2.0635     0.0177          0    102.500 338.432760  1022.5741      8.059      0.099  0.000e+00
      8.222    28.2992   5.698898    35.3073     2.0696     0.0292          0    102.750 338.432763  1022.5627      8.177      0.155  0.000e+00
      8.265    28.2967   5.690478    35.2504     2.0728     0.0315          0    103.000 338.432766  1022.5210      8.220      0.210  0.000e+00
      8.298    28.2645   5.686046    35.2434     2.0623     0.0376          0    103.250 338.432769  1022.5265      8.252      0.241  0.000e+00
      8.287    28.2264   5.686176    35.2728     2.0612     0.0337          0    103.500 338.432772  1022.5610      8.241      0.242  0.000e+00
      8.352    28.2043   5.687989    35.3019     2.0546     0.0276          0    103.750 338.432775  1022.5905      8.306      0.229  0.000e+00
      8.449    28.2010   5.692895    35.3387     2.0561     0.0238          0    104.000 338.432778  1022.6196      8.403      0.231  0.000e+00
      8.536    28.2236   5.701796    35.3840     2.0567     0.0261          0    104.250 338.432781  1022.6466      8.489      0.229  0.000e+00
      8.622    28.2692   5.703495    35.3618     2.0547     0.0261          0    104.500 338.432784  1022.6153      8.575      0.229  0.000e+00
      8.741    28.3076   5.705279    35.3455     2.0584     0.0238          0    104.750 338.432786  1022.5909      8.693      0.252  0.000e+00
      8.849    28.3341   5.702031    35.3029     2.0609     0.0131          0    105.000 338.432789  1022.5506      8.801      0.301  0.000e+00
      8.947    28.3314   5.688627    35.2114     2.0776     0.0109          0    105.250 338.432792  1022.4832      8.897      0.349  0.000e+00
      9.076    28.2801   5.680611    35.1936     2.0754     0.0177          0    105.500 338.432795  1022.4872      9.026      0.396  0.000e+00
      9.163    28.2121   5.679531    35.2367     2.0700     0.0131          0    105.750 338.432798  1022.5423      9.112      0.412  0.000e+00
      9.185    28.1675   5.680902    35.2796     2.0650     0.0086          0    106.000 338.432801  1022.5893      9.134      0.396  0.000e+00
      9.249    28.1485   5.680963    35.2942     2.0599     0.0620          0    106.250 338.432804  1022.6068      9.198      0.374  0.000e+00
      9.303    28.1415   5.681055    35.3001     2.0572     0.0505          0    106.500 338.432807  1022.6138      9.252      0.342  0.000e+00
      9.379    28.1396   5.680484    35.2975     2.0485     0.0521          0    106.750 338.432810  1022.6128      9.327      0.309  0.000e+00
      9.433    28.1344   5.676801    35.2756     2.0506     0.0574          0    107.000 338.432813  1022.5982      9.381      0.278  0.000e+00
      9.455    28.1209   5.676892    35.2863     2.0497     0.0414          0    107.250 338.432815  1022.6109      9.403      0.244  0.000e+00
      9.498    28.1122   5.679427    35.3105     2.0560     0.0330          0    107.500 338.432818  1022.6321      9.446      0.213  0.000e+00
      9.552    28.1156   5.679693    35.3098     2.0595     0.0368          0    107.750 338.432821  1022.6307      9.499      0.203  0.000e+00
      9.606    28.1199   5.677623    35.2921     2.0550     0.0315          0    108.000 338.432824  1022.6162      9.553      0.204  0.000e+00
      9.671    28.1151   5.676291    35.2863     2.0579     0.0322          0    108.250 338.432827  1022.6137      9.618      0.200  0.000e+00
      9.768    28.1067   5.676071    35.2911     2.0488     0.0368          0    108.500 338.432830  1022.6205      9.714      0.212  0.000e+00
      9.844    28.0993   5.671978    35.2679     2.0447     0.0315          0    108.750 338.432833  1022.6058      9.790      0.227  0.000e+00
      9.866    28.0831   5.674451    35.2974     2.0357     0.0429          0    109.000 338.432836  1022.6334      9.811      0.237  0.000e+00
      9.866    28.0781   5.675181    35.3062     2.0333     0.0330          0    109.250 338.432839  1022.6416      9.811      0.233  0.000e+00
      9.855    28.0814   5.675341    35.3049     2.0330     0.0383          0    109.500 338.432841  1022.6395      9.800      0.204  0.000e+00
      9.844    28.0849   5.675592    35.3040     2.0320     0.0521          0    109.750 338.432844  1022.6377      9.790      0.160  0.000e+00
      9.920    28.0878   5.676292    35.3067     2.0314     0.0498          0    110.000 338.432847  1022.6391      9.865      0.131  0.000e+00
     10.017    28.0917   5.676741    35.3069     2.0277     0.0429          0    110.250 338.432850  1022.6384      9.962      0.122  0.000e+00
     10.136    28.0938   5.672283    35.2740     2.0368     0.0345          0    110.500 338.432853  1022.6134     10.080      0.138  0.000e+00
     10.233    28.0822   5.671530    35.2775     2.0357     0.0360          0    110.750 338.432856  1022.6202     10.177      0.182  0.000e+00
