ctd_mafia/cnv/SBE19plus_01906740_2018_12_07_0102.cnv
* Sea-Bird SBE19plus  Data File:
* FileName = C:\Users\all user\Desktop\Patroba _ WWF Mapping Mafia\SBE19plus_01906740_2018_12_07_0102.hex
* Software version 2.6.3.104
* Temperature SN = 6740
* Conductivity SN = 6740
* System UpLoad Time = Dec 07 2018 14:35:50
* <ApplicationData>
* <Seaterm232>
# nquan = 13
# nvalues = 760                                   
# units = specified
# name 0 = prdM: Pressure, Strain Gauge [db]
# name 1 = tv290C: Temperature [ITS-90, deg C]
# name 2 = c0S/m: Conductivity [S/m]
# name 3 = sal00: Salinity, Practical [PSU]
# name 4 = sbeox0ML/L: Oxygen, SBE 43 [ml/l]
# name 5 = flECO-AFL: Fluorescence, WET Labs ECO-AFL/FL [mg/m^3]
# name 6 = nbf: Bottles Fired
# name 7 = timeS: Time, Elapsed [seconds]
# name 8 = timeJ: Julian Days
# name 9 = density00: Density [density, kg/m^3]
# name 10 = depSM: Depth [salt water, m], lat = 0.00
# name 11 = dz/dtM: Descent Rate [m/s]
# name 12 = flag:  0.000e+00
# span 0 =     -1.399,     19.011                 
# span 1 =    26.3858,    28.5761                 
# span 2 =   0.757904,   5.699366                 
# span 3 =     3.9136,    35.4113                 
# span 4 =     1.8102,     3.3012                 
# span 5 =    -0.4347,    48.6826                 
# span 6 =          0,          0                 
# span 7 =      0.000,    189.750                 
# span 8 = 338.408148, 338.410344                 
# span 9 =   999.1341,  1023.1763                 
# span 10 =     -1.392,     18.905                
# span 11 =     -1.129,      0.745                
# span 12 = 0.0000e+00, 0.0000e+00                
# interval = seconds: 0.25
# start_time = Dec 04 2018 09:47:44 [Instrument's time stamp, header]
# bad_flag = -9.990e-29
*END*
[from data line 556]
     18.784    26.3888   5.483870    35.2198     2.1253     0.0414          0    139.000 338.409757  1023.1580     18.680      0.018  0.000e+00
     18.784    26.3884   5.483915    35.2204     2.1207     0.0376          0    139.250 338.409760  1023.1586     18.680      0.008  0.000e+00
     18.708    26.3883   5.483825    35.2198     2.1217     0.0376          0    139.500 338.409763  1023.1579     18.604     -0.020  0.000e+00
     18.416    26.3884   5.484102    35.2218     2.1132     0.0383          0    139.750 338.409766  1023.1581     18.314     -0.110  0.000e+00
     18.146    26.3893   5.484380    35.2232     2.1071     0.0337          0    140.000 338.409769  1023.1577     18.046     -0.245  0.000e+00
     17.854    26.3910   5.484432    35.2224     2.1019     0.0322          0    140.250 338.409771  1023.1553     17.755     -0.411  0.000e+00
     17.735    26.3924   5.484372    35.2209     2.1065     0.0391          0    140.500 338.409774  1023.1532     17.637     -0.554  0.000e+00
     17.681    26.3929   5.483997    35.2179     2.1151     0.0368          0    140.750 338.409777  1023.1505     17.583     -0.656  0.000e+00
     17.627    26.3918   5.483914    35.2181     2.1098     0.0459          0    141.000 338.409780  1023.1508     17.530     -0.696  0.000e+00
     17.389    26.3901   5.483914    35.2195     2.1051     0.0269          0    141.250 338.409783  1023.1513     17.293     -0.713  0.000e+00
     17.033    26.3895   5.484124    35.2216     2.1095     0.0376          0    141.500 338.409786  1023.1516     16.938     -0.733  0.000e+00
     16.752    26.3900   5.484281    35.2225     2.1092     0.0368          0    141.750 338.409789  1023.1509     16.659     -0.736  0.000e+00
     16.514    26.3912   5.484311    35.2218     2.1098     0.0330          0    142.000 338.409792  1023.1490     16.422     -0.769  0.000e+00
     16.352    26.3919   5.484101    35.2198     2.1030     0.0444          0    142.250 338.409795  1023.1466     16.261     -0.809  0.000e+00
     16.254    26.3917   5.483839    35.2181     2.1056     0.0360          0    142.500 338.409797  1023.1449     16.164     -0.852  0.000e+00
     16.081    26.3902   5.483824    35.2192     2.1061     0.0475          0    142.750 338.409800  1023.1455     15.992     -0.874  0.000e+00
     15.811    26.3896   5.483974    35.2208     2.1145     0.0505          0    143.000 338.409803  1023.1457     15.724     -0.876  0.000e+00
     15.552    26.3897   5.484191    35.2224     2.1158     0.0376          0    143.250 338.409806  1023.1458     15.466     -0.841  0.000e+00
     15.433    26.3906   5.484281    35.2224     2.1262     0.0139          0    143.500 338.409809  1023.1450     15.348     -0.778  0.000e+00
     15.487    26.3919   5.484161    35.2205     2.1302     0.0231          0    143.750 338.409812  1023.1434     15.401     -0.690  0.000e+00
     15.509    26.3922   5.484026    35.2193     2.1355     0.0269          0    144.000 338.409815  1023.1425     15.423     -0.586  0.000e+00
     15.509    26.3915   5.484071    35.2201     2.1329     0.0231          0    144.250 338.409818  1023.1433     15.423     -0.478  0.000e+00
     15.530    26.3912   5.484033    35.2201     2.1214     0.0429          0    144.500 338.409821  1023.1435     15.444     -0.352  0.000e+00
     15.563    26.3907   5.483936    35.2198     2.1192     0.0383          0    144.750 338.409823  1023.1436     15.476     -0.195  0.000e+00
     15.573    26.3903   5.483973    35.2203     2.1105     0.0498          0    145.000 338.409826  1023.1441     15.487     -0.047  0.000e+00
     15.573    26.3901   5.483973    35.2205     2.1136     0.0429          0    145.250 338.409829  1023.1444     15.487      0.045  0.000e+00
     15.573    26.3901   5.483823    35.2194     2.1075     0.0406          0    145.500 338.409832  1023.1435     15.487      0.067  0.000e+00
     15.552    26.3894   5.483741    35.2193     2.1063     0.0398          0    145.750 338.409835  1023.1436     15.466      0.042  0.000e+00
     15.552    26.3888   5.483823    35.2204     2.0965     0.0276          0    146.000 338.409838  1023.1446     15.466      0.027  0.000e+00
     15.563    26.3889   5.483913    35.2210     2.1014     0.0360          0    146.250 338.409841  1023.1451     15.476      0.017  0.000e+00
     15.552    26.3889   5.483936    35.2212     2.1135     0.0582          0    146.500 338.409844  1023.1451     15.466      0.001  0.000e+00
     15.530    26.3894   5.484003    35.2213     2.1070     0.0612          0    146.750 338.409847  1023.1449     15.444     -0.016  0.000e+00
     15.530    26.3897   5.483943    35.2206     2.1091     0.0658          0    147.000 338.409850  1023.1444     15.444     -0.022  0.000e+00
     15.487    26.3899   5.484093    35.2216     2.1100     0.0574          0    147.250 338.409852  1023.1448     15.401     -0.035  0.000e+00
     15.530    26.3904   5.484101    35.2212     2.1100     0.0627          0    147.500 338.409855  1023.1446     15.444     -0.030  0.000e+00
     15.530    26.3908   5.483943    35.2198     2.1056     0.0490          0    147.750 338.409858  1023.1434     15.444     -0.022  0.000e+00
     15.562    26.3904   5.483853    35.2194     2.1077     0.0536          0    148.000 338.409861  1023.1433     15.476     -0.009  0.000e+00
     15.595    26.3900   5.483711    35.2187     2.1095     0.0498          0    148.250 338.409864  1023.1431     15.509      0.011  0.000e+00
     15.606    26.3887   5.483396    35.2174     2.1040     0.0505          0    148.500 338.409867  1023.1426     15.519      0.035  0.000e+00
     15.606    26.3869   5.483396    35.2187     2.1087     0.0345          0    148.750 338.409870  1023.1441     15.519      0.052  0.000e+00
     15.595    26.3858   5.483524    35.2205     2.1035     0.0459          0    149.000 338.409873  1023.1458     15.509      0.055  0.000e+00
     15.573    26.3859   5.483674    35.2215     2.1057     0.0353          0    149.250 338.409876  1023.1464     15.487      0.049  0.000e+00
     15.573    26.3864   5.483764    35.2218     2.1096     0.0292          0    149.500 338.409878  1023.1465     15.487      0.025  0.000e+00
     15.562    26.3870   5.483651    35.2205     2.0996     0.0406          0    149.750 338.409881  1023.1453     15.476      0.007  0.000e+00
     15.573    26.3873   5.483644    35.2203     2.0990     0.0528          0    150.000 338.409884  1023.1450     15.487     -0.010  0.000e+00
     15.584    26.3872   5.483456    35.2190     2.1025     0.0459          0    150.250 338.409887  1023.1441     15.498     -0.017  0.000e+00
     15.573    26.3862   5.483494    35.2200     2.1076     0.0528          0    150.500 338.409890  1023.1452     15.487     -0.017  0.000e+00
     15.562    26.3858   5.483486    35.2202     2.1021     0.0437          0    150.750 338.409893  1023.1454     15.476     -0.014  0.000e+00
     15.541    26.3858   5.483524    35.2205     2.1011     0.0505          0    151.000 338.409896  1023.1456     15.455     -0.015  0.000e+00
     15.530    26.3861   5.483554    35.2205     2.1022     0.0444          0    151.250 338.409899  1023.1454     15.444     -0.018  0.000e+00
     15.552    26.3865   5.483584    35.2205     2.1113     0.0467          0    151.500 338.409902  1023.1454     15.466     -0.018  0.000e+00
     15.498    26.3866   5.483614    35.2206     2.1140     0.0551          0    151.750 338.409905  1023.1452     15.412     -0.031  0.000e+00
     15.400    26.3869   5.483673    35.2208     2.1039     0.0459          0    152.000 338.409907  1023.1448     15.315     -0.068  0.000e+00
     15.206    26.3875   5.484026    35.2230     2.1015     0.0459          0    152.250 338.409910  1023.1455     15.122     -0.143  0.000e+00
     15.022    26.3890   5.484280    35.2238     2.0982     0.0543          0    152.500 338.409913  1023.1448     14.939     -0.239  0.000e+00
     14.849    26.3913   5.484310    35.2222     2.0966     0.0597          0    152.750 338.409916  1023.1421     14.767     -0.347  0.000e+00
     14.838    26.3925   5.484093    35.2197     2.0984     0.0284          0    153.000 338.409919  1023.1398     14.756     -0.414  0.000e+00
     14.817    26.3924   5.483913    35.2185     2.0984     0.0231          0    153.250 338.409922  1023.1388     14.735     -0.445  0.000e+00
     14.838    26.3913   5.483913    35.2193     2.1008     0.0116          0    153.500 338.409925  1023.1399     14.756     -0.425  0.000e+00
     14.860    26.3907   5.483823    35.2192     2.1017     0.0231          0    153.750 338.409928  1023.1401     14.778     -0.347  0.000e+00
     14.892    26.3901   5.483741    35.2191     2.0994     0.0383          0    154.000 338.409931  1023.1403     14.810     -0.231  0.000e+00
     14.925    26.3892   5.483613    35.2188     2.1033     0.0376          0    154.250 338.409933  1023.1405     14.842     -0.099  0.000e+00
     14.914    26.3882   5.483553    35.2191     2.1019     0.0391          0    154.500 338.409936  1023.1410     14.831     -0.004  0.000e+00
     14.925    26.3873   5.483583    35.2200     2.1034     0.0513          0    154.750 338.409939  1023.1421     14.842      0.053  0.000e+00
     14.925    26.3871   5.483613    35.2204     2.1007     0.0444          0    155.000 338.409942  1023.1424     14.842      0.059  0.000e+00
     14.925    26.3873   5.483613    35.2202     2.0972     0.0459          0    155.250 338.409945  1023.1422     14.842      0.056  0.000e+00
     14.925    26.3872   5.483621    35.2204     2.1014     0.0482          0    155.500 338.409948  1023.1424     14.842      0.040  0.000e+00
     14.946    26.3871   5.483673    35.2208     2.1022     0.0398          0    155.750 338.409951  1023.1428     14.864      0.030  0.000e+00
     14.925    26.3874   5.483643    35.2204     2.1037     0.0521          0    156.000 338.409954  1023.1423     14.842      0.014  0.000e+00
     14.946    26.3876   5.483673    35.2204     2.1005     0.0345          0    156.250 338.409957  1023.1424     14.864      0.011  0.000e+00
     14.946    26.3879   5.483778    35.2210     2.1029     0.0322          0    156.500 338.409959  1023.1427     14.864      0.014  0.000e+00
     14.946    26.3880   5.483763    35.2207     2.1063     0.0238          0    156.750 338.409962  1023.1425     14.864      0.013  0.000e+00
     14.968    26.3884   5.483793    35.2207     2.1014     0.0299          0    157.000 338.409965  1023.1424     14.885      0.019  0.000e+00
     14.979    26.3886   5.483808    35.2206     2.1040     0.0330          0    157.250 338.409968  1023.1424     14.896      0.024  0.000e+00
     14.979    26.3889   5.483793    35.2203     2.0991     0.0368          0    157.500 338.409971  1023.1420     14.896      0.027  0.000e+00
     14.968    26.3890   5.483733    35.2198     2.1038     0.0376          0    157.750 338.409974  1023.1416     14.885      0.022  0.000e+00
     14.990    26.3888   5.483681    35.2196     2.0962     0.0292          0    158.000 338.409977  1023.1415     14.907      0.028  0.000e+00
     14.989    26.3882   5.483703    35.2202     2.0974     0.0475          0    158.250 338.409980  1023.1422     14.907      0.024  0.000e+00
     14.968    26.3882   5.483733    35.2204     2.0939     0.0482          0    158.500 338.409983  1023.1422     14.885      0.017  0.000e+00
     14.957    26.3881   5.483741    35.2205     2.0947     0.0421          0    158.750 338.409986  1023.1423     14.874      0.005  0.000e+00
     14.935    26.3882   5.483823    35.2210     2.0995     0.0429          0    159.000 338.409988  1023.1426     14.853     -0.013  0.000e+00
     14.871    26.3890   5.483823    35.2205     2.0994     0.0437          0    159.250 338.409991  1023.1417     14.788     -0.040  0.000e+00
     14.708    26.3891   5.484100    35.2224     2.0940     0.0414          0    159.500 338.409994  1023.1424     14.627     -0.101  0.000e+00
     14.373    26.3901   5.484153    35.2221     2.0934     0.0345          0    159.750 338.409997  1023.1404     14.294     -0.233  0.000e+00
     14.006    26.3915   5.484310    35.2223     2.0967     0.0444          0    160.000 338.410000  1023.1385     13.928     -0.426  0.000e+00
     13.714    26.3929   5.484220    35.2207     2.0970     0.0353          0    160.250 338.410003  1023.1356     13.638     -0.626  0.000e+00
     13.519    26.3934   5.484062    35.2193     2.0969     0.0429          0    160.500 338.410006  1023.1336     13.445     -0.792  0.000e+00
     13.325    26.3928   5.483792    35.2178     2.0993     0.0322          0    160.750 338.410009  1023.1318     13.251     -0.920  0.000e+00
     13.044    26.3914   5.483822    35.2192     2.0989     0.0353          0    161.000 338.410012  1023.1320     12.972     -1.016  0.000e+00
     12.752    26.3907   5.483710    35.2190     2.0980     0.0414          0    161.250 338.410014  1023.1309     12.681     -1.070  0.000e+00
     12.568    26.3899   5.483672    35.2194     2.1065     0.0238          0    161.500 338.410017  1023.1307     12.499     -1.049  0.000e+00
     12.428    26.3893   5.483552    35.2190     2.1026     0.0162          0    161.750 338.410020  1023.1299     12.359     -0.966  0.000e+00
     12.092    26.3886   5.483484    35.2192     2.0939     0.0177          0    162.000 338.410023  1023.1289     12.026     -0.933  0.000e+00
     11.714    26.3881   5.483649    35.2209     2.0957     0.0276          0    162.250 338.410026  1023.1286     11.649     -0.970  0.000e+00
     11.390    26.3887   5.484189    35.2244     2.0994     0.0231          0    162.500 338.410029  1023.1298     11.327     -1.038  0.000e+00
     11.163    26.3913   5.485156    35.2295     2.1035     0.0406          0    162.750 338.410032  1023.1317     11.101     -1.077  0.000e+00
     11.130    26.3968   5.486370    35.2340     2.1122     0.0376          0    163.000 338.410035  1023.1333     11.069     -1.033  0.000e+00
     11.174    26.4049   5.486437    35.2283     2.1155     0.0360          0    163.250 338.410038  1023.1267     11.112     -0.924  0.000e+00
     11.098    26.4104   5.485642    35.2184     2.1038     0.0589          0    163.500 338.410041  1023.1171     11.037     -0.808  0.000e+00
     10.882    26.4095   5.485545    35.2185     2.0974     0.0604          0    163.750 338.410043  1023.1165     10.822     -0.700  0.000e+00
     10.568    26.4083   5.485920    35.2222     2.0958     0.0620          0    164.000 338.410046  1023.1183     10.510     -0.611  0.000e+00
     10.298    26.4092   5.486527    35.2260     2.0962     0.0551          0    164.250 338.410049  1023.1198     10.241     -0.582  0.000e+00
     10.114    26.4124   5.487164    35.2282     2.0886     0.0604          0    164.500 338.410052  1023.1197     10.058     -0.608  0.000e+00
      9.801    26.4171   5.487606    35.2279     2.0811     0.0292          0    164.750 338.410055  1023.1166      9.747     -0.719  0.000e+00
      9.422    26.4211   5.487801    35.2264     2.0818     0.0284          0    165.000 338.410058  1023.1126      9.370     -0.900  0.000e+00
      9.120    26.4263   5.491273    35.2476     2.0910     0.0345          0    165.250 338.410061  1023.1256      9.069     -1.057  0.000e+00
      8.882    26.4425   5.494806    35.2608     2.0985     0.0360          0    165.500 338.410064  1023.1294      8.833     -1.129  0.000e+00
      8.795    26.4701   5.507987    35.3349     2.0989     0.0345          0    165.750 338.410067  1023.1763      8.747     -1.097  0.000e+00
      8.720    26.5363   5.518641    35.3612     2.0985     0.0330          0    166.000 338.410069  1023.1748      8.672     -1.003  0.000e+00
      8.460    26.6207   5.520105    35.3072     2.0950     0.0345          0    166.250 338.410072  1023.1063      8.413     -0.939  0.000e+00
