ctd_mafia/cnv/SBE19plus_01906740_2018_12_07_0106.cnv
* Sea-Bird SBE19plus  Data File:
* FileName = C:\Users\all user\Desktop\Patroba _ WWF Mapping Mafia\SBE19plus_01906740_2018_12_07_0106.hex
* Software version 2.6.3.104
* Temperature SN = 6740
* Conductivity SN = 6740
* System UpLoad Time = Dec 07 2018 14:37:12
* <ApplicationData>
* <Seaterm232>
# nquan = 13
# nvalues = 369                                   
# units = specified
# name 0 = prdM: Pressure, Strain Gauge [db]
# name 1 = tv290C: Temperature [ITS-90, deg C]
# name 2 = c0S/m: Conductivity [S/m]
# name 3 = sal00: Salinity, Practical [PSU]
# name 4 = sbeox0ML/L: Oxygen, SBE 43 [ml/l]
# name 5 = flECO-AFL: Fluorescence, WET Labs ECO-AFL/FL [mg/m^3]
# name 6 = nbf: Bottles Fired
# name 7 = timeS: Time, Elapsed [seconds]
# name 8 = timeJ: Julian Days
# name 9 = density00: Density [density, kg/m^3]
# name 10 = depSM: Depth [salt water, m], lat = 0.00
# name 11 = dz/dtM: Descent Rate [m/s]
# name 12 = flag:  0.000e+00
# span 0 =     -1.412,      6.416                 
# span 1 =    27.4763,    27.7845                 
# span 2 =   0.363687,   5.635481                 
# span 3 =     1.8133,    35.2821                 
# span 4 =     1.2931,     7.1328                 
# span 5 =    -0.1707,     1.4513                 
# span 6 =          0,          0                 
# span 7 =      0.000,     92.000                 
# span 8 = 338.439039, 338.440104                 
# span 9 =   997.7396,  1022.7357                 
# span 10 =     -1.404,      6.380                
# span 11 =     -0.584,      0.567                
# span 12 = 0.0000e+00, 0.0000e+00                
# interval = seconds: 0.25
# start_time = Dec 04 2018 10:32:13 [Instrument's time stamp, header]
# bad_flag = -9.990e-29
*END*
[from data line 334]
     -0.709    27.7291   5.632713    35.2726     2.6198     0.0833          0     83.500 338.440006  1022.6850     -0.705     -0.507  0.000e+00
     -0.720    27.7294   5.632872    35.2735     2.4460     0.0833          0     83.750 338.440009  1022.6855     -0.716     -0.484  0.000e+00
     -0.752    27.7305   5.633123    35.2744     2.3302     0.0543          0     84.000 338.440012  1022.6857     -0.748     -0.462  0.000e+00
     -0.763    27.7323   5.633153    35.2733     2.2506     0.0398          0     84.250 338.440014  1022.6842     -0.759     -0.419  0.000e+00
     -0.774    27.7335   5.633342    35.2738     2.1158     0.0513          0     84.500 338.440017  1022.6841     -0.770     -0.339  0.000e+00
     -0.752    27.7347   5.633153    35.2715     1.9685     0.0513          0     84.750 338.440020  1022.6821     -0.748     -0.232  0.000e+00
     -0.731    27.7347   5.632872    35.2695     1.8871     0.0612          0     85.000 338.440023  1022.6807     -0.727     -0.118  0.000e+00
     -0.720    27.7335   5.633153    35.2724     1.8546     0.0498          0     85.250 338.440026  1022.6834     -0.716     -0.036  0.000e+00
     -0.698    27.7341   5.633441    35.2740     1.9067     0.0635          0     85.500 338.440029  1022.6845     -0.694      0.006  0.000e+00
     -0.676    27.7350   5.633031    35.2704     1.9171     0.0665          0     85.750 338.440032  1022.6815     -0.673      0.031  0.000e+00
     -0.698    27.7346   5.633092    35.2711     1.9612     0.0818          0     86.000 338.440035  1022.6821     -0.694      0.044  0.000e+00
     -0.687    27.7341   5.633342    35.2733     2.0018     0.0887          0     86.250 338.440038  1022.6840     -0.683      0.048  0.000e+00
     -0.698    27.7353   5.633942    35.2766     2.0323     0.0917          0     86.500 338.440041  1022.6860     -0.694      0.040  0.000e+00
     -0.676    27.7382   5.634290    35.2769     2.0838     0.0864          0     86.750 338.440043  1022.6854     -0.673      0.031  0.000e+00
     -0.666    27.7421   5.635360    35.2815     2.1323     0.0398          0     87.000 338.440046  1022.6876     -0.662      0.025  0.000e+00
     -0.687    27.7478   5.635481    35.2781     2.1608     0.0429          0     87.250 338.440049  1022.6831     -0.683      0.015  0.000e+00
     -0.752    27.7522   5.634980    35.2712     2.1751     0.0391          0     87.500 338.440052  1022.6762     -0.748     -0.012  0.000e+00
     -0.925    27.7526   5.634791    35.2696     2.1808     0.0505          0     87.750 338.440055  1022.6742     -0.920     -0.075  0.000e+00
     -1.120    27.7519   5.635390    35.2744     2.1945     0.0429          0     88.000 338.440058  1022.6772     -1.114     -0.168  0.000e+00
     -1.304    27.7528   5.634889    35.2703     3.4599     0.1917          0     88.250 338.440061  1022.6730     -1.296     -0.288  0.000e+00
     -1.401    27.7522   4.773309    29.2787     2.6526     0.1932          0     88.500 338.440064  1018.1720     -1.393     -0.389  0.000e+00
     -1.390    27.7513   0.992171     5.2618     2.8883     0.2001          0     88.750 338.440067  1000.2375     -1.382     -0.444  0.000e+00
     -1.379    27.7460   0.787547     4.1068     2.9040     0.1879          0     89.000 338.440069   999.3769     -1.372     -0.443  0.000e+00
     -1.412    27.7342   0.831865     4.3561     2.9087     1.4498          0     89.250 338.440072   999.5663     -1.404     -0.399  0.000e+00
     -1.379    27.7163   0.663775     3.4222     2.8316     1.4452          0     89.500 338.440075   998.8740     -1.372     -0.305  0.000e+00
     -1.390    27.6867   0.545892     2.7795     2.7163     1.4338          0     89.750 338.440078   998.4019     -1.382     -0.189  0.000e+00
     -1.379    27.6436   0.564100     2.8810     2.5638     1.4513          0     90.000 338.440081   998.4902     -1.372     -0.085  0.000e+00
     -1.390    27.5989   0.458749     2.3141     2.4067    -0.0273          0     90.250 338.440084   998.0787     -1.382     -0.019  0.000e+00
     -1.401    27.5648   0.503615     2.5573     2.6896    -0.0281          0     90.500 338.440087   998.2704     -1.393      0.001  0.000e+00
     -1.401    27.5458   0.548782     2.8034     2.6607    -0.0258          0     90.750 338.440090   998.4598     -1.393     -0.004  0.000e+00
     -1.390    27.5403   0.540328     2.7577     2.6257    -0.0227          0     91.000 338.440093   998.4273     -1.382     -0.004  0.000e+00
     -1.379    27.5434   0.589398     3.0253     2.5947    -0.1692          0     91.250 338.440095   998.6265     -1.372      0.004  0.000e+00
     -1.379    27.5500   0.628978     3.2421     2.6004    -0.1501          0     91.500 338.440098   998.7868     -1.372 -5.702e-11  0.000e+00
     -1.390    27.5569   0.678284     3.5139     2.6005    -0.1707          0     91.750 338.440101   998.9880     -1.382      0.002  0.000e+00
     -1.379    27.5627   0.750506     3.9152     2.6095    -0.1601          0     92.000 338.440104   999.2862     -1.372      0.004  0.000e+00
