ctd_mafia/cnv/SBE19plus_01906740_2018_12_07_0081.cnv
* Sea-Bird SBE19plus  Data File:
* FileName = C:\Users\all user\Desktop\Patroba _ WWF Mapping Mafia\SBE19plus_01906740_2018_12_07_0081.hex
* Software version 2.6.3.104
* Temperature SN = 6740
* Conductivity SN = 6740
* System UpLoad Time = Dec 07 2018 14:31:19
* <ApplicationData>
* <Seaterm232>
# nquan = 13
# nvalues = 562                                   
# units = specified
# name 0 = prdM: Pressure, Strain Gauge [db]
# name 1 = tv290C: Temperature [ITS-90, deg C]
# name 2 = c0S/m: Conductivity [S/m]
# name 3 = sal00: Salinity, Practical [PSU]
# name 4 = sbeox0ML/L: Oxygen, SBE 43 [ml/l]
# name 5 = flECO-AFL: Fluorescence, WET Labs ECO-AFL/FL [mg/m^3]
# name 6 = nbf: Bottles Fired
# name 7 = timeS: Time, Elapsed [seconds]
# name 8 = timeJ: Julian Days
# name 9 = density00: Density [density, kg/m^3]
# name 10 = depSM: Depth [salt water, m], lat = 0.00
# name 11 = dz/dtM: Descent Rate [m/s]
# name 12 = flag:  0.000e+00
# span 0 =     -1.387,     12.711                 
# span 1 =    27.3651,    28.1451                 
# span 2 =   0.112965,   5.671873                 
# span 3 =     0.5326,    35.2395                 
# span 4 =     1.8291,     3.8548                 
# span 5 =    -0.2905,    48.6864                 
# span 6 =          0,          0                 
# span 7 =      0.000,    140.250                 
# span 8 = 337.384514, 337.386137                 
# span 9 =   996.8035,  1022.5977                 
# span 10 =     -1.379,     12.641                
# span 11 =     -0.961,      0.269                
# span 12 = 0.0000e+00, 0.0000e+00                
# interval = seconds: 0.25
# start_time = Dec 03 2018 09:13:42 [Instrument's time stamp, header]
# bad_flag = -9.990e-29
*END*
[from data line 223]
      4.700    28.0921   5.664022    35.2191     1.8731     0.0437          0     55.750 337.385159  1022.5494      4.674      0.180  0.000e+00
      4.743    28.0920   5.664014    35.2191     1.8729     0.0498          0     56.000 337.385162  1022.5496      4.717      0.161  0.000e+00
      4.765    28.0922   5.664014    35.2189     1.8719     0.0223          0     56.250 337.385165  1022.5495      4.739      0.141  0.000e+00
      4.808    28.0927   5.664014    35.2185     1.8709     0.0177          0     56.500 337.385168  1022.5493      4.782      0.139  0.000e+00
      4.852    28.0936   5.664014    35.2178     1.8713     0.0315          0     56.750 337.385171  1022.5486      4.825      0.148  0.000e+00
      4.873    28.0943   5.664052    35.2176     1.8733     0.0215          0     57.000 337.385174  1022.5483      4.846      0.152  0.000e+00
      4.927    28.0950   5.664113    35.2175     1.8751     0.0437          0     57.250 337.385177  1022.5482      4.900      0.154  0.000e+00
      5.014    28.0954   5.664143    35.2174     1.8689     0.0345          0     57.500 337.385179  1022.5484      4.986      0.164  0.000e+00
      5.079    28.0962   5.664273    35.2177     1.8668     0.0383          0     57.750 337.385182  1022.5486      5.051      0.181  0.000e+00
      5.133    28.0970   5.664432    35.2182     1.8617     0.0330          0     58.000 337.385185  1022.5490      5.104      0.199  0.000e+00
      5.187    28.0974   5.664554    35.2187     1.8487    -0.0067          0     58.250 337.385188  1022.5494      5.158      0.217  0.000e+00
      5.230    28.0974   5.664714    35.2198     1.8540    -0.0014          0     58.500 337.385191  1022.5504      5.201      0.224  0.000e+00
      5.241    28.0971   5.664873    35.2212     1.8623    -0.0097          0     58.750 337.385194  1022.5516      5.212      0.218  0.000e+00
      5.241    28.0965   5.664934    35.2220     1.8540     0.0040          0     59.000 337.385197  1022.5525      5.212      0.197  0.000e+00
      5.273    28.0959   5.664904    35.2222     1.8583     0.0002          0     59.250 337.385200  1022.5530      5.244      0.166  0.000e+00
      5.338    28.0951   5.664934    35.2230     1.8620     0.0215          0     59.500 337.385203  1022.5541      5.309      0.143  0.000e+00
      5.392    28.0941   5.664965    35.2239     1.8531     0.0208          0     59.750 337.385205  1022.5553      5.362      0.137  0.000e+00
      5.403    28.0932   5.664965    35.2247     1.8546     0.0162          0     60.000 337.385208  1022.5562      5.373      0.130  0.000e+00
      5.403    28.0922   5.664965    35.2254     1.8595     0.0269          0     60.250 337.385211  1022.5571      5.373      0.119  0.000e+00
      5.414    28.0912   5.665003    35.2264     1.8535     0.0177          0     60.500 337.385214  1022.5582      5.384      0.111  0.000e+00
      5.435    28.0903   5.664934    35.2266     1.8504     0.0253          0     60.750 337.385217  1022.5587      5.405      0.108  0.000e+00
      5.511    28.0896   5.664874    35.2267     1.8500     0.0238          0     61.000 337.385220  1022.5594      5.481      0.115  0.000e+00
      5.630    28.0889   5.664965    35.2278     1.8423     0.0177          0     61.250 337.385223  1022.5610      5.599      0.136  0.000e+00
      5.716    28.0881   5.665033    35.2288     1.8423     0.0154          0     61.500 337.385226  1022.5624      5.685      0.165  0.000e+00
      5.792    28.0871   5.665223    35.2309     1.8369     0.0116          0     61.750 337.385229  1022.5646      5.760      0.206  0.000e+00
      5.835    28.0864   5.665634    35.2343     1.8315     0.0116          0     62.000 337.385231  1022.5676      5.803      0.246  0.000e+00
      5.824    28.0855   5.665634    35.2350     1.8326     0.0101          0     62.250 337.385234  1022.5683      5.792      0.258  0.000e+00
      5.814    28.0846   5.665665    35.2358     1.8414     0.0444          0     62.500 337.385237  1022.5692      5.782      0.239  0.000e+00
      5.824    28.0842   5.665665    35.2361     1.8347     0.0437          0     62.750 337.385240  1022.5696      5.792      0.198  0.000e+00
      5.835    28.0845   5.665695    35.2361     1.8291     0.0521          0     63.000 337.385243  1022.5696      5.803      0.141  0.000e+00
      5.900    28.0850   5.665855    35.2369     1.8417     0.0475          0     63.250 337.385246  1022.5702      5.868      0.099  0.000e+00
      5.987    28.0855   5.665885    35.2367     1.8589     0.0475          0     63.500 337.385249  1022.5703      5.954      0.094  0.000e+00
      6.062    28.0863   5.665877    35.2360     1.8699     0.0078          0     63.750 337.385252  1022.5699      6.029      0.114  0.000e+00
      6.051    28.0870   5.665855    35.2353     1.8889     0.0124          0     64.000 337.385255  1022.5690      6.018      0.133  0.000e+00
      6.084    28.0868   5.665794    35.2350     1.9222     0.0147          0     64.250 337.385258  1022.5690      6.050      0.159  0.000e+00
      6.116    28.0865   5.665763    35.2351     1.9406     0.0101          0     64.500 337.385260  1022.5693      6.083      0.172  0.000e+00
      6.138    28.0863   5.665763    35.2352     1.9676     0.0223          0     64.750 337.385263  1022.5696      6.104      0.169  0.000e+00
      6.160    28.0863   5.665794    35.2354     1.9913     0.0154          0     65.000 337.385266  1022.5698      6.126      0.153  0.000e+00
      6.268    28.0862   5.665794    35.2355     2.0294     0.0215          0     65.250 337.385269  1022.5704      6.233      0.147  0.000e+00
      6.343    28.0866   5.665824    35.2353     2.0540     0.0162          0     65.500 337.385272  1022.5704      6.309      0.154  0.000e+00
      6.387    28.0867   5.665855    35.2354     2.0853    -0.0029          0     65.750 337.385275  1022.5706      6.352      0.172  0.000e+00
      6.398    28.0866   5.665794    35.2351     2.1008    -0.0014          0     66.000 337.385278  1022.5705      6.362      0.192  0.000e+00
      6.408    28.0866   5.665794    35.2351     2.1151    -0.0082          0     66.250 337.385281  1022.5705      6.373      0.188  0.000e+00
      6.419    28.0865   5.665794    35.2352     2.1335    -0.0052          0     66.500 337.385284  1022.5707      6.384      0.174  0.000e+00
      6.452    28.0863   5.665764    35.2351     2.1375     0.0162          0     66.750 337.385286  1022.5709      6.416      0.158  0.000e+00
      6.527    28.0860   5.665794    35.2355     2.1488     0.0162          0     67.000 337.385289  1022.5716      6.491      0.146  0.000e+00
      6.603    28.0862   5.665825    35.2356     2.1600     0.0063          0     67.250 337.385292  1022.5719      6.567      0.136  0.000e+00
      6.668    28.0866   5.665878    35.2356     2.1703     0.0147          0     67.500 337.385295  1022.5721      6.631      0.150  0.000e+00
      6.668    28.0866   5.665855    35.2354     2.1764     0.0116          0     67.750 337.385298  1022.5719      6.631      0.162  0.000e+00
      6.657    28.0862   5.665794    35.2353     2.1935     0.0276          0     68.000 337.385301  1022.5719      6.620      0.164  0.000e+00
      6.646    28.0858   5.665695    35.2349     2.1984     0.0208          0     68.250 337.385304  1022.5717      6.610      0.149  0.000e+00
      6.690    28.0856   5.665726    35.2353     2.2055     0.0200          0     68.500 337.385307  1022.5722      6.653      0.133  0.000e+00
      6.765    28.0855   5.665726    35.2353     2.2128     0.0246          0     68.750 337.385310  1022.5726      6.728      0.121  0.000e+00
      6.884    28.0858   5.665825    35.2358     2.2226     0.0307          0     69.000 337.385313  1022.5734      6.846      0.129  0.000e+00
      6.981    28.0862   5.665916    35.2361     2.2322     0.0315          0     69.250 337.385315  1022.5739      6.943      0.159  0.000e+00
      7.036    28.0866   5.665954    35.2360     2.2529     0.0246          0     69.500 337.385318  1022.5739      6.997      0.199  0.000e+00
      7.035    28.0871   5.666015    35.2360     2.2542     0.0200          0     69.750 337.385321  1022.5738      6.997      0.231  0.000e+00
      7.036    28.0875   5.666045    35.2360     2.2594     0.0154          0     70.000 337.385324  1022.5736      6.997      0.239  0.000e+00
      7.025    28.0877   5.666076    35.2360     2.2550     0.0162          0     70.250 337.385327  1022.5735      6.986      0.216  0.000e+00
      7.025    28.0880   5.666076    35.2358     2.2593     0.0109          0     70.500 337.385330  1022.5733      6.986      0.165  0.000e+00
      7.079    28.0883   5.666106    35.2358     2.2617     0.0078          0     70.750 337.385333  1022.5734      7.040      0.117  0.000e+00
      7.176    28.0883   5.666144    35.2360     2.2636     0.0337          0     71.000 337.385336  1022.5740      7.136      0.095  0.000e+00
      7.262    28.0884   5.666144    35.2359     2.2601     0.0360          0     71.250 337.385339  1022.5743      7.222      0.108  0.000e+00
      7.338    28.0887   5.666190    35.2360     2.2581     0.0360          0     71.500 337.385341  1022.5745      7.298      0.148  0.000e+00
      7.414    28.0889   5.666175    35.2357     2.2632     0.0360          0     71.750 337.385344  1022.5746      7.373      0.203  0.000e+00
      7.435    28.0886   5.666144    35.2357     2.2557     0.0398          0     72.000 337.385347  1022.5748      7.394      0.238  0.000e+00
      7.446    28.0886   5.666144    35.2357     2.2577     0.0017          0     72.250 337.385350  1022.5748      7.405      0.250  0.000e+00
      7.403    28.0887   5.666144    35.2357     2.2539    -0.0029          0     72.500 337.385353  1022.5746      7.362      0.219  0.000e+00
      7.414    28.0883   5.666144    35.2360     2.2532    -0.0036          0     72.750 337.385356  1022.5750      7.373      0.166  0.000e+00
      7.425    28.0885   5.666175    35.2360     2.2581     0.0063          0     73.000 337.385359  1022.5750      7.384      0.107  0.000e+00
      7.479    28.0885   5.666175    35.2360     2.2607     0.0063          0     73.250 337.385362  1022.5752      7.437      0.073  0.000e+00
      7.619    28.0887   5.666236    35.2363     2.2709     0.0139          0     73.500 337.385365  1022.5759      7.577      0.084  0.000e+00
      7.695    28.0891   5.666266    35.2362     2.2593     0.0040          0     73.750 337.385367  1022.5760      7.652      0.117  0.000e+00
      7.760    28.0895   5.666297    35.2361     2.2781     0.0063          0     74.000 337.385370  1022.5761      7.717      0.169  0.000e+00
      7.760    28.0896   5.666297    35.2360     2.2859    -0.0044          0     74.250 337.385373  1022.5760      7.717      0.205  0.000e+00
      7.738    28.0891   5.666175    35.2355     2.2878     0.0078          0     74.500 337.385376  1022.5757      7.695      0.218  0.000e+00
      7.781    28.0884   5.666106    35.2355     2.2846    -0.0090          0     74.750 337.385379  1022.5762      7.738      0.208  0.000e+00
      7.803    28.0883   5.666145    35.2359     2.2839     0.0017          0     75.000 337.385382  1022.5765      7.760      0.182  0.000e+00
      7.857    28.0880   5.666160    35.2362     2.2776     0.0032          0     75.250 337.385385  1022.5771      7.814      0.148  0.000e+00
      7.954    28.0884   5.666236    35.2364     2.2743    -0.0029          0     75.500 337.385388  1022.5775      7.910      0.129  0.000e+00
      7.987    28.0885   5.666297    35.2367     2.2825     0.0032          0     75.750 337.385391  1022.5779      7.943      0.134  0.000e+00
      7.987    28.0890   5.666297    35.2364     2.2766     0.0017          0     76.000 337.385394  1022.5775      7.943      0.140  0.000e+00
      8.030    28.0889   5.666266    35.2362     2.2817    -0.0067          0     76.250 337.385396  1022.5776      7.986      0.159  0.000e+00
      8.019    28.0887   5.666236    35.2361     2.2887     0.0177          0     76.500 337.385399  1022.5775      7.975      0.158  0.000e+00
      8.062    28.0886   5.666236    35.2362     2.2991    -0.0006          0     76.750 337.385402  1022.5778      8.018      0.143  0.000e+00
      8.095    28.0885   5.666236    35.2363     2.3042     0.0139          0     77.000 337.385405  1022.5780      8.050      0.130  0.000e+00
      8.138    28.0888   5.666266    35.2362     2.2943     0.0170          0     77.250 337.385408  1022.5781      8.093      0.115  0.000e+00
      8.203    28.0891   5.666335    35.2365     2.2859     0.0200          0     77.500 337.385411  1022.5785      8.158      0.113  0.000e+00
      8.257    28.0892   5.666335    35.2364     2.2744     0.0246          0     77.750 337.385414  1022.5786      8.212      0.135  0.000e+00
      8.289    28.0892   5.666335    35.2364     2.2653     0.0246          0     78.000 337.385417  1022.5787      8.244      0.156  0.000e+00
      8.365    28.0893   5.666335    35.2363     2.2512     0.0131          0     78.250 337.385420  1022.5790      8.319      0.177  0.000e+00
      8.452    28.0894   5.666396    35.2366     2.2477    -0.0036          0     78.500 337.385422  1022.5795      8.405      0.210  0.000e+00
      8.506    28.0897   5.666396    35.2364     2.2445     0.0017          0     78.750 337.385425  1022.5795      8.459      0.226  0.000e+00
      8.549    28.0897   5.666403    35.2364     2.2449    -0.0059          0     79.000 337.385428  1022.5797      8.502      0.235  0.000e+00
      8.560    28.0896   5.666426    35.2367     2.2542     0.0063          0     79.250 337.385431  1022.5800      8.513      0.226  0.000e+00
      8.560    28.0899   5.666426    35.2364     2.2639     0.0177          0     79.500 337.385434  1022.5797      8.513      0.200  0.000e+00
      8.592    28.0900   5.666487    35.2368     2.2853     0.0147          0     79.750 337.385437  1022.5801      8.545      0.176  0.000e+00
      8.668    28.0902   5.666487    35.2365     2.2850     0.0177          0     80.000 337.385440  1022.5801      8.620      0.164  0.000e+00
      8.711    28.0902   5.666487    35.2365     2.2847     0.0192          0     80.250 337.385443  1022.5803      8.663      0.148  0.000e+00
      8.776    28.0901   5.666525    35.2369     2.2916     0.0223          0     80.500 337.385446  1022.5808      8.728      0.146  0.000e+00
      8.819    28.0905   5.666525    35.2366     2.2936     0.0215          0     80.750 337.385448  1022.5807      8.771      0.156  0.000e+00
      8.819    28.0904   5.666525    35.2366     2.2919     0.0177          0     81.000 337.385451  1022.5808      8.771      0.161  0.000e+00
      8.819    28.0904   5.666457    35.2361     2.2892     0.0200          0     81.250 337.385454  1022.5804      8.771      0.159  0.000e+00
      8.808    28.0904   5.666487    35.2364     2.3006     0.0276          0     81.500 337.385457  1022.5805      8.760      0.139  0.000e+00
      8.852    28.0902   5.666487    35.2365     2.2928     0.0200          0     81.750 337.385460  1022.5809      8.803      0.115  0.000e+00
      8.960    28.0902   5.666525    35.2367     2.2992     0.0284          0     82.000 337.385463  1022.5815      8.910      0.110  0.000e+00
      9.079    28.0905   5.666525    35.2365     2.3017     0.0162          0     82.250 337.385466  1022.5817      9.029      0.138  0.000e+00
      9.176    28.0908   5.666586    35.2367     2.3025     0.0231          0     82.500 337.385469  1022.5822      9.125      0.179  0.000e+00
      9.241    28.0908   5.666586    35.2366     2.3163     0.0345          0     82.750 337.385472  1022.5825      9.190      0.228  0.000e+00
      9.252    28.0907   5.666556    35.2365     2.3085     0.0383          0     83.000 337.385475  1022.5824      9.201      0.264  0.000e+00
