ctd_mafia/cnv/SBE19plus_01906740_2018_12_07_0073.cnv
* Sea-Bird SBE19plus  Data File:
* FileName = C:\Users\all user\Desktop\Patroba _ WWF Mapping Mafia\SBE19plus_01906740_2018_12_07_0073.hex
* Software version 2.6.3.104
* Temperature SN = 6740
* Conductivity SN = 6740
* System UpLoad Time = Dec 07 2018 14:29:25
* <ApplicationData>
* <Seaterm232>
# nquan = 13
# nvalues = 445                                   
# units = specified
# name 0 = prdM: Pressure, Strain Gauge [db]
# name 1 = tv290C: Temperature [ITS-90, deg C]
# name 2 = c0S/m: Conductivity [S/m]
# name 3 = sal00: Salinity, Practical [PSU]
# name 4 = sbeox0ML/L: Oxygen, SBE 43 [ml/l]
# name 5 = flECO-AFL: Fluorescence, WET Labs ECO-AFL/FL [mg/m^3]
# name 6 = nbf: Bottles Fired
# name 7 = timeS: Time, Elapsed [seconds]
# name 8 = timeJ: Julian Days
# name 9 = density00: Density [density, kg/m^3]
# name 10 = depSM: Depth [salt water, m], lat = 0.00
# name 11 = dz/dtM: Descent Rate [m/s]
# name 12 = flag:  0.000e+00
# span 0 =     -1.378,      6.146                 
# span 1 =    27.8423,    28.3052                 
# span 2 =   0.079101,   5.671561                 
# span 3 =     0.3630,    35.1418                 
# span 4 =     2.7268,     4.9813                 
# span 5 =    -0.4378,     0.3351                 
# span 6 =          0,          0                 
# span 7 =      0.000,    111.000                 
# span 8 = 337.317616, 337.318900                 
# span 9 =   996.4707,  1022.4319                 
# span 10 =     -1.371,      6.112                
# span 11 =     -0.648,      0.386                
# span 12 = 0.0000e+00, 0.0000e+00                
# interval = seconds: 0.25
# start_time = Dec 03 2018 07:37:22 [Instrument's time stamp, header]
# bad_flag = -9.990e-29
*END*
     -0.761    28.1259   0.123067     0.5735     3.1478    -0.4362          0      0.000 337.317616   996.6273     -0.757 2.1053e-16  0.000e+00
     -0.729    28.1558   0.145690     0.6833     3.1241    -0.4378          0      0.250 337.317619   996.7013     -0.725      0.009  0.000e+00
     -0.740    28.1711   0.122012     0.5679     3.1026    -0.4301          0      0.500 337.317622   996.6102     -0.736      0.012  0.000e+00
     -0.729    28.1813   0.098705     0.4557     3.0912    -0.4248          0      0.750 337.317624   996.5231     -0.725      0.017  0.000e+00
     -0.708    28.1730   0.111329     0.5163     3.0608     0.3267          0      1.000 337.317627   996.5711     -0.704      0.026  0.000e+00
     -0.686    28.1199   0.117631     0.5473     3.0580     0.3229          0      1.250 337.317630   996.6096     -0.682      0.037  0.000e+00
     -0.643    28.1060   0.172075     0.8140     3.0531     0.3351          0      1.500 337.317633   996.8139     -0.639      0.054  0.000e+00
     -0.611    28.1080   0.189729     0.9016     3.0442     0.3244          0      1.750 337.317636   996.8792     -0.607      0.072  0.000e+00
     -0.600    28.1167   0.173515     0.8209     3.0486     0.3252          0      2.000 337.317639   996.8163     -0.597      0.083  0.000e+00
     -0.589    28.1278   0.116697     0.5427     3.0612     0.3298          0      2.250 337.317642   996.6043     -0.586      0.085  0.000e+00
     -0.567    28.1346   0.102851     0.4760     3.0846     0.3282          0      2.500 337.317645   996.5524     -0.564      0.093  0.000e+00
     -0.535    28.1367   0.092115     0.4247     3.0918     0.3259          0      2.750 337.317648   996.5134     -0.532      0.096  0.000e+00
     -0.513    28.1369   0.102957     0.4765     3.0946     0.0315          0      3.000 337.317650   996.5523     -0.511      0.093  0.000e+00
     -0.492    28.1355   0.085674     0.3941     3.0873     0.0368          0      3.250 337.317653   996.4910     -0.489      0.090  0.000e+00
     -0.524    28.1243   0.079101     0.3630     3.0895     0.0360          0      3.500 337.317656   996.4707     -0.522      0.070  0.000e+00
     -0.535    28.1074   0.082328     0.3784     3.1078     0.0337          0      3.750 337.317659   996.4870     -0.532      0.052  0.000e+00
     -0.481    28.1004   0.085649     0.3942     3.1118     0.0345          0      4.000 337.317662   996.5012     -0.479      0.051  0.000e+00
     -0.427    28.0964   0.131057     0.6127     3.1104     0.0635          0      4.250 337.317665   996.6666     -0.425      0.060  0.000e+00
     -0.362    28.0934   0.135801     0.6358     3.1143     0.0574          0      4.500 337.317668   996.6851     -0.360      0.078  0.000e+00
     -0.330    28.0886   0.128478     0.6002     3.1207     0.0635          0      4.750 337.317671   996.6599     -0.328      0.096  0.000e+00
     -0.351    28.0847   0.261031     1.2614     3.1215     0.0635          0      5.000 337.317674   997.1568     -0.349      0.105  0.000e+00
     -0.427    28.0813   0.094987     0.4388     3.1432     0.0353          0      5.250 337.317677   996.5404     -0.425      0.087  0.000e+00
     -0.492    28.0768   0.101160     0.4684     3.1531     0.0345          0      5.500 337.317679   996.5636     -0.489      0.054  0.000e+00
     -0.503    28.0740   0.113863     0.5296     3.1569     0.0360          0      5.750 337.317682   996.6103     -0.500      0.007  0.000e+00
     -0.448    28.0670   2.597028    14.8434     2.9096     0.0406          0      6.000 337.317685  1007.2899     -0.446     -0.030  0.000e+00
     -0.362    28.0783   2.518259    14.3479     2.9104     0.2962          0      6.250 337.317688  1006.9175     -0.360     -0.032  0.000e+00
     -0.297    28.1234   0.622826     3.1703     3.1058     0.2992          0      6.500 337.317691   998.5735     -0.295     -0.007  0.000e+00
     -0.275    28.1317   0.361976     1.7800     3.1295     0.2962          0      6.750 337.317694   997.5319     -0.274      0.037  0.000e+00
     -0.297    28.0708   2.320704    13.1239     2.9469     0.3038          0      7.000 337.317697  1006.0080     -0.295      0.080  0.000e+00
     -0.373    28.0384   2.583330    14.7666     2.9263     0.0009          0      7.250 337.317700  1007.2416     -0.371      0.094  0.000e+00
     -0.416    28.0247   2.570745    14.6920     2.9258    -0.0036          0      7.500 337.317703  1007.1900     -0.414      0.072  0.000e+00
     -0.427    28.0128   2.550574    14.5695     2.9354    -0.0014          0      7.750 337.317705  1007.1023     -0.424      0.025  0.000e+00
     -0.394    28.0106   2.528308    14.4310     2.9431     0.0009          0      8.000 337.317708  1006.9998     -0.392     -0.021  0.000e+00
     -0.351    28.0163   1.289282     6.9397     3.0685    -0.0097          0      8.250 337.317711  1001.4163     -0.349     -0.045  0.000e+00
     -0.275    28.0217   0.163037     0.7706     3.1607     0.0139          0      8.500 337.317714   996.8072     -0.274     -0.026  0.000e+00
     -0.275    28.0159   0.938268     4.9279     3.0724     0.0116          0      8.750 337.317717   999.9167     -0.274      0.009  0.000e+00
     -0.297    28.0059   0.225702     1.0841     3.1352     0.0070          0      9.000 337.317720   997.0467     -0.295      0.043  0.000e+00
     -0.329    27.9958   2.296738    12.9963     2.9289     0.0063          0      9.250 337.317723  1005.9353     -0.327      0.064  0.000e+00
     -0.362    27.9854   2.546797    14.5542     2.9002     0.0482          0      9.500 337.317726  1007.0994     -0.360      0.052  0.000e+00
     -0.329    27.9754   1.011715     5.3483     3.0576     0.0498          0      9.750 337.317729  1000.2418     -0.327      0.034  0.000e+00
     -0.286    27.9669   1.303080     7.0272     3.0257     0.0543          0     10.000 337.317731  1001.4963     -0.284      0.018  0.000e+00
     -0.297    27.9635   0.183572     0.8735     3.1301     0.0475          0     10.250 337.317734   996.9009     -0.295      0.001  0.000e+00
     -0.275    27.9605   2.647447    15.1933     2.9050     0.0200          0     10.500 337.317737  1007.5837     -0.273     -0.003  0.000e+00
     -0.318    27.9569   2.514858    14.3631     2.9149     0.0208          0     10.750 337.317740  1006.9658     -0.316      0.002  0.000e+00
     -0.361    27.9528   2.511073    14.3407     2.9225     0.0200          0     11.000 337.317743  1006.9501     -0.359     -0.001  0.000e+00
     -0.340    27.9494   1.132783     6.0438     3.0633     0.0238          0     11.250 337.317746  1000.7680     -0.338     -0.001  0.000e+00
     -0.307    27.9472   1.756355     9.7137     3.0148     0.0292          0     11.500 337.317749  1003.5040     -0.306      0.001  0.000e+00
     -0.297    27.9464   0.627820     3.2092     3.1307     0.0437          0     11.750 337.317752   998.6536     -0.295     -0.007  0.000e+00
     -0.297    27.9452   0.241069     1.1634     3.1711     0.0376          0     12.000 337.317755   997.1234     -0.295     -0.009  0.000e+00
     -0.297    27.9425   1.161489     6.2100     3.0867     0.0322          0     12.250 337.317758  1000.8941     -0.295      0.002  0.000e+00
     -0.297    27.9385   1.277605     6.8830     3.0718     0.0292          0     12.500 337.317760  1001.3971     -0.295      0.010  0.000e+00
     -0.318    27.9350   2.078790    11.6716     2.9976     0.0414          0     12.750 337.317763  1004.9665     -0.317      0.019  0.000e+00
     -0.318    27.9318   1.402064     7.6115     3.0638     0.0421          0     13.000 337.317766  1001.9420     -0.317      0.017  0.000e+00
     -0.297    27.9293   0.515578     2.6022     3.1529     0.0398          0     13.250 337.317769   998.2050     -0.295      0.006  0.000e+00
     -0.264    27.9264   0.187942     0.8960     3.1866     0.0521          0     13.500 337.317772   996.9285     -0.263      0.007  0.000e+00
     -0.286    27.9226   0.392864     1.9498     3.1703     0.1322          0     13.750 337.317775   997.7189     -0.284      0.008  0.000e+00
     -0.243    27.9192   0.360790     1.7816     3.1727     0.1245          0     14.000 337.317778   997.5942     -0.241      0.022  0.000e+00
     -0.275    27.9168   1.272324     6.8554     3.0940     0.1322          0     14.250 337.317781  1001.3829     -0.274      0.024  0.000e+00
     -0.308    27.9141   2.298850    13.0316     2.9887     0.1283          0     14.500 337.317784  1005.9862     -0.306      0.017  0.000e+00
     -0.340    27.9121   0.578681     2.9440     3.1603     0.0330          0     14.750 337.317786   998.4651     -0.338      0.001  0.000e+00
     -0.318    27.9095   0.885126     4.6390     3.1281     0.0276          0     15.000 337.317789   999.7318     -0.317     -0.014  0.000e+00
     -0.297    27.9057   1.351046     7.3165     3.0994     0.0421          0     15.250 337.317792  1001.7298     -0.295     -0.022  0.000e+00
     -0.254    27.9008   0.240365     1.1608     3.2084     0.0376          0     15.500 337.317795   997.1344     -0.252     -0.014  0.000e+00
     -0.232    27.8943   0.256188     1.2416     3.2110    -0.0044          0     15.750 337.317798   997.1969     -0.231      0.009  0.000e+00
     -0.243    27.8893   0.610087     3.1162     3.1766     0.0002          0     16.000 337.317801   998.6008     -0.241      0.019  0.000e+00
     -0.254    27.8858   0.282789     1.3781     3.2168    -0.0014          0     16.250 337.317804   997.3015     -0.252      0.037  0.000e+00
     -0.308    27.8821   1.187287     6.3668     3.1195    -0.0021          0     16.500 337.317807  1001.0286     -0.306      0.032  0.000e+00
     -0.329    27.8795   0.466437     2.3416     3.1890    -0.0075          0     16.750 337.317810   998.0242     -0.328      0.011  0.000e+00
     -0.329    27.8781   0.486931     2.4512     3.1873     0.0223          0     17.000 337.317813   998.1066     -0.328     -0.018  0.000e+00
     -0.308    27.8768   0.208354     0.9994     3.2114     0.0131          0     17.250 337.317815   997.0199     -0.306     -0.035  0.000e+00
     -0.254    27.8754   0.178210     0.8483     3.2131     0.0208          0     17.500 337.317818   996.9072     -0.252     -0.032  0.000e+00
     -0.254    27.8737   0.099942     0.4645     3.2158     0.0116          0     17.750 337.317821   996.6195     -0.252     -0.017  0.000e+00
     -0.275    27.8711   0.137892     0.6490     3.2163    -0.0021          0     18.000 337.317824   996.7587     -0.274      0.000  0.000e+00
     -0.318    27.8695   0.165492     0.7852     3.2137     0.0009          0     18.250 337.317827   996.8612     -0.317      0.004  0.000e+00
     -0.383    27.8683   0.793147     4.1275     3.1642     0.0009          0     18.500 337.317830   999.3616     -0.381     -0.007  0.000e+00
     -0.383    27.8677   0.302574     1.4807     3.2041    -0.0014          0     18.750 337.317833   997.3829     -0.381     -0.028  0.000e+00
     -0.351    27.8670   0.409048     2.0374     3.1961     0.0009          0     19.000 337.317836   997.8001     -0.349     -0.042  0.000e+00
     -0.308    27.8660   1.933466    10.8015     3.0355    -0.0075          0     19.250 337.317839  1004.3386     -0.306     -0.044  0.000e+00
     -0.254    27.8684   2.485108    14.2036     2.9872    -0.0036          0     19.500 337.317841  1006.8738     -0.252     -0.025  0.000e+00
     -0.232    27.8765   0.401072     1.9949     3.1958    -0.0059          0     19.750 337.317844   997.7661     -0.231      0.014  0.000e+00
     -0.275    27.8830   2.493123    14.2494     2.9753     0.0681          0     20.000 337.317847  1006.9034     -0.274      0.040  0.000e+00
     -0.308    27.8871   0.636149     3.2587     3.1617     0.0749          0     20.250 337.317850   998.7076     -0.306      0.051  0.000e+00
     -0.329    27.8841   1.171440     6.2750     3.1050     0.0772          0     20.500 337.317853  1000.9595     -0.327      0.045  0.000e+00
     -0.329    27.8773   0.196075     0.9377     3.2016     0.0704          0     20.750 337.317856   996.9734     -0.327      0.017  0.000e+00
     -0.329    27.8693   0.212785     1.0219     3.1963     0.0726          0     21.000 337.317859   997.0388     -0.327     -0.014  0.000e+00
     -0.351    27.8644   0.143199     0.6751     3.2052     0.0429          0     21.250 337.317862   996.7799     -0.349     -0.043  0.000e+00
     -0.308    27.8602   0.216894     1.0428     3.1961     0.0498          0     21.500 337.317865   997.0572     -0.306     -0.047  0.000e+00
     -0.329    27.8570   0.214525     1.0309     3.1980     0.0475          0     21.750 337.317867   997.0491     -0.327     -0.038  0.000e+00
     -0.264    27.8538   1.898070    10.5892     3.0253     0.0490          0     22.000 337.317870  1004.1843     -0.263     -0.000  0.000e+00
     -0.243    27.8515   2.208489    12.4898     2.9958     0.0658          0     22.250 337.317873  1005.6015     -0.241      0.032  0.000e+00
     -0.221    27.8498   0.435737     2.1795     3.1726     0.0604          0     22.500 337.317876   997.9119     -0.220      0.056  0.000e+00
     -0.254    27.8479   1.689820     9.3342     3.0466     0.0604          0     22.750 337.317879  1003.2508     -0.252      0.059  0.000e+00
     -0.286    27.8460   2.302385    13.0721     2.9928     0.0566          0     23.000 337.317882  1006.0370     -0.285      0.048  0.000e+00
     -0.308    27.8449   1.754753     9.7249     3.0474     0.0345          0     23.250 337.317885  1003.5426     -0.306      0.029  0.000e+00
     -0.297    27.8437   2.373048    13.5118     2.9911     0.0360          0     23.500 337.317888  1006.3653     -0.295      0.004  0.000e+00
     -0.221    27.8433   0.586478     2.9905     3.1731     0.0421          0     23.750 337.317891   998.5202     -0.220      0.009  0.000e+00
     -0.221    27.8427   0.244128     1.1814     3.2120     0.0421          0     24.000 337.317894   997.1665     -0.220      0.002  0.000e+00
     -0.221    27.8423   0.318254     1.5627     3.2040     0.0391          0     24.250 337.317896   997.4523     -0.220      0.009  0.000e+00
     -0.243    27.8424   1.431153     7.7971     3.1024     0.0353          0     24.500 337.317899  1002.1068     -0.241      0.015  0.000e+00
     -0.264    27.8436   1.119712     5.9819     3.1309     0.0315          0     24.750 337.317902  1000.7529     -0.263      0.022  0.000e+00
     -0.297    27.8443   2.366707    13.4721     3.0075     0.0315          0     25.000 337.317905  1006.3355     -0.295      0.013  0.000e+00
     -0.254    27.8455   1.758516     9.7474     3.0779     0.0276          0     25.250 337.317908  1003.5594     -0.252      0.007  0.000e+00
     -0.232    27.8462   0.470743     2.3662     3.2038     0.0414          0     25.500 337.317911   998.0526     -0.231     -0.002  0.000e+00
     -0.232    27.8463   0.352541     1.7411     3.2199     0.0391          0     25.750 337.317914   997.5848     -0.231     -0.013  0.000e+00
     -0.243    27.8457   1.094172     5.8347     3.1422     0.0459          0     26.000 337.317917  1000.6427     -0.241     -0.006  0.000e+00
     -0.254    27.8457   1.466767     8.0067     3.1061     0.0383          0     26.250 337.317920  1002.2621     -0.252      0.000  0.000e+00
     -0.275    27.8461   2.320973    13.1874     3.0142     0.0467          0     26.500 337.317922  1006.1229     -0.274      0.002  0.000e+00
     -0.264    27.8467   0.588974     3.0039     3.1900     0.0498          0     26.750 337.317925   998.5290     -0.263      0.004  0.000e+00
     -0.254    27.8470   0.771691     4.0098     3.1731     0.0536          0     27.000 337.317928   999.2804     -0.252      0.002  0.000e+00
     -0.254    27.8472   0.196176     0.9387     3.2296     0.0536          0     27.250 337.317931   996.9831     -0.252     -0.011  0.000e+00
     -0.264    27.8472   0.332445     1.6363     3.2163    -0.0052          0     27.500 337.317934   997.5058     -0.263     -0.015  0.000e+00
