ctd_mafia/cnv/SBE19plus_01906740_2018_12_07_0108.cnv
* Sea-Bird SBE19plus  Data File:
* FileName = C:\Users\all user\Desktop\Patroba _ WWF Mapping Mafia\SBE19plus_01906740_2018_12_07_0108.hex
* Software version 2.6.3.104
* Temperature SN = 6740
* Conductivity SN = 6740
* System UpLoad Time = Dec 07 2018 14:37:30
* <ApplicationData>
* <Seaterm232>
# nquan = 13
# nvalues = 258                                   
# units = specified
# name 0 = prdM: Pressure, Strain Gauge [db]
# name 1 = tv290C: Temperature [ITS-90, deg C]
# name 2 = c0S/m: Conductivity [S/m]
# name 3 = sal00: Salinity, Practical [PSU]
# name 4 = sbeox0ML/L: Oxygen, SBE 43 [ml/l]
# name 5 = flECO-AFL: Fluorescence, WET Labs ECO-AFL/FL [mg/m^3]
# name 6 = nbf: Bottles Fired
# name 7 = timeS: Time, Elapsed [seconds]
# name 8 = timeJ: Julian Days
# name 9 = density00: Density [density, kg/m^3]
# name 10 = depSM: Depth [salt water, m], lat = 0.00
# name 11 = dz/dtM: Descent Rate [m/s]
# name 12 = flag:  0.000e+00
# span 0 =     -1.416,      1.968                 
# span 1 =    27.1537,    28.2658                 
# span 2 =   0.187839,   5.687321                 
# span 3 =     0.9086,    35.2628                 
# span 4 =     1.4712,     4.6643                 
# span 5 =    -0.0815,     2.4157                 
# span 6 =          0,          0                 
# span 7 =      0.000,     64.250                 
# span 8 = 338.456852, 338.457595                 
# span 9 =   997.1316,  1022.5157                 
# span 10 =     -1.408,      1.957                
# span 11 =     -0.734,      0.281                
# span 12 = 0.0000e+00, 0.0000e+00                
# interval = seconds: 0.25
# start_time = Dec 04 2018 10:57:52 [Instrument's time stamp, header]
# bad_flag = -9.990e-29
*END*
[from data line 223]
      0.358    28.2015   5.671089    35.1882     2.1521     0.1444          0     55.750 338.457497  1022.4717      0.356     -0.543  0.000e+00
      0.130    28.1997   5.671591    35.1931     2.1598     0.1505          0     56.000 338.457500  1022.4749      0.130     -0.615  0.000e+00
     -0.097    28.1934   5.673584    35.2118     2.1602     0.1550          0     56.250 338.457503  1022.4901     -0.096     -0.690  0.000e+00
     -0.205    28.1875   5.676315    35.2353     2.2146     0.1550          0     56.500 338.457506  1022.5093     -0.204     -0.734  0.000e+00
     -0.248    28.1903   5.676285    35.2331     2.2098     0.1497          0     56.750 338.457509  1022.5065     -0.247     -0.714  0.000e+00
     -0.270    28.1972   5.677205    35.2344     2.1943     0.1520          0     57.000 338.457512  1022.5051     -0.268     -0.636  0.000e+00
     -0.280    28.2088   5.677525    35.2280     2.1411     0.1489          0     57.250 338.457514  1022.4964     -0.279     -0.526  0.000e+00
     -0.324    28.2193   5.677524    35.2201     2.0277     0.1428          0     57.500 338.457517  1022.4869     -0.322     -0.416  0.000e+00
     -0.432    28.2269   5.678415    35.2207     1.9658     0.1428          0     57.750 338.457520  1022.4844     -0.429     -0.330  0.000e+00
     -0.616    28.2324   5.681588    35.2388     2.0049     0.1482          0     58.000 338.457523  1022.4954     -0.612     -0.284  0.000e+00
     -0.724    28.2385   5.681717    35.2353     1.5114     0.1688          0     58.250 338.457526  1022.4902     -0.720     -0.278  0.000e+00
     -0.767    28.2410   5.681870    35.2344     1.4756     0.1642          0     58.500 338.457529  1022.4886     -0.763     -0.301  0.000e+00
     -0.810    28.2445   5.684641    35.2513     1.4712     0.1650          0     58.750 338.457532  1022.4999     -0.806     -0.328  0.000e+00
     -0.843    28.2500   5.685691    35.2545     1.5431     0.1703          0     59.000 338.457535  1022.5004     -0.838     -0.337  0.000e+00
     -0.875    28.2541   5.687321    35.2628     1.5381     0.1688          0     59.250 338.457538  1022.5052     -0.870     -0.323  0.000e+00
     -0.972    28.2578   5.683788    35.2354     1.6092     0.1291          0     59.500 338.457541  1022.4829     -0.967     -0.298  0.000e+00
     -1.156    28.2608   5.682128    35.2216     1.7019     0.1276          0     59.750 338.457543  1022.4708     -1.150     -0.290  0.000e+00
     -1.308    28.2636   5.682387    35.2214     2.0410     0.1344          0     60.000 338.457546  1022.4690     -1.300     -0.303  0.000e+00
     -1.383    28.2644   5.683338    35.2275     2.2169     0.1360          0     60.250 338.457549  1022.4730     -1.376     -0.339  0.000e+00
     -1.405    28.2651   5.687252    35.2543     2.1861     0.5243          0     60.500 338.457552  1022.4929     -1.397     -0.365  0.000e+00
     -1.383    28.2658   2.121282    11.8499     2.8849     0.5152          0     60.750 338.457555  1004.9955     -1.376     -0.355  0.000e+00
     -1.405    28.2609   1.105322     5.8482     3.3518     0.5228          0     61.000 338.457558  1000.5263     -1.397     -0.324  0.000e+00
     -1.383    28.2533   1.115874     5.9093     3.5901     0.5144          0     61.250 338.457561  1000.5742     -1.376     -0.259  0.000e+00
     -1.383    28.2490   0.981881     5.1496     3.4499    -0.0067          0     61.500 338.457564  1000.0092     -1.376     -0.168  0.000e+00
     -1.394    28.2449   0.857063     4.4504     3.5792     0.0078          0     61.750 338.457567   999.4888     -1.386     -0.079  0.000e+00
     -1.383    28.2422   0.798545     4.1256     3.6607    -0.0006          0     62.000 338.457569   999.2473     -1.375     -0.019  0.000e+00
     -1.383    28.2391   0.815224     4.2183     3.5861     0.0009          0     62.250 338.457572   999.3174     -1.376      0.004  0.000e+00
     -1.394    28.2371   1.014475     5.3350     3.5726    -0.0235          0     62.500 338.457575  1000.1508     -1.386      0.005  0.000e+00
     -1.383    28.2364   0.778802     4.0169     3.7896    -0.0174          0     62.750 338.457578   999.1679     -1.376      0.002  0.000e+00
     -1.383    28.2360   0.885985     4.6126     3.7036    -0.0303          0     63.000 338.457581   999.6124     -1.376      0.005  0.000e+00
     -1.394    28.2353   0.799445     4.1312     3.6427    -0.0212          0     63.250 338.457584   999.2535     -1.386     -0.002  0.000e+00
     -1.372    28.2301   0.784161     4.0470     3.3654    -0.0303          0     63.500 338.457587   999.1923     -1.365      0.003  0.000e+00
     -1.383    28.2192   0.916160     4.7831     3.2760    -0.0815          0     63.750 338.457590   999.7446     -1.376      0.004  0.000e+00
     -1.383    28.2058   0.751735     3.8700     3.2195    -0.0784          0     64.000 338.457593   999.0672     -1.376      0.002  0.000e+00
     -1.372    28.1923   0.748890     3.8554     3.1033    -0.0754          0     64.250 338.457595   999.0603     -1.365      0.006  0.000e+00
