ctd_mafia/cnv/SBE19plus_01906740_2018_12_07_0095.cnv
* Sea-Bird SBE19plus  Data File:
* FileName = C:\Users\all user\Desktop\Patroba _ WWF Mapping Mafia\SBE19plus_01906740_2018_12_07_0095.hex
* Software version 2.6.3.104
* Temperature SN = 6740
* Conductivity SN = 6740
* System UpLoad Time = Dec 07 2018 14:34:17
* <ApplicationData>
* <Seaterm232>
# nquan = 13
# nvalues = 345                                   
# units = specified
# name 0 = prdM: Pressure, Strain Gauge [db]
# name 1 = tv290C: Temperature [ITS-90, deg C]
# name 2 = c0S/m: Conductivity [S/m]
# name 3 = sal00: Salinity, Practical [PSU]
# name 4 = sbeox0ML/L: Oxygen, SBE 43 [ml/l]
# name 5 = flECO-AFL: Fluorescence, WET Labs ECO-AFL/FL [mg/m^3]
# name 6 = nbf: Bottles Fired
# name 7 = timeS: Time, Elapsed [seconds]
# name 8 = timeJ: Julian Days
# name 9 = density00: Density [density, kg/m^3]
# name 10 = depSM: Depth [salt water, m], lat = 0.00
# name 11 = dz/dtM: Descent Rate [m/s]
# name 12 = flag:  0.000e+00
# span 0 =     -1.399,      2.839                 
# span 1 =    28.3077,    30.0031                 
# span 2 =   0.348910,   5.734255                 
# span 3 =     1.6579,    35.3245                 
# span 4 =     1.7242,     2.6205                 
# span 5 =    -0.1990,    48.6787                 
# span 6 =          0,          0                 
# span 7 =      0.000,     86.000                 
# span 8 = 338.360058, 338.361053                 
# span 9 =   996.9716,  1022.4692                 
# span 10 =     -1.392,      2.823                
# span 11 =     -0.923,      0.221                
# span 12 = 0.0000e+00, 0.0000e+00                
# interval = seconds: 0.25
# start_time = Dec 04 2018 08:38:29 [Instrument's time stamp, header]
# bad_flag = -9.990e-29
*END*
[from data line 112]
     -0.113    28.3984   5.702916    35.2639     1.9833     0.0490          0     28.000 338.360382  1022.4617     -0.112      0.053  0.000e+00
     -0.091    28.3982   5.702688    35.2624     1.9769     0.0505          0     28.250 338.360385  1022.4607     -0.091      0.051  0.000e+00
     -0.080    28.3984   5.702718    35.2625     1.9731     0.0719          0     28.500 338.360388  1022.4608     -0.080      0.047  0.000e+00
     -0.070    28.3986   5.703008    35.2643     1.9721     0.0688          0     28.750 338.360391  1022.4621     -0.069      0.048  0.000e+00
     -0.059    28.3982   5.703519    35.2682     1.9678     0.0833          0     29.000 338.360394  1022.4652     -0.059      0.048  0.000e+00
     -0.059    28.3985   5.703709    35.2693     1.9645     0.0681          0     29.250 338.360396  1022.4660     -0.058      0.048  0.000e+00
     -0.070    28.3984   5.703610    35.2687     1.9608     0.0749          0     29.500 338.360399  1022.4655     -0.069      0.039  0.000e+00
     -0.048    28.3985   5.703473    35.2676     1.9602     0.0635          0     29.750 338.360402  1022.4648     -0.048      0.035  0.000e+00
     -0.026    28.3987   5.703359    35.2667     1.9593     0.0673          0     30.000 338.360405  1022.4641     -0.026      0.034  0.000e+00
     -0.026    28.3986   5.703290    35.2663     1.9565     0.0604          0     30.250 338.360408  1022.4638     -0.026      0.030  0.000e+00
     -0.005    28.3986   5.703229    35.2659     1.9505     0.0528          0     30.500 338.360411  1022.4636     -0.005      0.034  0.000e+00
      0.039    28.3988   5.703389    35.2668     1.9544     0.0604          0     30.750 338.360414  1022.4644      0.038      0.047  0.000e+00
      0.039    28.3987   5.702978    35.2640     1.9497     0.0620          0     31.000 338.360417  1022.4623      0.038      0.056  0.000e+00
      0.039    28.3987   5.702939    35.2637     1.9403     0.0620          0     31.250 338.360420  1022.4621      0.038      0.061  0.000e+00
      0.071    28.3986   5.703100    35.2649     1.9401     0.0574          0     31.500 338.360422  1022.4632      0.071      0.068  0.000e+00
      0.049    28.3986   5.703008    35.2643     1.9419     0.0620          0     31.750 338.360425  1022.4626      0.049      0.057  0.000e+00
      0.039    28.3986   5.702939    35.2638     1.9380     0.0635          0     32.000 338.360428  1022.4622      0.038      0.043  0.000e+00
      0.093    28.3986   5.702848    35.2632     1.9563     0.0574          0     32.250 338.360431  1022.4620      0.092      0.044  0.000e+00
      0.136    28.3982   5.702558    35.2614     1.9534     0.0589          0     32.500 338.360434  1022.4610      0.135      0.049  0.000e+00
      0.103    28.3982   5.702657    35.2621     1.9457     0.0833          0     32.750 338.360437  1022.4614      0.103      0.042  0.000e+00
      0.136    28.3980   5.702978    35.2645     1.9409     0.0810          0     33.000 338.360440  1022.4633      0.135      0.050  0.000e+00
      0.147    28.3980   5.702749    35.2629     1.9360     0.0986          0     33.250 338.360443  1022.4622      0.146      0.055  0.000e+00
      0.190    28.3982   5.702581    35.2616     1.9296     0.0902          0     33.500 338.360446  1022.4613      0.189      0.065  0.000e+00
      0.212    28.3981   5.702459    35.2608     1.9206     0.0772          0     33.750 338.360448  1022.4608      0.210      0.081  0.000e+00
      0.222    28.3983   5.702368    35.2600     1.9139     0.0543          0     34.000 338.360451  1022.4602      0.221      0.083  0.000e+00
      0.244    28.3980   5.702619    35.2620     1.9098     0.0444          0     34.250 338.360454  1022.4619      0.243      0.076  0.000e+00
      0.298    28.3981   5.702368    35.2601     1.9091     0.0459          0     34.500 338.360457  1022.4607      0.296      0.087  0.000e+00
      0.341    28.3980   5.702147    35.2586     1.9051     0.0437          0     34.750 338.360460  1022.4598      0.339      0.111  0.000e+00
      0.374    28.3977   5.702208    35.2593     1.9047     0.0604          0     35.000 338.360463  1022.4605      0.372      0.119  0.000e+00
      0.384    28.3976   5.702147    35.2589     1.9043     0.0650          0     35.250 338.360466  1022.4603      0.382      0.123  0.000e+00
      0.449    28.3973   5.702177    35.2593     1.9029     0.0589          0     35.500 338.360469  1022.4610      0.447      0.130  0.000e+00
      0.482    28.3972   5.702017    35.2583     1.9018     0.0574          0     35.750 338.360472  1022.4604      0.479      0.141  0.000e+00
      0.514    28.3969   5.701949    35.2580     1.8972     0.0505          0     36.000 338.360475  1022.4604      0.511      0.148  0.000e+00
      0.525    28.3963   5.702307    35.2610     1.8919     0.0437          0     36.250 338.360477  1022.4629      0.522      0.142  0.000e+00
      0.525    28.3965   5.702848    35.2646     1.8874     0.0536          0     36.500 338.360480  1022.4656      0.522      0.122  0.000e+00
      0.547    28.3966   5.702909    35.2649     1.8844     0.0459          0     36.750 338.360483  1022.4659      0.544      0.108  0.000e+00
      0.547    28.3969   5.702795    35.2639     1.8822     0.0231          0     37.000 338.360486  1022.4650      0.544      0.092  0.000e+00
      0.568    28.3968   5.702749    35.2637     1.8769     0.0063          0     37.250 338.360489  1022.4650      0.565      0.078  0.000e+00
      0.547    28.3970   5.702848    35.2642     1.8717     0.0299          0     37.500 338.360492  1022.4652      0.544      0.049  0.000e+00
      0.557    28.3970   5.702940    35.2648     1.8678     0.0345          0     37.750 338.360495  1022.4657      0.554      0.034  0.000e+00
      0.568    28.3971   5.703100    35.2659     1.8668     0.0238          0     38.000 338.360498  1022.4665      0.565      0.025  0.000e+00
      0.601    28.3973   5.703039    35.2653     1.8635     0.0360          0     38.250 338.360501  1022.4662      0.597      0.030  0.000e+00
      0.633    28.3974   5.702909    35.2643     1.8616     0.0307          0     38.500 338.360503  1022.4655      0.630      0.042  0.000e+00
      0.687    28.3975   5.702764    35.2632     1.8592     0.0299          0     38.750 338.360506  1022.4649      0.683      0.061  0.000e+00
      0.720    28.3973   5.702559    35.2619     1.8612     0.0330          0     39.000 338.360509  1022.4641      0.716      0.084  0.000e+00
      0.763    28.3972   5.702238    35.2597     1.8587     0.0582          0     39.250 338.360512  1022.4627      0.759      0.108  0.000e+00
      0.774    28.3972   5.702399    35.2609     1.8557     0.0635          0     39.500 338.360515  1022.4636      0.769      0.128  0.000e+00
      0.784    28.3970   5.702368    35.2608     1.8581     0.0521          0     39.750 338.360518  1022.4637      0.780      0.129  0.000e+00
      0.817    28.3969   5.702429    35.2613     1.8534     0.0604          0     40.000 338.360521  1022.4642      0.812      0.127  0.000e+00
      0.839    28.3968   5.702269    35.2602     1.8575     0.0376          0     40.250 338.360524  1022.4635      0.834      0.117  0.000e+00
      0.871    28.3967   5.702147    35.2594     1.8512     0.0452          0     40.500 338.360527  1022.4631      0.866      0.108  0.000e+00
      0.893    28.3966   5.702086    35.2591     1.8527     0.0521          0     40.750 338.360530  1022.4630      0.888      0.098  0.000e+00
      0.882    28.3965   5.702338    35.2609     1.8467     0.0406          0     41.000 338.360532  1022.4643      0.877      0.086  0.000e+00
      0.925    28.3963   5.702338    35.2610     1.8461     0.0627          0     41.250 338.360535  1022.4647      0.920      0.083  0.000e+00
      0.936    28.3963   5.702620    35.2630     1.8440     0.0734          0     41.500 338.360538  1022.4662      0.931      0.084  0.000e+00
      0.957    28.3964   5.702559    35.2625     1.8377     0.0604          0     41.750 338.360541  1022.4659      0.952      0.082  0.000e+00
      0.990    28.3964   5.702559    35.2625     1.8382     0.0574          0     42.000 338.360544  1022.4660      0.984      0.081  0.000e+00
      1.012    28.3966   5.702780    35.2639     1.8348     0.0574          0     42.250 338.360547  1022.4671      1.006      0.082  0.000e+00
      1.055    28.3968   5.702826    35.2640     1.8344     0.0635          0     42.500 338.360550  1022.4673      1.049      0.089  0.000e+00
      1.098    28.3968   5.702849    35.2642     1.8288     0.0589          0     42.750 338.360553  1022.4676      1.092      0.105  0.000e+00
      1.109    28.3970   5.702749    35.2634     1.8306     0.0620          0     43.000 338.360556  1022.4670      1.103      0.115  0.000e+00
      1.120    28.3970   5.702658    35.2627     1.8291     0.0566          0     43.250 338.360558  1022.4665      1.114      0.110  0.000e+00
      1.152    28.3973   5.702658    35.2625     1.8292     0.0505          0     43.500 338.360561  1022.4664      1.146      0.112  0.000e+00
      1.152    28.3973   5.702780    35.2633     1.8284     0.0398          0     43.750 338.360564  1022.4670      1.146      0.102  0.000e+00
      1.174    28.3974   5.702780    35.2633     1.8255     0.0452          0     44.000 338.360567  1022.4670      1.167      0.092  0.000e+00
      1.195    28.3974   5.703009    35.2648     1.8295     0.0459          0     44.250 338.360570  1022.4683      1.189      0.083  0.000e+00
      1.249    28.3974   5.703009    35.2648     1.8264     0.0589          0     44.500 338.360573  1022.4686      1.243      0.082  0.000e+00
      1.249    28.3974   5.702879    35.2639     1.8242     0.0597          0     44.750 338.360576  1022.4679      1.243      0.080  0.000e+00
      1.293    28.3975   5.702849    35.2636     1.8239     0.0574          0     45.000 338.360579  1022.4678      1.286      0.091  0.000e+00
      1.325    28.3976   5.702589    35.2617     1.8153     0.0635          0     45.250 338.360582  1022.4665      1.318      0.101  0.000e+00
      1.336    28.3976   5.702498    35.2611     1.8156     0.0414          0     45.500 338.360584  1022.4661      1.329      0.103  0.000e+00
      1.379    28.3976   5.702559    35.2615     1.8148     0.0475          0     45.750 338.360587  1022.4665      1.372      0.113  0.000e+00
      1.401    28.3975   5.702612    35.2619     1.8132     0.0475          0     46.000 338.360590  1022.4670      1.393      0.114  0.000e+00
      1.444    28.3976   5.702780    35.2630     1.8095     0.0383          0     46.250 338.360593  1022.4680      1.436      0.117  0.000e+00
      1.476    28.3975   5.702818    35.2634     1.8082     0.0383          0     46.500 338.360596  1022.4684      1.468      0.118  0.000e+00
      1.509    28.3977   5.702849    35.2634     1.8073     0.0788          0     46.750 338.360599  1022.4685      1.501      0.126  0.000e+00
      1.531    28.3977   5.702529    35.2612     1.8049     0.0917          0     47.000 338.360602  1022.4669      1.522      0.123  0.000e+00
      1.552    28.3977   5.702620    35.2618     1.8048     0.0879          0     47.250 338.360605  1022.4675      1.544      0.122  0.000e+00
      1.552    28.3976   5.702620    35.2619     1.8014     0.0856          0     47.500 338.360608  1022.4676      1.544      0.114  0.000e+00
      1.595    28.3978   5.702940    35.2640     1.7989     0.0391          0     47.750 338.360611  1022.4692      1.587      0.106  0.000e+00
      1.606    28.3978   5.702643    35.2619     1.7966     0.0391          0     48.000 338.360613  1022.4677      1.597      0.098  0.000e+00
      1.649    28.3978   5.702620    35.2617     1.8009     0.0276          0     48.250 338.360616  1022.4678      1.640      0.094  0.000e+00
      1.693    28.3978   5.702559    35.2613     1.8021     0.0315          0     48.500 338.360619  1022.4676      1.683      0.099  0.000e+00
      1.693    28.3977   5.702689    35.2622     1.8027     0.0582          0     48.750 338.360622  1022.4684      1.683      0.098  0.000e+00
      1.714    28.3977   5.702590    35.2615     1.7984     0.0566          0     49.000 338.360625  1022.4680      1.705      0.099  0.000e+00
      1.747    28.3976   5.702719    35.2625     1.7934     0.0620          0     49.250 338.360628  1022.4689      1.737      0.103  0.000e+00
      1.758    28.3977   5.702620    35.2617     1.7877     0.0604          0     49.500 338.360631  1022.4683      1.748      0.102  0.000e+00
      1.779    28.3979   5.702430    35.2603     1.7875     0.0589          0     49.750 338.360634  1022.4672      1.769      0.094  0.000e+00
      1.822    28.3977   5.702498    35.2609     1.7835     0.0620          0     50.000 338.360637  1022.4679      1.812      0.096  0.000e+00
      1.855    28.3978   5.702338    35.2597     1.7882     0.0543          0     50.250 338.360639  1022.4671      1.845      0.095  0.000e+00
      1.866    28.3978   5.702269    35.2592     1.7849     0.0635          0     50.500 338.360642  1022.4668      1.855      0.095  0.000e+00
      1.920    28.3976   5.702308    35.2596     1.7828     0.0521          0     50.750 338.360645  1022.4674      1.909      0.110  0.000e+00
      1.930    28.3976   5.702109    35.2582     1.7827     0.0505          0     51.000 338.360648  1022.4664      1.920      0.112  0.000e+00
      1.952    28.3974   5.702079    35.2581     1.7825     0.0452          0     51.250 338.360651  1022.4665      1.941      0.111  0.000e+00
      1.995    28.3971   5.702148    35.2588     1.7790     0.0505          0     51.500 338.360654  1022.4673      1.984      0.117  0.000e+00
      1.995    28.3971   5.702018    35.2579     1.7847     0.0490          0     51.750 338.360657  1022.4666      1.984      0.110  0.000e+00
      2.017    28.3971   5.702018    35.2579     1.7803     0.0513          0     52.000 338.360660  1022.4667      2.006      0.099  0.000e+00
      2.039    28.3968   5.701988    35.2579     1.7758     0.0475          0     52.250 338.360663  1022.4669      2.027      0.094  0.000e+00
      2.049    28.3969   5.702048    35.2583     1.7814     0.0444          0     52.500 338.360666  1022.4672      2.038      0.087  0.000e+00
      2.082    28.3969   5.702079    35.2585     1.7808     0.0482          0     52.750 338.360668  1022.4675      2.070      0.080  0.000e+00
      2.103    28.3969   5.702018    35.2580     1.7763     0.0589          0     53.000 338.360671  1022.4673      2.092      0.082  0.000e+00
      2.093    28.3968   5.701904    35.2573     1.7757     0.0643          0     53.250 338.360674  1022.4667      2.081      0.073  0.000e+00
      2.114    28.3969   5.701789    35.2564     1.7714     0.0528          0     53.500 338.360677  1022.4661      2.103      0.066  0.000e+00
      2.093    28.3966   5.701789    35.2567     1.7666     0.0620          0     53.750 338.360680  1022.4663      2.081      0.056  0.000e+00
      2.082    28.3965   5.701728    35.2563     1.7678     0.0353          0     54.000 338.360683  1022.4660      2.070      0.038  0.000e+00
      2.071    28.3963   5.701759    35.2567     1.7647     0.0429          0     54.250 338.360686  1022.4663      2.060      0.017  0.000e+00
      2.082    28.3963   5.701827    35.2571     1.7615     0.0330          0     54.500 338.360689  1022.4667      2.070      0.004  0.000e+00
      2.104    28.3962   5.701858    35.2574     1.7622     0.0360          0     54.750 338.360692  1022.4670      2.092     -0.004  0.000e+00
      2.114    28.3964   5.701858    35.2573     1.7614     0.0406          0     55.000 338.360694  1022.4669      2.103     -0.001  0.000e+00
      2.136    28.3964   5.701965    35.2580     1.7599     0.0864          0     55.250 338.360697  1022.4676      2.124      0.013  0.000e+00
