ctd_mafia/cnv/SBE19plus_01906740_2018_12_07_0104.cnv
* Sea-Bird SBE19plus  Data File:
* FileName = C:\Users\all user\Desktop\Patroba _ WWF Mapping Mafia\SBE19plus_01906740_2018_12_07_0104.hex
* Software version 2.6.3.104
* Temperature SN = 6740
* Conductivity SN = 6740
* System UpLoad Time = Dec 07 2018 14:36:44
* <ApplicationData>
* <Seaterm232>
# nquan = 13
# nvalues = 1082                                  
# units = specified
# name 0 = prdM: Pressure, Strain Gauge [db]
# name 1 = tv290C: Temperature [ITS-90, deg C]
# name 2 = c0S/m: Conductivity [S/m]
# name 3 = sal00: Salinity, Practical [PSU]
# name 4 = sbeox0ML/L: Oxygen, SBE 43 [ml/l]
# name 5 = flECO-AFL: Fluorescence, WET Labs ECO-AFL/FL [mg/m^3]
# name 6 = nbf: Bottles Fired
# name 7 = timeS: Time, Elapsed [seconds]
# name 8 = timeJ: Julian Days
# name 9 = density00: Density [density, kg/m^3]
# name 10 = depSM: Depth [salt water, m], lat = 0.00
# name 11 = dz/dtM: Descent Rate [m/s]
# name 12 = flag:  0.000e+00
# span 0 =     -1.401,     18.502                 
# span 1 =    27.3551,    28.6746                 
# span 2 =   0.512993,   5.695220                 
# span 3 =     2.5489,    35.5061                 
# span 4 =     1.7655,     3.0306                 
# span 5 =    -0.4317,    48.6848                 
# span 6 =          0,          0                 
# span 7 =      0.000,    270.250                 
# span 8 = 338.423287, 338.426415                 
# span 9 =   997.9451,  1022.9116                 
# span 10 =     -1.393,     18.399                
# span 11 =     -0.957,      0.377                
# span 12 = 0.0000e+00, 0.0000e+00                
# interval = seconds: 0.25
# start_time = Dec 04 2018 10:09:32 [Instrument's time stamp, header]
# bad_flag = -9.990e-29
*END*
     -1.379    27.5499   5.569947    34.9637     2.1710    -0.0220          0      0.000 338.423287  1022.5078     -1.372 -8.421e-16  0.000e+00
     -1.379    27.5635   5.648013    35.5061     2.1540    -0.0204          0      0.250 338.423290  1022.9116     -1.372 -8.421e-16  0.000e+00
     -1.379    27.5808   5.464662    34.1980     2.1742    -0.0181          0      0.500 338.423293  1021.9217     -1.372 -4.211e-16  0.000e+00
     -1.390    27.6461   2.924584    17.0594     2.3859    -0.0281          0      0.750 338.423296  1009.0659     -1.382     -0.003  0.000e+00
     -1.379    27.8813   1.379447     7.4868     2.5078    -0.0242          0      1.000 338.423299  1001.8591     -1.372     -0.002  0.000e+00
     -1.390    28.1848   1.370009     7.3846     2.5027    -0.0281          0      1.250 338.423302  1001.6937     -1.382     -0.004  0.000e+00
     -1.390    28.3519   0.840913     4.3508     2.5416    -0.0235          0      1.500 338.423304   999.3833     -1.382     -0.006  0.000e+00
     -1.379    28.4374   0.788886     4.0557     2.5616    -0.0181          0      1.750 338.423307   999.1382     -1.372     -0.004  0.000e+00
     -1.401    28.4703   1.281261     6.8285     2.5053     1.2598          0      2.000 338.423310  1001.1949     -1.393     -0.007  0.000e+00
     -1.379    28.4824   1.102423     5.8050     2.5431     1.2567          0      2.250 338.423313  1000.4289     -1.372     -0.004  0.000e+00
     -1.358    28.5502   0.787694     4.0398     2.5657     1.2567          0      2.500 338.423316   999.0933     -1.350      0.006  0.000e+00
     -1.293    28.6462   0.871174     4.4917     2.5463     1.2651          0      2.750 338.423319   999.4022     -1.286      0.031  0.000e+00
     -1.249    28.6703   0.590294     2.9604     2.5800    48.6848          0      3.000 338.423322   998.2531     -1.243      0.058  0.000e+00
     -1.152    28.6746   0.512993     2.5489     2.5821    48.6833          0      3.250 338.423325   997.9451     -1.146      0.106  0.000e+00
     -1.022    28.6628   1.615830     8.7423     2.4836    48.6719          0      3.500 338.423328  1002.5640     -1.017      0.169  0.000e+00
     -0.882    28.5698   3.026436    17.3740     2.3737    48.6734          0      3.750 338.423330  1009.0197     -0.877      0.246  0.000e+00
     -0.752    28.4625   3.072259    17.7030     2.3693    48.6826          0      4.000 338.423333  1009.2987     -0.748      0.327  0.000e+00
     -0.709    28.3897   3.358225    19.5557     2.3450    -0.4301          0      4.250 338.423336  1010.7031     -0.705      0.370  0.000e+00
     -0.698    28.3441   4.205878    25.1119     2.2780    -0.4317          0      4.500 338.423339  1014.8668     -0.694      0.377  0.000e+00
     -0.698    28.3159   5.693558    35.2602     2.1701    -0.4256          0      4.750 338.423342  1022.4837     -0.694      0.346  0.000e+00
     -0.676    28.2984   5.695220    35.2849     2.1787    -0.4248          0      5.000 338.423345  1022.5081     -0.672      0.299  0.000e+00
     -0.655    28.2873   5.693284    35.2796     2.1908    -0.0395          0      5.250 338.423348  1022.5079     -0.651      0.230  0.000e+00
     -0.600    28.2773   5.692287    35.2801     2.1839    -0.0365          0      5.500 338.423351  1022.5117     -0.597      0.169  0.000e+00
     -0.557    28.2673   5.691906    35.2849     2.1895    -0.0342          0      5.750 338.423354  1022.5188     -0.554      0.126  0.000e+00
     -0.514    28.2587   5.691457    35.2882     2.1948    -0.0365          0      6.000 338.423356  1022.5243     -0.511      0.110  0.000e+00
     -0.427    28.2521   5.690916    35.2893     2.1910     0.0459          0      6.250 338.423359  1022.5277     -0.425      0.136  0.000e+00
     -0.362    28.2464   5.690695    35.2920     2.1993     0.0475          0      6.500 338.423362  1022.5318     -0.360      0.172  0.000e+00
     -0.276    28.2428   5.690695    35.2947     2.1955     0.0444          0      6.750 338.423365  1022.5354     -0.274      0.211  0.000e+00
     -0.243    28.2406   5.690665    35.2961     2.2033     0.0421          0      7.000 338.423368  1022.5373     -0.242      0.231  0.000e+00
     -0.233    28.2395   5.690558    35.2962     2.2134     0.0170          0      7.250 338.423371  1022.5378     -0.231      0.231  0.000e+00
     -0.189    28.2381   5.690505    35.2968     2.2237     0.0086          0      7.500 338.423374  1022.5389     -0.188      0.221  0.000e+00
     -0.135    28.2371   5.690315    35.2962     2.2666     0.0131          0      7.750 338.423377  1022.5390     -0.135      0.211  0.000e+00
     -0.081    28.2366   5.690315    35.2966     2.2816     0.0162          0      8.000 338.423380  1022.5397     -0.081      0.200  0.000e+00
     -0.006    28.2368   5.690376    35.2968     2.2774     0.0009          0      8.250 338.423383  1022.5401     -0.006      0.191  0.000e+00
      0.049    28.2375   5.690536    35.2974     2.2833     0.0124          0      8.500 338.423385  1022.5406      0.048      0.192  0.000e+00
      0.092    28.2370   5.690345    35.2964     2.2922     0.0131          0      8.750 338.423388  1022.5402      0.091      0.194  0.000e+00
      0.124    28.2358   5.690277    35.2969     2.2839     0.0109          0      9.000 338.423391  1022.5411      0.124      0.203  0.000e+00
      0.124    28.2337   5.690025    35.2967     2.2858     0.0116          0      9.250 338.423394  1022.5416      0.124      0.197  0.000e+00
      0.135    28.2318   5.689820    35.2966     2.2815     0.0086          0      9.500 338.423397  1022.5422      0.134      0.172  0.000e+00
      0.113    28.2301   5.689645    35.2967     2.2786     0.0002          0      9.750 338.423400  1022.5428      0.113      0.132  0.000e+00
      0.157    28.2279   5.689325    35.2961     2.2845     0.0170          0     10.000 338.423403  1022.5432      0.156      0.101  0.000e+00
      0.135    28.2249   5.688914    35.2955     2.2921     0.0177          0     10.250 338.423406  1022.5436      0.134      0.063  0.000e+00
      0.157    28.2217   5.688594    35.2956     2.3012    -0.0006          0     10.500 338.423409  1022.5449      0.156      0.041  0.000e+00
      0.124    28.2188   5.688335    35.2960     2.3162     0.0025          0     10.750 338.423411  1022.5460      0.123      0.018  0.000e+00
      0.135    28.2157   5.688114    35.2967     2.3915    -0.0052          0     11.000 338.423414  1022.5476      0.134      0.007  0.000e+00
      0.146    28.2135   5.687893    35.2969     2.5212    -0.0029          0     11.250 338.423417  1022.5485      0.145      0.007  0.000e+00
      0.157    28.2119   5.687703    35.2967     2.5214     0.0376          0     11.500 338.423420  1022.5489      0.156      0.009  0.000e+00
      0.146    28.2113   5.687558    35.2961     2.5140     0.0391          0     11.750 338.423423  1022.5487      0.145      0.009  0.000e+00
      0.146    28.2107   5.687353    35.2952     2.4728     0.0368          0     12.000 338.423426  1022.5482      0.145      0.001  0.000e+00
      0.124    28.2099   5.687383    35.2960     2.4370     0.0376          0     12.250 338.423429  1022.5489      0.123     -0.001  0.000e+00
      0.113    28.2093   5.687353    35.2962     2.3905     0.0459          0     12.500 338.423432  1022.5493      0.113     -0.010  0.000e+00
      0.102    28.2083   5.687254    35.2963     2.3743    -0.0296          0     12.750 338.423435  1022.5496      0.102     -0.014  0.000e+00
      0.135    28.2076   5.687193    35.2963     2.3364    -0.0250          0     13.000 338.423437  1022.5500      0.134     -0.016  0.000e+00
      0.146    28.2072   5.687094    35.2959     2.3021    -0.0227          0     13.250 338.423440  1022.5499      0.145     -0.012  0.000e+00
      0.135    28.2069   5.686972    35.2953     2.3028    -0.0204          0     13.500 338.423443  1022.5494      0.134     -0.009  0.000e+00
      0.157    28.2064   5.686873    35.2950     2.3268    -0.0258          0     13.750 338.423446  1022.5495      0.156      0.005  0.000e+00
      0.157    28.2059   5.686698    35.2942     2.3169    -0.0242          0     14.000 338.423449  1022.5490      0.156      0.015  0.000e+00
      0.135    28.2057   5.686713    35.2944     2.3234    -0.0273          0     14.250 338.423452  1022.5492      0.134      0.019  0.000e+00
      0.124    28.2053   5.686743    35.2949     2.3051    -0.0250          0     14.500 338.423455  1022.5497      0.123      0.013  0.000e+00
      0.124    28.2046   5.686683    35.2950     2.2889     0.0719          0     14.750 338.423458  1022.5500      0.123      0.004  0.000e+00
      0.135    28.2033   5.686652    35.2958     2.2917     0.0734          0     15.000 338.423461  1022.5510      0.134     -0.007  0.000e+00
      0.135    28.2023   5.686683    35.2968     2.2674     0.0788          0     15.250 338.423464  1022.5521      0.134     -0.009  0.000e+00
      0.146    28.2015   5.686622    35.2969     2.2092     0.0803          0     15.500 338.423466  1022.5525      0.145     -0.005  0.000e+00
      0.157    28.2014   5.686523    35.2963     2.1847    -0.0029          0     15.750 338.423469  1022.5521      0.156     -0.001  0.000e+00
      0.146    28.2015   5.686431    35.2956     2.1656    -0.0029          0     16.000 338.423472  1022.5515      0.145      0.005  0.000e+00
      0.124    28.2015   5.686271    35.2945     2.1530    -0.0014          0     16.250 338.423475  1022.5506      0.124      0.007  0.000e+00
      0.135    28.2015   5.686150    35.2936     2.1447     0.0040          0     16.500 338.423478  1022.5500      0.134      0.006  0.000e+00
      0.146    28.2016   5.686112    35.2933     2.1739     0.0032          0     16.750 338.423481  1022.5497      0.145      0.004  0.000e+00
      0.135    28.2017   5.686172    35.2936     2.1943    -0.0220          0     17.000 338.423484  1022.5499      0.134     -0.001  0.000e+00
      0.135    28.2018   5.686112    35.2931     2.2005    -0.0197          0     17.250 338.423487  1022.5495      0.134     -0.004  0.000e+00
      0.124    28.2022   5.686112    35.2929     2.2079    -0.0113          0     17.500 338.423490  1022.5491      0.123     -0.010  0.000e+00
      0.135    28.2026   5.686142    35.2928     2.1985    -0.0075          0     17.750 338.423492  1022.5490      0.134     -0.009  0.000e+00
      0.157    28.2029   5.686172    35.2927     2.1659    -0.0143          0     18.000 338.423495  1022.5489      0.156      0.003  0.000e+00
      0.157    28.2039   5.686203    35.2922     2.1203    -0.0029          0     18.250 338.423498  1022.5482      0.156      0.011  0.000e+00
      0.157    28.2040   5.686203    35.2921     2.0992     0.0086          0     18.500 338.423501  1022.5481      0.156      0.011  0.000e+00
      0.167    28.2045   5.686241    35.2920     2.0758    -0.0052          0     18.750 338.423504  1022.5479      0.166      0.015  0.000e+00
      0.178    28.2057   5.686332    35.2918     2.0571     0.0078          0     19.000 338.423507  1022.5474      0.177      0.024  0.000e+00
      0.157    28.2072   5.686431    35.2913     2.0608     0.0177          0     19.250 338.423510  1022.5464      0.156      0.021  0.000e+00
      0.157    28.2085   5.686523    35.2910     2.0511     0.0131          0     19.500 338.423513  1022.5458      0.156      0.017  0.000e+00
      0.178    28.2102   5.686622    35.2904     2.0265     0.0177          0     19.750 338.423516  1022.5449      0.177      0.013  0.000e+00
      0.167    28.2116   5.686713    35.2900     2.0252     0.0200          0     20.000 338.423519  1022.5440      0.166      0.006  0.000e+00
      0.178    28.2126   5.686812    35.2899     2.0267     0.0200          0     20.250 338.423521  1022.5437      0.177      0.008  0.000e+00
      0.167    28.2136   5.686873    35.2896     2.0167     0.0261          0     20.500 338.423524  1022.5431      0.166      0.005  0.000e+00
      0.157    28.2146   5.687033    35.2900     2.0151     0.0170          0     20.750 338.423527  1022.5431      0.156     -0.001  0.000e+00
      0.157    28.2154   5.687162    35.2903     2.0226     0.0208          0     21.000 338.423530  1022.5430      0.156     -0.004  0.000e+00
      0.146    28.2163   5.687193    35.2898     2.0277    -0.0181          0     21.250 338.423533  1022.5423      0.145     -0.006  0.000e+00
      0.157    28.2167   5.687223    35.2898     2.0347    -0.0197          0     21.500 338.423536  1022.5421      0.156     -0.009  0.000e+00
      0.178    28.2172   5.687284    35.2898     2.0497    -0.0166          0     21.750 338.423539  1022.5421      0.177     -0.007  0.000e+00
      0.178    28.2172   5.687284    35.2898     2.0510    -0.0159          0     22.000 338.423542  1022.5421      0.177      0.001  0.000e+00
      0.146    28.2177   5.687322    35.2897     2.0469     0.0200          0     22.250 338.423545  1022.5418      0.145     -0.004  0.000e+00
      0.189    28.2181   5.687352    35.2896     2.0517     0.0147          0     22.500 338.423547  1022.5417      0.188      0.009  0.000e+00
      0.146    28.2184   5.687413    35.2898     2.0424     0.0047          0     22.750 338.423550  1022.5416      0.145      0.005  0.000e+00
      0.157    28.2186   5.687413    35.2897     2.0467     0.0116          0     23.000 338.423553  1022.5415      0.156      0.002  0.000e+00
      0.157    28.2185   5.687413    35.2898     2.0419    -0.0059          0     23.250 338.423556  1022.5416      0.156     -0.001  0.000e+00
      0.178    28.2191   5.687406    35.2893     2.0430     0.0017          0     23.500 338.423559  1022.5411      0.177     -0.001  0.000e+00
      0.178    28.2195   5.687352    35.2885     2.0476    -0.0029          0     23.750 338.423562  1022.5404      0.177     -0.001  0.000e+00
      0.167    28.2202   5.687322    35.2878     2.0465    -0.0021          0     24.000 338.423565  1022.5396      0.167      0.003  0.000e+00
      0.167    28.2208   5.687352    35.2876     2.0431     0.0124          0     24.250 338.423568  1022.5392      0.167      0.007  0.000e+00
      0.178    28.2213   5.687383    35.2874     2.0476     0.0040          0     24.500 338.423571  1022.5390      0.177      0.004  0.000e+00
      0.178    28.2222   5.687413    35.2870     2.0442     0.0047          0     24.750 338.423573  1022.5384      0.177      0.014  0.000e+00
      0.157    28.2227   5.687444    35.2868     2.0360    -0.0006          0     25.000 338.423576  1022.5380      0.156      0.004  0.000e+00
      0.167    28.2228   5.687413    35.2866     2.0375     0.0078          0     25.250 338.423579  1022.5378      0.167     -0.001  0.000e+00
      0.189    28.2229   5.687383    35.2863     2.0364     0.0109          0     25.500 338.423582  1022.5376      0.188      0.000  0.000e+00
      0.178    28.2228   5.687375    35.2863     2.0310     0.0131          0     25.750 338.423585  1022.5376      0.177      0.003  0.000e+00
      0.167    28.2225   5.687253    35.2857     2.0242     0.0047          0     26.000 338.423588  1022.5372      0.167      0.003  0.000e+00
      0.157    28.2224   5.687253    35.2857     2.0297     0.0116          0     26.250 338.423591  1022.5373      0.156     -0.003  0.000e+00
      0.157    28.2222   5.687284    35.2861     2.0284    -0.0067          0     26.500 338.423594  1022.5376      0.156     -0.008  0.000e+00
      0.178    28.2223   5.687284    35.2860     2.0296    -0.0059          0     26.750 338.423597  1022.5376      0.177     -0.003  0.000e+00
      0.178    28.2223   5.687322    35.2863     2.0204    -0.0097          0     27.000 338.423600  1022.5378      0.177      0.002  0.000e+00
      0.200    28.2224   5.687284    35.2859     2.0186    -0.0067          0     27.250 338.423602  1022.5376      0.199      0.006  0.000e+00
      0.189    28.2221   5.687223    35.2857     2.0158     0.0047          0     27.500 338.423605  1022.5375      0.188      0.007  0.000e+00
