ctd_mafia/cnv/SBE19plus_01906740_2018_12_07_0092.cnv
* Sea-Bird SBE19plus  Data File:
* FileName = C:\Users\all user\Desktop\Patroba _ WWF Mapping Mafia\SBE19plus_01906740_2018_12_07_0092.hex
* Software version 2.6.3.104
* Temperature SN = 6740
* Conductivity SN = 6740
* System UpLoad Time = Dec 07 2018 14:33:46
* <ApplicationData>
* <Seaterm232>
# nquan = 13
# nvalues = 423                                   
# units = specified
# name 0 = prdM: Pressure, Strain Gauge [db]
# name 1 = tv290C: Temperature [ITS-90, deg C]
# name 2 = c0S/m: Conductivity [S/m]
# name 3 = sal00: Salinity, Practical [PSU]
# name 4 = sbeox0ML/L: Oxygen, SBE 43 [ml/l]
# name 5 = flECO-AFL: Fluorescence, WET Labs ECO-AFL/FL [mg/m^3]
# name 6 = nbf: Bottles Fired
# name 7 = timeS: Time, Elapsed [seconds]
# name 8 = timeJ: Julian Days
# name 9 = density00: Density [density, kg/m^3]
# name 10 = depSM: Depth [salt water, m], lat = 0.00
# name 11 = dz/dtM: Descent Rate [m/s]
# name 12 = flag:  0.000e+00
# span 0 =     -1.401,      2.707                 
# span 1 =    28.0229,    28.7007                 
# span 2 =   0.696538,   5.735897                 
# span 3 =     3.5803,    35.3038                 
# span 4 =     1.7470,     2.9925                 
# span 5 =    -0.0502,    48.6833                 
# span 6 =          0,          0                 
# span 7 =      0.000,    105.500                 
# span 8 = 338.337581, 338.338802                 
# span 9 =   998.9047,  1022.4250                 
# span 10 =     -1.393,      2.692                
# span 11 =     -0.526,      0.244                
# span 12 = 0.0000e+00, 0.0000e+00                
# interval = seconds: 0.25
# start_time = Dec 04 2018 08:06:07 [Instrument's time stamp, header]
# bad_flag = -9.990e-29
*END*
     -1.218    28.0229   0.696538     3.5803     2.6592    -0.0235          0      0.000 338.337581   998.9047     -1.211      0.000  0.000e+00
     -1.175    28.2776   0.790051     4.0756     2.6084    -0.0227          0      0.250 338.337584   999.2006     -1.168      0.012  0.000e+00
     -1.110    28.4092   2.609272    14.8140     2.9925    -0.0250          0      0.500 338.337587  1007.1609     -1.104      0.038  0.000e+00
     -0.980    28.4874   5.710198    35.2485     2.7868    -0.0288          0      0.750 338.337590  1022.4170     -0.975      0.091  0.000e+00
     -0.915    28.5604   5.686866    35.0323     2.5248     0.0101          0      1.000 338.337593  1022.2307     -0.910      0.146  0.000e+00
     -0.894    28.6072   5.679298    34.9453     2.4239     0.0070          0      1.250 338.337595  1022.1498     -0.889      0.186  0.000e+00
     -0.861    28.6282   5.691168    35.0121     2.3274     0.0116          0      1.500 338.337598  1022.1932     -0.856      0.213  0.000e+00
     -0.785    28.6349   5.713338    35.1609     2.2615     0.0116          0      1.750 338.337601  1022.3031     -0.781      0.237  0.000e+00
     -0.742    28.6448   5.714933    35.1647     2.1672     0.9165          0      2.000 338.337604  1022.3029     -0.738      0.244  0.000e+00
     -0.710    28.6553   5.699938    35.0529     2.0831     0.9142          0      2.250 338.337607  1022.2156     -0.706      0.227  0.000e+00
     -0.688    28.6603   5.689537    34.9771     1.9998     0.9172          0      2.500 338.337610  1022.1571     -0.684      0.197  0.000e+00
     -0.677    28.6645   5.687755    34.9617     2.0537     0.9134          0      2.750 338.337613  1022.1441     -0.673      0.159  0.000e+00
     -0.655    28.6472   5.690078    34.9905     2.1483     0.1215          0      3.000 338.337616  1022.1716     -0.652      0.141  0.000e+00
     -0.591    28.6304   5.707030    35.1204     2.1734     0.1276          0      3.250 338.337619  1022.2751     -0.587      0.140  0.000e+00
     -0.547    28.6321   5.710813    35.1454     2.2046     0.1184          0      3.500 338.337622  1022.2935     -0.544      0.136  0.000e+00
     -0.472    28.6430   5.696455    35.0378     2.2191     0.1215          0      3.750 338.337624  1022.2093     -0.469      0.141  0.000e+00
     -0.439    28.6524   5.695023    35.0209     2.2502     0.1200          0      4.000 338.337627  1022.1936     -0.437      0.153  0.000e+00
     -0.385    28.6597   5.695564    35.0192     2.2612     0.1329          0      4.250 338.337630  1022.1902     -0.383      0.171  0.000e+00
     -0.353    28.6639   5.702172    35.0619     2.2678     0.1306          0      4.500 338.337633  1022.2210     -0.351      0.185  0.000e+00
     -0.309    28.6660   5.713811    35.1411     2.2717     0.1322          0      4.750 338.337636  1022.2800     -0.308      0.193  0.000e+00
     -0.277    28.6678   5.717177    35.1630     2.2719     0.1352          0      5.000 338.337639  1022.2960     -0.275      0.189  0.000e+00
     -0.234    28.6702   5.714597    35.1433     2.2711     0.1337          0      5.250 338.337642  1022.2806     -0.232      0.177  0.000e+00
     -0.212    28.6729   5.712819    35.1290     2.2641     0.1299          0      5.500 338.337645  1022.2690     -0.211      0.164  0.000e+00
     -0.201    28.6764   5.718428    35.1653     2.2691     0.1344          0      5.750 338.337648  1022.2952     -0.200      0.143  0.000e+00
     -0.180    28.6794   5.719581    35.1711     2.2707     0.1322          0      6.000 338.337650  1022.2987     -0.179      0.130  0.000e+00
     -0.158    28.6807   5.720093    35.1736     2.2752     0.1406          0      6.250 338.337653  1022.3002     -0.157      0.114  0.000e+00
     -0.147    28.6821   5.720062    35.1724     2.2844     0.1406          0      6.500 338.337656  1022.2988     -0.147      0.100  0.000e+00
     -0.169    28.6829   5.720115    35.1722     2.2864     0.1451          0      6.750 338.337659  1022.2983     -0.168      0.076  0.000e+00
     -0.147    28.6840   5.722688    35.1892     2.2936     0.1413          0      7.000 338.337662  1022.3108     -0.147      0.059  0.000e+00
     -0.201    28.6847   5.723399    35.1936     2.3030     0.1375          0      7.250 338.337665  1022.3137     -0.200      0.028  0.000e+00
     -0.180    28.6851   5.722406    35.1864     2.3056     0.1314          0      7.500 338.337668  1022.3083     -0.179      0.012  0.000e+00
     -0.169    28.6862   5.723269    35.1916     2.3094     0.1329          0      7.750 338.337671  1022.3118     -0.168      0.003  0.000e+00
     -0.158    28.6867   5.723330    35.1917     2.3115     0.1291          0      8.000 338.337674  1022.3117     -0.157     -0.003  0.000e+00
     -0.180    28.6867   5.722925    35.1889     2.3161     0.1367          0      8.250 338.337677  1022.3096     -0.179     -0.010  0.000e+00
     -0.169    28.6857   5.722658    35.1877     2.3235     0.1123          0      8.500 338.337679  1022.3091     -0.168     -0.007  0.000e+00
     -0.158    28.6842   5.722498    35.1877     2.3247     0.1070          0      8.750 338.337682  1022.3096     -0.157      0.003  0.000e+00
     -0.169    28.6826   5.722246    35.1872     2.3296     0.1108          0      9.000 338.337685  1022.3097     -0.168      0.004  0.000e+00
     -0.158    28.6818   5.722017    35.1862     2.3688     0.1070          0      9.250 338.337688  1022.3092     -0.157      0.014  0.000e+00
     -0.147    28.6821   5.722001    35.1858     2.4383     0.1245          0      9.500 338.337691  1022.3089     -0.146      0.011  0.000e+00
     -0.158    28.6822   5.722078    35.1863     2.4395     0.1238          0      9.750 338.337694  1022.3092     -0.157      0.008  0.000e+00
     -0.169    28.6816   5.721986    35.1861     2.4320     0.1207          0     10.000 338.337697  1022.3092     -0.168      0.004  0.000e+00
     -0.158    28.6810   5.722047    35.1870     2.4180     0.1245          0     10.250 338.337700  1022.3101     -0.157      0.007  0.000e+00
     -0.169    28.6807   5.721795    35.1854     2.3994     0.1009          0     10.500 338.337703  1022.3090     -0.168      0.000  0.000e+00
     -0.136    28.6806   5.721536    35.1837     2.3791     0.0948          0     10.750 338.337705  1022.3079     -0.136      0.004  0.000e+00
     -0.136    28.6807   5.721291    35.1819     2.3545     0.1039          0     11.000 338.337708  1022.3065     -0.136      0.010  0.000e+00
     -0.147    28.6811   5.720955    35.1793     2.3251     0.0963          0     11.250 338.337711  1022.3044     -0.146      0.008  0.000e+00
     -0.147    28.6818   5.721154    35.1802     2.3007     0.1230          0     11.500 338.337714  1022.3048     -0.146      0.008  0.000e+00
     -0.180    28.6825   5.721505    35.1821     2.2945     0.1238          0     11.750 338.337717  1022.3059     -0.179      0.002  0.000e+00
     -0.158    28.6832   5.721757    35.1833     2.2946     0.1245          0     12.000 338.337720  1022.3066     -0.157      0.001  0.000e+00
     -0.180    28.6834   5.721345    35.1803     2.2770     0.1238          0     12.250 338.337723  1022.3042     -0.179     -0.010  0.000e+00
     -0.169    28.6833   5.720329    35.1734     2.2690     0.1238          0     12.500 338.337726  1022.2991     -0.168     -0.014  0.000e+00
     -0.169    28.6833   5.719321    35.1664     2.2577     0.1390          0     12.750 338.337729  1022.2938     -0.168     -0.020  0.000e+00
     -0.147    28.6834   5.718680    35.1618     2.2459     0.1428          0     13.000 338.337731  1022.2905     -0.147     -0.010  0.000e+00
     -0.137    28.6832   5.718108    35.1580     2.2380     0.1444          0     13.250 338.337734  1022.2877     -0.136      0.004  0.000e+00
     -0.147    28.6831   5.717657    35.1550     2.2280     0.1413          0     13.500 338.337737  1022.2854     -0.147      0.011  0.000e+00
     -0.169    28.6829   5.717344    35.1530     2.2232     0.1474          0     13.750 338.337740  1022.2839     -0.168      0.012  0.000e+00
     -0.158    28.6826   5.716948    35.1504     2.2140     0.1512          0     14.000 338.337743  1022.2821     -0.157      0.007  0.000e+00
     -0.137    28.6827   5.716467    35.1470     2.2110     0.1436          0     14.250 338.337746  1022.2796     -0.136      0.014  0.000e+00
     -0.147    28.6825   5.716024    35.1441     2.2054     0.1406          0     14.500 338.337749  1022.2774     -0.146      0.009  0.000e+00
     -0.147    28.6820   5.715765    35.1427     2.1965     0.1200          0     14.750 338.337752  1022.2765     -0.146      0.005  0.000e+00
     -0.147    28.6808   5.714193    35.1327     2.1917     0.1276          0     15.000 338.337755  1022.2694     -0.146      0.000  0.000e+00
     -0.147    28.6798   5.703224    35.0574     2.1862     0.1177          0     15.250 338.337758  1022.2132     -0.146      0.001  0.000e+00
     -0.158    28.6786   5.702111    35.0506     2.1860     0.1268          0     15.500 338.337760  1022.2085     -0.157      0.002  0.000e+00
     -0.147    28.6775   5.709844    35.1050     2.1772     0.1482          0     15.750 338.337763  1022.2498     -0.146      0.004  0.000e+00
     -0.158    28.6756   5.713079    35.1288     2.1700     0.1459          0     16.000 338.337766  1022.2682     -0.157     -0.003  0.000e+00
     -0.147    28.6756   5.717238    35.1576     2.1667     0.1383          0     16.250 338.337769  1022.2899     -0.146     -0.006  0.000e+00
     -0.147    28.6767   5.718070    35.1626     2.1610     0.1375          0     16.500 338.337772  1022.2933     -0.146     -0.001  0.000e+00
     -0.115    28.6778   5.718650    35.1658     2.1550     0.1436          0     16.750 338.337775  1022.2955     -0.114      0.009  0.000e+00
     -0.147    28.6790   5.719528    35.1710     2.1468     0.1413          0     17.000 338.337778  1022.2989     -0.146      0.008  0.000e+00
     -0.158    28.6808   5.720512    35.1765     2.1413     0.1344          0     17.250 338.337781  1022.3023     -0.157      0.004  0.000e+00
     -0.126    28.6827   5.721085    35.1790     2.1376     0.1322          0     17.500 338.337784  1022.3037     -0.125      0.010  0.000e+00
     -0.136    28.6843   5.721665    35.1819     2.1291     0.1291          0     17.750 338.337786  1022.3053     -0.136      0.008  0.000e+00
     -0.158    28.6860   5.721887    35.1822     2.1238     0.1238          0     18.000 338.337789  1022.3049     -0.157      0.002  0.000e+00
     -0.147    28.6869   5.721986    35.1822     2.1182     0.1245          0     18.250 338.337792  1022.3046     -0.146     -0.004  0.000e+00
     -0.147    28.6872   5.721841    35.1810     2.1142     0.1215          0     18.500 338.337795  1022.3036     -0.146     -0.007  0.000e+00
     -0.158    28.6875   5.721757    35.1802     2.1089     0.1215          0     18.750 338.337798  1022.3029     -0.157     -0.012  0.000e+00
     -0.125    28.6878   5.721696    35.1795     2.1099     0.0971          0     19.000 338.337801  1022.3024     -0.125      0.002  0.000e+00
     -0.147    28.6883   5.721696    35.1792     2.1096     0.0948          0     19.250 338.337804  1022.3019     -0.146      0.001  0.000e+00
     -0.136    28.6882   5.721917    35.1808     2.1053     0.0940          0     19.500 338.337807  1022.3032     -0.136     -0.001  0.000e+00
     -0.158    28.6883   5.722123    35.1821     2.1021     0.1016          0     19.750 338.337810  1022.3041     -0.157      0.000  0.000e+00
     -0.147    28.6883   5.722276    35.1832     2.1030     0.1169          0     20.000 338.337812  1022.3049     -0.146      0.003  0.000e+00
     -0.147    28.6883   5.722307    35.1834     2.0979     0.1207          0     20.250 338.337815  1022.3051     -0.146     -0.001  0.000e+00
     -0.136    28.6882   5.722276    35.1832     2.0930     0.1154          0     20.500 338.337818  1022.3050     -0.136      0.001  0.000e+00
     -0.147    28.6882   5.722078    35.1819     2.0925     0.1207          0     20.750 338.337821  1022.3039     -0.146     -0.000  0.000e+00
     -0.147    28.6892   5.721887    35.1798     2.0929     0.1116          0     21.000 338.337824  1022.3021     -0.146     -0.005  0.000e+00
     -0.136    28.6907   5.721810    35.1782     2.0882     0.1489          0     21.250 338.337827  1022.3004     -0.136      0.003  0.000e+00
     -0.169    28.6921   5.721856    35.1775     2.0906     0.1375          0     21.500 338.337830  1022.2993     -0.168     -0.004  0.000e+00
     -0.147    28.6934   5.722047    35.1778     2.0893     0.1390          0     21.750 338.337833  1022.2991     -0.146     -0.001  0.000e+00
     -0.158    28.6949   5.722146    35.1774     2.0875     0.1421          0     22.000 338.337836  1022.2983     -0.157     -0.007  0.000e+00
     -0.147    28.6964   5.722207    35.1767     2.0866     0.1802          0     22.250 338.337839  1022.2973     -0.146     -0.006  0.000e+00
     -0.136    28.6975   5.722177    35.1757     2.0812     0.1818          0     22.500 338.337841  1022.2962     -0.136     -0.002  0.000e+00
     -0.147    28.6979   5.721871    35.1732     2.0796     0.1772          0     22.750 338.337844  1022.2942     -0.146      0.001  0.000e+00
     -0.147    28.6986   5.721665    35.1713     2.0747     0.1726          0     23.000 338.337847  1022.2925     -0.146      0.002  0.000e+00
     -0.158    28.6992   5.721726    35.1713     2.0772     0.1283          0     23.250 338.337850  1022.2923     -0.157     -0.000  0.000e+00
     -0.136    28.7002   5.721886    35.1717     2.0767     0.1245          0     23.500 338.337853  1022.2923     -0.136      0.008  0.000e+00
     -0.136    28.7006   5.721566    35.1691     2.0722     0.1291          0     23.750 338.337856  1022.2903     -0.136      0.005  0.000e+00
     -0.158    28.7007   5.721039    35.1654     2.0725     0.1184          0     24.000 338.337859  1022.2874     -0.157      0.001  0.000e+00
     -0.136    28.7001   5.720153    35.1597     2.0703     0.1421          0     24.250 338.337862  1022.2834     -0.136      0.001  0.000e+00
     -0.147    28.6993   5.719611    35.1566     2.0673     0.1467          0     24.500 338.337865  1022.2812     -0.146     -0.001  0.000e+00
     -0.158    28.6982   5.719069    35.1536     2.0623     0.1390          0     24.750 338.337867  1022.2793     -0.157     -0.001  0.000e+00
     -0.147    28.6974   5.718428    35.1498     2.0617     0.1398          0     25.000 338.337870  1022.2768     -0.146     -0.001  0.000e+00
     -0.136    28.6968   5.718008    35.1473     2.0656     0.1459          0     25.250 338.337873  1022.2751     -0.136      0.001  0.000e+00
     -0.147    28.6967   5.717955    35.1470     2.0585     0.1818          0     25.500 338.337876  1022.2749     -0.146     -0.003  0.000e+00
     -0.136    28.6966   5.718039    35.1476     2.0565     0.1787          0     25.750 338.337879  1022.2755     -0.136      0.002  0.000e+00
     -0.147    28.6963   5.718230    35.1492     2.0558     0.1718          0     26.000 338.337882  1022.2767     -0.146      0.004  0.000e+00
     -0.158    28.6963   5.718390    35.1503     2.0518     0.1833          0     26.250 338.337885  1022.2775     -0.157     -0.003  0.000e+00
     -0.147    28.6960   5.718588    35.1519     2.0489     0.1138          0     26.500 338.337888  1022.2788     -0.146     -0.000  0.000e+00
     -0.180    28.6959   5.718749    35.1531     2.0480     0.1093          0     26.750 338.337891  1022.2796     -0.179     -0.009  0.000e+00
     -0.136    28.6958   5.716383    35.1368     2.0435     0.1024          0     27.000 338.337894  1022.2676     -0.136     -0.007  0.000e+00
     -0.136    28.6952   5.712468    35.1101     2.0398     0.1077          0     27.250 338.337896  1022.2477     -0.136     -0.004  0.000e+00
     -0.147    28.6932   5.710835    35.1002     2.0409     0.1108          0     27.500 338.337899  1022.2409     -0.146      0.000  0.000e+00
