ctd_mafia/cnv/SBE19plus_01906740_2018_12_07_0094.cnv
* Sea-Bird SBE19plus  Data File:
* FileName = C:\Users\all user\Desktop\Patroba _ WWF Mapping Mafia\SBE19plus_01906740_2018_12_07_0094.hex
* Software version 2.6.3.104
* Temperature SN = 6740
* Conductivity SN = 6740
* System UpLoad Time = Dec 07 2018 14:34:08
* <ApplicationData>
* <Seaterm232>
# nquan = 13
# nvalues = 560                                   
# units = specified
# name 0 = prdM: Pressure, Strain Gauge [db]
# name 1 = tv290C: Temperature [ITS-90, deg C]
# name 2 = c0S/m: Conductivity [S/m]
# name 3 = sal00: Salinity, Practical [PSU]
# name 4 = sbeox0ML/L: Oxygen, SBE 43 [ml/l]
# name 5 = flECO-AFL: Fluorescence, WET Labs ECO-AFL/FL [mg/m^3]
# name 6 = nbf: Bottles Fired
# name 7 = timeS: Time, Elapsed [seconds]
# name 8 = timeJ: Julian Days
# name 9 = density00: Density [density, kg/m^3]
# name 10 = depSM: Depth [salt water, m], lat = 0.00
# name 11 = dz/dtM: Descent Rate [m/s]
# name 12 = flag:  0.000e+00
# span 0 =     -1.368,     10.471                 
# span 1 =    27.8392,    28.4064                 
# span 2 =   0.230222,   5.700918                 
# span 3 =     1.1102,    35.2614                 
# span 4 =     1.6961,     2.8335                 
# span 5 =    -0.3744,    48.6818                 
# span 6 =          0,          0                 
# span 7 =      0.000,    139.750                 
# span 8 = 338.351053, 338.352671                 
# span 9 =   997.1021,  1022.5117                 
# span 10 =     -1.361,     10.413                
# span 11 =     -1.133,      0.306                
# span 12 = 0.0000e+00, 0.0000e+00                
# interval = seconds: 0.25
# start_time = Dec 04 2018 08:25:31 [Instrument's time stamp, header]
# bad_flag = -9.990e-29
*END*
[from data line 223]
      2.611    28.3487   5.679304    35.1354     1.7433     0.1413          0     55.750 338.351698  1022.3931      2.597      0.183  0.000e+00
      2.622    28.3492   5.679365    35.1354     1.7453     0.1467          0     56.000 338.351701  1022.3931      2.608      0.179  0.000e+00
      2.676    28.3497   5.679114    35.1333     1.7407     0.1680          0     56.250 338.351704  1022.3915      2.662      0.177  0.000e+00
      2.730    28.3500   5.678734    35.1304     1.7361     0.1520          0     56.500 338.351707  1022.3895      2.715      0.180  0.000e+00
      2.774    28.3495   5.678193    35.1270     1.7363     0.1604          0     56.750 338.351710  1022.3873      2.758      0.177  0.000e+00
      2.806    28.3490   5.678353    35.1285     1.7369     0.1581          0     57.000 338.351713  1022.3887      2.791      0.169  0.000e+00
      2.839    28.3485   5.677653    35.1239     1.7359     0.1459          0     57.250 338.351716  1022.3856      2.823      0.157  0.000e+00
      2.882    28.3477   5.676763    35.1183     1.7314     0.1413          0     57.500 338.351719  1022.3818      2.866      0.160  0.000e+00
      2.893    28.3467   5.676223    35.1153     1.7306     0.1360          0     57.750 338.351722  1022.3800      2.877      0.154  0.000e+00
      2.947    28.3454   5.675492    35.1112     1.7265     0.1367          0     58.000 338.351725  1022.3775      2.930      0.154  0.000e+00
      2.968    28.3441   5.675043    35.1090     1.7261     0.1360          0     58.250 338.351727  1022.3763      2.952      0.142  0.000e+00
      2.979    28.3429   5.674823    35.1083     1.7271     0.1406          0     58.500 338.351730  1022.3763      2.963      0.128  0.000e+00
      3.022    28.3417   5.675523    35.1141     1.7253     0.1276          0     58.750 338.351733  1022.3813      3.006      0.123  0.000e+00
      3.087    28.3407   5.675774    35.1166     1.7226     0.1406          0     59.000 338.351736  1022.3837      3.070      0.130  0.000e+00
      3.109    28.3398   5.675812    35.1175     1.7199     0.1375          0     59.250 338.351739  1022.3848      3.092      0.133  0.000e+00
      3.163    28.3389   5.675523    35.1161     1.7156     0.1337          0     59.500 338.351742  1022.3843      3.146      0.141  0.000e+00
      3.195    28.3378   5.675112    35.1140     1.7129     0.1352          0     59.750 338.351745  1022.3832      3.178      0.150  0.000e+00
      3.217    28.3370   5.674443    35.1100     1.7040     0.1276          0     60.000 338.351748  1022.3806      3.199      0.148  0.000e+00
      3.228    28.3363   5.674062    35.1079     1.7014     0.1390          0     60.250 338.351751  1022.3792      3.210      0.145  0.000e+00
      3.293    28.3356   5.673461    35.1042     1.7045     0.1390          0     60.500 338.351753  1022.3769      3.275      0.148  0.000e+00
      3.314    28.3356   5.673172    35.1022     1.7000     0.1367          0     60.750 338.351756  1022.3755      3.296      0.138  0.000e+00
      3.368    28.3353   5.673172    35.1024     1.7041     0.1474          0     61.000 338.351759  1022.3760      3.350      0.135  0.000e+00
      3.379    28.3348   5.672762    35.0999     1.7026     0.1390          0     61.250 338.351762  1022.3743      3.360      0.134  0.000e+00
      3.466    28.3344   5.672511    35.0984     1.6994     0.1390          0     61.500 338.351765  1022.3737      3.446      0.143  0.000e+00
      3.487    28.3330   5.672320    35.0981     1.7015     0.1375          0     61.750 338.351768  1022.3740      3.468      0.153  0.000e+00
      3.520    28.3316   5.672191    35.0982     1.6974     0.1520          0     62.000 338.351771  1022.3748      3.500      0.160  0.000e+00
      3.552    28.3288   5.672031    35.0992     1.6961     0.1474          0     62.250 338.351774  1022.3765      3.532      0.161  0.000e+00
      3.617    28.3250   5.672572    35.1057     1.7015     0.1276          0     62.500 338.351777  1022.3830      3.597      0.161  0.000e+00
      3.682    28.3216   5.673553    35.1151     1.6980     0.1245          0     62.750 338.351780  1022.3914      3.662      0.174  0.000e+00
      3.703    28.3193   5.690011    35.2316     1.7011     0.1192          0     63.000 338.351782  1022.4799      3.683      0.174  0.000e+00
      3.747    28.3261   5.695001    35.2614     1.6987     0.1230          0     63.250 338.351785  1022.5002      3.726      0.178  0.000e+00
      3.822    28.3391   5.695473    35.2549     1.6981     0.1253          0     63.500 338.351788  1022.4914      3.801      0.180  0.000e+00
      3.833    28.3484   5.695732    35.2498     1.6972     0.1406          0     63.750 338.351791  1022.4845      3.812      0.185  0.000e+00
      3.876    28.3538   5.695671    35.2453     1.7060     0.1497          0     64.000 338.351794  1022.4795      3.855      0.183  0.000e+00
      3.909    28.3563   5.695572    35.2428     1.7088     0.1398          0     64.250 338.351797  1022.4770      3.887      0.175  0.000e+00
      3.963    28.3572   5.695572    35.2421     1.7120     0.1451          0     64.500 338.351800  1022.4764      3.941      0.167  0.000e+00
      3.963    28.3574   5.695572    35.2420     1.7242     0.1459          0     64.750 338.351803  1022.4762      3.941      0.152  0.000e+00
      3.985    28.3574   5.695587    35.2421     1.7401     0.1383          0     65.000 338.351806  1022.4764      3.963      0.142  0.000e+00
      4.028    28.3570   5.695572    35.2423     1.7552     0.1390          0     65.250 338.351808  1022.4768      4.006      0.131  0.000e+00
      4.050    28.3569   5.695602    35.2426     1.7670     0.1375          0     65.500 338.351811  1022.4772      4.027      0.118  0.000e+00
      4.071    28.3570   5.695671    35.2430     1.7886     0.1375          0     65.750 338.351814  1022.4775      4.049      0.115  0.000e+00
      4.104    28.3572   5.695762    35.2434     1.8013     0.1436          0     66.000 338.351817  1022.4780      4.081      0.109  0.000e+00
      4.125    28.3575   5.695793    35.2434     1.8181     0.1406          0     66.250 338.351820  1022.4780      4.102      0.105  0.000e+00
      4.125    28.3577   5.695823    35.2435     1.8409     0.1489          0     66.500 338.351823  1022.4779      4.102      0.094  0.000e+00
      4.158    28.3579   5.695922    35.2439     1.8522     0.1421          0     66.750 338.351826  1022.4783      4.135      0.097  0.000e+00
      4.158    28.3586   5.696105    35.2447     1.8729     0.1489          0     67.000 338.351829  1022.4787      4.135      0.086  0.000e+00
      4.136    28.3592   5.696212    35.2450     1.8893     0.1413          0     67.250 338.351832  1022.4786      4.113      0.063  0.000e+00
      4.168    28.3601   5.696273    35.2448     1.8981     0.1390          0     67.500 338.351834  1022.4783      4.145      0.054  0.000e+00
      4.179    28.3607   5.696174    35.2437     1.9142     0.1360          0     67.750 338.351837  1022.4773      4.156      0.045  0.000e+00
      4.233    28.3605   5.695793    35.2411     1.9236     0.1451          0     68.000 338.351840  1022.4757      4.210      0.050  0.000e+00
      4.309    28.3593   5.695732    35.2416     1.9342     0.1421          0     68.250 338.351843  1022.4767      4.285      0.074  0.000e+00
      4.352    28.3577   5.695701    35.2426     1.9413     0.1398          0     68.500 338.351846  1022.4782      4.328      0.104  0.000e+00
      4.406    28.3569   5.695602    35.2424     1.9533     0.1459          0     68.750 338.351849  1022.4786      4.382      0.133  0.000e+00
      4.428    28.3562   5.695618    35.2431     1.9629     0.1406          0     69.000 338.351852  1022.4794      4.403      0.159  0.000e+00
      4.482    28.3558   5.695671    35.2437     1.9728     0.1489          0     69.250 338.351855  1022.4803      4.457      0.182  0.000e+00
      4.536    28.3558   5.695701    35.2439     1.9817     0.1375          0     69.500 338.351858  1022.4806      4.511      0.191  0.000e+00
      4.590    28.3557   5.695671    35.2437     1.9850     0.1421          0     69.750 338.351861  1022.4808      4.565      0.198  0.000e+00
      4.601    28.3556   5.695633    35.2436     1.9919     0.1215          0     70.000 338.351863  1022.4807      4.575      0.184  0.000e+00
      4.655    28.3555   5.695633    35.2436     1.9964     0.1276          0     70.250 338.351866  1022.4810      4.629      0.174  0.000e+00
      4.709    28.3554   5.695602    35.2435     2.0010     0.1169          0     70.500 338.351869  1022.4812      4.683      0.175  0.000e+00
      4.720    28.3551   5.695602    35.2437     2.0079     0.1192          0     70.750 338.351872  1022.4815      4.694      0.167  0.000e+00
      4.730    28.3548   5.695526    35.2434     2.0040     0.1291          0     71.000 338.351875  1022.4814      4.704      0.156  0.000e+00
      4.774    28.3544   5.695382    35.2426     2.0135     0.1322          0     71.250 338.351878  1022.4811      4.747      0.141  0.000e+00
      4.795    28.3537   5.695382    35.2431     2.0232     0.1451          0     71.500 338.351881  1022.4818      4.769      0.128  0.000e+00
      4.828    28.3530   5.695351    35.2434     2.0264     0.1383          0     71.750 338.351884  1022.4824      4.801      0.120  0.000e+00
      4.893    28.3524   5.695351    35.2439     2.0349     0.1406          0     72.000 338.351887  1022.4833      4.866      0.128  0.000e+00
      4.914    28.3522   5.695313    35.2438     2.0399     0.1093          0     72.250 338.351889  1022.4834      4.887      0.125  0.000e+00
      4.968    28.3517   5.695283    35.2439     2.0482     0.1177          0     72.500 338.351892  1022.4839      4.941      0.133  0.000e+00
      5.012    28.3519   5.695351    35.2442     2.0456     0.1138          0     72.750 338.351895  1022.4842      4.984      0.151  0.000e+00
      5.066    28.3516   5.695374    35.2446     2.0501     0.1100          0     73.000 338.351898  1022.4848      5.038      0.166  0.000e+00
      5.098    28.3518   5.695382    35.2445     2.0555     0.1360          0     73.250 338.351901  1022.4848      5.070      0.170  0.000e+00
      5.163    28.3516   5.695382    35.2446     2.0558     0.1367          0     73.500 338.351904  1022.4853      5.135      0.182  0.000e+00
      5.185    28.3518   5.695412    35.2447     2.0597     0.1406          0     73.750 338.351907  1022.4853      5.156      0.180  0.000e+00
      5.250    28.3520   5.695351    35.2441     2.0596     0.1375          0     74.000 338.351910  1022.4851      5.221      0.181  0.000e+00
      5.314    28.3519   5.695313    35.2439     2.0701     0.1436          0     74.250 338.351913  1022.4852      5.285      0.192  0.000e+00
      5.368    28.3515   5.695191    35.2433     2.0758     0.1489          0     74.500 338.351916  1022.4852      5.339      0.198  0.000e+00
      5.401    28.3509   5.695161    35.2435     2.0741     0.1482          0     74.750 338.351918  1022.4857      5.371      0.199  0.000e+00
      5.422    28.3503   5.695092    35.2435     2.0774     0.1383          0     75.000 338.351921  1022.4859      5.393      0.192  0.000e+00
      5.466    28.3495   5.695001    35.2434     2.0726     0.1436          0     75.250 338.351924  1022.4863      5.436      0.187  0.000e+00
      5.498    28.3490   5.695001    35.2438     2.0730     0.1093          0     75.500 338.351927  1022.4869      5.468      0.174  0.000e+00
      5.541    28.3486   5.695032    35.2443     2.0766     0.1032          0     75.750 338.351930  1022.4876      5.511      0.169  0.000e+00
      5.585    28.3485   5.695001    35.2441     2.0788     0.1032          0     76.000 338.351933  1022.4877      5.554      0.156  0.000e+00
      5.628    28.3483   5.694963    35.2440     2.0803     0.1085          0     76.250 338.351936  1022.4878      5.597      0.151  0.000e+00
      5.682    28.3482   5.694963    35.2440     2.0858     0.0818          0     76.500 338.351939  1022.4881      5.651      0.156  0.000e+00
      5.736    28.3482   5.695001    35.2443     2.0925     0.0910          0     76.750 338.351942  1022.4886      5.704      0.169  0.000e+00
      5.747    28.3479   5.695001    35.2445     2.0924     0.0879          0     77.000 338.351944  1022.4889      5.715      0.171  0.000e+00
      5.790    28.3480   5.695001    35.2444     2.0965     0.0849          0     77.250 338.351947  1022.4889      5.758      0.169  0.000e+00
      5.844    28.3479   5.695001    35.2445     2.0958     0.1230          0     77.500 338.351950  1022.4893      5.812      0.171  0.000e+00
      5.920    28.3482   5.695001    35.2442     2.0907     0.1230          0     77.750 338.351953  1022.4893      5.887      0.179  0.000e+00
      5.952    28.3481   5.695001    35.2443     2.0911     0.1215          0     78.000 338.351956  1022.4895      5.919      0.182  0.000e+00
      5.995    28.3481   5.694963    35.2440     2.0951     0.1261          0     78.250 338.351959  1022.4895      5.962      0.183  0.000e+00
      6.060    28.3477   5.694963    35.2443     2.0991     0.1009          0     78.500 338.351962  1022.4901      6.027      0.189  0.000e+00
      6.082    28.3477   5.694963    35.2443     2.1121     0.0986          0     78.750 338.351965  1022.4902      6.048      0.190  0.000e+00
      6.147    28.3475   5.694963    35.2444     2.1080     0.1077          0     79.000 338.351968  1022.4906      6.113      0.199  0.000e+00
      6.168    28.3475   5.694940    35.2443     2.1094     0.1100          0     79.250 338.351970  1022.4906      6.134      0.190  0.000e+00
      6.212    28.3472   5.694933    35.2445     2.1106     0.1077          0     79.500 338.351973  1022.4911      6.177      0.179  0.000e+00
      6.212    28.3474   5.694933    35.2443     2.1135     0.1459          0     79.750 338.351976  1022.4909      6.177      0.159  0.000e+00
      6.244    28.3472   5.694933    35.2445     2.1137     0.1406          0     80.000 338.351979  1022.4912      6.210      0.147  0.000e+00
      6.298    28.3474   5.694963    35.2445     2.1096     0.1474          0     80.250 338.351982  1022.4914      6.263      0.139  0.000e+00
      6.352    28.3472   5.694872    35.2440     2.1085     0.1444          0     80.500 338.351985  1022.4913      6.317      0.137  0.000e+00
      6.374    28.3469   5.694872    35.2442     2.1086     0.1413          0     80.750 338.351988  1022.4917      6.339      0.138  0.000e+00
      6.439    28.3468   5.694872    35.2443     2.1065     0.1375          0     81.000 338.351991  1022.4920      6.403      0.143  0.000e+00
      6.503    28.3466   5.694819    35.2440     2.1109     0.1390          0     81.250 338.351994  1022.4922      6.468      0.164  0.000e+00
      6.568    28.3462   5.694811    35.2443     2.1113     0.1512          0     81.500 338.351997  1022.4928      6.532      0.184  0.000e+00
      6.590    28.3460   5.694811    35.2444     2.1056     0.1276          0     81.750 338.351999  1022.4930      6.554      0.199  0.000e+00
      6.666    28.3457   5.694743    35.2441     2.1127     0.1261          0     82.000 338.352002  1022.4932      6.629      0.208  0.000e+00
      6.730    28.3453   5.694522    35.2428     2.1146     0.1230          0     82.250 338.352005  1022.4927      6.693      0.215  0.000e+00
      6.741    28.3444   5.694423    35.2428     2.1157     0.1161          0     82.500 338.352008  1022.4930      6.704      0.211  0.000e+00
      6.774    28.3431   5.694362    35.2433     2.1172     0.1161          0     82.750 338.352011  1022.4939      6.736      0.204  0.000e+00
      6.817    28.3424   5.694453    35.2445     2.1214     0.1001          0     83.000 338.352014  1022.4953      6.779      0.187  0.000e+00
