ctd_mafia/cnv/SBE19plus_01906740_2018_12_07_0078.cnv
* Sea-Bird SBE19plus  Data File:
* FileName = C:\Users\all user\Desktop\Patroba _ WWF Mapping Mafia\SBE19plus_01906740_2018_12_07_0078.hex
* Software version 2.6.3.104
* Temperature SN = 6740
* Conductivity SN = 6740
* System UpLoad Time = Dec 07 2018 14:30:50
* <ApplicationData>
* <Seaterm232>
# nquan = 13
# nvalues = 809                                   
# units = specified
# name 0 = prdM: Pressure, Strain Gauge [db]
# name 1 = tv290C: Temperature [ITS-90, deg C]
# name 2 = c0S/m: Conductivity [S/m]
# name 3 = sal00: Salinity, Practical [PSU]
# name 4 = sbeox0ML/L: Oxygen, SBE 43 [ml/l]
# name 5 = flECO-AFL: Fluorescence, WET Labs ECO-AFL/FL [mg/m^3]
# name 6 = nbf: Bottles Fired
# name 7 = timeS: Time, Elapsed [seconds]
# name 8 = timeJ: Julian Days
# name 9 = density00: Density [density, kg/m^3]
# name 10 = depSM: Depth [salt water, m], lat = 0.00
# name 11 = dz/dtM: Descent Rate [m/s]
# name 12 = flag:  0.000e+00
# span 0 =     -1.374,     14.443                 
# span 1 =    27.7772,    28.7663                 
# span 2 =   0.399537,   5.691876                 
# span 3 =     1.9755,    35.2796                 
# span 4 =     1.9519,     3.3615                 
# span 5 =    -0.4637,    48.6864                 
# span 6 =          0,          0                 
# span 7 =      0.000,    202.000                 
# span 8 = 337.361817, 337.364155                 
# span 9 =   997.6671,  1022.5389                 
# span 10 =     -1.366,     14.363                
# span 11 =     -1.222,      0.241                
# span 12 = 0.0000e+00, 0.0000e+00                
# interval = seconds: 0.25
# start_time = Dec 03 2018 08:41:01 [Instrument's time stamp, header]
# bad_flag = -9.990e-29
*END*
[from data line 112]
     -0.022    28.2852   5.684450    35.2193     2.0380     0.0192          0     28.000 337.362141  1022.4659     -0.022     -0.025  0.000e+00
      0.065    28.2857   5.684229    35.2174     2.0398     0.0292          0     28.250 337.362144  1022.4646      0.064     -0.009  0.000e+00
      0.086    28.2823   5.686491    35.2357     2.0356     0.0078          0     28.500 337.362147  1022.4796      0.086      0.014  0.000e+00
      0.086    28.2789   5.690436    35.2658     2.0335     0.0101          0     28.750 337.362150  1022.5034      0.086      0.038  0.000e+00
     -0.022    28.2864   5.690946    35.2638     2.0325     0.0047          0     29.000 337.362153  1022.4989     -0.022      0.032  0.000e+00
     -0.054    28.2978   5.687001    35.2278     2.0314     0.0032          0     29.250 337.362156  1022.4680     -0.054      0.027  0.000e+00
     -0.076    28.3047   5.684587    35.2057     2.0323     0.0032          0     29.500 337.362159  1022.4490     -0.075      0.004  0.000e+00
     -0.033    28.3057   5.683787    35.1994     2.0322     0.0376          0     29.750 337.362161  1022.4441     -0.032     -0.017  0.000e+00
     -0.000    28.3026   5.683947    35.2029     2.0322     0.0360          0     30.000 337.362164  1022.4479     -0.000     -0.045  0.000e+00
      0.043    28.2977   5.684419    35.2098     2.0327     0.0353          0     30.250 337.362167  1022.4549      0.043     -0.043  0.000e+00
      0.054    28.2936   5.686232    35.2255     2.0354     0.0406          0     30.500 337.362170  1022.4681      0.054     -0.013  0.000e+00
      0.065    28.2910   5.688912    35.2461     2.0343     0.0070          0     30.750 337.362173  1022.4845      0.064      0.027  0.000e+00
      0.065    28.2885   5.690314    35.2578     2.0343     0.0147          0     31.000 337.362176  1022.4941      0.064      0.069  0.000e+00
      0.043    28.2944   5.689803    35.2498     2.0371     0.0063          0     31.250 337.362179  1022.4860      0.043      0.071  0.000e+00
      0.011    28.3020   5.686810    35.2233     2.0358    -0.0029          0     31.500 337.362182  1022.4635      0.011      0.048  0.000e+00
     -0.000    28.3021   5.684769    35.2090     2.0344     0.0086          0     31.750 337.362185  1022.4526     -0.000      0.012  0.000e+00
     -0.033    28.2988   5.684039    35.2063     2.0342     0.0124          0     32.000 337.362188  1022.4516     -0.032     -0.024  0.000e+00
     -0.000    28.2952   5.683338    35.2041     2.0334     0.0147          0     32.250 337.362190  1022.4512     -0.000     -0.041  0.000e+00
      0.076    28.2921   5.683057    35.2044     2.0272     0.0131          0     32.500 337.362193  1022.4528      0.075     -0.023  0.000e+00
      0.140    28.2894   5.683278    35.2079     2.0299     0.0040          0     32.750 337.362196  1022.4566      0.140      0.014  0.000e+00
      0.162    28.2870   5.686902    35.2350     2.0256     0.0047          0     33.000 337.362199  1022.4779      0.161      0.054  0.000e+00
      0.119    28.2849   5.691876    35.2713     2.0204     0.0055          0     33.250 337.362202  1022.5057      0.118      0.076  0.000e+00
      0.022    28.2823   5.690124    35.2611     2.0178     0.0025          0     33.500 337.362205  1022.4984      0.021      0.062  0.000e+00
     -0.043    28.2834   5.686331    35.2338     2.0135     0.0032          0     33.750 337.362208  1022.4773     -0.043      0.021  0.000e+00
     -0.022    28.2818   5.684838    35.2246     2.0074     0.0185          0     34.000 337.362211  1022.4709     -0.022     -0.014  0.000e+00
      0.022    28.2798   5.683483    35.2166     2.0071     0.0269          0     34.250 337.362214  1022.4658      0.021     -0.048  0.000e+00
      0.097    28.2782   5.683910    35.2207     2.0029     0.0360          0     34.500 337.362216  1022.4698      0.097     -0.053  0.000e+00
      0.086    28.2771   5.686552    35.2400     1.9940     0.0208          0     34.750 337.362219  1022.4846      0.086     -0.043  0.000e+00
      0.065    28.2765   5.688562    35.2545     1.9927     0.0154          0     35.000 337.362222  1022.4956      0.064     -0.018  0.000e+00
      0.022    28.2755   5.687351    35.2468     1.9902     0.0215          0     35.250 337.362225  1022.4899      0.021      0.008  0.000e+00
     -0.011    28.2739   5.684899    35.2309     1.9885     0.0246          0     35.500 337.362228  1022.4784     -0.011      0.020  0.000e+00
      0.011    28.2728   5.683818    35.2241     1.9926     0.0315          0     35.750 337.362231  1022.4737      0.011      0.014  0.000e+00
      0.054    28.2726   5.683179    35.2198     1.9891     0.0276          0     36.000 337.362234  1022.4707      0.054     -0.001  0.000e+00
      0.065    28.2726   5.682577    35.2156     1.9916     0.0246          0     36.250 337.362237  1022.4676      0.064     -0.012  0.000e+00
      0.130    28.2728   5.683339    35.2207     1.9979     0.0276          0     36.500 337.362240  1022.4717      0.129      0.002  0.000e+00
      0.130    28.2728   5.686087    35.2399     1.9981     0.0177          0     36.750 337.362242  1022.4861      0.129      0.035  0.000e+00
      0.076    28.2723   5.688593    35.2578     1.9968    -0.0014          0     37.000 337.362245  1022.4995      0.075      0.047  0.000e+00
      0.022    28.2704   5.688113    35.2560     1.9934     0.0047          0     37.250 337.362248  1022.4985      0.021      0.038  0.000e+00
     -0.011    28.2688   5.685379    35.2380     1.9942     0.0093          0     37.500 337.362251  1022.4854     -0.011      0.009  0.000e+00
     -0.033    28.2683   5.683719    35.2268     1.9918     0.0086          0     37.750 337.362254  1022.4770     -0.032     -0.034  0.000e+00
      0.065    28.2683   5.682897    35.2210     1.9929     0.0009          0     38.000 337.362257  1022.4731      0.064     -0.043  0.000e+00
      0.140    28.2677   5.682288    35.2172     1.9914     0.0261          0     38.250 337.362260  1022.4707      0.140     -0.020  0.000e+00
      0.162    28.2677   5.683248    35.2239     1.9919     0.0208          0     38.500 337.362263  1022.4759      0.161      0.006  0.000e+00
      0.141    28.2673   5.685440    35.2395     1.9930     0.0345          0     38.750 337.362266  1022.4876      0.140      0.041  0.000e+00
      0.097    28.2668   5.686811    35.2495     1.9933     0.0307          0     39.000 337.362269  1022.4951      0.097      0.064  0.000e+00
      0.043    28.2664   5.686057    35.2446     1.9913     0.0292          0     39.250 337.362271  1022.4914      0.043      0.057  0.000e+00
      0.011    28.2645   5.683529    35.2283     1.9910     0.0292          0     39.500 337.362274  1022.4796      0.011      0.025  0.000e+00
      0.032    28.2631   5.682227    35.2202     1.9921     0.0215          0     39.750 337.362277  1022.4741      0.032     -0.011  0.000e+00
      0.086    28.2629   5.681717    35.2168     1.9907     0.0246          0     40.000 337.362280  1022.4718      0.086     -0.042  0.000e+00
      0.173    28.2643   5.682479    35.2211     1.9821     0.0139          0     40.250 337.362283  1022.4749      0.172     -0.027  0.000e+00
      0.195    28.2655   5.687123    35.2526     1.9799     0.0063          0     40.500 337.362286  1022.4984      0.194      0.013  0.000e+00
      0.130    28.2666   5.691106    35.2796     1.9753     0.0116          0     40.750 337.362289  1022.5180      0.129      0.039  0.000e+00
      0.065    28.2674   5.689134    35.2653     1.9736     0.0063          0     41.000 337.362292  1022.5067      0.065      0.043  0.000e+00
      0.011    28.2731   5.685311    35.2343     1.9703     0.0154          0     41.250 337.362295  1022.4813      0.011      0.022  0.000e+00
     -0.000    28.2733   5.684191    35.2264     1.9648     0.0170          0     41.500 337.362297  1022.4752     -0.000     -0.013  0.000e+00
      0.022    28.2716   5.683179    35.2205     1.9736     0.0025          0     41.750 337.362300  1022.4715      0.021     -0.050  0.000e+00
      0.108    28.2706   5.682517    35.2167     1.9733     0.0101          0     42.000 337.362303  1022.4693      0.108     -0.058  0.000e+00
      0.173    28.2699   5.682608    35.2178     1.9730     0.0078          0     42.250 337.362306  1022.4706      0.172     -0.036  0.000e+00
      0.195    28.2694   5.685410    35.2377     1.9699     0.0162          0     42.500 337.362309  1022.4859      0.194      0.015  0.000e+00
      0.184    28.2687   5.689644    35.2678     1.9688     0.0124          0     42.750 337.362312  1022.5087      0.183      0.069  0.000e+00
      0.119    28.2675   5.689865    35.2703     1.9699     0.0307          0     43.000 337.362315  1022.5106      0.118      0.085  0.000e+00
      0.076    28.2710   5.685729    35.2388     1.9696     0.0147          0     43.250 337.362318  1022.4856      0.075      0.068  0.000e+00
      0.054    28.2740   5.684138    35.2255     1.9689     0.0475          0     43.500 337.362321  1022.4745      0.054      0.027  0.000e+00
      0.108    28.2726   5.682958    35.2182     1.9643     0.0604          0     43.750 337.362323  1022.4698      0.108     -0.006  0.000e+00
      0.227    28.2710   5.682722    35.2178     1.9638     0.0406          0     44.000 337.362326  1022.4705      0.226     -0.007  0.000e+00
      0.335    28.2699   5.682897    35.2198     1.9669     0.0559          0     44.250 337.362329  1022.4728      0.333      0.035  0.000e+00
      0.422    28.2699   5.684390    35.2302     1.9651     0.0299          0     44.500 337.362332  1022.4810      0.419      0.107  0.000e+00
      0.443    28.2695   5.688372    35.2583     1.9585     0.0315          0     44.750 337.362335  1022.5024      0.441      0.176  0.000e+00
      0.422    28.2696   5.689423    35.2656     1.9662     0.0376          0     45.000 337.362338  1022.5077      0.419      0.218  0.000e+00
      0.400    28.2720   5.688273    35.2557     1.9601     0.0406          0     45.250 337.362341  1022.4994      0.398      0.218  0.000e+00
      0.368    28.2812   5.685760    35.2313     1.9674     0.0170          0     45.500 337.362344  1022.4779      0.366      0.175  0.000e+00
      0.400    28.2841   5.685029    35.2241     1.9675     0.0131          0     45.750 337.362347  1022.4717      0.398      0.115  0.000e+00
      0.454    28.2831   5.684580    35.2217     1.9654    -0.0006          0     46.000 337.362350  1022.4704      0.452      0.063  0.000e+00
      0.541    28.2801   5.684100    35.2205     1.9622     0.0040          0     46.250 337.362352  1022.4709      0.538      0.052  0.000e+00
      0.595    28.2772   5.683704    35.2199     1.9719     0.0055          0     46.500 337.362355  1022.4716      0.591      0.070  0.000e+00
      0.659    28.2755   5.684641    35.2277     1.9712     0.0292          0     46.750 337.362358  1022.4783      0.656      0.117  0.000e+00
      0.681    28.2743   5.685791    35.2366     1.9720     0.0177          0     47.000 337.362361  1022.4855      0.677      0.161  0.000e+00
      0.724    28.2736   5.686042    35.2389     1.9735     0.0238          0     47.250 337.362364  1022.4876      0.720      0.193  0.000e+00
      0.714    28.2728   5.685471    35.2355     1.9749     0.0215          0     47.500 337.362367  1022.4853      0.710      0.195  0.000e+00
      0.703    28.2723   5.684329    35.2279     1.9795     0.0276          0     47.750 337.362370  1022.4797      0.699      0.163  0.000e+00
      0.746    28.2719   5.683529    35.2225     1.9791     0.0284          0     48.000 337.362373  1022.4760      0.742      0.130  0.000e+00
      0.746    28.2717   5.683179    35.2202     1.9773     0.0231          0     48.250 337.362376  1022.4743      0.742      0.093  0.000e+00
      0.746    28.2715   5.682928    35.2186     1.9717     0.0261          0     48.500 337.362378  1022.4732      0.742      0.065  0.000e+00
      0.822    28.2714   5.682928    35.2187     1.9703     0.0292          0     48.750 337.362381  1022.4736      0.817      0.061  0.000e+00
      0.908    28.2715   5.682966    35.2189     1.9687     0.0246          0     49.000 337.362384  1022.4740      0.903      0.087  0.000e+00
      0.962    28.2712   5.683469    35.2226     1.9648     0.0215          0     49.250 337.362387  1022.4771      0.957      0.118  0.000e+00
      0.984    28.2708   5.685342    35.2360     1.9633     0.0147          0     49.500 337.362390  1022.4875      0.978      0.151  0.000e+00
      0.973    28.2706   5.684870    35.2329     1.9612     0.0406          0     49.750 337.362393  1022.4852      0.968      0.159  0.000e+00
      0.984    28.2695   5.683408    35.2234     1.9649     0.0360          0     50.000 337.362396  1022.4785      0.978      0.150  0.000e+00
      1.005    28.2693   5.682867    35.2198     1.9633     0.0337          0     50.250 337.362399  1022.4759      1.000      0.142  0.000e+00
      1.016    28.2693   5.682928    35.2202     1.9610     0.0353          0     50.500 337.362402  1022.4763      1.011      0.120  0.000e+00
      1.059    28.2691   5.684200    35.2293     1.9657     0.0376          0     50.750 337.362405  1022.4833      1.054      0.091  0.000e+00
      1.059    28.2690   5.684420    35.2309     1.9635     0.0467          0     51.000 337.362407  1022.4845      1.054      0.066  0.000e+00
      1.070    28.2691   5.683301    35.2230     1.9704     0.0582          0     51.250 337.362410  1022.4786      1.064      0.058  0.000e+00
      1.124    28.2689   5.682639    35.2185     1.9615     0.0459          0     51.500 337.362413  1022.4755      1.118      0.071  0.000e+00
      1.211    28.2687   5.682768    35.2195     1.9641     0.0467          0     51.750 337.362416  1022.4767      1.204      0.103  0.000e+00
      1.276    28.2681   5.683469    35.2248     1.9610     0.0376          0     52.000 337.362419  1022.4812      1.269      0.134  0.000e+00
      1.265    28.2676   5.684931    35.2354     1.9579     0.0360          0     52.250 337.362422  1022.4893      1.258      0.146  0.000e+00
      1.232    28.2672   5.685250    35.2379     1.9609     0.0368          0     52.500 337.362425  1022.4912      1.226      0.137  0.000e+00
      1.232    28.2658   5.684040    35.2306     1.9539     0.0360          0     52.750 337.362428  1022.4861      1.226      0.117  0.000e+00
      1.232    28.2643   5.683020    35.2245     1.9581     0.0276          0     53.000 337.362431  1022.4821      1.226      0.097  0.000e+00
      1.308    28.2641   5.682609    35.2218     1.9519     0.0154          0     53.250 337.362433  1022.4804      1.301      0.085  0.000e+00
      1.384    28.2641   5.682670    35.2222     1.9592     0.0223          0     53.500 337.362436  1022.4810      1.376      0.081  0.000e+00
      1.438    28.2634   5.682784    35.2235     1.9553     0.0292          0     53.750 337.362439  1022.4824      1.430      0.088  0.000e+00
      1.481    28.2626   5.684329    35.2348     1.9535     0.0391          0     54.000 337.362442  1022.4914      1.473      0.115  0.000e+00
      1.459    28.2621   5.685601    35.2442     1.9543     0.0391          0     54.250 337.362445  1022.4985      1.451      0.139  0.000e+00
      1.470    28.2617   5.686172    35.2485     1.9533     0.0284          0     54.500 337.362448  1022.5019      1.462      0.151  0.000e+00
      1.449    28.2618   5.685951    35.2468     1.9555     0.0437          0     54.750 337.362451  1022.5006      1.441      0.132  0.000e+00
      1.470    28.2636   5.685121    35.2397     1.9558     0.0376          0     55.000 337.362454  1022.4947      1.462      0.105  0.000e+00
      1.481    28.2646   5.683598    35.2283     1.9576     0.0215          0     55.250 337.362457  1022.4859      1.473      0.064  0.000e+00
