ctd_mafia/cnv/SBE19plus_01906740_2018_12_07_0075.cnv
* Sea-Bird SBE19plus  Data File:
* FileName = C:\Users\all user\Desktop\Patroba _ WWF Mapping Mafia\SBE19plus_01906740_2018_12_07_0075.hex
* Software version 2.6.3.104
* Temperature SN = 6740
* Conductivity SN = 6740
* System UpLoad Time = Dec 07 2018 14:30:02
* <ApplicationData>
* <Seaterm232>
# nquan = 13
# nvalues = 772                                   
# units = specified
# name 0 = prdM: Pressure, Strain Gauge [db]
# name 1 = tv290C: Temperature [ITS-90, deg C]
# name 2 = c0S/m: Conductivity [S/m]
# name 3 = sal00: Salinity, Practical [PSU]
# name 4 = sbeox0ML/L: Oxygen, SBE 43 [ml/l]
# name 5 = flECO-AFL: Fluorescence, WET Labs ECO-AFL/FL [mg/m^3]
# name 6 = nbf: Bottles Fired
# name 7 = timeS: Time, Elapsed [seconds]
# name 8 = timeJ: Julian Days
# name 9 = density00: Density [density, kg/m^3]
# name 10 = depSM: Depth [salt water, m], lat = 0.00
# name 11 = dz/dtM: Descent Rate [m/s]
# name 12 = flag:  0.000e+00
# span 0 =     -1.345,     13.422                 
# span 1 =    27.8210,    28.5977                 
# span 2 =   0.519060,   5.719911                 
# span 3 =     2.5857,    35.2359                 
# span 4 =     2.0370,     3.9861                 
# span 5 =    -0.3195,    48.6864                 
# span 6 =          0,          0                 
# span 7 =      0.000,    192.750                 
# span 8 = 337.336794, 337.339025                 
# span 9 =   997.9974,  1022.4294                 
# span 10 =     -1.338,     13.347                
# span 11 =     -1.259,      0.507                
# span 12 = 0.0000e+00, 0.0000e+00                
# interval = seconds: 0.25
# start_time = Dec 03 2018 08:04:59 [Instrument's time stamp, header]
# bad_flag = -9.990e-29
*END*
[from data line 334]
      3.346    28.5856   5.717867    35.2277     2.3102     0.0398          0     83.500 337.337760  1022.3874      3.328      0.090  0.000e+00
      3.400    28.5857   5.717913    35.2279     2.3073     0.0292          0     83.750 337.337763  1022.3877      3.381      0.035  0.000e+00
      3.476    28.5858   5.717951    35.2281     2.3008     0.0391          0     84.000 337.337766  1022.3882      3.457      0.001  0.000e+00
      3.541    28.5858   5.717913    35.2278     2.3022     0.0391          0     84.250 337.337769  1022.3882      3.521      0.006  0.000e+00
      3.552    28.5859   5.717951    35.2280     2.2992     0.0391          0     84.500 337.337772  1022.3884      3.532      0.035  0.000e+00
      3.508    28.5859   5.717951    35.2280     2.3028     0.0353          0     84.750 337.337775  1022.3882      3.489      0.074  0.000e+00
      3.400    28.5860   5.717959    35.2280     2.3064     0.0391          0     85.000 337.337778  1022.3877      3.381      0.074  0.000e+00
      3.325    28.5862   5.717982    35.2281     2.3067     0.0429          0     85.250 337.337781  1022.3874      3.306      0.027  0.000e+00
      3.379    28.5863   5.717982    35.2280     2.3029     0.0444          0     85.500 337.337784  1022.3875      3.360     -0.019  0.000e+00
      3.487    28.5860   5.717951    35.2279     2.3084     0.0467          0     85.750 337.337786  1022.3880      3.467     -0.035  0.000e+00
      3.649    28.5861   5.717951    35.2278     2.3066     0.0459          0     86.000 337.337789  1022.3886      3.629     -0.000  0.000e+00
      3.757    28.5862   5.717982    35.2279     2.3124     0.0429          0     86.250 337.337792  1022.3891      3.736      0.073  0.000e+00
      3.724    28.5864   5.717990    35.2278     2.3136     0.0475          0     86.500 337.337795  1022.3888      3.704      0.140  0.000e+00
      3.562    28.5864   5.718012    35.2280     2.3159     0.0429          0     86.750 337.337798  1022.3883      3.543      0.155  0.000e+00
      3.433    28.5863   5.718043    35.2284     2.3238     0.0665          0     87.000 337.337801  1022.3880      3.414      0.120  0.000e+00
      3.346    28.5865   5.718043    35.2282     2.3152     0.0788          0     87.250 337.337804  1022.3875      3.328      0.032  0.000e+00
      3.368    28.5864   5.718073    35.2285     2.3088     0.0788          0     87.500 337.337807  1022.3878      3.349     -0.073  0.000e+00
      3.476    28.5867   5.718073    35.2283     2.3139     0.0772          0     87.750 337.337810  1022.3880      3.457     -0.133  0.000e+00
      3.638    28.5867   5.718089    35.2283     2.3005     0.0688          0     88.000 337.337812  1022.3887      3.618     -0.121  0.000e+00
      3.768    28.5868   5.718112    35.2284     2.2913     0.0490          0     88.250 337.337815  1022.3893      3.747     -0.030  0.000e+00
      3.822    28.5869   5.718112    35.2283     2.2917     0.0528          0     88.500 337.337818  1022.3894      3.801      0.103  0.000e+00
      3.768    28.5869   5.718112    35.2283     2.2854     0.0444          0     88.750 337.337821  1022.3892      3.747      0.207  0.000e+00
      3.703    28.5869   5.718112    35.2283     2.2866     0.0521          0     89.000 337.337824  1022.3890      3.682      0.236  0.000e+00
      3.660    28.5869   5.718112    35.2283     2.2985     0.0376          0     89.250 337.337827  1022.3888      3.639      0.202  0.000e+00
      3.660    28.5869   5.718119    35.2283     2.3045     0.0345          0     89.500 337.337830  1022.3887      3.639      0.123  0.000e+00
      3.681    28.5869   5.718112    35.2283     2.2917     0.0376          0     89.750 337.337833  1022.3888      3.661      0.037  0.000e+00
      3.714    28.5869   5.718112    35.2283     2.2995     0.0292          0     90.000 337.337836  1022.3889      3.693     -0.026  0.000e+00
      3.714    28.5869   5.718112    35.2283     2.3049     0.0620          0     90.250 337.337839  1022.3889      3.693     -0.050  0.000e+00
      3.735    28.5867   5.718142    35.2287     2.2961     0.0589          0     90.500 337.337841  1022.3894      3.715     -0.031  0.000e+00
      3.789    28.5867   5.718142    35.2287     2.2933     0.0582          0     90.750 337.337844  1022.3896      3.769      0.023  0.000e+00
      3.865    28.5868   5.718150    35.2286     2.2799     0.0559          0     91.000 337.337847  1022.3899      3.844      0.082  0.000e+00
      3.908    28.5869   5.718173    35.2286     2.2834     0.0604          0     91.250 337.337850  1022.3900      3.887      0.123  0.000e+00
      3.973    28.5869   5.718173    35.2287     2.3264     0.0589          0     91.500 337.337853  1022.3904      3.951      0.154  0.000e+00
      3.973    28.5870   5.718203    35.2287     2.3370     0.0620          0     91.750 337.337856  1022.3904      3.951      0.164  0.000e+00
      4.006    28.5870   5.718203    35.2287     2.3167     0.0681          0     92.000 337.337859  1022.3905      3.984      0.169  0.000e+00
      4.092    28.5872   5.718203    35.2286     2.3185     0.0635          0     92.250 337.337862  1022.3907      4.070      0.187  0.000e+00
      4.179    28.5871   5.718211    35.2287     2.3053     0.0383          0     92.500 337.337865  1022.3911      4.156      0.202  0.000e+00
      4.244    28.5869   5.718234    35.2290     2.2926     0.0330          0     92.750 337.337867  1022.3918      4.220      0.211  0.000e+00
      4.308    28.5870   5.718204    35.2286     2.3218     0.0345          0     93.000 337.337870  1022.3917      4.285      0.221  0.000e+00
      4.254    28.5872   5.718234    35.2287     2.3164     0.0406          0     93.250 337.337873  1022.3915      4.231      0.207  0.000e+00
      4.211    28.5872   5.718234    35.2287     2.3089     0.0398          0     93.500 337.337876  1022.3913      4.188      0.170  0.000e+00
      4.157    28.5873   5.718333    35.2294     2.3005     0.0337          0     93.750 337.337879  1022.3915      4.134      0.120  0.000e+00
      4.200    28.5874   5.718272    35.2289     2.2982     0.0253          0     94.000 337.337882  1022.3913      4.177      0.070  0.000e+00
      4.265    28.5875   5.718272    35.2288     2.2949     0.0345          0     94.250 337.337885  1022.3915      4.242      0.032  0.000e+00
      4.373    28.5873   5.718303    35.2291     2.2858     0.0429          0     94.500 337.337888  1022.3922      4.349      0.035  0.000e+00
      4.438    28.5872   5.718272    35.2289     2.2770     0.0475          0     94.750 337.337891  1022.3924      4.414      0.066  0.000e+00
      4.471    28.5874   5.718272    35.2288     2.2673     0.0521          0     95.000 337.337894  1022.3924      4.446      0.109  0.000e+00
      4.460    28.5875   5.718303    35.2289     2.2658     0.0444          0     95.250 337.337896  1022.3924      4.435      0.156  0.000e+00
      4.406    28.5877   5.718303    35.2288     2.2698     0.0383          0     95.500 337.337899  1022.3920      4.381      0.160  0.000e+00
      4.362    28.5878   5.718333    35.2289     2.2654     0.0406          0     95.750 337.337902  1022.3919      4.338      0.128  0.000e+00
      4.319    28.5876   5.718333    35.2291     2.2623     0.0337          0     96.000 337.337905  1022.3919      4.295      0.057  0.000e+00
      4.352    28.5878   5.718333    35.2289     2.2698     0.0383          0     96.250 337.337908  1022.3919      4.328     -0.002  0.000e+00
      4.438    28.5878   5.718333    35.2289     2.2752     0.0337          0     96.500 337.337911  1022.3922      4.414     -0.027  0.000e+00
      4.525    28.5875   5.718364    35.2293     2.2776     0.0482          0     96.750 337.337914  1022.3930      4.500     -0.004  0.000e+00
      4.600    28.5877   5.718333    35.2289     2.2786     0.0498          0     97.000 337.337917  1022.3930      4.575      0.051  0.000e+00
      4.589    28.5878   5.718364    35.2291     2.2892     0.0566          0     97.250 337.337920  1022.3930      4.564      0.103  0.000e+00
      4.557    28.5881   5.718364    35.2289     2.2695     0.0612          0     97.500 337.337922  1022.3926      4.532      0.135  0.000e+00
      4.471    28.5880   5.718394    35.2292     2.2702     0.0246          0     97.750 337.337925  1022.3925      4.446      0.119  0.000e+00
      4.503    28.5880   5.718394    35.2292     2.2594     0.0208          0     98.000 337.337928  1022.3926      4.478      0.093  0.000e+00
      4.579    28.5881   5.718395    35.2291     2.2602     0.0223          0     98.250 337.337931  1022.3928      4.553      0.063  0.000e+00
      4.687    28.5878   5.718395    35.2293     2.2580     0.0208          0     98.500 337.337934  1022.3935      4.661      0.056  0.000e+00
      4.698    28.5878   5.718395    35.2293     2.2593     0.0345          0     98.750 337.337937  1022.3936      4.672      0.058  0.000e+00
      4.730    28.5879   5.718395    35.2292     2.2562     0.0337          0     99.000 337.337940  1022.3936      4.704      0.081  0.000e+00
      4.698    28.5880   5.718395    35.2291     2.2571     0.0414          0     99.250 337.337943  1022.3934      4.672      0.106  0.000e+00
      4.687    28.5879   5.718395    35.2292     2.2585     0.0307          0     99.500 337.337946  1022.3935      4.661      0.118  0.000e+00
      4.654    28.5878   5.718395    35.2293     2.2610     0.0406          0     99.750 337.337948  1022.3934      4.629      0.105  0.000e+00
      4.644    28.5877   5.718395    35.2294     2.2564     0.0467          0    100.000 337.337951  1022.3935      4.618      0.053  0.000e+00
      4.622    28.5881   5.718364    35.2289     2.2471     0.0498          0    100.250 337.337954  1022.3929      4.596     -0.006  0.000e+00
      4.654    28.5880   5.718395    35.2291     2.2536     0.0467          0    100.500 337.337957  1022.3932      4.629     -0.038  0.000e+00
      4.730    28.5879   5.718395    35.2292     2.2528     0.0505          0    100.750 337.337960  1022.3936      4.704     -0.019  0.000e+00
      4.838    28.5877   5.718395    35.2293     2.2535     0.0543          0    101.000 337.337963  1022.3942      4.811      0.029  0.000e+00
      4.849    28.5879   5.718425    35.2294     2.2453     0.0574          0    101.250 337.337966  1022.3943      4.822      0.081  0.000e+00
      4.838    28.5880   5.718395    35.2291     2.2419     0.0627          0    101.500 337.337969  1022.3940      4.812      0.112  0.000e+00
      4.871    28.5875   5.718334    35.2290     2.2549     0.0505          0    101.750 337.337972  1022.3942      4.844      0.139  0.000e+00
      4.914    28.5873   5.718334    35.2291     2.2632     0.0269          0    102.000 337.337975  1022.3946      4.887      0.154  0.000e+00
      4.957    28.5869   5.718273    35.2291     2.2829     0.0429          0    102.250 337.337977  1022.3949      4.930      0.160  0.000e+00
      5.033    28.5865   5.718273    35.2293     2.3024     0.0391          0    102.500 337.337980  1022.3955      5.005      0.158  0.000e+00
      5.098    28.5866   5.718334    35.2297     2.3206     0.0284          0    102.750 337.337983  1022.3960      5.069      0.156  0.000e+00
      5.184    28.5865   5.718303    35.2295     2.3349     0.0543          0    103.000 337.337986  1022.3963      5.155      0.174  0.000e+00
      5.227    28.5864   5.718303    35.2296     2.3636     0.0543          0    103.250 337.337989  1022.3966      5.198      0.208  0.000e+00
      5.270    28.5866   5.718303    35.2294     2.3714     0.0368          0    103.500 337.337992  1022.3966      5.241      0.232  0.000e+00
      5.324    28.5867   5.718364    35.2298     2.3481     0.0391          0    103.750 337.337995  1022.3970      5.295      0.239  0.000e+00
      5.411    28.5867   5.718334    35.2295     2.3316     0.0620          0    104.000 337.337998  1022.3972      5.381      0.246  0.000e+00
      5.498    28.5867   5.718365    35.2297     2.3197     0.0582          0    104.250 337.338001  1022.3977      5.467      0.256  0.000e+00
      5.595    28.5869   5.718365    35.2295     2.3002     0.0566          0    104.500 337.338003  1022.3980      5.564      0.267  0.000e+00
      5.616    28.5872   5.718433    35.2297     2.2880     0.0673          0    104.750 337.338006  1022.3980      5.585      0.266  0.000e+00
      5.606    28.5872   5.718433    35.2297     2.2859     0.0612          0    105.000 337.338009  1022.3980      5.575      0.245  0.000e+00
      5.606    28.5872   5.718433    35.2297     2.2777     0.0658          0    105.250 337.338012  1022.3980      5.575      0.219  0.000e+00
      5.573    28.5873   5.718365    35.2292     2.2814     0.0574          0    105.500 337.338015  1022.3974      5.542      0.171  0.000e+00
      5.573    28.5870   5.718365    35.2294     2.2869     0.0551          0    105.750 337.338018  1022.3977      5.543      0.114  0.000e+00
      5.606    28.5870   5.718395    35.2296     2.2890     0.0635          0    106.000 337.338021  1022.3980      5.575      0.063  0.000e+00
      5.714    28.5871   5.718433    35.2297     2.3113     0.0383          0    106.250 337.338024  1022.3985      5.682      0.052  0.000e+00
      5.789    28.5873   5.718464    35.2298     2.3130     0.0406          0    106.500 337.338027  1022.3988      5.758      0.069  0.000e+00
      5.876    28.5875   5.718464    35.2296     2.3150     0.0330          0    106.750 337.338030  1022.3990      5.844      0.123  0.000e+00
      5.952    28.5874   5.718456    35.2296     2.3379     0.0337          0    107.000 337.338032  1022.3994      5.919      0.185  0.000e+00
      6.027    28.5874   5.718433    35.2294     2.3558     0.0490          0    107.250 337.338035  1022.3995      5.994      0.241  0.000e+00
      6.103    28.5870   5.718434    35.2297     2.3978     0.0543          0    107.500 337.338038  1022.4002      6.069      0.289  0.000e+00
      6.146    28.5870   5.718395    35.2294     2.4005     0.0604          0    107.750 337.338041  1022.4002      6.112      0.305  0.000e+00
      6.168    28.5869   5.718395    35.2296     2.4066     0.0490          0    108.000 337.338044  1022.4004      6.134      0.288  0.000e+00
      6.233    28.5869   5.718395    35.2296     2.4063     0.0246          0    108.250 337.338047  1022.4007      6.198      0.260  0.000e+00
      6.341    28.5868   5.718396    35.2296     2.4220     0.0360          0    108.500 337.338050  1022.4012      6.306      0.255  0.000e+00
      6.438    28.5868   5.718396    35.2296     2.4071     0.0421          0    108.750 337.338053  1022.4016      6.403      0.259  0.000e+00
      6.525    28.5867   5.718396    35.2296     2.3936     0.0391          0    109.000 337.338056  1022.4021      6.489      0.272  0.000e+00
      6.568    28.5867   5.718434    35.2299     2.3964     0.0292          0    109.250 337.338058  1022.4024      6.532      0.279  0.000e+00
      6.643    28.5871   5.718525    35.2301     2.4091     0.0566          0    109.500 337.338061  1022.4028      6.607      0.290  0.000e+00
      6.665    28.5879   5.718655    35.2304     2.4134     0.0612          0    109.750 337.338064  1022.4028      6.628      0.290  0.000e+00
      6.611    28.5885   5.718732    35.2305     2.4068     0.0574          0    110.000 337.338067  1022.4025      6.575      0.254  0.000e+00
      6.611    28.5891   5.718716    35.2300     2.3975     0.0559          0    110.250 337.338070  1022.4019      6.575      0.193  0.000e+00
      6.589    28.5894   5.718754    35.2300     2.3842     0.0704          0    110.500 337.338073  1022.4017      6.553      0.119  0.000e+00
      6.687    28.5897   5.718754    35.2298     2.3695     0.0658          0    110.750 337.338076  1022.4019      6.650      0.083  0.000e+00
