ctd_mafia/cnv/SBE19plus_01906740_2018_12_07_0084.cnv
* Sea-Bird SBE19plus  Data File:
* FileName = C:\Users\all user\Desktop\Patroba _ WWF Mapping Mafia\SBE19plus_01906740_2018_12_07_0084.hex
* Software version 2.6.3.104
* Temperature SN = 6740
* Conductivity SN = 6740
* System UpLoad Time = Dec 07 2018 14:32:11
* <ApplicationData>
* <Seaterm232>
# nquan = 13
# nvalues = 772                                   
# units = specified
# name 0 = prdM: Pressure, Strain Gauge [db]
# name 1 = tv290C: Temperature [ITS-90, deg C]
# name 2 = c0S/m: Conductivity [S/m]
# name 3 = sal00: Salinity, Practical [PSU]
# name 4 = sbeox0ML/L: Oxygen, SBE 43 [ml/l]
# name 5 = flECO-AFL: Fluorescence, WET Labs ECO-AFL/FL [mg/m^3]
# name 6 = nbf: Bottles Fired
# name 7 = timeS: Time, Elapsed [seconds]
# name 8 = timeJ: Julian Days
# name 9 = density00: Density [density, kg/m^3]
# name 10 = depSM: Depth [salt water, m], lat = 0.00
# name 11 = dz/dtM: Descent Rate [m/s]
# name 12 = flag:  0.000e+00
# span 0 =     -1.368,     16.103                 
# span 1 =    28.0658,    28.8430                 
# span 2 =   0.112145,   5.769980                 
# span 3 =     0.5151,    35.6930                 
# span 4 =     1.8585,     2.9770                 
# span 5 =    -0.4393,    48.6795                 
# span 6 =          0,          0                 
# span 7 =      0.000,    192.750                 
# span 8 = 337.415706, 337.417937                 
# span 9 =   996.4126,  1022.8208                 
# span 10 =     -1.361,     16.013                
# span 11 =     -0.948,      0.358                
# span 12 = 0.0000e+00, 0.0000e+00                
# interval = seconds: 0.25
# start_time = Dec 03 2018 09:58:37 [Instrument's time stamp, header]
# bad_flag = -9.990e-29
*END*
[from data line 223]
      0.870    28.2781   5.701539    35.3437     1.8963     0.0116          0     55.750 337.416351  1022.5656      0.866      0.118  0.000e+00
      0.935    28.2415   5.690627    35.2948     1.8943     0.0078          0     56.000 337.416354  1022.5411      0.930      0.108  0.000e+00
      0.989    28.2105   5.691047    35.3209     1.8936    -0.0082          0     56.250 337.416357  1022.5712      0.984      0.105  0.000e+00
      1.065    28.1875   5.706208    35.4442     1.8907     0.0032          0     56.500 337.416360  1022.6718      1.059      0.133  0.000e+00
      1.065    28.1721   5.719141    35.5464     1.8866     0.0047          0     56.750 337.416363  1022.7537      1.059      0.146  0.000e+00
      1.076    28.1610   5.729542    35.6277     1.8852    -0.0067          0     57.000 337.416366  1022.8186      1.070      0.154  0.000e+00
      1.043    28.1887   5.732820    35.6298     1.8869     0.0086          0     57.250 337.416369  1022.8109      1.038      0.143  0.000e+00
      1.022    28.2866   5.724369    35.4969     1.8826     0.0032          0     57.500 337.416372  1022.6786      1.016      0.107  0.000e+00
      1.043    28.3620   5.711574    35.3511     1.8802     0.0032          0     57.750 337.416374  1022.5442      1.038      0.071  0.000e+00
      1.097    28.3844   5.704831    35.2872     1.8816     0.0086          0     58.000 337.416377  1022.4890      1.091      0.047  0.000e+00
      1.206    28.3625   5.697422    35.2519     1.8858     0.0032          0     58.250 337.416380  1022.4702      1.199      0.058  0.000e+00
      1.260    28.3094   5.687892    35.2249     1.8872     0.0070          0     58.500 337.416383  1022.4676      1.253      0.083  0.000e+00
      1.292    28.2548   5.705596    35.3894     1.8881     0.0055          0     58.750 337.416386  1022.6094      1.285      0.124  0.000e+00
      1.314    28.2165   5.723339    35.5423     1.8804     0.0055          0     59.000 337.416389  1022.7371      1.307      0.156  0.000e+00
      1.270    28.2085   5.727578    35.5781     1.8853     0.0040          0     59.250 337.416392  1022.7664      1.264      0.163  0.000e+00
      1.238    28.2458   5.727257    35.5477     1.8804     0.0116          0     59.500 337.416395  1022.7312      1.231      0.138  0.000e+00
      1.238    28.2845   5.719330    35.4632     1.8846    -0.0052          0     59.750 337.416398  1022.6549      1.231      0.092  0.000e+00
      1.238    28.3078   5.708265    35.3684     1.8833    -0.0067          0     60.000 337.416400  1022.5760      1.231      0.040  0.000e+00
      1.325    28.3106   5.695312    35.2758     1.8836    -0.0052          0     60.250 337.416403  1022.5058      1.317      0.015  0.000e+00
      1.433    28.2784   5.685791    35.2333     1.8834     0.0215          0     60.500 337.416406  1022.4849      1.425      0.040  0.000e+00
      1.487    28.2331   5.692129    35.3114     1.8853     0.0276          0     60.750 337.416409  1022.5587      1.479      0.083  0.000e+00
      1.519    28.2018   5.709914    35.4593     1.8848     0.0215          0     61.000 337.416412  1022.6804      1.511      0.130  0.000e+00
      1.476    28.1829   5.721065    35.5516     1.8868     0.0269          0     61.250 337.416415  1022.7558      1.468      0.157  0.000e+00
      1.498    28.2257   5.716156    35.4851     1.8872     0.0330          0     61.500 337.416418  1022.6918      1.489      0.165  0.000e+00
      1.487    28.3102   5.702522    35.3264     1.8910     0.0330          0     61.750 337.416421  1022.5446      1.479      0.144  0.000e+00
      1.552    28.3389   5.697323    35.2687     1.8873     0.0330          0     62.000 337.416424  1022.4920      1.543      0.124  0.000e+00
      1.595    28.3182   5.693209    35.2554     1.9149     0.0330          0     62.250 337.416427  1022.4890      1.586      0.094  0.000e+00
      1.627    28.2755   5.691458    35.2750     1.9162    -0.0082          0     62.500 337.416429  1022.5180      1.618      0.079  0.000e+00
      1.681    28.2374   5.689485    35.2896     1.9120    -0.0143          0     62.750 337.416432  1022.5418      1.672      0.093  0.000e+00
      1.735    28.2063   5.682580    35.2646     1.9115    -0.0151          0     63.000 337.416435  1022.5334      1.726      0.123  0.000e+00
      1.779    28.1811   5.681339    35.2747     1.9050    -0.0166          0     63.250 337.416438  1022.5495      1.769      0.159  0.000e+00
      1.844    28.1626   5.688847    35.3411     1.9028    -0.0097          0     63.500 337.416441  1022.6058      1.833      0.181  0.000e+00
      1.833    28.1516   5.702030    35.4417     1.8972     0.0307          0     63.750 337.416444  1022.6850      1.823      0.182  0.000e+00
      1.822    28.1444   5.708893    35.4952     1.8937     0.0360          0     64.000 337.416447  1022.7275      1.812      0.155  0.000e+00
      1.822    28.1593   5.708832    35.4836     1.8920     0.0391          0     64.250 337.416450  1022.7140      1.812      0.127  0.000e+00
      1.822    28.2135   5.703523    35.4057     1.8899     0.0238          0     64.500 337.416453  1022.6375      1.812      0.095  0.000e+00
      1.833    28.2449   5.696533    35.3333     1.8949     0.0055          0     64.750 337.416455  1022.5727      1.823      0.062  0.000e+00
      1.887    28.2444   5.691618    35.2993     1.8995     0.0086          0     65.000 337.416458  1022.5477      1.876      0.048  0.000e+00
      1.898    28.2315   5.689707    35.2956     1.8979     0.0063          0     65.250 337.416461  1022.5491      1.887      0.040  0.000e+00
      1.941    28.2125   5.685823    35.2826     1.9038     0.0032          0     65.500 337.416464  1022.5458      1.930      0.048  0.000e+00
      1.962    28.1908   5.686303    35.3022     1.9047     0.0330          0     65.750 337.416467  1022.5678      1.952      0.073  0.000e+00
      1.973    28.1742   5.686905    35.3188     1.9032     0.0147          0     66.000 337.416470  1022.5858      1.962      0.089  0.000e+00
      1.995    28.1620   5.683631    35.3050     1.9039     0.0322          0     66.250 337.416473  1022.5795      1.984      0.097  0.000e+00
      2.016    28.1497   5.678577    35.2788     1.9070     0.0208          0     66.500 337.416476  1022.5639      2.005      0.100  0.000e+00
      2.060    28.1393   5.677086    35.2761     1.8983     0.0253          0     66.750 337.416479  1022.5655      2.048      0.102  0.000e+00
      2.103    28.1317   5.676196    35.2755     1.8972     0.0116          0     67.000 337.416481  1022.5677      2.091      0.102  0.000e+00
      2.135    28.1261   5.680229    35.3079     1.8951     0.0162          0     67.250 337.416484  1022.5941      2.124      0.112  0.000e+00
      2.146    28.1229   5.688917    35.3712     1.8847     0.0231          0     67.500 337.416487  1022.6427      2.134      0.111  0.000e+00
      2.179    28.1207   5.686815    35.3582     1.8861     0.0177          0     67.750 337.416490  1022.6338      2.167      0.117  0.000e+00
      2.211    28.1184   5.678890    35.3044     1.8883     0.0734          0     68.000 337.416493  1022.5942      2.199      0.123  0.000e+00
      2.254    28.1163   5.676318    35.2879     1.8878     0.0757          0     68.250 337.416496  1022.5827      2.242      0.127  0.000e+00
      2.287    28.1144   5.676310    35.2893     1.8917     0.0635          0     68.500 337.416499  1022.5845      2.274      0.128  0.000e+00
      2.319    28.1142   5.679689    35.3131     1.8912     0.0688          0     68.750 337.416502  1022.6026      2.306      0.126  0.000e+00
      2.341    28.1143   5.686625    35.3616     1.8914     0.0124          0     69.000 337.416505  1022.6392      2.328      0.124  0.000e+00
      2.384    28.1138   5.679118    35.3093     1.8931     0.0047          0     69.250 337.416508  1022.6002      2.371      0.129  0.000e+00
      2.438    28.1122   5.675047    35.2820     1.8932     0.0009          0     69.500 337.416510  1022.5804      2.425      0.141  0.000e+00
      2.481    28.1113   5.675496    35.2858     1.8926    -0.0006          0     69.750 337.416513  1022.5838      2.468      0.147  0.000e+00
      2.503    28.1114   5.682962    35.3381     1.8925     0.0261          0     70.000 337.416516  1022.6231      2.489      0.148  0.000e+00
      2.492    28.1116   5.691332    35.3965     1.8913     0.0231          0     70.250 337.416519  1022.6670      2.478      0.135  0.000e+00
      2.492    28.1168   5.692832    35.4032     1.8921     0.0154          0     70.500 337.416522  1022.6703      2.478      0.117  0.000e+00
      2.514    28.1345   5.682673    35.3187     1.8927     0.0231          0     70.750 337.416525  1022.6010      2.500      0.101  0.000e+00
      2.579    28.1484   5.676036    35.2618     1.8882     0.0215          0     71.000 337.416528  1022.5539      2.564      0.097  0.000e+00
      2.665    28.1434   5.673716    35.2493     1.8898     0.0109          0     71.250 337.416531  1022.5465      2.650      0.107  0.000e+00
      2.730    28.1336   5.673906    35.2579     1.8855     0.0185          0     71.500 337.416534  1022.5565      2.715      0.126  0.000e+00
      2.806    28.1260   5.674226    35.2658     1.8855     0.0253          0     71.750 337.416536  1022.5652      2.790      0.161  0.000e+00
      2.849    28.1213   5.678829    35.3016     1.8809     0.0101          0     72.000 337.416539  1022.5939      2.833      0.197  0.000e+00
      2.860    28.1188   5.685795    35.3522     1.8831    -0.0166          0     72.250 337.416542  1022.6328      2.844      0.218  0.000e+00
      2.871    28.1178   5.688308    35.3706     1.8829    -0.0174          0     72.500 337.416545  1022.6471      2.855      0.216  0.000e+00
      2.871    28.1307   5.684173    35.3319     1.8819    -0.0113          0     72.750 337.416548  1022.6137      2.855      0.187  0.000e+00
      2.881    28.1475   5.683122    35.3120     1.8787    -0.0189          0     73.000 337.416551  1022.5933      2.866      0.144  0.000e+00
      2.881    28.1517   5.684073    35.3156     1.8815     0.0162          0     73.250 337.416554  1022.5946      2.866      0.098  0.000e+00
      2.892    28.1512   5.681531    35.2981     1.8872     0.0330          0     73.500 337.416557  1022.5817      2.876      0.063  0.000e+00
      2.925    28.1467   5.676006    35.2628     1.8849     0.0101          0     73.750 337.416560  1022.5567      2.908      0.044  0.000e+00
      3.011    28.1386   5.673815    35.2534     1.8884     0.0315          0     74.000 337.416563  1022.5527      2.994      0.060  0.000e+00
      3.076    28.1309   5.672986    35.2534     1.8887     0.0368          0     74.250 337.416565  1022.5555      3.059      0.094  0.000e+00
      3.162    28.1246   5.672864    35.2572     1.8861     0.0421          0     74.500 337.416568  1022.5608      3.145      0.139  0.000e+00
      3.206    28.1200   5.672956    35.2613     1.8855     0.0383          0     74.750 337.416571  1022.5655      3.188      0.179  0.000e+00
      3.260    28.1168   5.674926    35.2774     1.8861     0.0360          0     75.000 337.416574  1022.5790      3.242      0.212  0.000e+00
      3.271    28.1148   5.682932    35.3351     1.8817    -0.0006          0     75.250 337.416577  1022.6231      3.253      0.225  0.000e+00
      3.249    28.1142   5.687326    35.3663     1.8780     0.0017          0     75.500 337.416580  1022.6467      3.231      0.206  0.000e+00
      3.195    28.1313   5.686747    35.3494     1.8828    -0.0029          0     75.750 337.416583  1022.6281      3.177      0.152  0.000e+00
      3.162    28.1651   5.673145    35.2289     1.8925    -0.0067          0     76.000 337.416586  1022.5262      3.145      0.080  0.000e+00
      3.173    28.1667   5.667912    35.1911     1.8940     0.0002          0     76.250 337.416589  1022.4973      3.156      0.024  0.000e+00
      3.249    28.1417   5.667647    35.2078     1.8936    -0.0143          0     76.500 337.416591  1022.5184      3.231     -0.001  0.000e+00
      3.357    28.1243   5.667282    35.2183     1.9020    -0.0159          0     76.750 337.416594  1022.5325      3.339      0.019  0.000e+00
      3.444    28.1147   5.667343    35.2259     1.8922    -0.0197          0     77.000 337.416597  1022.5417      3.425      0.065  0.000e+00
      3.508    28.1097   5.667282    35.2291     1.8899    -0.0204          0     77.250 337.416600  1022.5461      3.489      0.130  0.000e+00
      3.519    28.1077   5.667282    35.2306     1.8921     0.0292          0     77.500 337.416603  1022.5479      3.500      0.185  0.000e+00
      3.454    28.1069   5.667313    35.2315     1.8892     0.0261          0     77.750 337.416606  1022.5485      3.435      0.198  0.000e+00
      3.400    28.1068   5.667503    35.2329     1.8873     0.0452          0     78.000 337.416609  1022.5494      3.382      0.166  0.000e+00
      3.357    28.1075   5.667662    35.2335     1.9040     0.0368          0     78.250 337.416612  1022.5494      3.339      0.097  0.000e+00
      3.390    28.1091   5.667784    35.2331     1.9108    -0.0181          0     78.500 337.416615  1022.5487      3.371      0.028  0.000e+00
      3.476    28.1101   5.667442    35.2300     1.9295    -0.0212          0     78.750 337.416617  1022.5464      3.457     -0.007  0.000e+00
      3.573    28.1097   5.667183    35.2284     1.9365    -0.0166          0     79.000 337.416620  1022.5458      3.554      0.004  0.000e+00
      3.649    28.1080   5.667123    35.2292     1.9392    -0.0128          0     79.250 337.416623  1022.5473      3.629      0.050  0.000e+00
      3.703    28.1068   5.667123    35.2301     1.9430     0.0147          0     79.500 337.416626  1022.5486      3.683      0.119  0.000e+00
      3.725    28.1060   5.667153    35.2309     1.9502     0.0162          0     79.750 337.416629  1022.5495      3.704      0.184  0.000e+00
      3.671    28.1060   5.667214    35.2314     1.9477     0.0276          0     80.000 337.416632  1022.5496      3.651      0.199  0.000e+00
      3.671    28.1062   5.667282    35.2317     1.9485     0.0177          0     80.250 337.416635  1022.5498      3.651      0.182  0.000e+00
      3.714    28.1067   5.667313    35.2315     1.9568     0.0330          0     80.500 337.416638  1022.5497      3.694      0.143  0.000e+00
      3.725    28.1072   5.667244    35.2307     1.9600     0.0353          0     80.750 337.416641  1022.5490      3.704      0.095  0.000e+00
      3.779    28.1071   5.667054    35.2294     1.9554     0.0330          0     81.000 337.416644  1022.5483      3.758      0.068  0.000e+00
      3.844    28.1065   5.667054    35.2298     1.9622     0.0315          0     81.250 337.416646  1022.5491      3.823      0.070  0.000e+00
      3.909    28.1061   5.667024    35.2299     1.9640     0.0292          0     81.500 337.416649  1022.5495      3.887      0.097  0.000e+00
      3.995    28.1053   5.667024    35.2304     1.9725     0.0070          0     81.750 337.416652  1022.5506      3.973      0.147  0.000e+00
      4.038    28.1052   5.667055    35.2307     1.9705     0.0002          0     82.000 337.416655  1022.5510      4.016      0.197  0.000e+00
      4.060    28.1050   5.667024    35.2306     1.9737     0.0086          0     82.250 337.416658  1022.5511      4.038      0.213  0.000e+00
      4.071    28.1051   5.667024    35.2306     1.9767     0.0040          0     82.500 337.416661  1022.5510      4.048      0.207  0.000e+00
      4.092    28.1052   5.667024    35.2305     1.9830     0.0131          0     82.750 337.416664  1022.5511      4.070      0.194  0.000e+00
      4.125    28.1049   5.666963    35.2303     1.9837     0.0177          0     83.000 337.416667  1022.5511      4.102      0.168  0.000e+00
