ctd_mafia/cnv/SBE19plus_01906740_2018_12_07_0075.cnv
* Sea-Bird SBE19plus  Data File:
* FileName = C:\Users\all user\Desktop\Patroba _ WWF Mapping Mafia\SBE19plus_01906740_2018_12_07_0075.hex
* Software version 2.6.3.104
* Temperature SN = 6740
* Conductivity SN = 6740
* System UpLoad Time = Dec 07 2018 14:30:02
* <ApplicationData>
* <Seaterm232>
# nquan = 13
# nvalues = 772                                   
# units = specified
# name 0 = prdM: Pressure, Strain Gauge [db]
# name 1 = tv290C: Temperature [ITS-90, deg C]
# name 2 = c0S/m: Conductivity [S/m]
# name 3 = sal00: Salinity, Practical [PSU]
# name 4 = sbeox0ML/L: Oxygen, SBE 43 [ml/l]
# name 5 = flECO-AFL: Fluorescence, WET Labs ECO-AFL/FL [mg/m^3]
# name 6 = nbf: Bottles Fired
# name 7 = timeS: Time, Elapsed [seconds]
# name 8 = timeJ: Julian Days
# name 9 = density00: Density [density, kg/m^3]
# name 10 = depSM: Depth [salt water, m], lat = 0.00
# name 11 = dz/dtM: Descent Rate [m/s]
# name 12 = flag:  0.000e+00
# span 0 =     -1.345,     13.422                 
# span 1 =    27.8210,    28.5977                 
# span 2 =   0.519060,   5.719911                 
# span 3 =     2.5857,    35.2359                 
# span 4 =     2.0370,     3.9861                 
# span 5 =    -0.3195,    48.6864                 
# span 6 =          0,          0                 
# span 7 =      0.000,    192.750                 
# span 8 = 337.336794, 337.339025                 
# span 9 =   997.9974,  1022.4294                 
# span 10 =     -1.338,     13.347                
# span 11 =     -1.259,      0.507                
# span 12 = 0.0000e+00, 0.0000e+00                
# interval = seconds: 0.25
# start_time = Dec 03 2018 08:04:59 [Instrument's time stamp, header]
# bad_flag = -9.990e-29
*END*
[from data line 112]
     -0.189    28.5527   5.696747    35.1064     2.1749     0.0574          0     28.000 337.337118  1022.2920     -0.188      0.013  0.000e+00
     -0.211    28.5504   5.695726    35.1010     2.1641     0.0597          0     28.250 337.337121  1022.2886     -0.210      0.043  0.000e+00
     -0.243    28.5471   5.694834    35.0972     2.1661     0.0047          0     28.500 337.337124  1022.2867     -0.242      0.060  0.000e+00
     -0.286    28.5442   5.693044    35.0870     2.1592    -0.0052          0     28.750 337.337127  1022.2798     -0.285      0.042  0.000e+00
     -0.286    28.5414   5.693714    35.0937     2.1526    -0.0044          0     29.000 337.337130  1022.2858     -0.285      0.016  0.000e+00
     -0.265    28.5402   5.697265    35.1193     2.1540     0.0055          0     29.250 337.337133  1022.3055     -0.263     -0.006  0.000e+00
     -0.222    28.5417   5.698561    35.1271     2.1499    -0.0075          0     29.500 337.337135  1022.3111     -0.220     -0.017  0.000e+00
     -0.189    28.5445   5.697608    35.1185     2.1430     0.0238          0     29.750 337.337138  1022.3038     -0.188     -0.011  0.000e+00
     -0.211    28.5458   5.696267    35.1081     2.1418     0.0261          0     30.000 337.337141  1022.2955     -0.210      0.003  0.000e+00
     -0.222    28.5453   5.695025    35.0999     2.1333     0.0307          0     30.250 337.337144  1022.2895     -0.220      0.021  0.000e+00
     -0.286    28.5444   5.693943    35.0931     2.1320     0.0292          0     30.500 337.337147  1022.2843     -0.285      0.017  0.000e+00
     -0.232    28.5442   5.697189    35.1158     2.1305     0.0788          0     30.750 337.337150  1022.3017     -0.231      0.021  0.000e+00
     -0.211    28.5453   5.698660    35.1251     2.1320     0.0856          0     31.000 337.337153  1022.3084     -0.210      0.016  0.000e+00
     -0.168    28.5484   5.697600    35.1155     2.1340     0.0856          0     31.250 337.337156  1022.3003     -0.167      0.017  0.000e+00
     -0.189    28.5499   5.697700    35.1151     2.1348     0.0887          0     31.500 337.337159  1022.2994     -0.188      0.012  0.000e+00
     -0.286    28.5500   5.696907    35.1095     2.1343     0.0040          0     31.750 337.337161  1022.2948     -0.285     -0.009  0.000e+00
     -0.340    28.5500   5.694766    35.0947     2.1318     0.0063          0     32.000 337.337164  1022.2834     -0.339     -0.030  0.000e+00
     -0.330    28.5491   5.693044    35.0834     2.1453     0.0154          0     32.250 337.337167  1022.2753     -0.328     -0.045  0.000e+00
     -0.286    28.5488   5.692731    35.0814     2.1447     0.0116          0     32.500 337.337170  1022.2741     -0.285     -0.045  0.000e+00
     -0.200    28.5485   5.694994    35.0973     2.1413    -0.0097          0     32.750 337.337173  1022.2865     -0.199     -0.038  0.000e+00
     -0.157    28.5489   5.697479    35.1143     2.1378    -0.0090          0     33.000 337.337176  1022.2993     -0.156     -0.008  0.000e+00
     -0.157    28.5508   5.699293    35.1255     2.1233    -0.0052          0     33.250 337.337179  1022.3071     -0.156      0.025  0.000e+00
     -0.167    28.5531   5.698759    35.1201     2.1188    -0.0044          0     33.500 337.337182  1022.3023     -0.167      0.065  0.000e+00
     -0.211    28.5546   5.698820    35.1194     2.1118    -0.0014          0     33.750 337.337185  1022.3010     -0.210      0.087  0.000e+00
     -0.286    28.5547   5.699010    35.1206     2.1044     0.0406          0     34.000 337.337188  1022.3016     -0.285      0.057  0.000e+00
     -0.308    28.5548   5.698949    35.1201     2.1049     0.0330          0     34.250 337.337190  1022.3011     -0.306      0.004  0.000e+00
     -0.340    28.5549   5.698309    35.1156     2.1071     0.0360          0     34.500 337.337193  1022.2975     -0.339     -0.057  0.000e+00
     -0.254    28.5550   5.698149    35.1144     2.1171     0.0322          0     34.750 337.337196  1022.2970     -0.253     -0.079  0.000e+00
     -0.157    28.5545   5.699460    35.1239     2.1124     0.0109          0     35.000 337.337199  1022.3046     -0.156     -0.049  0.000e+00
     -0.103    28.5554   5.699719    35.1250     2.1046     0.0139          0     35.250 337.337202  1022.3054     -0.102      0.007  0.000e+00
     -0.092    28.5564   5.699552    35.1231     2.1003     0.0124          0     35.500 337.337205  1022.3037     -0.091      0.063  0.000e+00
     -0.178    28.5572   5.698850    35.1177     2.0946     0.0070          0     35.750 337.337208  1022.2990     -0.177      0.087  0.000e+00
     -0.254    28.5568   5.696968    35.1049     2.0976     0.0521          0     36.000 337.337211  1022.2892     -0.253      0.078  0.000e+00
     -0.308    28.5548   5.695467    35.0960     2.0932     0.0475          0     36.250 337.337214  1022.2829     -0.306      0.032  0.000e+00
     -0.297    28.5529   5.694255    35.0890     2.1062     0.0459          0     36.500 337.337216  1022.2784     -0.296     -0.017  0.000e+00
     -0.275    28.5516   5.693272    35.0831     2.1123     0.0459          0     36.750 337.337219  1022.2745     -0.274     -0.072  0.000e+00
     -0.211    28.5517   5.692823    35.0799     2.1104     0.0047          0     37.000 337.337222  1022.2723     -0.210     -0.085  0.000e+00
     -0.146    28.5515   5.693006    35.0813     2.1116     0.0101          0     37.250 337.337225  1022.2737     -0.145     -0.051  0.000e+00
     -0.092    28.5511   5.692983    35.0814     2.1167     0.0047          0     37.500 337.337228  1022.2742     -0.091      0.014  0.000e+00
     -0.081    28.5497   5.693112    35.0833     2.1008     0.0116          0     37.750 337.337231  1022.2761     -0.080      0.086  0.000e+00
     -0.124    28.5483   5.693844    35.0895     2.0951     0.0101          0     38.000 337.337234  1022.2810     -0.124      0.116  0.000e+00
     -0.265    28.5470   5.694545    35.0953     2.0928     0.0421          0     38.250 337.337237  1022.2852     -0.263      0.080  0.000e+00
     -0.373    28.5460   5.695817    35.1049     2.0873     0.0505          0     38.500 337.337240  1022.2923     -0.371     -0.002  0.000e+00
     -0.416    28.5459   5.697539    35.1170     2.0906     0.0459          0     38.750 337.337242  1022.3012     -0.414     -0.088  0.000e+00
     -0.297    28.5476   5.703066    35.1541     2.0896     0.0536          0     39.000 337.337245  1022.3290     -0.296     -0.127  0.000e+00
     -0.135    28.5521   5.706109    35.1719     2.0945     0.0414          0     39.250 337.337248  1022.3416     -0.134     -0.099  0.000e+00
     -0.027    28.5548   5.706520    35.1727     2.0913     0.0360          0     39.500 337.337251  1022.3418     -0.027     -0.027  0.000e+00
     -0.049    28.5561   5.706520    35.1717     2.0756     0.0353          0     39.750 337.337254  1022.3405     -0.048      0.050  0.000e+00
     -0.167    28.5576   5.705941    35.1666     2.0682     0.0330          0     40.000 337.337257  1022.3357     -0.167      0.097  0.000e+00
     -0.297    28.5585   5.705750    35.1647     2.0588    -0.0151          0     40.250 337.337260  1022.3334     -0.296      0.099  0.000e+00
     -0.395    28.5588   5.705338    35.1616     2.0568    -0.0166          0     40.500 337.337263  1022.3306     -0.392      0.041  0.000e+00
     -0.405    28.5594   5.703676    35.1496     2.0645    -0.0181          0     40.750 337.337266  1022.3213     -0.403     -0.048  0.000e+00
     -0.330    28.5593   5.701777    35.1365     2.0759    -0.0059          0     41.000 337.337269  1022.3118     -0.328     -0.128  0.000e+00
     -0.146    28.5587   5.705079    35.1598     2.0837     0.0101          0     41.250 337.337271  1022.3303     -0.145     -0.126  0.000e+00
     -0.016    28.5604   5.706642    35.1694     2.0848     0.0009          0     41.500 337.337274  1022.3375     -0.016     -0.045  0.000e+00
      0.005    28.5636   5.707352    35.1719     2.0795     0.0086          0     41.750 337.337277  1022.3384      0.005      0.069  0.000e+00
     -0.081    28.5659   5.707634    35.1722     2.0705     0.0032          0     42.000 337.337280  1022.3375     -0.081      0.151  0.000e+00
     -0.222    28.5673   5.706871    35.1659     2.0720     0.0147          0     42.250 337.337283  1022.3318     -0.220      0.159  0.000e+00
     -0.362    28.5677   5.706871    35.1657     2.0719     0.0116          0     42.500 337.337286  1022.3308     -0.360      0.089  0.000e+00
     -0.351    28.5681   5.705033    35.1526     2.0730     0.0047          0     42.750 337.337289  1022.3209     -0.349     -0.006  0.000e+00
     -0.276    28.5680   5.703386    35.1412     2.0662     0.0109          0     43.000 337.337292  1022.3127     -0.274     -0.088  0.000e+00
     -0.146    28.5680   5.705941    35.1589     2.0951     0.0124          0     43.250 337.337295  1022.3266     -0.145     -0.118  0.000e+00
     -0.038    28.5687   5.707702    35.1706     2.0941     0.0559          0     43.500 337.337297  1022.3356     -0.038     -0.071  0.000e+00
     -0.005    28.5703   5.708625    35.1758     2.1079     0.0589          0     43.750 337.337300  1022.3391     -0.005      0.022  0.000e+00
     -0.081    28.5714   5.708785    35.1761     2.1039     0.0574          0     44.000 337.337303  1022.3386     -0.081      0.100  0.000e+00
     -0.211    28.5706   5.707512    35.1679     2.0923     0.0582          0     44.250 337.337306  1022.3322     -0.210      0.121  0.000e+00
     -0.297    28.5692   5.705124    35.1524     2.0881     0.0147          0     44.500 337.337309  1022.3207     -0.296      0.081  0.000e+00
     -0.254    28.5682   5.702875    35.1375     2.1103     0.0337          0     44.750 337.337312  1022.3100     -0.253      0.010  0.000e+00
     -0.167    28.5686   5.703386    35.1408     2.1182     0.0200          0     45.000 337.337315  1022.3126     -0.167     -0.041  0.000e+00
     -0.059    28.5696   5.705750    35.1563     2.1366     0.0223          0     45.250 337.337318  1022.3245     -0.059     -0.050  0.000e+00
     -0.016    28.5701   5.707222    35.1662     2.1346     0.1245          0     45.500 337.337321  1022.3319     -0.016     -0.019  0.000e+00
     -0.038    28.5711   5.707603    35.1681     2.1443     0.1184          0     45.750 337.337323  1022.3329     -0.038      0.033  0.000e+00
     -0.103    28.5724   5.707435    35.1660     2.1445     0.1146          0     46.000 337.337326  1022.3306     -0.102      0.079  0.000e+00
     -0.200    28.5730   5.706291    35.1576     2.1507     0.1245          0     46.250 337.337329  1022.3237     -0.199      0.081  0.000e+00
     -0.232    28.5724   5.704667    35.1468     2.1410     0.1230          0     46.500 337.337332  1022.3156     -0.231      0.038  0.000e+00
     -0.200    28.5709   5.703005    35.1364     2.1331     0.0406          0     46.750 337.337335  1022.3084     -0.199     -0.023  0.000e+00
     -0.081    28.5696   5.702494    35.1338     2.1448     0.0345          0     47.000 337.337338  1022.3075     -0.081     -0.045  0.000e+00
      0.049    28.5694   5.705209    35.1528     2.1113     0.0376          0     47.250 337.337341  1022.3223      0.049     -0.014  0.000e+00
      0.124    28.5696   5.707222    35.1665     2.1306     0.0330          0     47.500 337.337344  1022.3329      0.124      0.058  0.000e+00
      0.135    28.5707   5.707924    35.1706     2.1216     0.0452          0     47.750 337.337347  1022.3356      0.135      0.135  0.000e+00
      0.006    28.5719   5.706962    35.1631     2.1118     0.0467          0     48.000 337.337350  1022.3290      0.005      0.160  0.000e+00
     -0.103    28.5714   5.705300    35.1519     2.1048     0.0513          0     48.250 337.337352  1022.3204     -0.102      0.132  0.000e+00
     -0.157    28.5695   5.704629    35.1487     2.1045     0.0551          0     48.500 337.337355  1022.3184     -0.156      0.057  0.000e+00
     -0.113    28.5683   5.707412    35.1689     2.0992     0.0147          0     48.750 337.337358  1022.3341     -0.113     -0.020  0.000e+00
     -0.005    28.5690   5.709495    35.1828     2.1225     0.0299          0     49.000 337.337361  1022.3448     -0.005     -0.066  0.000e+00
      0.114    28.5705   5.710197    35.1865     2.1252     0.0238          0     49.250 337.337364  1022.3476      0.113     -0.053  0.000e+00
      0.157    28.5705   5.710418    35.1880     2.1226     0.0231          0     49.500 337.337367  1022.3489      0.156      0.002  0.000e+00
      0.135    28.5698   5.710487    35.1890     2.1162     0.0261          0     49.750 337.337370  1022.3498      0.135      0.069  0.000e+00
      0.060    28.5697   5.710098    35.1864     2.1052     0.0131          0     50.000 337.337373  1022.3475      0.059      0.119  0.000e+00
      0.038    28.5696   5.709106    35.1797     2.0942     0.0261          0     50.250 337.337376  1022.3425      0.038      0.125  0.000e+00
      0.006    28.5688   5.707512    35.1692     2.0828     0.0299          0     50.500 337.337378  1022.3347      0.006      0.084  0.000e+00
      0.038    28.5677   5.706421    35.1624     2.0744     0.0330          0     50.750 337.337381  1022.3301      0.038      0.026  0.000e+00
      0.103    28.5673   5.706009    35.1598     2.0729     0.0437          0     51.000 337.337384  1022.3286      0.102     -0.013  0.000e+00
      0.157    28.5674   5.705925    35.1592     2.0711     0.0330          0     51.250 337.337387  1022.3283      0.156     -0.016  0.000e+00
      0.189    28.5680   5.705750    35.1575     2.0695     0.0376          0     51.500 337.337390  1022.3270      0.188      0.019  0.000e+00
      0.200    28.5681   5.706131    35.1601     2.0775     0.0330          0     51.750 337.337393  1022.3289      0.199      0.066  0.000e+00
      0.200    28.5682   5.705750    35.1574     2.0755     0.0345          0     52.000 337.337396  1022.3268      0.199      0.102  0.000e+00
      0.189    28.5681   5.705880    35.1583     2.0805     0.0299          0     52.250 337.337399  1022.3275      0.188      0.107  0.000e+00
      0.189    28.5679   5.706421    35.1622     2.0790     0.0353          0     52.500 337.337402  1022.3305      0.188      0.095  0.000e+00
      0.157    28.5681   5.706070    35.1597     2.0753     0.0276          0     52.750 337.337405  1022.3284      0.156      0.054  0.000e+00
      0.179    28.5678   5.705437    35.1555     2.0490     0.0231          0     53.000 337.337407  1022.3255      0.178      0.019  0.000e+00
      0.211    28.5674   5.705849    35.1586     2.0548     0.0315          0     53.250 337.337410  1022.3281      0.210      0.006  0.000e+00
      0.233    28.5670   5.706803    35.1655     2.0370     0.0353          0     53.500 337.337413  1022.3335      0.231      0.009  0.000e+00
      0.254    28.5672   5.706871    35.1659     2.0420     0.0154          0     53.750 337.337416  1022.3338      0.253      0.023  0.000e+00
      0.265    28.5674   5.706490    35.1631     2.0503     0.0177          0     54.000 337.337419  1022.3317      0.264      0.040  0.000e+00
      0.352    28.5675   5.706932    35.1660     2.0604     0.0223          0     54.250 337.337422  1022.3342      0.350      0.075  0.000e+00
      0.449    28.5673   5.707733    35.1717     2.0676     0.0200          0     54.500 337.337425  1022.3390      0.446      0.123  0.000e+00
      0.524    28.5678   5.708198    35.1746     2.0955     0.0192          0     54.750 337.337428  1022.3413      0.522      0.173  0.000e+00
      0.568    28.5685   5.708374    35.1753     2.1192     0.0116          0     55.000 337.337431  1022.3417      0.565      0.202  0.000e+00
      0.492    28.5690   5.708755    35.1776     2.1177     0.0337          0     55.250 337.337433  1022.3430      0.489      0.190  0.000e+00
