ctd_mafia/cnv/SBE19plus_01906740_2018_12_07_0103.cnv
* Sea-Bird SBE19plus  Data File:
* FileName = C:\Users\all user\Desktop\Patroba _ WWF Mapping Mafia\SBE19plus_01906740_2018_12_07_0103.hex
* Software version 2.6.3.104
* Temperature SN = 6740
* Conductivity SN = 6740
* System UpLoad Time = Dec 07 2018 14:36:21
* <ApplicationData>
* <Seaterm232>
# nquan = 13
# nvalues = 1549                                  
# units = specified
# name 0 = prdM: Pressure, Strain Gauge [db]
# name 1 = tv290C: Temperature [ITS-90, deg C]
# name 2 = c0S/m: Conductivity [S/m]
# name 3 = sal00: Salinity, Practical [PSU]
# name 4 = sbeox0ML/L: Oxygen, SBE 43 [ml/l]
# name 5 = flECO-AFL: Fluorescence, WET Labs ECO-AFL/FL [mg/m^3]
# name 6 = nbf: Bottles Fired
# name 7 = timeS: Time, Elapsed [seconds]
# name 8 = timeJ: Julian Days
# name 9 = density00: Density [density, kg/m^3]
# name 10 = depSM: Depth [salt water, m], lat = 0.00
# name 11 = dz/dtM: Descent Rate [m/s]
# name 12 = flag:  0.000e+00
# span 0 =     -1.381,     20.824                 
# span 1 =    27.2294,    28.6149                 
# span 2 =   0.247291,   5.733262                 
# span 3 =     1.2127,    35.3791                 
# span 4 =     1.7644,     2.8104                 
# span 5 =    -0.4004,     0.9706                 
# span 6 =          0,          0                 
# span 7 =      0.000,    387.000                 
# span 8 = 338.414271, 338.418750                 
# span 9 =   997.3571,  1022.9382                 
# span 10 =     -1.373,     20.709                
# span 11 =     -1.004,      0.229                
# span 12 = 0.0000e+00, 0.0000e+00                
# interval = seconds: 0.25
# start_time = Dec 04 2018 09:56:33 [Instrument's time stamp, header]
# bad_flag = -9.990e-29
*END*
[from data line 334]
      1.560    28.3954   5.709308    35.3101     2.0781     0.0139          0     83.500 338.415237  1022.5046      1.551      0.027  0.000e+00
      1.538    28.3946   5.709346    35.3110     2.0788     0.0116          0     83.750 338.415240  1022.5055      1.529      0.015  0.000e+00
      1.570    28.3943   5.709369    35.3114     2.0799     0.0101          0     84.000 338.415243  1022.5060      1.562      0.014  0.000e+00
      1.614    28.3941   5.709369    35.3116     2.0794    -0.0014          0     84.250 338.415246  1022.5063      1.605      0.020  0.000e+00
      1.646    28.3942   5.709369    35.3115     2.0783     0.0070          0     84.500 338.415249  1022.5064      1.637      0.040  0.000e+00
      1.646    28.3940   5.709179    35.3103     2.0773     0.0162          0     84.750 338.415252  1022.5056      1.637      0.053  0.000e+00
      1.678    28.3935   5.709308    35.3115     2.0757     0.0093          0     85.000 338.415255  1022.5068      1.669      0.068  0.000e+00
      1.689    28.3934   5.709400    35.3123     2.0773     0.0147          0     85.250 338.415258  1022.5074      1.680      0.081  0.000e+00
      1.678    28.3939   5.709407    35.3119     2.0762     0.0101          0     85.500 338.415260  1022.5070      1.669      0.079  0.000e+00
      1.711    28.3941   5.709308    35.3111     2.0749     0.0101          0     85.750 338.415263  1022.5064      1.702      0.080  0.000e+00
      1.754    28.3935   5.708279    35.3043     2.0828     0.0147          0     86.000 338.415266  1022.5017      1.745      0.076  0.000e+00
      1.787    28.3893   5.708058    35.3059     2.0774     0.0223          0     86.250 338.415269  1022.5045      1.777      0.076  0.000e+00
      1.787    28.3857   5.708058    35.3086     2.0829     0.0177          0     86.500 338.415272  1022.5076      1.777      0.077  0.000e+00
      1.819    28.3840   5.708119    35.3103     2.0816     0.0147          0     86.750 338.415275  1022.5096      1.809      0.086  0.000e+00
      1.830    28.3826   5.707745    35.3087     2.0845     0.0078          0     87.000 338.415278  1022.5089      1.820      0.086  0.000e+00
      1.830    28.3817   5.707356    35.3067     2.0856     0.0101          0     87.250 338.415281  1022.5077      1.820      0.084  0.000e+00
      1.830    28.3798   5.707417    35.3085     2.0903     0.0170          0     87.500 338.415284  1022.5097      1.820      0.076  0.000e+00
      1.830    28.3779   5.707287    35.3091     2.0925     0.0101          0     87.750 338.415286  1022.5107      1.820      0.055  0.000e+00
      1.851    28.3769   5.707486    35.3112     2.0904     0.0192          0     88.000 338.415289  1022.5127      1.841      0.041  0.000e+00
      1.862    28.3763   5.707097    35.3089     2.0917     0.0070          0     88.250 338.415292  1022.5113      1.852      0.035  0.000e+00
      1.873    28.3755   5.706334    35.3042     2.0876     0.0047          0     88.500 338.415295  1022.5080      1.863      0.035  0.000e+00
      1.873    28.3731   5.706296    35.3057     2.0875     0.0070          0     88.750 338.415298  1022.5100      1.863      0.029  0.000e+00
      1.895    28.3729   5.707638    35.3152     2.0845     0.0116          0     89.000 338.415301  1022.5173      1.884      0.034  0.000e+00
      1.895    28.3769   5.708058    35.3151     2.0839    -0.0288          0     89.250 338.415304  1022.5159      1.884      0.037  0.000e+00
      1.927    28.3792   5.706685    35.3038     2.0867    -0.0250          0     89.500 338.415307  1022.5067      1.917      0.045  0.000e+00
      1.895    28.3739   5.705053    35.2964     2.0838    -0.0334          0     89.750 338.415310  1022.5028      1.884      0.038  0.000e+00
      1.927    28.3653   5.702781    35.2870     2.0852    -0.0296          0     90.000 338.415313  1022.4987      1.917      0.035  0.000e+00
      1.960    28.3492   5.700098    35.2802     2.0917    -0.0067          0     90.250 338.415315  1022.4991      1.949      0.042  0.000e+00
      1.970    28.3321   5.701447    35.3025     2.0829     0.0047          0     90.500 338.415318  1022.5215      1.960      0.048  0.000e+00
      1.970    28.3263   5.700678    35.3014     2.0878    -0.0006          0     90.750 338.415321  1022.5226      1.960      0.050  0.000e+00
      1.992    28.3247   5.701089    35.3054     2.0901    -0.0052          0     91.000 338.415324  1022.5262      1.981      0.051  0.000e+00
      2.003    28.3236   5.698315    35.2869     2.0843     0.0101          0     91.250 338.415327  1022.5127      1.992      0.055  0.000e+00
      2.024    28.3122   5.697835    35.2921     2.0879     0.0063          0     91.500 338.415330  1022.5205      2.013      0.057  0.000e+00
      2.046    28.3013   5.697484    35.2977     2.0892     0.0086          0     91.750 338.415333  1022.5284      2.035      0.067  0.000e+00
      2.068    28.2934   5.697233    35.3019     2.0898     0.0025          0     92.000 338.415336  1022.5342      2.056      0.064  0.000e+00
      2.111    28.2885   5.697104    35.3046     2.0887     0.0093          0     92.250 338.415339  1022.5381      2.099      0.072  0.000e+00
      2.122    28.2854   5.696997    35.3061     2.0923     0.0109          0     92.500 338.415341  1022.5403      2.110      0.081  0.000e+00
      2.143    28.2837   5.697104    35.3082     2.0969     0.0032          0     92.750 338.415344  1022.5425      2.132      0.089  0.000e+00
      2.143    28.2827   5.696913    35.3076     2.1017     0.0116          0     93.000 338.415347  1022.5424      2.132      0.086  0.000e+00
      2.133    28.2825   5.696974    35.3082     2.1009     0.0177          0     93.250 338.415350  1022.5428      2.121      0.075  0.000e+00
      2.133    28.2821   5.697165    35.3098     2.0923     0.0063          0     93.500 338.415353  1022.5442      2.121      0.058  0.000e+00
      2.133    28.2829   5.697073    35.3086     2.0905     0.0025          0     93.750 338.415356  1022.5430      2.121      0.040  0.000e+00
      2.143    28.2835   5.697005    35.3077     2.0916     0.0131          0     94.000 338.415359  1022.5421      2.132      0.025  0.000e+00
      2.154    28.2831   5.696974    35.3077     2.0917     0.0147          0     94.250 338.415362  1022.5424      2.142      0.014  0.000e+00
      2.176    28.2829   5.696997    35.3080     2.0945     0.0093          0     94.500 338.415365  1022.5428      2.164      0.017  0.000e+00
      2.219    28.2826   5.696845    35.3072     2.1014     0.0040          0     94.750 338.415367  1022.5424      2.207      0.030  0.000e+00
      2.241    28.2823   5.697294    35.3105     2.1024     0.0070          0     95.000 338.415370  1022.5451      2.228      0.050  0.000e+00
      2.241    28.2839   5.697904    35.3136     2.1003     0.0131          0     95.250 338.415373  1022.5469      2.228      0.064  0.000e+00
      2.284    28.2879   5.698536    35.3150     2.0988     0.0002          0     95.500 338.415376  1022.5468      2.271      0.079  0.000e+00
      2.327    28.2922   5.698796    35.3136     2.1043    -0.0044          0     95.750 338.415379  1022.5445      2.314      0.096  0.000e+00
      2.349    28.2953   5.698376    35.3083     2.1031     0.0032          0     96.000 338.415382  1022.5396      2.336      0.105  0.000e+00
      2.381    28.2965   5.699024    35.3120     2.0998     0.0002          0     96.250 338.415385  1022.5421      2.368      0.112  0.000e+00
      2.381    28.2986   5.698956    35.3100     2.0998    -0.0052          0     96.500 338.415388  1022.5399      2.368      0.107  0.000e+00
      2.392    28.2995   5.698567    35.3065     2.0989     0.0192          0     96.750 338.415391  1022.5371      2.379      0.097  0.000e+00
      2.381    28.2990   5.698567    35.3069     2.1028     0.0261          0     97.000 338.415394  1022.5374      2.368      0.084  0.000e+00
      2.392    28.2997   5.698536    35.3061     2.0955     0.0231          0     97.250 338.415396  1022.5367      2.379      0.071  0.000e+00
      2.381    28.2995   5.698536    35.3063     2.0991     0.0238          0     97.500 338.415399  1022.5369      2.368      0.044  0.000e+00
      2.414    28.2987   5.698536    35.3069     2.1047     0.0299          0     97.750 338.415402  1022.5377      2.400      0.031  0.000e+00
      2.446    28.2976   5.698285    35.3060     2.1106     0.0162          0     98.000 338.415405  1022.5375      2.433      0.032  0.000e+00
      2.489    28.2962   5.698132    35.3059     2.1149     0.0200          0     98.250 338.415408  1022.5381      2.476      0.045  0.000e+00
      2.500    28.2949   5.698125    35.3068     2.1084     0.0261          0     98.500 338.415411  1022.5393      2.486      0.061  0.000e+00
      2.533    28.2945   5.698315    35.3084     2.1053     0.0032          0     98.750 338.415414  1022.5408      2.519      0.079  0.000e+00
      2.554    28.2946   5.698315    35.3084     2.1079     0.0101          0     99.000 338.415417  1022.5408      2.540      0.095  0.000e+00
      2.587    28.2946   5.697675    35.3039     2.1113     0.0025          0     99.250 338.415420  1022.5375      2.572      0.106  0.000e+00
      2.587    28.2923   5.697424    35.3039     2.1068     0.0154          0     99.500 338.415422  1022.5383      2.572      0.107  0.000e+00
      2.597    28.2898   5.697393    35.3055     2.1055     0.0025          0     99.750 338.415425  1022.5404      2.583      0.094  0.000e+00
      2.597    28.2885   5.697706    35.3087     2.0940    -0.0029          0    100.000 338.415428  1022.5432      2.583      0.077  0.000e+00
      2.619    28.2890   5.697950    35.3100     2.0970     0.0002          0    100.250 338.415431  1022.5442      2.605      0.065  0.000e+00
      2.673    28.2897   5.697775    35.3082     2.1019    -0.0075          0    100.500 338.415434  1022.5428      2.658      0.070  0.000e+00
      2.695    28.2905   5.697904    35.3085     2.0977     0.0047          0    100.750 338.415437  1022.5428      2.680      0.072  0.000e+00
      2.673    28.2916   5.698095    35.3090     2.0930     0.0063          0    101.000 338.415440  1022.5428      2.658      0.066  0.000e+00
      2.716    28.2928   5.698125    35.3084     2.0939     0.0040          0    101.250 338.415443  1022.5421      2.701      0.070  0.000e+00
      2.727    28.2933   5.698156    35.3082     2.0934     0.0215          0    101.500 338.415446  1022.5418      2.712      0.076  0.000e+00
      2.738    28.2937   5.698415    35.3097     2.0971     0.0147          0    101.750 338.415448  1022.5429      2.723      0.076  0.000e+00
      2.749    28.2944   5.698285    35.3082     2.1006     0.0177          0    102.000 338.415451  1022.5416      2.734      0.073  0.000e+00
      2.760    28.2947   5.698438    35.3091     2.0996     0.0078          0    102.250 338.415454  1022.5421      2.744      0.062  0.000e+00
      2.770    28.2954   5.698636    35.3099     2.0932     0.0070          0    102.500 338.415457  1022.5426      2.755      0.050  0.000e+00
      2.781    28.2963   5.698537    35.3086     2.0960     0.0093          0    102.750 338.415460  1022.5414      2.766      0.050  0.000e+00
      2.781    28.2963   5.698445    35.3080     2.0942     0.0032          0    103.000 338.415463  1022.5409      2.766      0.049  0.000e+00
      2.781    28.2961   5.698605    35.3092     2.0927     0.0047          0    103.250 338.415466  1022.5419      2.766      0.035  0.000e+00
      2.760    28.2969   5.698956    35.3111     2.0895     0.0032          0    103.500 338.415469  1022.5429      2.744      0.023  0.000e+00
      2.749    28.2986   5.699306    35.3122     2.0899     0.0086          0    103.750 338.415472  1022.5432      2.734      0.009  0.000e+00
      2.803    28.3013   5.699238    35.3098     2.0918     0.0337          0    104.000 338.415475  1022.5407      2.787      0.011  0.000e+00
      2.835    28.3024   5.700137    35.3152     2.0978     0.0292          0    104.250 338.415477  1022.5446      2.820      0.021  0.000e+00
      2.846    28.3071   5.702020    35.3249     2.0928     0.0391          0    104.500 338.415480  1022.5503      2.830      0.032  0.000e+00
      2.878    28.3167   5.703011    35.3246     2.0952     0.0368          0    104.750 338.415483  1022.5471      2.863      0.049  0.000e+00
      2.889    28.3270   5.703392    35.3196     2.0980     0.0299          0    105.000 338.415486  1022.5400      2.873      0.066  0.000e+00
      2.900    28.3342   5.703362    35.3139     2.0996     0.0223          0    105.250 338.415489  1022.5334      2.884      0.078  0.000e+00
      2.889    28.3378   5.703262    35.3105     2.0949     0.0284          0    105.500 338.415492  1022.5296      2.873      0.079  0.000e+00
      2.933    28.3395   5.703415    35.3103     2.0925     0.0284          0    105.750 338.415495  1022.5291      2.916      0.078  0.000e+00
      2.965    28.3404   5.703102    35.3075     2.0915     0.0238          0    106.000 338.415498  1022.5268      2.949      0.070  0.000e+00
      2.976    28.3394   5.702942    35.3071     2.0942     0.0063          0    106.250 338.415501  1022.5269      2.959      0.068  0.000e+00
      2.987    28.3384   5.703072    35.3087     2.0944     0.0124          0    106.500 338.415503  1022.5285      2.970      0.069  0.000e+00
      2.987    28.3384   5.702942    35.3078     2.0878     0.0124          0    106.750 338.415506  1022.5278      2.970      0.063  0.000e+00
      2.997    28.3379   5.702691    35.3064     2.0863     0.0063          0    107.000 338.415509  1022.5269      2.981      0.062  0.000e+00
      3.019    28.3373   5.702660    35.3067     2.0968    -0.0220          0    107.250 338.415512  1022.5275      3.002      0.062  0.000e+00
      3.062    28.3354   5.700930    35.2960     2.0960    -0.0143          0    107.500 338.415515  1022.5202      3.045      0.068  0.000e+00
      3.106    28.3273   5.699847    35.2945     2.0961    -0.0105          0    107.750 338.415518  1022.5220      3.088      0.072  0.000e+00
      3.116    28.3176   5.699748    35.3011     2.0911    -0.0113          0    108.000 338.415521  1022.5301      3.099      0.079  0.000e+00
      3.149    28.3119   5.699558    35.3040     2.0913     0.0337          0    108.250 338.415524  1022.5343      3.131      0.092  0.000e+00
      3.160    28.3086   5.699657    35.3071     2.0942     0.0192          0    108.500 338.415527  1022.5378      3.142      0.100  0.000e+00
      3.170    28.3080   5.700259    35.3118     2.0919     0.0162          0    108.750 338.415530  1022.5416      3.153      0.102  0.000e+00
      3.203    28.3094   5.699909    35.3082     2.1069     0.0253          0    109.000 338.415532  1022.5386      3.185      0.101  0.000e+00
      3.246    28.3096   5.700069    35.3092     2.1076     0.0246          0    109.250 338.415535  1022.5394      3.228      0.100  0.000e+00
      3.257    28.3095   5.700221    35.3103     2.1074    -0.0014          0    109.500 338.415538  1022.5404      3.239      0.093  0.000e+00
      3.224    28.3104   5.699848    35.3071     2.1096    -0.0006          0    109.750 338.415541  1022.5375      3.207      0.076  0.000e+00
      3.257    28.3098   5.699787    35.3071     2.1087    -0.0082          0    110.000 338.415544  1022.5378      3.239      0.071  0.000e+00
      3.311    28.3084   5.699367    35.3052     2.1103     0.0002          0    110.250 338.415547  1022.5370      3.293      0.074  0.000e+00
      3.376    28.3067   5.698666    35.3016     2.1047     0.0070          0    110.500 338.415550  1022.5352      3.357      0.092  0.000e+00
      3.408    28.3021   5.697424    35.2963     2.0980    -0.0044          0    110.750 338.415553  1022.5329      3.389      0.107  0.000e+00
