ctd_mafia/cnv/SBE19plus_01906740_2018_12_07_0084.cnv
* Sea-Bird SBE19plus  Data File:
* FileName = C:\Users\all user\Desktop\Patroba _ WWF Mapping Mafia\SBE19plus_01906740_2018_12_07_0084.hex
* Software version 2.6.3.104
* Temperature SN = 6740
* Conductivity SN = 6740
* System UpLoad Time = Dec 07 2018 14:32:11
* <ApplicationData>
* <Seaterm232>
# nquan = 13
# nvalues = 772                                   
# units = specified
# name 0 = prdM: Pressure, Strain Gauge [db]
# name 1 = tv290C: Temperature [ITS-90, deg C]
# name 2 = c0S/m: Conductivity [S/m]
# name 3 = sal00: Salinity, Practical [PSU]
# name 4 = sbeox0ML/L: Oxygen, SBE 43 [ml/l]
# name 5 = flECO-AFL: Fluorescence, WET Labs ECO-AFL/FL [mg/m^3]
# name 6 = nbf: Bottles Fired
# name 7 = timeS: Time, Elapsed [seconds]
# name 8 = timeJ: Julian Days
# name 9 = density00: Density [density, kg/m^3]
# name 10 = depSM: Depth [salt water, m], lat = 0.00
# name 11 = dz/dtM: Descent Rate [m/s]
# name 12 = flag:  0.000e+00
# span 0 =     -1.368,     16.103                 
# span 1 =    28.0658,    28.8430                 
# span 2 =   0.112145,   5.769980                 
# span 3 =     0.5151,    35.6930                 
# span 4 =     1.8585,     2.9770                 
# span 5 =    -0.4393,    48.6795                 
# span 6 =          0,          0                 
# span 7 =      0.000,    192.750                 
# span 8 = 337.415706, 337.417937                 
# span 9 =   996.4126,  1022.8208                 
# span 10 =     -1.361,     16.013                
# span 11 =     -0.948,      0.358                
# span 12 = 0.0000e+00, 0.0000e+00                
# interval = seconds: 0.25
# start_time = Dec 03 2018 09:58:37 [Instrument's time stamp, header]
# bad_flag = -9.990e-29
*END*
[from data line 445]
      8.265    28.1069   5.667315    35.2300     2.0311     0.0009          0    111.250 337.416994  1022.5681      8.220      0.222  0.000e+00
      8.287    28.1073   5.667315    35.2297     2.0382     0.0147          0    111.500 337.416997  1022.5678      8.241      0.216  0.000e+00
      8.341    28.1073   5.667346    35.2299     2.0432     0.0269          0    111.750 337.416999  1022.5682      8.295      0.202  0.000e+00
      8.395    28.1072   5.667186    35.2289     2.0276     0.0261          0    112.000 337.417002  1022.5676      8.349      0.179  0.000e+00
      8.438    28.1067   5.667156    35.2290     2.0342     0.0200          0    112.250 337.417005  1022.5681      8.392      0.162  0.000e+00
      8.471    28.1061   5.666996    35.2283     2.0322     0.0261          0    112.500 337.417008  1022.5679      8.424      0.153  0.000e+00
      8.568    28.1055   5.666996    35.2287     2.0285     0.0215          0    112.750 337.417011  1022.5688      8.521      0.169  0.000e+00
      8.600    28.1049   5.666867    35.2283     2.0274     0.0231          0    113.000 337.417014  1022.5688      8.553      0.184  0.000e+00
      8.633    28.1042   5.666905    35.2291     2.0192     0.0131          0    113.250 337.417017  1022.5698      8.585      0.196  0.000e+00
      8.633    28.1038   5.666867    35.2291     2.0218     0.0147          0    113.500 337.417020  1022.5700      8.585      0.187  0.000e+00
      8.655    28.1036   5.666890    35.2294     2.0226     0.0261          0    113.750 337.417023  1022.5703      8.607      0.166  0.000e+00
      8.719    28.1037   5.666935    35.2296     2.0240     0.0231          0    114.000 337.417025  1022.5708      8.671      0.156  0.000e+00
      8.784    28.1038   5.666966    35.2298     2.0251     0.0208          0    114.250 337.417028  1022.5711      8.736      0.156  0.000e+00
      8.838    28.1041   5.667247    35.2315     2.0258     0.0322          0    114.500 337.417031  1022.5725      8.790      0.159  0.000e+00
      8.892    28.1050   5.667247    35.2308     2.0278     0.0200          0    114.750 337.417034  1022.5719      8.843      0.160  0.000e+00
      8.946    28.1057   5.667186    35.2298     2.0258     0.0223          0    115.000 337.417037  1022.5712      8.897      0.180  0.000e+00
      9.022    28.1059   5.667217    35.2299     2.0306     0.0124          0    115.250 337.417040  1022.5715      8.972      0.206  0.000e+00
      9.098    28.1058   5.667247    35.2301     2.0249     0.0208          0    115.500 337.417043  1022.5720      9.048      0.235  0.000e+00
      9.152    28.1061   5.667187    35.2295     2.0293     0.0047          0    115.750 337.417046  1022.5717      9.101      0.247  0.000e+00
      9.152    28.1062   5.667217    35.2296     2.0264     0.0086          0    116.000 337.417049  1022.5717      9.101      0.232  0.000e+00
      9.195    28.1062   5.667247    35.2298     2.0188     0.0017          0    116.250 337.417052  1022.5721      9.144      0.217  0.000e+00
      9.195    28.1062   5.667217    35.2296     2.0236     0.0177          0    116.500 337.417054  1022.5719      9.144      0.192  0.000e+00
      9.217    28.1061   5.667247    35.2299     2.0273     0.0238          0    116.750 337.417057  1022.5723      9.166      0.163  0.000e+00
      9.292    28.1061   5.667316    35.2303     2.0290     0.0192          0    117.000 337.417060  1022.5729      9.241      0.147  0.000e+00
      9.368    28.1065   5.667095    35.2285     2.0179     0.0192          0    117.250 337.417063  1022.5717      9.316      0.143  0.000e+00
      9.433    28.1059   5.667042    35.2285     2.0287     0.0200          0    117.500 337.417066  1022.5722      9.381      0.153  0.000e+00
      9.498    28.1051   5.667126    35.2297     2.0309     0.0124          0    117.750 337.417069  1022.5736      9.445      0.178  0.000e+00
      9.563    28.1047   5.667027    35.2292     2.0350     0.0086          0    118.000 337.417072  1022.5737      9.510      0.212  0.000e+00
      9.617    28.1048   5.666997    35.2289     2.0297     0.0109          0    118.250 337.417075  1022.5737      9.564      0.233  0.000e+00
      9.638    28.1047   5.667187    35.2303     2.0356     0.0147          0    118.500 337.417078  1022.5749      9.585      0.243  0.000e+00
      9.682    28.1052   5.667347    35.2311     2.0341     0.0086          0    118.750 337.417080  1022.5754      9.628      0.235  0.000e+00
      9.779    28.1062   5.667506    35.2314     2.0418     0.0406          0    119.000 337.417083  1022.5758      9.725      0.228  0.000e+00
      9.811    28.1074   5.667537    35.2308     2.0437     0.0521          0    119.250 337.417086  1022.5751      9.757      0.217  0.000e+00
      9.844    28.1079   5.667567    35.2305     2.0398     0.0459          0    119.500 337.417089  1022.5748      9.789      0.205  0.000e+00
      9.898    28.1084   5.667598    35.2304     2.0319     0.0429          0    119.750 337.417092  1022.5748      9.843      0.198  0.000e+00
      9.930    28.1088   5.667598    35.2301     2.0323     0.0185          0    120.000 337.417095  1022.5746      9.875      0.190  0.000e+00
      9.963    28.1092   5.667598    35.2298     2.0318     0.0162          0    120.250 337.417098  1022.5744      9.908      0.184  0.000e+00
      9.973    28.1094   5.667636    35.2299     2.0431     0.0208          0    120.500 337.417101  1022.5744      9.918      0.171  0.000e+00
     10.017    28.1093   5.667636    35.2299     2.0453     0.0139          0    120.750 337.417104  1022.5747      9.961      0.154  0.000e+00
     10.092    28.1096   5.667636    35.2297     2.0450     0.0086          0    121.000 337.417106  1022.5747     10.037      0.146  0.000e+00
     10.211    28.1093   5.667560    35.2294     2.0464     0.0116          0    121.250 337.417109  1022.5751     10.155      0.175  0.000e+00
     10.287    28.1092   5.667567    35.2295     2.0461     0.0009          0    121.500 337.417112  1022.5755     10.230      0.206  0.000e+00
     10.308    28.1091   5.667598    35.2297     2.0578     0.0177          0    121.750 337.417115  1022.5758     10.252      0.222  0.000e+00
     10.298    28.1090   5.667636    35.2301     2.0600     0.0070          0    122.000 337.417118  1022.5761     10.241      0.222  0.000e+00
     10.330    28.1090   5.667636    35.2301     2.0559     0.0231          0    122.250 337.417121  1022.5762     10.273      0.215  0.000e+00
     10.352    28.1092   5.667697    35.2304     2.0592     0.0200          0    122.500 337.417124  1022.5765     10.295      0.197  0.000e+00
     10.384    28.1097   5.667666    35.2298     2.0548     0.0246          0    122.750 337.417127  1022.5760     10.327      0.166  0.000e+00
     10.427    28.1097   5.667567    35.2291     2.0513     0.0238          0    123.000 337.417130  1022.5756     10.370      0.134  0.000e+00
     10.482    28.1092   5.667537    35.2292     2.0605     0.0200          0    123.250 337.417133  1022.5761     10.424      0.114  0.000e+00
     10.546    28.1088   5.667537    35.2295     2.0573     0.0238          0    123.500 337.417135  1022.5767     10.488      0.125  0.000e+00
     10.600    28.1085   5.667476    35.2292     2.0621     0.0154          0    123.750 337.417138  1022.5769     10.542      0.153  0.000e+00
     10.676    28.1082   5.667476    35.2294     2.0600     0.0269          0    124.000 337.417141  1022.5775     10.617      0.187  0.000e+00
     10.752    28.1081   5.667476    35.2295     2.0645     0.0330          0    124.250 337.417144  1022.5779     10.693      0.214  0.000e+00
     10.838    28.1078   5.667476    35.2298     2.0552     0.0315          0    124.500 337.417147  1022.5786     10.779      0.244  0.000e+00
     10.892    28.1078   5.667476    35.2297     2.0515     0.0276          0    124.750 337.417150  1022.5787     10.832      0.262  0.000e+00
     10.892    28.1077   5.667438    35.2295     2.0479     0.0391          0    125.000 337.417153  1022.5787     10.832      0.255  0.000e+00
     10.860    28.1075   5.667507    35.2302     2.0470     0.0208          0    125.250 337.417156  1022.5791     10.800      0.220  0.000e+00
     10.849    28.1078   5.667537    35.2301     2.0542     0.0292          0    125.500 337.417159  1022.5788     10.789      0.171  0.000e+00
     10.860    28.1082   5.667598    35.2302     2.0571     0.0231          0    125.750 337.417161  1022.5789     10.800      0.122  0.000e+00
     10.914    28.1083   5.667598    35.2301     2.0610     0.0086          0    126.000 337.417164  1022.5790     10.854      0.084  0.000e+00
     10.990    28.1086   5.667476    35.2291     2.0599     0.0215          0    126.250 337.417167  1022.5784     10.929      0.071  0.000e+00
     11.087    28.1086   5.667446    35.2288     2.0641     0.0261          0    126.500 337.417170  1022.5786     11.026      0.089  0.000e+00
     11.195    28.1080   5.667477    35.2294     2.0547     0.0200          0    126.750 337.417173  1022.5798     11.133      0.141  0.000e+00
     11.238    28.1077   5.667477    35.2297     2.0477     0.0200          0    127.000 337.417176  1022.5803     11.176      0.200  0.000e+00
     11.238    28.1078   5.667477    35.2296     2.0432     0.0215          0    127.250 337.417179  1022.5801     11.176      0.235  0.000e+00
     11.227    28.1078   5.667507    35.2299     2.0481     0.0002          0    127.500 337.417182  1022.5803     11.165      0.233  0.000e+00
     11.271    28.1078   5.667568    35.2302     2.0452    -0.0014          0    127.750 337.417185  1022.5807     11.208      0.215  0.000e+00
     11.314    28.1080   5.667507    35.2296     2.0450    -0.0052          0    128.000 337.417188  1022.5804     11.251      0.184  0.000e+00
     11.379    28.1082   5.667507    35.2294     2.0489    -0.0006          0    128.250 337.417190  1022.5805     11.316      0.159  0.000e+00
     11.465    28.1083   5.667530    35.2295     2.0477     0.0070          0    128.500 337.417193  1022.5809     11.402      0.150  0.000e+00
     11.541    28.1082   5.667507    35.2294     2.0547     0.0086          0    128.750 337.417196  1022.5811     11.477      0.162  0.000e+00
     11.617    28.1081   5.667538    35.2297     2.0579     0.0185          0    129.000 337.417199  1022.5817     11.552      0.200  0.000e+00
     11.681    28.1080   5.667446    35.2291     2.0611     0.0086          0    129.250 337.417202  1022.5816     11.617      0.242  0.000e+00
     11.757    28.1077   5.667446    35.2293     2.0575     0.0253          0    129.500 337.417205  1022.5822     11.692      0.275  0.000e+00
     11.800    28.1075   5.667348    35.2288     2.0704     0.0261          0    129.750 337.417208  1022.5821     11.735      0.280  0.000e+00
     11.800    28.1072   5.667477    35.2299     2.0668     0.0307          0    130.000 337.417211  1022.5830     11.735      0.262  0.000e+00
     11.844    28.1073   5.667477    35.2298     2.0729     0.0192          0    130.250 337.417214  1022.5831     11.778      0.235  0.000e+00
     11.887    28.1073   5.667507    35.2300     2.0720     0.0200          0    130.500 337.417216  1022.5834     11.821      0.205  0.000e+00
     11.908    28.1076   5.667507    35.2298     2.0591     0.0116          0    130.750 337.417219  1022.5832     11.843      0.177  0.000e+00
     11.941    28.1076   5.667538    35.2300     2.0483     0.0116          0    131.000 337.417222  1022.5835     11.875      0.152  0.000e+00
     11.984    28.1077   5.667507    35.2297     2.0502     0.0040          0    131.250 337.417225  1022.5835     11.918      0.138  0.000e+00
     12.060    28.1078   5.667447    35.2291     2.0527     0.0147          0    131.500 337.417228  1022.5833     11.993      0.141  0.000e+00
     12.157    28.1075   5.667477    35.2296     2.0425    -0.0014          0    131.750 337.417231  1022.5842     12.090      0.169  0.000e+00
     12.200    28.1075   5.667477    35.2296     2.0394     0.0055          0    132.000 337.417234  1022.5844     12.133      0.198  0.000e+00
     12.254    28.1075   5.667530    35.2299     2.0458    -0.0097          0    132.250 337.417237  1022.5849     12.187      0.213  0.000e+00
     12.298    28.1075   5.667568    35.2302     2.0423    -0.0021          0    132.500 337.417240  1022.5852     12.230      0.225  0.000e+00
     12.341    28.1078   5.667568    35.2300     2.0410     0.0345          0    132.750 337.417242  1022.5852     12.273      0.232  0.000e+00
     12.352    28.1080   5.667538    35.2295     2.0306     0.0353          0    133.000 337.417245  1022.5848     12.283      0.219  0.000e+00
     12.395    28.1078   5.667348    35.2283     2.0316     0.0360          0    133.250 337.417248  1022.5841     12.326      0.199  0.000e+00
     12.460    28.1079   5.667538    35.2296     2.0077     0.0315          0    133.500 337.417251  1022.5853     12.391      0.180  0.000e+00
     12.514    28.1078   5.667538    35.2296     2.0111     0.0215          0    133.750 337.417254  1022.5856     12.445      0.169  0.000e+00
     12.546    28.1077   5.667538    35.2297     2.0056     0.0276          0    134.000 337.417257  1022.5859     12.477      0.169  0.000e+00
     12.589    28.1077   5.667569    35.2299     1.9964     0.0261          0    134.250 337.417260  1022.5862     12.520      0.169  0.000e+00
     12.654    28.1078   5.667599    35.2300     2.0070     0.0131          0    134.500 337.417263  1022.5865     12.584      0.179  0.000e+00
     12.698    28.1079   5.667599    35.2299     2.0135     0.0276          0    134.750 337.417266  1022.5866     12.627      0.187  0.000e+00
     12.762    28.1081   5.667599    35.2297     2.0136     0.0093          0    135.000 337.417269  1022.5867     12.692      0.201  0.000e+00
     12.849    28.1083   5.667637    35.2298     2.0140     0.0101          0    135.250 337.417271  1022.5871     12.778      0.213  0.000e+00
     12.903    28.1082   5.667668    35.2301     2.0233     0.0162          0    135.500 337.417274  1022.5875     12.832      0.221  0.000e+00
     12.946    28.1083   5.667637    35.2298     2.0165     0.0032          0    135.750 337.417277  1022.5875     12.875      0.228  0.000e+00
     12.989    28.1083   5.667683    35.2301     2.0240     0.0368          0    136.000 337.417280  1022.5879     12.918      0.233  0.000e+00
     13.000    28.1085   5.667668    35.2299     2.0259     0.0276          0    136.250 337.417283  1022.5877     12.928      0.219  0.000e+00
     13.011    28.1088   5.667728    35.2301     2.0228     0.0368          0    136.500 337.417286  1022.5878     12.939      0.192  0.000e+00
     12.989    28.1090   5.667698    35.2297     2.0264     0.0299          0    136.750 337.417289  1022.5873     12.918      0.153  0.000e+00
     13.011    28.1089   5.667728    35.2300     2.0267     0.0177          0    137.000 337.417292  1022.5877     12.939      0.112  0.000e+00
     13.043    28.1091   5.667728    35.2298     2.0232     0.0307          0    137.250 337.417295  1022.5876     12.971      0.081  0.000e+00
     13.108    28.1092   5.667698    35.2295     2.0190     0.0261          0    137.500 337.417297  1022.5877     13.036      0.076  0.000e+00
     13.162    28.1093   5.667729    35.2297     2.0240     0.0200          0    137.750 337.417300  1022.5879     13.090      0.087  0.000e+00
     13.216    28.1092   5.667599    35.2288     2.0191     0.0223          0    138.000 337.417303  1022.5876     13.143      0.110  0.000e+00
     13.260    28.1087   5.667539    35.2287     2.0256     0.0315          0    138.250 337.417306  1022.5879     13.186      0.140  0.000e+00
     13.292    28.1083   5.667569    35.2292     2.0249     0.0162          0    138.500 337.417309  1022.5885     13.219      0.164  0.000e+00
