ctd_mafia/cnv/SBE19plus_01906740_2018_12_07_0108.cnv
* Sea-Bird SBE19plus  Data File:
* FileName = C:\Users\all user\Desktop\Patroba _ WWF Mapping Mafia\SBE19plus_01906740_2018_12_07_0108.hex
* Software version 2.6.3.104
* Temperature SN = 6740
* Conductivity SN = 6740
* System UpLoad Time = Dec 07 2018 14:37:30
* <ApplicationData>
* <Seaterm232>
# nquan = 13
# nvalues = 258                                   
# units = specified
# name 0 = prdM: Pressure, Strain Gauge [db]
# name 1 = tv290C: Temperature [ITS-90, deg C]
# name 2 = c0S/m: Conductivity [S/m]
# name 3 = sal00: Salinity, Practical [PSU]
# name 4 = sbeox0ML/L: Oxygen, SBE 43 [ml/l]
# name 5 = flECO-AFL: Fluorescence, WET Labs ECO-AFL/FL [mg/m^3]
# name 6 = nbf: Bottles Fired
# name 7 = timeS: Time, Elapsed [seconds]
# name 8 = timeJ: Julian Days
# name 9 = density00: Density [density, kg/m^3]
# name 10 = depSM: Depth [salt water, m], lat = 0.00
# name 11 = dz/dtM: Descent Rate [m/s]
# name 12 = flag:  0.000e+00
# span 0 =     -1.416,      1.968                 
# span 1 =    27.1537,    28.2658                 
# span 2 =   0.187839,   5.687321                 
# span 3 =     0.9086,    35.2628                 
# span 4 =     1.4712,     4.6643                 
# span 5 =    -0.0815,     2.4157                 
# span 6 =          0,          0                 
# span 7 =      0.000,     64.250                 
# span 8 = 338.456852, 338.457595                 
# span 9 =   997.1316,  1022.5157                 
# span 10 =     -1.408,      1.957                
# span 11 =     -0.734,      0.281                
# span 12 = 0.0000e+00, 0.0000e+00                
# interval = seconds: 0.25
# start_time = Dec 04 2018 10:57:52 [Instrument's time stamp, header]
# bad_flag = -9.990e-29
*END*
[from data line 112]
     -0.216    28.2586   5.684138    35.2370     2.4220     0.1436          0     28.000 338.457176  1022.4871     -0.214      0.009  0.000e+00
     -0.216    28.2588   5.684009    35.2360     2.4042     0.1367          0     28.250 338.457179  1022.4863     -0.214      0.009  0.000e+00
     -0.226    28.2593   5.684100    35.2362     2.4670     0.1802          0     28.500 338.457182  1022.4863     -0.225      0.004  0.000e+00
     -0.226    28.2597   5.684222    35.2368     2.5890     0.1741          0     28.750 338.457185  1022.4865     -0.225     -0.006  0.000e+00
     -0.216    28.2603   5.684329    35.2371     2.6000     0.1741          0     29.000 338.457187  1022.4866     -0.214     -0.006  0.000e+00
     -0.194    28.2605   5.684298    35.2367     2.6922     0.1779          0     29.250 338.457190  1022.4864     -0.193     -0.000  0.000e+00
     -0.194    28.2606   5.684389    35.2373     2.7138     0.1810          0     29.500 338.457193  1022.4868     -0.193      0.004  0.000e+00
     -0.172    28.2604   5.684389    35.2374     2.6900     0.1413          0     29.750 338.457196  1022.4870     -0.171      0.017  0.000e+00
     -0.151    28.2603   5.684389    35.2375     2.6584     0.1436          0     30.000 338.457199  1022.4872     -0.150      0.032  0.000e+00
     -0.118    28.2602   5.683910    35.2342     2.6046     0.1383          0     30.250 338.457202  1022.4849     -0.118      0.050  0.000e+00
     -0.118    28.2597   5.683118    35.2290     2.5488     0.1367          0     30.500 338.457205  1022.4812     -0.118      0.060  0.000e+00
     -0.097    28.2578   5.681687    35.2204     2.5610     0.1543          0     30.750 338.457208  1022.4754     -0.096      0.067  0.000e+00
     -0.086    28.2549   5.682068    35.2253     2.5800     0.1474          0     31.000 338.457211  1022.4801     -0.086      0.068  0.000e+00
     -0.054    28.2531   5.682448    35.2293     2.7222     0.1489          0     31.250 338.457214  1022.4838     -0.053      0.071  0.000e+00
      0.022    28.2533   5.683118    35.2337     2.3766     0.1489          0     31.500 338.457216  1022.4874      0.022      0.091  0.000e+00
      0.087    28.2546   5.683689    35.2368     2.4433     0.1520          0     31.750 338.457219  1022.4895      0.086      0.115  0.000e+00
      0.109    28.2552   5.682799    35.2301     2.4565     0.1489          0     32.000 338.457222  1022.4844      0.108      0.132  0.000e+00
      0.130    28.2541   5.680698    35.2162     2.5124     0.1566          0     32.250 338.457225  1022.4744      0.130      0.143  0.000e+00
      0.141    28.2513   5.678856    35.2055     2.4652     0.1482          0     32.500 338.457228  1022.4673      0.140      0.150  0.000e+00
      0.163    28.2491   5.678384    35.2038     2.4304     0.1756          0     32.750 338.457231  1022.4668      0.162      0.145  0.000e+00
      0.184    28.2488   5.677905    35.2007     2.4336     0.1863          0     33.000 338.457234  1022.4648      0.183      0.134  0.000e+00
      0.217    28.2487   5.678034    35.2017     2.4349     0.1818          0     33.250 338.457237  1022.4657      0.216      0.117  0.000e+00
      0.238    28.2489   5.678255    35.2030     2.5775     0.1810          0     33.500 338.457240  1022.4667      0.237      0.096  0.000e+00
      0.282    28.2486   5.677813    35.2002     2.5566     0.1779          0     33.750 338.457242  1022.4649      0.280      0.092  0.000e+00
      0.303    28.2479   5.678354    35.2044     2.5190     0.1520          0     34.000 338.457245  1022.4684      0.302      0.099  0.000e+00
      0.325    28.2470   5.678544    35.2064     2.5426     0.1566          0     34.250 338.457248  1022.4703      0.323      0.104  0.000e+00
      0.357    28.2460   5.677966    35.2031     2.5049     0.1535          0     34.500 338.457251  1022.4682      0.355      0.110  0.000e+00
      0.357    28.2452   5.677905    35.2033     2.4555     0.1604          0     34.750 338.457254  1022.4686      0.355      0.105  0.000e+00
      0.412    28.2444   5.677715    35.2026     2.3884     0.1520          0     35.000 338.457257  1022.4686      0.409      0.107  0.000e+00
      0.422    28.2438   5.677334    35.2003     2.4031     0.1543          0     35.250 338.457260  1022.4672      0.420      0.103  0.000e+00
      0.476    28.2433   5.676604    35.1956     2.3605     0.1520          0     35.500 338.457263  1022.4640      0.474      0.108  0.000e+00
      0.530    28.2420   5.676315    35.1945     2.4172     0.1489          0     35.750 338.457266  1022.4638      0.528      0.118  0.000e+00
      0.574    28.2408   5.676764    35.1985     2.4043     0.1871          0     36.000 338.457269  1022.4674      0.571      0.133  0.000e+00
      0.639    28.2401   5.677365    35.2033     2.4440     0.1871          0     36.250 338.457271  1022.4715      0.635      0.154  0.000e+00
      0.682    28.2403   5.677684    35.2053     2.4051     0.1917          0     36.500 338.457274  1022.4732      0.678      0.172  0.000e+00
      0.693    28.2413   5.677403    35.2026     2.4250     0.1901          0     36.750 338.457277  1022.4708      0.689      0.179  0.000e+00
      0.736    28.2417   5.676665    35.1971     2.5120     0.1520          0     37.000 338.457280  1022.4667      0.732      0.175  0.000e+00
      0.768    28.2410   5.677045    35.2003     2.5302     0.1566          0     37.250 338.457283  1022.4695      0.764      0.173  0.000e+00
      0.822    28.2403   5.677274    35.2024     2.5227     0.1512          0     37.500 338.457286  1022.4716      0.818      0.165  0.000e+00
      0.844    28.2399   5.677045    35.2011     2.5583     0.1482          0     37.750 338.457289  1022.4708      0.839      0.154  0.000e+00
      0.876    28.2401   5.676543    35.1974     2.5807     0.1535          0     38.000 338.457292  1022.4682      0.872      0.146  0.000e+00
      0.898    28.2397   5.676383    35.1966     2.5928     0.1528          0     38.250 338.457295  1022.4677      0.893      0.134  0.000e+00
      0.909    28.2386   5.676254    35.1965     2.6000     0.1550          0     38.500 338.457297  1022.4681      0.904      0.125  0.000e+00
      0.941    28.2378   5.675904    35.1946     2.5981     0.1489          0     38.750 338.457300  1022.4671      0.936      0.122  0.000e+00
      0.984    28.2373   5.675524    35.1923     2.4079     0.1535          0     39.000 338.457303  1022.4657      0.979      0.116  0.000e+00
      0.984    28.2361   5.675014    35.1897     2.4269     0.1291          0     39.250 338.457306  1022.4641      0.979      0.105  0.000e+00
      1.049    28.2347   5.674443    35.1867     2.3792     0.1283          0     39.500 338.457309  1022.4626      1.043      0.106  0.000e+00
      1.092    28.2330   5.674809    35.1905     2.2949     0.1375          0     39.750 338.457312  1022.4662      1.086      0.117  0.000e+00
      1.136    28.2318   5.675014    35.1928     2.3248     0.1344          0     40.000 338.457315  1022.4685      1.129      0.130  0.000e+00
      1.146    28.2314   5.674793    35.1916     2.4128     0.1161          0     40.250 338.457318  1022.4678      1.140      0.136  0.000e+00
      1.179    28.2311   5.674223    35.1878     2.3631     0.1215          0     40.500 338.457321  1022.4652      1.172      0.140  0.000e+00
      1.233    28.2305   5.674413    35.1896     2.3717     0.1177          0     40.750 338.457323  1022.4669      1.226      0.144  0.000e+00
      1.255    28.2296   5.675143    35.1953     2.5137     0.1207          0     41.000 338.457326  1022.4716      1.248      0.143  0.000e+00
      1.276    28.2302   5.675334    35.1962     2.5185     0.1589          0     41.250 338.457329  1022.4722      1.269      0.141  0.000e+00
      1.330    28.2315   5.675143    35.1939     2.4268     0.1566          0     41.500 338.457332  1022.4703      1.323      0.133  0.000e+00
      1.363    28.2322   5.674573    35.1894     2.5974     0.1589          0     41.750 338.457335  1022.4667      1.355      0.133  0.000e+00
      1.395    28.2319   5.674474    35.1889     2.6379     0.1543          0     42.000 338.457338  1022.4666      1.387      0.136  0.000e+00
      1.449    28.2310   5.674253    35.1880     2.6340     0.1550          0     42.250 338.457341  1022.4665      1.441      0.146  0.000e+00
      1.471    28.2300   5.674162    35.1881     2.5823     0.1398          0     42.500 338.457344  1022.4670      1.463      0.146  0.000e+00
      1.525    28.2290   5.673805    35.1863     2.6135     0.1436          0     42.750 338.457347  1022.4662      1.517      0.149  0.000e+00
      1.579    28.2278   5.673934    35.1881     2.5703     0.1421          0     43.000 338.457350  1022.4682      1.570      0.161  0.000e+00
      1.601    28.2271   5.674193    35.1905     2.5721     0.1329          0     43.250 338.457352  1022.4703      1.592      0.163  0.000e+00
      1.633    28.2267   5.673622    35.1868     2.5195     0.1505          0     43.500 338.457355  1022.4678      1.624      0.158  0.000e+00
      1.655    28.2264   5.673173    35.1839     2.4507     0.1535          0     43.750 338.457358  1022.4658      1.645      0.153  0.000e+00
      1.655    28.2253   5.672861    35.1825     2.4613     0.1512          0     44.000 338.457361  1022.4651      1.645      0.137  0.000e+00
      1.676    28.2243   5.672763    35.1825     2.4824     0.1467          0     44.250 338.457364  1022.4655      1.667      0.118  0.000e+00
      1.719    28.2232   5.672413    35.1809     2.4137     0.1749          0     44.500 338.457367  1022.4649      1.710      0.110  0.000e+00
      1.741    28.2222   5.672702    35.1837     2.4168     0.1840          0     44.750 338.457370  1022.4674      1.731      0.097  0.000e+00
      1.763    28.2216   5.672603    35.1834     2.3653     0.1818          0     45.000 338.457373  1022.4675      1.753      0.090  0.000e+00
      1.806    28.2217   5.672603    35.1833     2.4405     0.1825          0     45.250 338.457376  1022.4675      1.796      0.097  0.000e+00
      1.828    28.2218   5.672512    35.1826     2.5327     0.1581          0     45.500 338.457378  1022.4671      1.818      0.101  0.000e+00
      1.871    28.2215   5.672352    35.1817     2.4888     0.1665          0     45.750 338.457381  1022.4667      1.860      0.112  0.000e+00
      1.914    28.2209   5.672185    35.1809     2.4105     0.1650          0     46.000 338.457384  1022.4665      1.904      0.127  0.000e+00
      1.936    28.2201   5.672223    35.1818     2.3779     0.1619          0     46.250 338.457387  1022.4675      1.925      0.130  0.000e+00
      1.957    28.2194   5.672352    35.1832     2.3625     0.1634          0     46.500 338.457390  1022.4688      1.947      0.127  0.000e+00
      1.957    28.2188   5.671842    35.1801     2.0935     0.1566          0     46.750 338.457393  1022.4668      1.947      0.120  0.000e+00
      1.968    28.2177   5.671873    35.1811     2.1052     0.1474          0     47.000 338.457396  1022.4679      1.957      0.107  0.000e+00
      1.968    28.2166   5.672634    35.1873     2.0310     0.1550          0     47.250 338.457399  1022.4729      1.957      0.086  0.000e+00
      1.947    28.2163   5.672953    35.1897     2.0907     0.1512          0     47.500 338.457402  1022.4747      1.936      0.060  0.000e+00
      1.968    28.2169   5.672512    35.1862     2.0602     0.1474          0     47.750 338.457405  1022.4720      1.957      0.038  0.000e+00
      1.968    28.2173   5.671622    35.1797     2.0879     0.1451          0     48.000 338.457407  1022.4670      1.957      0.020  0.000e+00
      1.947    28.2166   5.671112    35.1766     2.0632     0.1512          0     48.250 338.457410  1022.4648      1.936      0.005  0.000e+00
      1.957    28.2152   5.671211    35.1783     2.0909     0.1520          0     48.500 338.457413  1022.4666      1.947     -0.002  0.000e+00
      1.947    28.2144   5.671903    35.1838     2.2168     0.1665          0     48.750 338.457416  1022.4710      1.936     -0.006  0.000e+00
      1.957    28.2142   5.671523    35.1813     2.2640     0.1665          0     49.000 338.457419  1022.4692      1.947     -0.007  0.000e+00
      1.968    28.2137   5.670633    35.1755     2.0506     0.1734          0     49.250 338.457422  1022.4650      1.957     -0.001  0.000e+00
      1.947    28.2131   5.670481    35.1748     1.8112     0.1695          0     49.500 338.457425  1022.4646      1.936     -0.001  0.000e+00
      1.936    28.2121   5.671211    35.1807     1.7101     0.1474          0     49.750 338.457428  1022.4693      1.925     -0.010  0.000e+00
      1.957    28.2115   5.671843    35.1855     1.7413     0.1459          0     50.000 338.457431  1022.4732      1.947     -0.005  0.000e+00
      1.914    28.2118   5.671052    35.1798     1.9621     0.1459          0     50.250 338.457433  1022.4686      1.904     -0.011  0.000e+00
      1.828    28.2115   5.670413    35.1756     2.2647     0.1505          0     50.500 338.457436  1022.4651      1.818     -0.043  0.000e+00
      1.698    28.2104   5.670131    35.1745     2.4213     0.1375          0     50.750 338.457439  1022.4642      1.689     -0.099  0.000e+00
      1.590    28.2102   5.670892    35.1800     2.5490     0.1535          0     51.000 338.457442  1022.4679      1.581     -0.169  0.000e+00
      1.460    28.2103   5.671683    35.1855     2.8105     0.1497          0     51.250 338.457445  1022.4715      1.452     -0.247  0.000e+00
      1.406    28.2104   5.675144    35.2096     2.8372     0.1520          0     51.500 338.457448  1022.4893      1.398     -0.303  0.000e+00
      1.406    28.2126   5.676635    35.2184     2.6404     0.1528          0     51.750 338.457451  1022.4952      1.398     -0.328  0.000e+00
      1.438    28.2132   5.674923    35.2060     2.6212     0.1138          0     52.000 338.457454  1022.4858      1.431     -0.312  0.000e+00
      1.460    28.2143   5.673082    35.1923     2.3388     0.1108          0     52.250 338.457457  1022.4753      1.452     -0.250  0.000e+00
      1.471    28.2180   5.672215    35.1835     2.2659     0.1222          0     52.500 338.457459  1022.4674      1.463     -0.166  0.000e+00
      1.503    28.2214   5.671652    35.1770     2.3622     0.1161          0     52.750 338.457462  1022.4616      1.495     -0.073  0.000e+00
      1.482    28.2233   5.671523    35.1747     2.4555     0.1848          0     53.000 338.457465  1022.4592      1.474     -0.008  0.000e+00
      1.493    28.2234   5.671812    35.1766     2.0813     0.1802          0     53.250 338.457468  1022.4606      1.484      0.039  0.000e+00
      1.471    28.2211   5.672032    35.1799     2.0338     0.1749          0     53.500 338.457471  1022.4637      1.463      0.043  0.000e+00
      1.438    28.2185   5.672603    35.1858     2.0512     0.1749          0     53.750 338.457474  1022.4689      1.431      0.020  0.000e+00
      1.352    28.2166   5.672603    35.1872     2.0198     0.1421          0     54.000 338.457477  1022.4702      1.345     -0.028  0.000e+00
      1.244    28.2149   5.672131    35.1853     2.1201     0.1352          0     54.250 338.457480  1022.4689      1.237     -0.091  0.000e+00
      1.179    28.2122   5.671873    35.1854     1.9895     0.1299          0     54.500 338.457483  1022.4696      1.173     -0.151  0.000e+00
      1.082    28.2087   5.671241    35.1837     1.9991     0.1383          0     54.750 338.457486  1022.4690      1.076     -0.214  0.000e+00
      0.920    28.2053   5.671873    35.1907     2.0323     0.1245          0     55.000 338.457488  1022.4747      0.915     -0.284  0.000e+00
      0.714    28.2029   5.672321    35.1956     2.1755     0.1398          0     55.250 338.457491  1022.4783      0.710     -0.377  0.000e+00
