ctd_mafia/cnv/SBE19plus_01906740_2018_12_07_0110.cnv
* Sea-Bird SBE19plus  Data File:
* FileName = C:\Users\all user\Desktop\Patroba _ WWF Mapping Mafia\SBE19plus_01906740_2018_12_07_0110.hex
* Software version 2.6.3.104
* Temperature SN = 6740
* Conductivity SN = 6740
* System UpLoad Time = Dec 07 2018 14:37:47
* <ApplicationData>
* <Seaterm232>
# nquan = 13
# nvalues = 203                                   
# units = specified
# name 0 = prdM: Pressure, Strain Gauge [db]
# name 1 = tv290C: Temperature [ITS-90, deg C]
# name 2 = c0S/m: Conductivity [S/m]
# name 3 = sal00: Salinity, Practical [PSU]
# name 4 = sbeox0ML/L: Oxygen, SBE 43 [ml/l]
# name 5 = flECO-AFL: Fluorescence, WET Labs ECO-AFL/FL [mg/m^3]
# name 6 = nbf: Bottles Fired
# name 7 = timeS: Time, Elapsed [seconds]
# name 8 = timeJ: Julian Days
# name 9 = density00: Density [density, kg/m^3]
# name 10 = depSM: Depth [salt water, m], lat = 0.00
# name 11 = dz/dtM: Descent Rate [m/s]
# name 12 = flag:  0.000e+00
# span 0 =     -1.447,      1.190                 
# span 1 =    28.3936,    28.5256                 
# span 2 =   0.893814,   5.711403                 
# span 3 =     4.6412,    35.2350                 
# span 4 =     1.6672,     2.4273                 
# span 5 =    -0.0288,     0.1955                 
# span 6 =          0,          0                 
# span 7 =      0.000,     50.500                 
# span 8 = 338.468067, 338.468652                 
# span 9 =   999.5875,  1022.4240                 
# span 10 =     -1.439,      1.184                
# span 11 =     -0.735,      0.236                
# span 12 = 0.0000e+00, 0.0000e+00                
# interval = seconds: 0.25
# start_time = Dec 04 2018 11:14:01 [Instrument's time stamp, header]
# bad_flag = -9.990e-29
*END*
     -0.637    28.5040   5.710030    35.2350     2.2390     0.0475          0      0.000 338.468067  1022.4028     -0.634      0.000  0.000e+00
     -0.562    28.5121   5.710068    35.2292     2.2334     0.0482          0      0.250 338.468070  1022.3961     -0.558      0.020  0.000e+00
     -0.562    28.5167   5.709778    35.2237     2.2346     0.0459          0      0.500 338.468073  1022.3905     -0.558      0.035  0.000e+00
     -0.529    28.5200   5.709267    35.2178     2.2332     0.0505          0      0.750 338.468076  1022.3850     -0.526      0.054  0.000e+00
     -0.518    28.5225   5.708885    35.2133     2.2383     0.0490          0      1.000 338.468079  1022.3809     -0.515      0.069  0.000e+00
     -0.518    28.5239   5.709427    35.2159     2.2442     0.0528          0      1.250 338.468082  1022.3824     -0.515      0.075  0.000e+00
     -0.507    28.5241   5.709404    35.2156     2.2451     0.0475          0      1.500 338.468084  1022.3822     -0.504      0.077  0.000e+00
     -0.518    28.5234   5.709877    35.2194     2.2468     0.0490          0      1.750 338.468087  1022.3852     -0.515      0.066  0.000e+00
     -0.486    28.5231   5.709587    35.2176     2.2483     0.0643          0      2.000 338.468090  1022.3841     -0.483      0.057  0.000e+00
     -0.507    28.5229   5.708595    35.2109     2.2589     0.0627          0      2.250 338.468093  1022.3790     -0.504      0.032  0.000e+00
     -0.496    28.5219   5.707123    35.2014     2.2636     0.0589          0      2.500 338.468096  1022.3723     -0.493      0.026  0.000e+00
     -0.485    28.5209   5.705850    35.1933     2.2620     0.0604          0      2.750 338.468099  1022.3666     -0.483      0.019  0.000e+00
     -0.518    28.5211   5.705972    35.1940     2.2701     0.0444          0      3.000 338.468102  1022.3669     -0.515      0.009  0.000e+00
     -0.496    28.5219   5.707772    35.2060     2.2735     0.0475          0      3.250 338.468105  1022.3757     -0.493      0.007  0.000e+00
     -0.496    28.5223   5.708946    35.2138     2.2771     0.0475          0      3.500 338.468108  1022.3815     -0.493      0.005  0.000e+00
     -0.507    28.5217   5.709717    35.2196     2.2807     0.0490          0      3.750 338.468111  1022.3860     -0.504      0.001  0.000e+00
     -0.518    28.5200   5.710136    35.2238     2.2826     0.0574          0      4.000 338.468113  1022.3896     -0.515     -0.009  0.000e+00
     -0.507    28.5193   5.710487    35.2267     2.2999     0.0498          0      4.250 338.468116  1022.3921     -0.504     -0.006  0.000e+00
     -0.496    28.5195   5.710869    35.2292     2.4181     0.0406          0      4.500 338.468119  1022.3940     -0.493     -0.005  0.000e+00
     -0.496    28.5206   5.711403    35.2322     2.4273     0.0505          0      4.750 338.468122  1022.3958     -0.493     -0.001  0.000e+00
     -0.474    28.5225   5.711090    35.2286     2.4103     0.0459          0      5.000 338.468125  1022.3926     -0.472      0.012  0.000e+00
     -0.496    28.5238   5.710678    35.2247     2.3913     0.0139          0      5.250 338.468128  1022.3891     -0.493      0.007  0.000e+00
     -0.518    28.5243   5.710357    35.2221     2.3639     0.0086          0      5.500 338.468131  1022.3869     -0.515      0.003  0.000e+00
     -0.507    28.5247   5.710068    35.2198     2.3398     0.0131          0      5.750 338.468134  1022.3851     -0.504      0.003  0.000e+00
     -0.496    28.5249   5.710007    35.2192     2.3102     0.0109          0      6.000 338.468137  1022.3847     -0.493      0.003  0.000e+00
     -0.496    28.5252   5.709465    35.2152     2.2745     0.0627          0      6.250 338.468139  1022.3816     -0.493     -0.001  0.000e+00
     -0.496    28.5242   5.708603    35.2100     2.2384     0.0589          0      6.500 338.468142  1022.3779     -0.493     -0.004  0.000e+00
     -0.518    28.5218   5.707733    35.2058     2.2310     0.0574          0      6.750 338.468145  1022.3755     -0.515     -0.009  0.000e+00
     -0.496    28.5199   5.706490    35.1985     2.2282     0.0635          0      7.000 338.468148  1022.3708     -0.493     -0.006  0.000e+00
     -0.496    28.5191   5.706521    35.1993     2.2205     0.0459          0      7.250 338.468151  1022.3716     -0.493      0.003  0.000e+00
     -0.485    28.5187   5.706010    35.1960     2.2111     0.0536          0      7.500 338.468154  1022.3693     -0.482      0.009  0.000e+00
     -0.474    28.5178   5.706422    35.1996     2.1973     0.0498          0      7.750 338.468157  1022.3723     -0.472      0.011  0.000e+00
     -0.485    28.5187   5.707863    35.2089     2.1887     0.0490          0      8.000 338.468160  1022.3790     -0.482      0.010  0.000e+00
     -0.474    28.5200   5.709213    35.2174     2.1781     0.0414          0      8.250 338.468163  1022.3850     -0.472      0.015  0.000e+00
     -0.463    28.5211   5.709846    35.2210     2.1652     0.0360          0      8.500 338.468166  1022.3874     -0.461      0.020  0.000e+00
     -0.496    28.5210   5.710098    35.2228     2.1559     0.0276          0      8.750 338.468168  1022.3886     -0.493      0.015  0.000e+00
     -0.496    28.5206   5.709717    35.2204     2.1434     0.0360          0      9.000 338.468171  1022.3870     -0.493      0.003  0.000e+00
     -0.463    28.5203   5.709335    35.2180     2.1380     0.0307          0      9.250 338.468174  1022.3854     -0.461      0.005  0.000e+00
     -0.463    28.5210   5.709045    35.2155     2.1311     0.0238          0      9.500 338.468177  1022.3833     -0.461      0.005  0.000e+00
     -0.474    28.5218   5.708756    35.2129     2.1203     0.0246          0      9.750 338.468180  1022.3810     -0.472      0.004  0.000e+00
     -0.485    28.5225   5.708374    35.2097     2.1133     0.0269          0     10.000 338.468183  1022.3784     -0.482      0.002  0.000e+00
     -0.474    28.5230   5.708054    35.2070     2.1088     0.0200          0     10.250 338.468186  1022.3762     -0.472      0.001  0.000e+00
     -0.474    28.5230   5.707672    35.2044     2.1039     0.0604          0     10.500 338.468189  1022.3742     -0.472      0.002  0.000e+00
     -0.463    28.5236   5.707573    35.2032     2.0944     0.0574          0     10.750 338.468192  1022.3732     -0.461      0.010  0.000e+00
     -0.496    28.5241   5.707924    35.2053     2.0879     0.0551          0     11.000 338.468194  1022.3745     -0.493     -0.001  0.000e+00
     -0.496    28.5247   5.708374    35.2080     2.0816     0.0574          0     11.250 338.468197  1022.3763     -0.493     -0.013  0.000e+00
     -0.485    28.5252   5.708725    35.2101     2.0770     0.0376          0     11.500 338.468200  1022.3777     -0.482     -0.011  0.000e+00
     -0.507    28.5256   5.708946    35.2113     2.0727     0.0337          0     11.750 338.468203  1022.3785     -0.504     -0.013  0.000e+00
     -0.496    28.5254   5.709145    35.2129     2.0688     0.0299          0     12.000 338.468206  1022.3797     -0.493     -0.013  0.000e+00
     -0.474    28.5250   5.709206    35.2136     2.0616     0.0337          0     12.250 338.468209  1022.3805     -0.472     -0.009  0.000e+00
     -0.485    28.5243   5.709427    35.2156     2.0569     0.0299          0     12.500 338.468212  1022.3822     -0.482     -0.006  0.000e+00
     -0.485    28.5238   5.709526    35.2167     2.0525     0.0505          0     12.750 338.468215  1022.3832     -0.482     -0.001  0.000e+00
     -0.474    28.5233   5.709495    35.2168     2.0452     0.0482          0     13.000 338.468218  1022.3835     -0.472      0.010  0.000e+00
     -0.496    28.5229   5.709343    35.2161     2.0422     0.0421          0     13.250 338.468220  1022.3829     -0.493      0.006  0.000e+00
     -0.485    28.5225   5.709465    35.2173     2.0352     0.0498          0     13.500 338.468223  1022.3841     -0.482      0.004  0.000e+00
     -0.496    28.5227   5.709717    35.2188     2.0318     0.0467          0     13.750 338.468226  1022.3851     -0.493      0.003  0.000e+00
     -0.474    28.5225   5.709656    35.2185     2.0266     0.0521          0     14.000 338.468229  1022.3850     -0.472      0.001  0.000e+00
     -0.517    28.5226   5.709495    35.2174     2.0221     0.0421          0     14.250 338.468232  1022.3839     -0.515     -0.012  0.000e+00
     -0.496    28.5224   5.709427    35.2171     2.0203     0.0444          0     14.500 338.468235  1022.3839     -0.493     -0.009  0.000e+00
     -0.485    28.5222   5.709274    35.2162     2.0142     0.0864          0     14.750 338.468238  1022.3833     -0.482     -0.006  0.000e+00
     -0.485    28.5221   5.709076    35.2149     2.0089     0.0849          0     15.000 338.468241  1022.3824     -0.482     -0.004  0.000e+00
     -0.474    28.5223   5.709106    35.2149     2.0059     0.0833          0     15.250 338.468244  1022.3824     -0.472      0.006  0.000e+00
     -0.463    28.5223   5.709267    35.2160     2.0016     0.0788          0     15.500 338.468247  1022.3833     -0.461      0.011  0.000e+00
     -0.485    28.5226   5.709465    35.2171     2.0002     0.0688          0     15.750 338.468249  1022.3839     -0.482      0.012  0.000e+00
     -0.496    28.5232   5.709778    35.2189     1.9984     0.0780          0     16.000 338.468252  1022.3850     -0.493      0.006  0.000e+00
     -0.507    28.5230   5.709846    35.2195     1.9918     0.0711          0     16.250 338.468255  1022.3854     -0.504      0.004  0.000e+00
     -0.485    28.5231   5.709740    35.2187     1.9884     0.0719          0     16.500 338.468258  1022.3849     -0.482     -0.004  0.000e+00
     -0.496    28.5228   5.709427    35.2167     1.9844     0.0742          0     16.750 338.468261  1022.3835     -0.493     -0.009  0.000e+00
     -0.496    28.5224   5.709175    35.2153     1.9839     0.0414          0     17.000 338.468264  1022.3826     -0.493     -0.012  0.000e+00
     -0.507    28.5222   5.709106    35.2150     1.9782     0.0437          0     17.250 338.468267  1022.3824     -0.504     -0.016  0.000e+00
     -0.474    28.5227   5.709465    35.2171     1.9731     0.0452          0     17.500 338.468270  1022.3838     -0.472     -0.007  0.000e+00
     -0.442    28.5229   5.709015    35.2138     1.9687     0.0444          0     17.750 338.468273  1022.3814     -0.440      0.015  0.000e+00
     -0.431    28.5226   5.708603    35.2111     1.9654     0.0345          0     18.000 338.468275  1022.3796     -0.429      0.031  0.000e+00
     -0.431    28.5222   5.707924    35.2068     1.9627     0.0307          0     18.250 338.468278  1022.3765     -0.429      0.040  0.000e+00
     -0.388    28.5217   5.706902    35.2000     1.9617     0.0269          0     18.500 338.468281  1022.3718     -0.386      0.052  0.000e+00
     -0.388    28.5208   5.705781    35.1929     1.9599     0.0292          0     18.750 338.468284  1022.3667     -0.386      0.063  0.000e+00
     -0.312    28.5202   5.707032    35.2020     1.9544     0.0192          0     19.000 338.468287  1022.3741     -0.311      0.085  0.000e+00
     -0.258    28.5204   5.706521    35.1983     1.9588     0.0238          0     19.250 338.468290  1022.3714     -0.257      0.109  0.000e+00
     -0.215    28.5206   5.706841    35.2004     1.9573     0.0215          0     19.500 338.468293  1022.3731     -0.214      0.125  0.000e+00
     -0.161    28.5202   5.705713    35.1928     1.9510     0.0253          0     19.750 338.468296  1022.3678     -0.160      0.146  0.000e+00
     -0.107    28.5198   5.704439    35.1842     1.9446     0.0482          0     20.000 338.468299  1022.3617     -0.106      0.172  0.000e+00
     -0.074    28.5191   5.705240    35.1903     1.9431     0.0513          0     20.250 338.468302  1022.3666     -0.074      0.188  0.000e+00
     -0.020    28.5187   5.705560    35.1928     1.9395     0.0429          0     20.500 338.468304  1022.3689     -0.020      0.195  0.000e+00
     -0.009    28.5188   5.705499    35.1923     1.9340     0.0467          0     20.750 338.468307  1022.3685     -0.009      0.191  0.000e+00
      0.055    28.5187   5.705911    35.1952     1.9314     0.0475          0     21.000 338.468310  1022.3710      0.055      0.180  0.000e+00
      0.131    28.5186   5.705499    35.1924     1.9306     0.0322          0     21.250 338.468313  1022.3693      0.130      0.184  0.000e+00
      0.174    28.5182   5.705896    35.1954     1.9251     0.0315          0     21.500 338.468316  1022.3719      0.174      0.188  0.000e+00
      0.239    28.5178   5.706170    35.1976     1.9248     0.0322          0     21.750 338.468319  1022.3739      0.238      0.195  0.000e+00
      0.283    28.5179   5.705820    35.1951     1.9210     0.0406          0     22.000 338.468322  1022.3722      0.281      0.202  0.000e+00
      0.337    28.5171   5.705591    35.1941     1.9198     0.0620          0     22.250 338.468325  1022.3719      0.335      0.211  0.000e+00
      0.380    28.5160   5.705591    35.1949     1.9152     0.0604          0     22.500 338.468328  1022.3730      0.378      0.213  0.000e+00
      0.423    28.5152   5.704729    35.1894     1.9098     0.0627          0     22.750 338.468330  1022.3694      0.421      0.215  0.000e+00
      0.499    28.5145   5.703738    35.1831     1.9079     0.0559          0     23.000 338.468333  1022.3652      0.496      0.210  0.000e+00
      0.564    28.5128   5.703959    35.1859     1.9033     0.0444          0     23.250 338.468336  1022.3681      0.561      0.211  0.000e+00
      0.607    28.5118   5.704539    35.1906     1.8974     0.0459          0     23.500 338.468339  1022.3722      0.604      0.215  0.000e+00
      0.607    28.5118   5.704379    35.1895     1.8970     0.0452          0     23.750 338.468342  1022.3714      0.604      0.201  0.000e+00
      0.607    28.5118   5.704790    35.1924     1.8882     0.0444          0     24.000 338.468345  1022.3735      0.604      0.180  0.000e+00
      0.629    28.5116   5.703769    35.1854     1.8872     0.0490          0     24.250 338.468348  1022.3685      0.625      0.155  0.000e+00
      0.661    28.5109   5.703517    35.1842     1.8863     0.0574          0     24.500 338.468351  1022.3679      0.657      0.133  0.000e+00
      0.737    28.5096   5.705851    35.2013     1.8807     0.0589          0     24.750 338.468354  1022.3815      0.733      0.125  0.000e+00
      0.791    28.5097   5.705370    35.1979     1.8744     0.0604          0     25.000 338.468356  1022.3792      0.786      0.121  0.000e+00
      0.866    28.5088   5.705691    35.2007     1.8790     0.0589          0     25.250 338.468359  1022.3819      0.861      0.138  0.000e+00
      0.920    28.5078   5.705622    35.2011     1.8794     0.0276          0     25.500 338.468362  1022.3827      0.915      0.167  0.000e+00
      0.996    28.5085   5.704600    35.1933     1.8770     0.0292          0     25.750 338.468365  1022.3770      0.990      0.207  0.000e+00
      1.018    28.5082   5.704318    35.1916     1.8697     0.0269          0     26.000 338.468368  1022.3759      1.012      0.226  0.000e+00
      1.082    28.5074   5.703800    35.1886     1.8662     0.0292          0     26.250 338.468371  1022.3742      1.076      0.236  0.000e+00
      1.126    28.5066   5.703068    35.1841     1.8606     0.0704          0     26.500 338.468374  1022.3713      1.119      0.232  0.000e+00
      1.180    28.5057   5.703281    35.1862     1.8596     0.0757          0     26.750 338.468377  1022.3734      1.173      0.220  0.000e+00
      1.180    28.5053   5.703197    35.1860     1.8521     0.0803          0     27.000 338.468380  1022.3733      1.173      0.200  0.000e+00
      1.190    28.5057   5.701535    35.1741     1.8522     0.0643          0     27.250 338.468383  1022.3643      1.184      0.170  0.000e+00
      1.147    28.5058   5.701825    35.1761     1.8474     0.0330          0     27.500 338.468385  1022.3656      1.141      0.127  0.000e+00
