ctd_mafia/cnv/SBE19plus_01906740_2018_12_07_0072.cnv
* Sea-Bird SBE19plus  Data File:
* FileName = C:\Users\all user\Desktop\Patroba _ WWF Mapping Mafia\SBE19plus_01906740_2018_12_07_0072.hex
* Software version 2.6.3.104
* Temperature SN = 6740
* Conductivity SN = 6740
* System UpLoad Time = Dec 07 2018 14:29:14
* <ApplicationData>
* <Seaterm232>
# nquan = 13
# nvalues = 761                                   
# units = specified
# name 0 = prdM: Pressure, Strain Gauge [db]
# name 1 = tv290C: Temperature [ITS-90, deg C]
# name 2 = c0S/m: Conductivity [S/m]
# name 3 = sal00: Salinity, Practical [PSU]
# name 4 = sbeox0ML/L: Oxygen, SBE 43 [ml/l]
# name 5 = flECO-AFL: Fluorescence, WET Labs ECO-AFL/FL [mg/m^3]
# name 6 = nbf: Bottles Fired
# name 7 = timeS: Time, Elapsed [seconds]
# name 8 = timeJ: Julian Days
# name 9 = density00: Density [density, kg/m^3]
# name 10 = depSM: Depth [salt water, m], lat = 0.00
# name 11 = dz/dtM: Descent Rate [m/s]
# name 12 = flag:  0.000e+00
# span 0 =     -1.388,     12.082                 
# span 1 =    28.2556,    28.4732                 
# span 2 =   0.009090,   5.695987                 
# span 3 =     0.0458,    35.2304                 
# span 4 =     2.0390,     4.6091                 
# span 5 =    -0.1707,     0.8669                 
# span 6 =          0,          0                 
# span 7 =      0.000,    190.000                 
# span 8 = 337.311435, 337.313634                 
# span 9 =   996.1816,  1022.4960                 
# span 10 =     -1.381,     12.016                
# span 11 =     -0.631,      0.223                
# span 12 = 0.0000e+00, 0.0000e+00                
# interval = seconds: 0.25
# start_time = Dec 03 2018 07:28:28 [Instrument's time stamp, header]
# bad_flag = -9.990e-29
*END*
[from data line 112]
     -0.328    28.3131   0.469149     2.3351     3.1182     0.0551          0     28.000 337.311759   997.8944     -0.326      0.024  0.000e+00
     -0.317    28.3130   0.245665     1.1778     3.1324     0.0543          0     28.250 337.311762   997.0286     -0.316      0.022  0.000e+00
     -0.328    28.3129   0.214131     1.0194     3.1413     0.0200          0     28.500 337.311765   996.9099     -0.326      0.014  0.000e+00
     -0.350    28.3129   0.178639     0.8429     3.1416     0.0063          0     28.750 337.311768   996.7776     -0.348      0.005  0.000e+00
     -0.350    28.3128   0.277372     1.3385     3.1296     0.0086          0     29.000 337.311771   997.1489     -0.348     -0.004  0.000e+00
     -0.339    28.3128   0.229479     1.0963     3.1293     0.0086          0     29.250 337.311774   996.9676     -0.337     -0.007  0.000e+00
     -0.350    28.3126   0.393855     1.9393     3.1180     0.0063          0     29.500 337.311777   997.5986     -0.348     -0.013  0.000e+00
     -0.360    28.3127   0.510629     2.5553     3.1206     0.0635          0     29.750 337.311780   998.0590     -0.358     -0.017  0.000e+00
     -0.371    28.3125   2.127731    11.8775     2.9676     0.0620          0     30.000 337.311782  1005.0065     -0.369     -0.022  0.000e+00
     -0.350    28.3126   2.649715    15.0960     2.9229     0.0559          0     30.250 337.311785  1007.4038     -0.348     -0.019  0.000e+00
     -0.317    28.3128   2.658243    15.1491     2.9220     0.0635          0     30.500 337.311788  1007.4435     -0.315     -0.001  0.000e+00
     -0.317    28.3144   2.624038    14.9352     2.9286     0.0253          0     30.750 337.311791  1007.2836     -0.315      0.012  0.000e+00
     -0.350    28.3150   2.535356    14.3832     2.9156     0.0231          0     31.000 337.311794  1006.8721     -0.348      0.009  0.000e+00
     -0.404    28.3152   1.856814    10.2401     2.9750     0.0215          0     31.250 337.311797  1003.7862     -0.401     -0.008  0.000e+00
     -0.371    28.3150   2.463455    13.9375     2.9150     0.0200          0     31.500 337.311800  1006.5400     -0.369     -0.009  0.000e+00
     -0.328    28.3151   2.664478    15.1874     2.8844     0.0719          0     31.750 337.311803  1007.4712     -0.326     -0.001  0.000e+00
     -0.285    28.3158   2.658546    15.1501     2.8846     0.0749          0     32.000 337.311806  1007.4435     -0.283      0.014  0.000e+00
     -0.295    28.3161   2.626888    14.9525     2.8789     0.0788          0     32.250 337.311808  1007.2961     -0.294      0.018  0.000e+00
     -0.350    28.3160   2.649787    15.0954     2.8805     0.0780          0     32.500 337.311811  1007.4023     -0.348      0.009  0.000e+00
     -0.382    28.3164   2.646014    15.0717     2.8928     0.0505          0     32.750 337.311814  1007.3844     -0.380      0.003  0.000e+00
     -0.382    28.3163   2.658496    15.1496     2.9116     0.0490          0     33.000 337.311817  1007.4425     -0.380      0.001  0.000e+00
     -0.339    28.3164   2.685320    15.3172     2.9176     0.0459          0     33.250 337.311820  1007.5675     -0.337      0.004  0.000e+00
     -0.328    28.3170   2.671218    15.2289     2.9147     0.0475          0     33.500 337.311823  1007.5016     -0.326     -0.009  0.000e+00
     -0.328    28.3182   2.656952    15.1394     2.9113     0.0459          0     33.750 337.311826  1007.4345     -0.326     -0.017  0.000e+00
     -0.339    28.3188   2.656071    15.1337     2.9095     0.0505          0     34.000 337.311829  1007.4301     -0.337     -0.015  0.000e+00
     -0.371    28.3193   2.652059    15.1085     2.9106     0.0421          0     34.250 337.311832  1007.4110     -0.369     -0.007  0.000e+00
     -0.350    28.3197   2.647926    15.0826     2.9077     0.0459          0     34.500 337.311834  1007.3917     -0.348      0.009  0.000e+00
     -0.360    28.3194   2.650573    15.0992     2.9013     0.0459          0     34.750 337.311837  1007.4041     -0.358      0.007  0.000e+00
     -0.371    28.3192   2.653243    15.1159     2.8889     0.0681          0     35.000 337.311840  1007.4166     -0.369     -0.007  0.000e+00
     -0.371    28.3191   2.656447    15.1360     2.8897     0.0597          0     35.250 337.311843  1007.4315     -0.369     -0.022  0.000e+00
     -0.339    28.3193   2.663382    15.1792     2.8788     0.0589          0     35.500 337.311846  1007.4638     -0.337     -0.015  0.000e+00
     -0.350    28.3199   2.669688    15.2184     2.8895     0.0521          0     35.750 337.311849  1007.4928     -0.348     -0.007  0.000e+00
     -0.339    28.3206   2.677942    15.2697     2.8812     0.0376          0     36.000 337.311852  1007.5309     -0.337      0.005  0.000e+00
     -0.339    28.3211   2.678466    15.2729     2.8756     0.0398          0     36.250 337.311855  1007.5331     -0.337      0.014  0.000e+00
     -0.371    28.3216   2.676208    15.2586     2.8838     0.0315          0     36.500 337.311858  1007.5222     -0.369      0.004  0.000e+00
     -0.350    28.3220   2.672905    15.2378     2.8941     0.0360          0     36.750 337.311861  1007.5067     -0.348      0.007  0.000e+00
     -0.360    28.3218   2.673530    15.2418     2.9031     0.0589          0     37.000 337.311863  1007.5096     -0.358      0.004  0.000e+00
     -0.317    28.3217   2.677722    15.2680     2.9008     0.0719          0     37.250 337.311866  1007.5294     -0.315      0.008  0.000e+00
     -0.339    28.3219   2.676349    15.2594     2.8961     0.0597          0     37.500 337.311869  1007.5228     -0.337      0.003  0.000e+00
     -0.350    28.3220   2.679175    15.2770     2.8950     0.0604          0     37.750 337.311872  1007.5358     -0.348      0.004  0.000e+00
     -0.350    28.3223   2.685247    15.3149     2.8984     0.0574          0     38.000 337.311875  1007.5640     -0.348      0.001  0.000e+00
     -0.382    28.3225   2.686836    15.3248     2.8968     0.0734          0     38.250 337.311878  1007.5711     -0.380     -0.006  0.000e+00
     -0.371    28.3229   2.696176    15.3830     2.8896     0.0788          0     38.500 337.311881  1007.6144     -0.369     -0.007  0.000e+00
     -0.360    28.3238   2.698382    15.3965     2.8841     0.0673          0     38.750 337.311884  1007.6243     -0.359     -0.014  0.000e+00
     -0.339    28.3249   2.691803    15.3550     2.8949     0.0749          0     39.000 337.311887  1007.5931     -0.337     -0.009  0.000e+00
     -0.328    28.3256   2.689204    15.3385     2.8898     0.0307          0     39.250 337.311889  1007.5807     -0.326     -0.006  0.000e+00
     -0.328    28.3262   2.685771    15.3169     2.8976     0.0315          0     39.500 337.311892  1007.5644     -0.326      0.010  0.000e+00
     -0.350    28.3265   2.682667    15.2974     2.8909     0.0330          0     39.750 337.311895  1007.5497     -0.348      0.014  0.000e+00
     -0.404    28.3263   2.680678    15.2850     2.8929     0.0276          0     40.000 337.311898  1007.5403     -0.401      0.000  0.000e+00
     -0.414    28.3259   2.678775    15.2733     2.8989     0.0269          0     40.250 337.311901  1007.5316     -0.412     -0.013  0.000e+00
     -0.414    28.3255   2.685715    15.3168     2.9021     0.0253          0     40.500 337.311904  1007.5641     -0.412     -0.032  0.000e+00
     -0.350    28.3256   2.708681    15.4604     2.8962     0.0269          0     40.750 337.311907  1007.6714     -0.348     -0.029  0.000e+00
     -0.296    28.3268   2.703736    15.4290     2.8978     0.0223          0     41.000 337.311910  1007.6479     -0.294     -0.009  0.000e+00
     -0.317    28.3276   2.694302    15.3698     2.8933     0.0421          0     41.250 337.311913  1007.6034     -0.315      0.009  0.000e+00
     -0.328    28.3279   2.695318    15.3760     2.9060     0.0315          0     41.500 337.311916  1007.6079     -0.326      0.025  0.000e+00
     -0.371    28.3286   2.687095    15.3244     2.9021     0.0337          0     41.750 337.311918  1007.5690     -0.369      0.030  0.000e+00
     -0.393    28.3285   2.693388    15.3638     2.9075     0.0398          0     42.000 337.311921  1007.5983     -0.391      0.025  0.000e+00
     -0.382    28.3287   2.707776    15.4537     2.8993     0.0345          0     42.250 337.311924  1007.6653     -0.380      0.008  0.000e+00
     -0.339    28.3293   2.707522    15.4519     2.8976     0.0330          0     42.500 337.311927  1007.6640     -0.337     -0.003  0.000e+00
     -0.296    28.3299   2.703679    15.4277     2.8919     0.0376          0     42.750 337.311930  1007.6459     -0.294     -0.007  0.000e+00
     -0.306    28.3303   2.707296    15.4502     2.8857     0.0368          0     43.000 337.311933  1007.6625     -0.305     -0.001  0.000e+00
     -0.263    28.3303   2.723710    15.5529     2.8910     0.0276          0     43.250 337.311936  1007.7392     -0.262      0.032  0.000e+00
     -0.220    28.3309   2.771848    15.8544     2.8875     0.0467          0     43.500 337.311939  1007.9639     -0.219      0.068  0.000e+00
     -0.220    28.3322   2.778162    15.8936     2.8964     0.0604          0     43.750 337.311942  1007.9927     -0.219      0.093  0.000e+00
     -0.209    28.3334   2.761200    15.7868     2.9033     0.0391          0     44.000 337.311944  1007.9128     -0.208      0.099  0.000e+00
     -0.209    28.3339   2.777625    15.8897     2.9014     0.0521          0     44.250 337.311947  1007.9893     -0.208      0.088  0.000e+00
     -0.188    28.3341   2.759237    15.7742     2.9055     0.0398          0     44.500 337.311950  1007.9033     -0.186      0.073  0.000e+00
     -0.166    28.3340   2.757239    15.7617     2.9066     0.0345          0     44.750 337.311953  1007.8941     -0.165      0.066  0.000e+00
     -0.166    28.3339   2.766252    15.8183     2.9028     0.0330          0     45.000 337.311956  1007.9363     -0.165      0.062  0.000e+00
     -0.177    28.3337   2.762601    15.7955     2.8954     0.0429          0     45.250 337.311959  1007.9193     -0.176      0.043  0.000e+00
     -0.188    28.3336   2.756659    15.7582     2.8955     0.0055          0     45.500 337.311962  1007.8916     -0.186      0.026  0.000e+00
     -0.187    28.3333   2.768975    15.8356     2.8897     0.0040          0     45.750 337.311965  1007.9493     -0.186      0.019  0.000e+00
     -0.155    28.3330   2.822908    16.1744     2.8863    -0.0052          0     46.000 337.311968  1008.2020     -0.154      0.018  0.000e+00
     -0.101    28.3332   2.982231    17.1796     2.8694     0.0055          0     46.250 337.311970  1008.9514     -0.100      0.031  0.000e+00
     -0.079    28.3336   2.973635    17.1251     2.8699     0.0063          0     46.500 337.311973  1008.9107     -0.079      0.043  0.000e+00
     -0.025    28.3337   2.896289    16.6363     2.8801     0.0490          0     46.750 337.311976  1008.5466     -0.025      0.067  0.000e+00
     -0.014    28.3339   2.883470    16.5554     2.8914     0.0444          0     47.000 337.311979  1008.4863     -0.014      0.091  0.000e+00
     -0.004    28.3339   3.077754    17.7853     2.8736     0.0452          0     47.250 337.311982  1009.4032     -0.004      0.107  0.000e+00
      0.061    28.3343   4.337963    25.9956     2.7557     0.0498          0     47.500 337.311985  1015.5341      0.061      0.127  0.000e+00
      0.104    28.3347   4.396463    26.3858     2.7497     0.0849          0     47.750 337.311988  1015.8261      0.104      0.138  0.000e+00
      0.115    28.3352   4.958766    30.1792     2.6895     0.0795          0     48.000 337.311991  1018.6667      0.115      0.133  0.000e+00
      0.104    28.3358   3.251220    18.8912     2.8670     0.0826          0     48.250 337.311994  1010.2277      0.104      0.116  0.000e+00
      0.126    28.3359   4.438682    26.6675     2.7360     0.0772          0     48.500 337.311997  1016.0365      0.125      0.105  0.000e+00
      0.169    28.3366   5.420631    33.3485     2.6286     0.0322          0     48.750 337.311999  1021.0442      0.168      0.098  0.000e+00
      0.180    28.3375   5.427145    33.3929     2.6349     0.0315          0     49.000 337.312002  1021.0773      0.179      0.095  0.000e+00
      0.267    28.3383   5.447221    33.5312     2.6346     0.0376          0     49.250 337.312005  1021.1813      0.265      0.105  0.000e+00
      0.267    28.3388   5.456149    33.5927     2.6430     0.0330          0     49.500 337.312008  1021.2273      0.265      0.100  0.000e+00
      0.288    28.3399   5.455775    33.5893     2.6478     0.0391          0     49.750 337.312011  1021.2245      0.287      0.105  0.000e+00
      0.310    28.3404   5.480775    33.7621     2.6491     0.0459          0     50.000 337.312014  1021.3542      0.308      0.114  0.000e+00
      0.310    28.3418   5.509880    33.9629     2.6550     0.0459          0     50.250 337.312017  1021.5046      0.308      0.113  0.000e+00
      0.310    28.3439   5.512389    33.9788     2.6669     0.0444          0     50.500 337.312020  1021.5158      0.308      0.096  0.000e+00
      0.342    28.3455   5.517266    34.0115     2.6687     0.0467          0     50.750 337.312023  1021.5399      0.340      0.081  0.000e+00
      0.353    28.3462   5.534098    34.1277     2.6643     0.0444          0     51.000 337.312025  1021.6271      0.351      0.068  0.000e+00
      0.386    28.3470   5.545708    34.2078     2.6617     0.0383          0     51.250 337.312028  1021.6871      0.383      0.056  0.000e+00
      0.450    28.3477   5.558060    34.2930     2.6661     0.0353          0     51.500 337.312031  1021.7511      0.448      0.076  0.000e+00
      0.494    28.3484   5.573051    34.3966     2.6668     0.0322          0     51.750 337.312034  1021.8290      0.491      0.096  0.000e+00
      0.505    28.3499   5.581682    34.4555     2.6626     0.0330          0     52.000 337.312037  1021.8728      0.502      0.110  0.000e+00
      0.505    28.3522   5.578117    34.4291     2.6719     0.0360          0     52.250 337.312040  1021.8522      0.502      0.118  0.000e+00
      0.548    28.3539   5.589336    34.5058     2.6755     0.0269          0     52.500 337.312043  1021.9094      0.545      0.123  0.000e+00
      0.580    28.3561   5.601685    34.5900     2.6762     0.0414          0     52.750 337.312046  1021.9722      0.577      0.122  0.000e+00
      0.602    28.3580   5.611781    34.6588     2.6806     0.0223          0     53.000 337.312049  1022.0233      0.599      0.119  0.000e+00
      0.677    28.3604   5.619203    34.7087     2.6813     0.0208          0     53.250 337.312052  1022.0603      0.674      0.122  0.000e+00
      0.677    28.3630   5.625606    34.7513     2.6930     0.0231          0     53.500 337.312054  1022.0915      0.674      0.115  0.000e+00
      0.710    28.3656   5.630192    34.7814     2.6886     0.0215          0     53.750 337.312057  1022.1134      0.706      0.119  0.000e+00
      0.721    28.3673   5.621589    34.7203     2.6957     0.0315          0     54.000 337.312060  1022.0670      0.717      0.123  0.000e+00
      0.710    28.3676   5.616135    34.6821     2.6987     0.0246          0     54.250 337.312063  1022.0381      0.706      0.112  0.000e+00
      0.732    28.3679   5.625947    34.7501     2.7011     0.0162          0     54.500 337.312066  1022.0893      0.728      0.093  0.000e+00
      0.753    28.3683   5.636100    34.8205     2.7014     0.0200          0     54.750 337.312069  1022.1421      0.749      0.079  0.000e+00
      0.786    28.3689   5.641768    34.8594     2.7046     0.0292          0     55.000 337.312072  1022.1713      0.781      0.071  0.000e+00
      0.851    28.3705   5.646534    34.8915     2.7107     0.0177          0     55.250 337.312075  1022.1951      0.846      0.074  0.000e+00
