ctd_mafia/cnv/SBE19plus_01906740_2018_12_07_0091.cnv
* Sea-Bird SBE19plus  Data File:
* FileName = C:\Users\all user\Desktop\Patroba _ WWF Mapping Mafia\SBE19plus_01906740_2018_12_07_0091.hex
* Software version 2.6.3.104
* Temperature SN = 6740
* Conductivity SN = 6740
* System UpLoad Time = Dec 07 2018 14:33:36
* <ApplicationData>
* <Seaterm232>
# nquan = 13
# nvalues = 715                                   
# units = specified
# name 0 = prdM: Pressure, Strain Gauge [db]
# name 1 = tv290C: Temperature [ITS-90, deg C]
# name 2 = c0S/m: Conductivity [S/m]
# name 3 = sal00: Salinity, Practical [PSU]
# name 4 = sbeox0ML/L: Oxygen, SBE 43 [ml/l]
# name 5 = flECO-AFL: Fluorescence, WET Labs ECO-AFL/FL [mg/m^3]
# name 6 = nbf: Bottles Fired
# name 7 = timeS: Time, Elapsed [seconds]
# name 8 = timeJ: Julian Days
# name 9 = density00: Density [density, kg/m^3]
# name 10 = depSM: Depth [salt water, m], lat = 0.00
# name 11 = dz/dtM: Descent Rate [m/s]
# name 12 = flag:  0.000e+00
# span 0 =     -1.428,     11.232                 
# span 1 =    28.1922,    28.6382                 
# span 2 =   0.006597,   5.724202                 
# span 3 =     0.0357,    35.2683                 
# span 4 =     1.6155,     3.1663                 
# span 5 =    -0.4309,    48.6833                 
# span 6 =          0,          0                 
# span 7 =      0.000,    178.500                 
# span 8 = 338.331354, 338.333420                 
# span 9 =   996.1610,  1022.4581                 
# span 10 =     -1.420,     11.170                
# span 11 =     -0.961,      0.264                
# span 12 = 0.0000e+00, 0.0000e+00                
# interval = seconds: 0.25
# start_time = Dec 04 2018 07:57:09 [Instrument's time stamp, header]
# bad_flag = -9.990e-29
*END*
[from data line 334]
      2.843    28.5552   5.719997    35.2652     1.9863     0.1390          0     83.500 338.332321  1022.4234      2.827      0.173  0.000e+00
      2.864    28.5588   5.720768    35.2679     1.9882     0.1253          0     83.750 338.332323  1022.4244      2.849      0.165  0.000e+00
      2.897    28.5628   5.720318    35.2617     1.9887     0.1543          0     84.000 338.332326  1022.4186      2.881      0.163  0.000e+00
      2.918    28.5644   5.720356    35.2608     1.9924     0.1489          0     84.250 338.332329  1022.4174      2.902      0.148  0.000e+00
      2.962    28.5649   5.720898    35.2642     1.9888     0.1383          0     84.500 338.332332  1022.4200      2.945      0.139  0.000e+00
      2.972    28.5677   5.721784    35.2683     1.9923     0.1436          0     84.750 338.332335  1022.4222      2.956      0.125  0.000e+00
      3.048    28.5710   5.721478    35.2637     1.9980     0.1306          0     85.000 338.332338  1022.4179      3.031      0.126  0.000e+00
      3.081    28.5728   5.721799    35.2646     1.9943     0.1413          0     85.250 338.332341  1022.4182      3.064      0.135  0.000e+00
      3.113    28.5747   5.722372    35.2671     1.9942     0.1344          0     85.500 338.332344  1022.4196      3.096      0.139  0.000e+00
      3.113    28.5774   5.721990    35.2625     1.9939     0.1367          0     85.750 338.332347  1022.4152      3.096      0.137  0.000e+00
      3.145    28.5778   5.721639    35.2597     1.9941     0.1421          0     86.000 338.332350  1022.4132      3.128      0.133  0.000e+00
      3.178    28.5769   5.721600    35.2601     1.9924     0.1436          0     86.250 338.332352  1022.4139      3.160      0.129  0.000e+00
      3.221    28.5759   5.721058    35.2571     1.9899     0.1482          0     86.500 338.332355  1022.4121      3.203      0.125  0.000e+00
      3.254    28.5736   5.720768    35.2568     1.9930     0.1459          0     86.750 338.332358  1022.4128      3.236      0.125  0.000e+00
      3.329    28.5710   5.720608    35.2575     1.9963     0.1047          0     87.000 338.332361  1022.4145      3.311      0.128  0.000e+00
      3.351    28.5687   5.719715    35.2531     1.9925     0.1154          0     87.250 338.332364  1022.4121      3.332      0.139  0.000e+00
      3.383    28.5654   5.720058    35.2579     1.9957     0.1131          0     87.500 338.332367  1022.4169      3.365      0.149  0.000e+00
      3.427    28.5638   5.719936    35.2582     1.9910     0.1161          0     87.750 338.332370  1022.4178      3.408      0.161  0.000e+00
      3.437    28.5625   5.719196    35.2540     1.9903     0.1047          0     88.000 338.332373  1022.4152      3.418      0.156  0.000e+00
      3.513    28.5596   5.719265    35.2567     1.9899     0.1436          0     88.250 338.332376  1022.4185      3.494      0.159  0.000e+00
      3.524    28.5581   5.719265    35.2578     1.9910     0.1322          0     88.500 338.332378  1022.4198      3.504      0.152  0.000e+00
      3.545    28.5572   5.718975    35.2564     1.9897     0.1344          0     88.750 338.332381  1022.4192      3.526      0.142  0.000e+00
      3.589    28.5556   5.718669    35.2554     1.9859     0.1253          0     89.000 338.332384  1022.4192      3.569      0.133  0.000e+00
      3.610    28.5537   5.718433    35.2552     1.9870     0.1459          0     89.250 338.332387  1022.4197      3.590      0.132  0.000e+00
      3.686    28.5520   5.718334    35.2558     1.9889     0.1406          0     89.500 338.332390  1022.4211      3.666      0.140  0.000e+00
      3.707    28.5503   5.717723    35.2528     1.9908     0.1467          0     89.750 338.332393  1022.4195      3.687      0.142  0.000e+00
      3.751    28.5475   5.717723    35.2548     1.9911     0.1383          0     90.000 338.332396  1022.4221      3.730      0.148  0.000e+00
      3.772    28.5458   5.717754    35.2563     1.9931     0.1390          0     90.250 338.332399  1022.4238      3.752      0.143  0.000e+00
      3.794    28.5453   5.718090    35.2590     1.9956     0.1474          0     90.500 338.332402  1022.4261      3.773      0.146  0.000e+00
      3.805    28.5460   5.718174    35.2590     1.9952     0.1421          0     90.750 338.332405  1022.4260      3.784      0.136  0.000e+00
      3.816    28.5471   5.718204    35.2584     1.9987     0.1337          0     91.000 338.332407  1022.4252      3.795      0.118  0.000e+00
      3.826    28.5476   5.718303    35.2588     1.9990     0.1306          0     91.250 338.332410  1022.4254      3.805      0.099  0.000e+00
      3.859    28.5485   5.718303    35.2581     1.9950     0.1245          0     91.500 338.332413  1022.4247      3.838      0.081  0.000e+00
      3.880    28.5488   5.718074    35.2563     1.9968     0.1322          0     91.750 338.332416  1022.4233      3.859      0.076  0.000e+00
      3.913    28.5478   5.717746    35.2547     1.9927     0.1344          0     92.000 338.332419  1022.4226      3.891      0.075  0.000e+00
      3.989    28.5461   5.717563    35.2547     1.9995     0.1413          0     92.250 338.332422  1022.4235      3.967      0.094  0.000e+00
      4.053    28.5447   5.717563    35.2557     2.0046     0.1383          0     92.500 338.332425  1022.4250      4.031      0.122  0.000e+00
      4.075    28.5435   5.717662    35.2573     2.0016     0.1459          0     92.750 338.332428  1022.4267      4.053      0.145  0.000e+00
      4.118    28.5437   5.717823    35.2583     1.9995     0.1421          0     93.000 338.332431  1022.4275      4.096      0.164  0.000e+00
      4.162    28.5442   5.717723    35.2572     1.9996     0.1352          0     93.250 338.332433  1022.4268      4.139      0.177  0.000e+00
      4.216    28.5444   5.717777    35.2574     2.0018     0.1192          0     93.500 338.332436  1022.4271      4.192      0.185  0.000e+00
      4.281    28.5445   5.717754    35.2572     2.0043     0.1161          0     93.750 338.332439  1022.4271      4.257      0.195  0.000e+00
      4.313    28.5447   5.717693    35.2566     2.0033     0.1192          0     94.000 338.332442  1022.4268      4.289      0.192  0.000e+00
      4.389    28.5439   5.717082    35.2529     2.0028     0.1261          0     94.250 338.332445  1022.4246      4.365      0.193  0.000e+00
      4.464    28.5424   5.717472    35.2567     2.0032     0.1169          0     94.500 338.332448  1022.4283      4.440      0.206  0.000e+00
      4.508    28.5419   5.717563    35.2577     2.0039     0.1245          0     94.750 338.332451  1022.4293      4.483      0.221  0.000e+00
      4.562    28.5424   5.717624    35.2577     2.0084     0.1184          0     95.000 338.332454  1022.4294      4.537      0.228  0.000e+00
      4.648    28.5427   5.717563    35.2570     2.0078     0.1146          0     95.250 338.332457  1022.4292      4.623      0.239  0.000e+00
      4.681    28.5431   5.717594    35.2570     2.0087     0.1253          0     95.500 338.332459  1022.4292      4.655      0.239  0.000e+00
      4.745    28.5432   5.717594    35.2569     2.0114     0.1230          0     95.750 338.332462  1022.4293      4.719      0.239  0.000e+00
      4.789    28.5431   5.717594    35.2569     2.0139     0.1222          0     96.000 338.332465  1022.4296      4.762      0.236  0.000e+00
      4.854    28.5433   5.717724    35.2577     2.0134     0.1306          0     96.250 338.332468  1022.4304      4.827      0.229  0.000e+00
      4.940    28.5434   5.717747    35.2577     2.0108     0.1253          0     96.500 338.332471  1022.4307      4.913      0.233  0.000e+00
      4.983    28.5436   5.717724    35.2574     2.0122     0.1131          0     96.750 338.332474  1022.4306      4.956      0.237  0.000e+00
      5.059    28.5436   5.717724    35.2574     2.0117     0.1001          0     97.000 338.332477  1022.4309      5.031      0.241  0.000e+00
      5.124    28.5437   5.717793    35.2578     2.0134     0.1085          0     97.250 338.332480  1022.4315      5.096      0.244  0.000e+00
      5.178    28.5442   5.717793    35.2574     2.0121     0.1047          0     97.500 338.332483  1022.4312      5.149      0.253  0.000e+00
      5.210    28.5444   5.717793    35.2572     2.0108     0.1146          0     97.750 338.332486  1022.4312      5.182      0.246  0.000e+00
      5.243    28.5444   5.717716    35.2567     2.0165     0.1360          0     98.000 338.332488  1022.4309      5.214      0.234  0.000e+00
      5.297    28.5443   5.717693    35.2566     2.0151     0.1261          0     98.250 338.332491  1022.4311      5.268      0.217  0.000e+00
      5.362    28.5440   5.717724    35.2570     2.0157     0.1116          0     98.500 338.332494  1022.4318      5.332      0.205  0.000e+00
      5.416    28.5438   5.717632    35.2565     2.0161     0.1245          0     98.750 338.332497  1022.4317      5.386      0.203  0.000e+00
      5.459    28.5433   5.716892    35.2517     2.0181     0.1245          0     99.000 338.332500  1022.4285      5.429      0.195  0.000e+00
      5.491    28.5405   5.716572    35.2515     2.0130     0.1253          0     99.250 338.332503  1022.4294      5.461      0.190  0.000e+00
      5.513    28.5375   5.716763    35.2551     2.0183     0.1283          0     99.500 338.332506  1022.4332      5.483      0.182  0.000e+00
      5.546    28.5365   5.716633    35.2549     2.0210     0.1306          0     99.750 338.332509  1022.4335      5.515      0.176  0.000e+00
      5.589    28.5357   5.716602    35.2553     2.0213     0.1337          0    100.000 338.332512  1022.4342      5.558      0.167  0.000e+00
      5.643    28.5355   5.716732    35.2563     2.0213     0.1283          0    100.250 338.332514  1022.4353      5.612      0.159  0.000e+00
      5.697    28.5357   5.716892    35.2573     2.0194     0.1390          0    100.500 338.332517  1022.4362      5.665      0.156  0.000e+00
      5.762    28.5366   5.716954    35.2570     2.0169     0.1283          0    100.750 338.332520  1022.4360      5.730      0.165  0.000e+00
      5.827    28.5367   5.716854    35.2562     2.0183     0.1123          0    101.000 338.332523  1022.4357      5.794      0.183  0.000e+00
      5.902    28.5364   5.716702    35.2554     2.0203     0.1161          0    101.250 338.332526  1022.4354      5.870      0.208  0.000e+00
      5.956    28.5361   5.716702    35.2556     2.0212     0.1070          0    101.500 338.332529  1022.4359      5.923      0.229  0.000e+00
      6.010    28.5357   5.716442    35.2541     2.0245     0.1039          0    101.750 338.332532  1022.4351      5.977      0.241  0.000e+00
      6.054    28.5346   5.716473    35.2551     2.0208     0.1238          0    102.000 338.332535  1022.4364      6.020      0.241  0.000e+00
      6.108    28.5345   5.716893    35.2580     2.0222     0.1192          0    102.250 338.332538  1022.4389      6.074      0.237  0.000e+00
      6.129    28.5355   5.716946    35.2577     2.0238     0.1207          0    102.500 338.332541  1022.4384      6.095      0.222  0.000e+00
      6.205    28.5361   5.716862    35.2566     2.0233     0.1222          0    102.750 338.332543  1022.4378      6.171      0.213  0.000e+00
      6.248    28.5363   5.716412    35.2533     2.0251     0.1207          0    103.000 338.332546  1022.4354      6.214      0.203  0.000e+00
      6.324    28.5352   5.716671    35.2559     2.0221     0.1161          0    103.250 338.332549  1022.4380      6.289      0.202  0.000e+00
      6.400    28.5347   5.716702    35.2565     2.0275     0.1184          0    103.500 338.332552  1022.4389      6.364      0.213  0.000e+00
      6.475    28.5352   5.716862    35.2572     2.0275     0.1306          0    103.750 338.332555  1022.4396      6.439      0.230  0.000e+00
      6.518    28.5356   5.716946    35.2575     2.0295     0.1039          0    104.000 338.332558  1022.4399      6.482      0.241  0.000e+00
      6.562    28.5361   5.716992    35.2574     2.0284     0.1032          0    104.250 338.332561  1022.4399      6.525      0.245  0.000e+00
      6.659    28.5365   5.716862    35.2562     2.0278     0.1032          0    104.500 338.332564  1022.4392      6.622      0.259  0.000e+00
      6.691    28.5367   5.717183    35.2583     2.0314     0.1016          0    104.750 338.332567  1022.4409      6.654      0.251  0.000e+00
      6.745    28.5373   5.717114    35.2573     2.0266     0.1077          0    105.000 338.332569  1022.4402      6.708      0.246  0.000e+00
      6.821    28.5377   5.717023    35.2563     2.0259     0.1283          0    105.250 338.332572  1022.4396      6.784      0.240  0.000e+00
      6.886    28.5377   5.717069    35.2566     2.0263     0.1131          0    105.500 338.332575  1022.4401      6.848      0.238  0.000e+00
      6.929    28.5375   5.716924    35.2557     2.0271     0.1161          0    105.750 338.332578  1022.4397      6.891      0.235  0.000e+00
      7.016    28.5372   5.717023    35.2567     2.0275     0.1230          0    106.000 338.332581  1022.4409      6.977      0.245  0.000e+00
      7.059    28.5373   5.717114    35.2572     2.0273     0.1306          0    106.250 338.332584  1022.4415      7.020      0.245  0.000e+00
      7.102    28.5375   5.716863    35.2553     2.0289     0.1406          0    106.500 338.332587  1022.4402      7.063      0.235  0.000e+00
      7.156    28.5367   5.716992    35.2568     2.0296     0.1375          0    106.750 338.332590  1022.4418      7.117      0.236  0.000e+00
      7.221    28.5370   5.716977    35.2565     2.0310     0.1352          0    107.000 338.332593  1022.4417      7.181      0.231  0.000e+00
      7.264    28.5368   5.716832    35.2556     2.0328     0.1085          0    107.250 338.332595  1022.4413      7.224      0.221  0.000e+00
      7.308    28.5364   5.716634    35.2545     2.0316     0.1055          0    107.500 338.332598  1022.4408      7.267      0.213  0.000e+00
      7.373    28.5358   5.716733    35.2556     2.0330     0.1047          0    107.750 338.332601  1022.4421      7.332      0.212  0.000e+00
      7.427    28.5353   5.716794    35.2564     2.0312     0.1039          0    108.000 338.332604  1022.4431      7.386      0.207  0.000e+00
      7.459    28.5355   5.717023    35.2578     2.0374     0.1138          0    108.250 338.332607  1022.4442      7.418      0.206  0.000e+00
      7.513    28.5363   5.717222    35.2586     2.0326     0.1032          0    108.500 338.332610  1022.4448      7.472      0.205  0.000e+00
      7.556    28.5374   5.717374    35.2588     2.0313     0.1207          0    108.750 338.332613  1022.4448      7.515      0.199  0.000e+00
      7.621    28.5383   5.717405    35.2583     2.0306     0.1001          0    109.000 338.332616  1022.4443      7.579      0.198  0.000e+00
      7.675    28.5392   5.717344    35.2572     2.0295     0.1062          0    109.250 338.332619  1022.4434      7.633      0.203  0.000e+00
      7.729    28.5394   5.717374    35.2572     2.0296     0.1261          0    109.500 338.332622  1022.4436      7.687      0.205  0.000e+00
      7.827    28.5392   5.717245    35.2565     2.0309     0.1123          0    109.750 338.332624  1022.4435      7.783      0.218  0.000e+00
      7.848    28.5391   5.717321    35.2571     2.0296     0.1291          0    110.000 338.332627  1022.4441      7.805      0.223  0.000e+00
      7.881    28.5388   5.717313    35.2572     2.0281     0.1161          0    110.250 338.332630  1022.4445      7.837      0.223  0.000e+00
      7.913    28.5389   5.717344    35.2573     2.0283     0.0902          0    110.500 338.332633  1022.4447      7.869      0.212  0.000e+00
      7.967    28.5391   5.717313    35.2570     2.0299     0.0833          0    110.750 338.332636  1022.4445      7.923      0.203  0.000e+00
