ctd_mafia/cnv/SBE19plus_01906740_2018_12_07_0083.cnv
* Sea-Bird SBE19plus  Data File:
* FileName = C:\Users\all user\Desktop\Patroba _ WWF Mapping Mafia\SBE19plus_01906740_2018_12_07_0083.hex
* Software version 2.6.3.104
* Temperature SN = 6740
* Conductivity SN = 6740
* System UpLoad Time = Dec 07 2018 14:31:54
* <ApplicationData>
* <Seaterm232>
# nquan = 13
# nvalues = 824                                   
# units = specified
# name 0 = prdM: Pressure, Strain Gauge [db]
# name 1 = tv290C: Temperature [ITS-90, deg C]
# name 2 = c0S/m: Conductivity [S/m]
# name 3 = sal00: Salinity, Practical [PSU]
# name 4 = sbeox0ML/L: Oxygen, SBE 43 [ml/l]
# name 5 = flECO-AFL: Fluorescence, WET Labs ECO-AFL/FL [mg/m^3]
# name 6 = nbf: Bottles Fired
# name 7 = timeS: Time, Elapsed [seconds]
# name 8 = timeJ: Julian Days
# name 9 = density00: Density [density, kg/m^3]
# name 10 = depSM: Depth [salt water, m], lat = 0.00
# name 11 = dz/dtM: Descent Rate [m/s]
# name 12 = flag:  0.000e+00
# span 0 =     -1.366,     14.018                 
# span 1 =    27.6314,    29.9838                 
# span 2 =   0.363105,   5.777279                 
# span 3 =     1.7998,    35.7400                 
# span 4 =     1.7769,     3.5493                 
# span 5 =    -0.0349,    48.6787                 
# span 6 =          0,          0                 
# span 7 =      0.000,    205.750                 
# span 8 = 337.401620, 337.404002                 
# span 9 =   997.6495,  1022.7982                 
# span 10 =     -1.358,     13.940                
# span 11 =     -1.020,      0.419                
# span 12 = 0.0000e+00, 0.0000e+00                
# interval = seconds: 0.25
# start_time = Dec 03 2018 09:38:20 [Instrument's time stamp, header]
# bad_flag = -9.990e-29
*END*
[from data line 556]
      9.716    28.0551   5.664306    35.2472     2.1212    -0.0029          0    139.000 337.403229  1022.6042      9.662      0.071  0.000e+00
      9.770    28.0551   5.664246    35.2468     2.1182     0.0406          0    139.250 337.403232  1022.6041      9.716      0.094  0.000e+00
      9.791    28.0548   5.664208    35.2467     2.1257     0.0337          0    139.500 337.403235  1022.6042      9.737      0.128  0.000e+00
      9.770    28.0548   5.664208    35.2468     2.1243     0.0360          0    139.750 337.403238  1022.6041      9.716      0.158  0.000e+00
      9.716    28.0546   5.664208    35.2469     2.1260     0.0376          0    140.000 337.403241  1022.6041      9.662      0.151  0.000e+00
      9.683    28.0545   5.664208    35.2470     2.1201     0.0101          0    140.250 337.403244  1022.6040      9.630      0.107  0.000e+00
      9.726    28.0547   5.664276    35.2473     2.1158     0.0162          0    140.500 337.403247  1022.6044      9.673      0.059  0.000e+00
      9.802    28.0551   5.664337    35.2474     2.1190     0.0002          0    140.750 337.403249  1022.6047      9.748      0.035  0.000e+00
      9.910    28.0552   5.664337    35.2473     2.1253     0.0063          0    141.000 337.403252  1022.6050      9.856      0.044  0.000e+00
      9.986    28.0553   5.664276    35.2468     2.1132     0.0147          0    141.250 337.403255  1022.6049      9.931      0.086  0.000e+00
     10.061    28.0554   5.664246    35.2465     2.1134     0.0200          0    141.500 337.403258  1022.6050     10.006      0.149  0.000e+00
     10.040    28.0550   5.664246    35.2468     2.1119     0.0192          0    141.750 337.403261  1022.6053      9.984      0.194  0.000e+00
     10.018    28.0548   5.664208    35.2467     2.1175     0.0177          0    142.000 337.403264  1022.6051      9.963      0.209  0.000e+00
      9.986    28.0547   5.664208    35.2468     2.1220     0.0162          0    142.250 337.403267  1022.6051      9.931      0.181  0.000e+00
     10.029    28.0546   5.664276    35.2473     2.1242     0.0162          0    142.500 337.403270  1022.6057      9.974      0.135  0.000e+00
     10.126    28.0550   5.664307    35.2472     2.1158     0.0246          0    142.750 337.403273  1022.6059     10.070      0.107  0.000e+00
     10.191    28.0550   5.664276    35.2470     2.1111     0.0192          0    143.000 337.403275  1022.6060     10.135      0.095  0.000e+00
     10.202    28.0550   5.664246    35.2467     2.1157     0.0200          0    143.250 337.403278  1022.6059     10.146      0.096  0.000e+00
     10.170    28.0549   5.664276    35.2470     2.1141     0.0368          0    143.500 337.403281  1022.6060     10.113      0.094  0.000e+00
     10.116    28.0549   5.664246    35.2468     2.1097     0.0330          0    143.750 337.403284  1022.6057     10.060      0.090  0.000e+00
     10.170    28.0548   5.664276    35.2471     2.1049     0.0330          0    144.000 337.403287  1022.6061     10.113      0.090  0.000e+00
     10.224    28.0551   5.664337    35.2473     2.1136     0.0253          0    144.250 337.403290  1022.6064     10.167      0.089  0.000e+00
     10.332    28.0552   5.664329    35.2472     2.1112     0.0261          0    144.500 337.403293  1022.6067     10.275      0.092  0.000e+00
     10.440    28.0553   5.664337    35.2471     2.1146     0.0292          0    144.750 337.403296  1022.6071     10.382      0.115  0.000e+00
     10.461    28.0554   5.664368    35.2472     2.1173     0.0231          0    145.000 337.403299  1022.6073     10.404      0.148  0.000e+00
     10.505    28.0554   5.664337    35.2470     2.1243     0.0276          0    145.250 337.403302  1022.6073     10.447      0.193  0.000e+00
     10.451    28.0553   5.664276    35.2467     2.1229     0.0360          0    145.500 337.403304  1022.6068     10.393      0.206  0.000e+00
     10.407    28.0552   5.664307    35.2470     2.1173     0.0360          0    145.750 337.403307  1022.6069     10.350      0.180  0.000e+00
     10.429    28.0552   5.664337    35.2472     2.1150     0.0284          0    146.000 337.403310  1022.6072     10.372      0.126  0.000e+00
     10.429    28.0555   5.664398    35.2474     2.1133     0.0276          0    146.250 337.403313  1022.6072     10.371      0.069  0.000e+00
     10.461    28.0557   5.664398    35.2472     2.1149     0.0215          0    146.500 337.403316  1022.6072     10.404      0.022  0.000e+00
     10.548    28.0558   5.664398    35.2471     2.1171     0.0162          0    146.750 337.403319  1022.6074     10.490      0.017  0.000e+00
     10.634    28.0561   5.664368    35.2466     2.1109     0.0246          0    147.000 337.403322  1022.6073     10.576      0.058  0.000e+00
     10.710    28.0558   5.664307    35.2464     2.1160     0.0177          0    147.250 337.403325  1022.6076     10.651      0.112  0.000e+00
     10.742    28.0556   5.664307    35.2466     2.1189     0.0246          0    147.500 337.403328  1022.6079     10.683      0.174  0.000e+00
     10.721    28.0553   5.664307    35.2468     2.1186     0.0231          0    147.750 337.403330  1022.6081     10.662      0.195  0.000e+00
     10.667    28.0554   5.664307    35.2467     2.1143     0.0177          0    148.000 337.403333  1022.6078     10.608      0.170  0.000e+00
     10.624    28.0556   5.664307    35.2466     2.1174     0.0215          0    148.250 337.403336  1022.6074     10.565      0.123  0.000e+00
     10.645    28.0555   5.664360    35.2471     2.1125     0.0124          0    148.500 337.403339  1022.6079     10.587      0.069  0.000e+00
     10.678    28.0558   5.664398    35.2471     2.1132     0.0574          0    148.750 337.403342  1022.6080     10.619      0.020  0.000e+00
     10.786    28.0560   5.664398    35.2468     2.1228     0.0597          0    149.000 337.403345  1022.6081     10.726      0.014  0.000e+00
     10.894    28.0559   5.664368    35.2467     2.1202     0.0505          0    149.250 337.403348  1022.6085     10.834      0.050  0.000e+00
     11.002    28.0561   5.664368    35.2465     2.1150     0.0635          0    149.500 337.403351  1022.6088     10.941      0.123  0.000e+00
     11.089    28.0558   5.664368    35.2467     2.1195     0.0307          0    149.750 337.403354  1022.6094     11.027      0.211  0.000e+00
     11.089    28.0558   5.664368    35.2467     2.1217     0.0406          0    150.000 337.403356  1022.6094     11.027      0.267  0.000e+00
     11.067    28.0556   5.664337    35.2467     2.1271     0.0345          0    150.250 337.403359  1022.6094     11.006      0.276  0.000e+00
     11.078    28.0558   5.664337    35.2465     2.1218     0.0307          0    150.500 337.403362  1022.6092     11.017      0.247  0.000e+00
     11.110    28.0557   5.664368    35.2468     2.1217     0.0391          0    150.750 337.403365  1022.6096     11.049      0.203  0.000e+00
     11.099    28.0557   5.664368    35.2468     2.1184     0.0376          0    151.000 337.403368  1022.6096     11.038      0.136  0.000e+00
     11.121    28.0558   5.664368    35.2467     2.1229     0.0406          0    151.250 337.403371  1022.6096     11.060      0.082  0.000e+00
     11.186    28.0558   5.664338    35.2465     2.1189     0.0261          0    151.500 337.403374  1022.6097     11.124      0.060  0.000e+00
     11.251    28.0558   5.664368    35.2467     2.1144     0.0322          0    151.750 337.403377  1022.6101     11.189      0.071  0.000e+00
     11.316    28.0557   5.664368    35.2468     2.1139     0.0330          0    152.000 337.403380  1022.6105     11.253      0.112  0.000e+00
     11.305    28.0557   5.664338    35.2466     2.1187     0.0345          0    152.250 337.403383  1022.6103     11.242      0.135  0.000e+00
     11.294    28.0555   5.664360    35.2469     2.1132     0.0299          0    152.500 337.403385  1022.6105     11.232      0.134  0.000e+00
     11.272    28.0558   5.664368    35.2467     2.1142     0.0330          0    152.750 337.403388  1022.6102     11.210      0.115  0.000e+00
     11.207    28.0558   5.664368    35.2467     2.1101     0.0246          0    153.000 337.403391  1022.6099     11.146      0.077  0.000e+00
     11.153    28.0558   5.664398    35.2469     2.1135     0.0200          0    153.250 337.403394  1022.6098     11.092      0.014  0.000e+00
     11.121    28.0562   5.664436    35.2469     2.1165     0.0162          0    153.500 337.403397  1022.6095     11.060     -0.053  0.000e+00
     11.078    28.0564   5.664497    35.2472     2.1134     0.0238          0    153.750 337.403400  1022.6095     11.016     -0.111  0.000e+00
     11.067    28.0564   5.664467    35.2470     2.1175     0.0086          0    154.000 337.403403  1022.6093     11.006     -0.143  0.000e+00
     11.078    28.0568   5.664467    35.2467     2.1129     0.0032          0    154.250 337.403406  1022.6090     11.016     -0.138  0.000e+00
     11.143    28.0568   5.664497    35.2469     2.1147     0.0101          0    154.500 337.403409  1022.6094     11.081     -0.103  0.000e+00
     11.240    28.0568   5.664558    35.2472     2.1154     0.0086          0    154.750 337.403411  1022.6101     11.178     -0.035  0.000e+00
     11.294    28.0568   5.664497    35.2468     2.1137     0.0376          0    155.000 337.403414  1022.6100     11.232      0.043  0.000e+00
     11.283    28.0568   5.664436    35.2464     2.1133     0.0391          0    155.250 337.403417  1022.6097     11.221      0.096  0.000e+00
     11.261    28.0565   5.664436    35.2466     2.1099     0.0376          0    155.500 337.403420  1022.6098     11.199      0.120  0.000e+00
     11.251    28.0563   5.664436    35.2468     2.1179     0.0406          0    155.750 337.403423  1022.6100     11.189      0.123  0.000e+00
     11.261    28.0563   5.664467    35.2470     2.1163     0.0330          0    156.000 337.403426  1022.6102     11.199      0.105  0.000e+00
     11.315    28.0564   5.664497    35.2471     2.1184     0.0376          0    156.250 337.403429  1022.6105     11.253      0.086  0.000e+00
     11.413    28.0565   5.664482    35.2469     2.1168     0.0276          0    156.500 337.403432  1022.6107     11.350      0.081  0.000e+00
     11.489    28.0566   5.664467    35.2467     2.1177     0.0307          0    156.750 337.403435  1022.6108     11.425      0.094  0.000e+00
     11.521    28.0567   5.664437    35.2464     2.1153     0.0353          0    157.000 337.403438  1022.6107     11.457      0.126  0.000e+00
     11.532    28.0565   5.664368    35.2460     2.1237     0.0261          0    157.250 337.403440  1022.6106     11.468      0.160  0.000e+00
     11.488    28.0561   5.664338    35.2461     2.1239     0.0376          0    157.500 337.403443  1022.6106     11.425      0.163  0.000e+00
     11.434    28.0559   5.664368    35.2465     2.1220     0.0345          0    157.750 337.403446  1022.6107     11.371      0.130  0.000e+00
     11.478    28.0559   5.664399    35.2467     2.1292     0.0261          0    158.000 337.403449  1022.6110     11.414      0.094  0.000e+00
     11.575    28.0559   5.664467    35.2472     2.1233     0.0467          0    158.250 337.403452  1022.6118     11.511      0.073  0.000e+00
     11.715    28.0563   5.664497    35.2470     2.1264     0.0490          0    158.500 337.403455  1022.6122     11.651      0.086  0.000e+00
     11.813    28.0565   5.664437    35.2464     2.1228     0.0521          0    158.750 337.403458  1022.6121     11.747      0.130  0.000e+00
     11.867    28.0561   5.664368    35.2462     2.1209     0.0513          0    159.000 337.403461  1022.6123     11.801      0.188  0.000e+00
     11.942    28.0558   5.664399    35.2466     2.1261     0.0154          0    159.250 337.403464  1022.6130     11.877      0.252  0.000e+00
     11.986    28.0558   5.664368    35.2464     2.1363     0.0086          0    159.500 337.403466  1022.6130     11.919      0.302  0.000e+00
     12.007    28.0558   5.664368    35.2465     2.1334     0.0177          0    159.750 337.403469  1022.6132     11.941      0.313  0.000e+00
     12.018    28.0557   5.664368    35.2466     2.1301     0.0070          0    160.000 337.403472  1022.6133     11.952      0.275  0.000e+00
     12.083    28.0557   5.664368    35.2465     2.1260     0.0101          0    160.250 337.403475  1022.6136     12.016      0.230  0.000e+00
     12.256    28.0554   5.664391    35.2469     2.1295     0.0345          0    160.500 337.403478  1022.6147     12.188      0.223  0.000e+00
     12.375    28.0557   5.664399    35.2467     2.1201     0.0345          0    160.750 337.403481  1022.6149     12.306      0.249  0.000e+00
     12.429    28.0556   5.664369    35.2465     2.1187     0.0429          0    161.000 337.403484  1022.6151     12.360      0.277  0.000e+00
     12.515    28.0556   5.664369    35.2465     2.1080     0.0459          0    161.250 337.403487  1022.6154     12.446      0.306  0.000e+00
     12.580    28.0554   5.664369    35.2466     2.1215     0.0376          0    161.500 337.403490  1022.6159     12.511      0.334  0.000e+00
     12.667    28.0556   5.664399    35.2467     2.1192     0.0261          0    161.750 337.403492  1022.6162     12.597      0.357  0.000e+00
     12.710    28.0559   5.664468    35.2468     2.1248     0.0353          0    162.000 337.403495  1022.6164     12.640      0.354  0.000e+00
     12.775    28.0564   5.664498    35.2467     2.1297     0.0337          0    162.250 337.403498  1022.6164     12.704      0.324  0.000e+00
     12.915    28.0568   5.664559    35.2468     2.1278     0.0391          0    162.500 337.403501  1022.6169     12.844      0.303  0.000e+00
     13.077    28.0573   5.664559    35.2463     2.1270     0.0322          0    162.750 337.403504  1022.6172     13.005      0.328  0.000e+00
     13.207    28.0576   5.664529    35.2459     2.1301     0.0376          0    163.000 337.403507  1022.6173     13.134      0.372  0.000e+00
     13.294    28.0575   5.664559    35.2461     2.1361     0.0261          0    163.250 337.403510  1022.6179     13.220      0.401  0.000e+00
     13.359    28.0577   5.664559    35.2460     2.1407     0.0086          0    163.500 337.403513  1022.6180     13.285      0.419  0.000e+00
     13.380    28.0574   5.664559    35.2462     2.1344     0.0131          0    163.750 337.403516  1022.6183     13.306      0.409  0.000e+00
     13.380    28.0572   5.664559    35.2463     2.1432     0.0124          0    164.000 337.403519  1022.6185     13.306      0.373  0.000e+00
     13.434    28.0573   5.664529    35.2460     2.1399     0.0162          0    164.250 337.403521  1022.6185     13.360      0.319  0.000e+00
     13.531    28.0572   5.664590    35.2465     2.1454     0.0131          0    164.500 337.403524  1022.6193     13.457      0.264  0.000e+00
     13.715    28.0573   5.664544    35.2460     2.1477     0.0337          0    164.750 337.403527  1022.6197     13.639      0.255  0.000e+00
     13.823    28.0569   5.664559    35.2464     2.1363     0.0376          0    165.000 337.403530  1022.6205     13.747      0.275  0.000e+00
     13.942    28.0571   5.664590    35.2464     2.1360     0.0284          0    165.250 337.403533  1022.6210     13.865      0.321  0.000e+00
     14.018    28.0572   5.664590    35.2464     2.1376     0.0345          0    165.500 337.403536  1022.6212     13.940      0.366  0.000e+00
     13.985    28.0573   5.664628    35.2466     2.1287     0.0330          0    165.750 337.403539  1022.6212     13.908      0.376  0.000e+00
     13.996    28.0574   5.664628    35.2465     2.1271     0.0337          0    166.000 337.403542  1022.6212     13.919      0.355  0.000e+00
     13.985    28.0574   5.664628    35.2465     2.1260     0.0360          0    166.250 337.403545  1022.6211     13.908      0.289  0.000e+00
