ctd_mafia/cnv/SBE19plus_01906740_2018_12_07_0107.cnv
* Sea-Bird SBE19plus  Data File:
* FileName = C:\Users\all user\Desktop\Patroba _ WWF Mapping Mafia\SBE19plus_01906740_2018_12_07_0107.hex
* Software version 2.6.3.104
* Temperature SN = 6740
* Conductivity SN = 6740
* System UpLoad Time = Dec 07 2018 14:37:22
* <ApplicationData>
* <Seaterm232>
# nquan = 13
# nvalues = 380                                   
# units = specified
# name 0 = prdM: Pressure, Strain Gauge [db]
# name 1 = tv290C: Temperature [ITS-90, deg C]
# name 2 = c0S/m: Conductivity [S/m]
# name 3 = sal00: Salinity, Practical [PSU]
# name 4 = sbeox0ML/L: Oxygen, SBE 43 [ml/l]
# name 5 = flECO-AFL: Fluorescence, WET Labs ECO-AFL/FL [mg/m^3]
# name 6 = nbf: Bottles Fired
# name 7 = timeS: Time, Elapsed [seconds]
# name 8 = timeJ: Julian Days
# name 9 = density00: Density [density, kg/m^3]
# name 10 = depSM: Depth [salt water, m], lat = 0.00
# name 11 = dz/dtM: Descent Rate [m/s]
# name 12 = flag:  0.000e+00
# span 0 =     -1.384,      2.670                 
# span 1 =    27.3691,    28.5151                 
# span 2 =   0.196718,   5.725747                 
# span 3 =     0.9508,    35.4033                 
# span 4 =     1.8308,     3.6753                 
# span 5 =    -0.1730,     0.5892                 
# span 6 =          0,          0                 
# span 7 =      0.000,     94.750                 
# span 8 = 338.447083, 338.448180                 
# span 9 =   997.1229,  1022.5530                 
# span 10 =     -1.377,      2.655                
# span 11 =     -0.886,      0.265                
# span 12 = 0.0000e+00, 0.0000e+00                
# interval = seconds: 0.25
# start_time = Dec 04 2018 10:43:48 [Instrument's time stamp, header]
# bad_flag = -9.990e-29
*END*
     -1.145    27.3691   0.196718     0.9508     3.2065     0.0109          0      0.000 338.447083   997.1229     -1.139      0.000  0.000e+00
     -0.994    27.7740   1.412198     7.6965     2.9703     0.0154          0      0.250 338.447086  1002.0484     -0.988      0.040  0.000e+00
     -0.918    28.0955   3.144418    18.3009     2.7408     0.0215          0      0.500 338.447089  1009.8572     -0.913      0.091  0.000e+00
     -0.832    28.2729   3.575995    21.0115     2.6441     0.0177          0      0.750 338.447092  1011.8253     -0.827      0.149  0.000e+00
     -0.778    28.3565   3.121519    18.0554     2.6487     0.0177          0      1.000 338.447095  1009.5942     -0.774      0.201  0.000e+00
     -0.724    28.3983   3.138338    18.1466     2.6096     0.0093          0      1.250 338.447098  1009.6495     -0.720      0.243  0.000e+00
     -0.691    28.4200   4.020642    23.8490     2.5103     0.0086          0      1.500 338.447101  1013.8988     -0.688      0.265  0.000e+00
     -0.681    28.4333   5.670506    35.0124     2.3467     0.0063          0      1.750 338.447104  1022.2587     -0.677      0.260  0.000e+00
     -0.627    28.4413   5.685756    35.1126     2.3474     0.0604          0      2.000 338.447106  1022.3316     -0.623      0.238  0.000e+00
     -0.627    28.4437   5.690851    35.1463     2.3773     0.0604          0      2.250 338.447109  1022.3561     -0.623      0.182  0.000e+00
     -0.551    28.4393   5.693175    35.1657     2.3801     0.0612          0      2.500 338.447112  1022.3725     -0.548      0.162  0.000e+00
     -0.540    28.4240   5.692124    35.1698     2.3980     0.0505          0      2.750 338.447115  1022.3807     -0.537      0.140  0.000e+00
     -0.486    28.4064   5.690471    35.1713     2.4016     0.0635          0      3.000 338.447118  1022.3879     -0.484      0.137  0.000e+00
     -0.465    28.3932   5.691675    35.1895     2.4134     0.0643          0      3.250 338.447121  1022.4060     -0.462      0.134  0.000e+00
     -0.432    28.3841   5.692087    35.1991     2.4184     0.0574          0      3.500 338.447124  1022.4164     -0.430      0.137  0.000e+00
     -0.432    28.3769   5.692254    35.2056     2.4276     0.0627          0      3.750 338.447127  1022.4236     -0.430      0.131  0.000e+00
     -0.411    28.3717   5.693115    35.2155     2.4239     0.0582          0      4.000 338.447130  1022.4329     -0.409      0.117  0.000e+00
     -0.400    28.3674   5.692956    35.2176     2.4254     0.0475          0      4.250 338.447133  1022.4359     -0.398      0.106  0.000e+00
     -0.389    28.3630   5.693306    35.2233     2.4271     0.0513          0      4.500 338.447135  1022.4416     -0.387      0.083  0.000e+00
     -0.378    28.3593   5.692666    35.2216     2.4356     0.0498          0      4.750 338.447138  1022.4416     -0.376      0.073  0.000e+00
     -0.368    28.3565   5.692316    35.2212     2.4364     0.0498          0      5.000 338.447141  1022.4424     -0.366      0.057  0.000e+00
     -0.357    28.3544   5.691874    35.2197     2.4364     0.0315          0      5.250 338.447144  1022.4419     -0.355      0.050  0.000e+00
     -0.346    28.3534   5.691645    35.2188     2.4484     0.0368          0      5.500 338.447147  1022.4416     -0.344      0.045  0.000e+00
     -0.324    28.3542   5.691904    35.2200     2.4506     0.0360          0      5.750 338.447150  1022.4424     -0.323      0.049  0.000e+00
     -0.357    28.3567   5.691044    35.2122     2.4552     0.0345          0      6.000 338.447153  1022.4356     -0.355      0.037  0.000e+00
     -0.357    28.3607   5.689482    35.1983     2.4547     0.0376          0      6.250 338.447156  1022.4238     -0.355      0.027  0.000e+00
     -0.357    28.3650   5.688652    35.1893     2.4556     0.0345          0      6.500 338.447159  1022.4156     -0.355      0.017  0.000e+00
     -0.357    28.3697   5.690404    35.1980     2.4622     0.0292          0      6.750 338.447161  1022.4206     -0.355      0.007  0.000e+00
     -0.346    28.3749   5.693085    35.2129     2.4622     0.0421          0      7.000 338.447164  1022.4301     -0.344      0.002  0.000e+00
     -0.335    28.3791   5.693748    35.2143     2.4663     0.0459          0      7.250 338.447167  1022.4298     -0.333      0.001  0.000e+00
     -0.346    28.3827   5.694677    35.2182     2.4639     0.0444          0      7.500 338.447170  1022.4315     -0.344     -0.001  0.000e+00
     -0.346    28.3878   5.695241    35.2183     2.4662     0.0490          0      7.750 338.447173  1022.4299     -0.344      0.000  0.000e+00
     -0.357    28.3939   5.695569    35.2161     2.4738     0.0528          0      8.000 338.447176  1022.4262     -0.355      0.005  0.000e+00
     -0.335    28.3995   5.696079    35.2155     2.4944     0.0406          0      8.250 338.447179  1022.4240     -0.333      0.007  0.000e+00
     -0.335    28.4036   5.695888    35.2111     2.6724     0.0345          0      8.500 338.447182  1022.4193     -0.333      0.008  0.000e+00
     -0.324    28.4062   5.695698    35.2078     2.6825     0.0421          0      8.750 338.447185  1022.4161     -0.322      0.010  0.000e+00
     -0.335    28.4086   5.696018    35.2082     2.6613     0.0330          0      9.000 338.447187  1022.4155     -0.333      0.007  0.000e+00
     -0.335    28.4101   5.695728    35.2051     2.6361     0.0391          0      9.250 338.447190  1022.4127     -0.333      0.006  0.000e+00
     -0.346    28.4120   5.695378    35.2013     2.6041     0.0498          0      9.500 338.447193  1022.4092     -0.344      0.006  0.000e+00
     -0.335    28.4136   5.695058    35.1978     2.5696     0.0482          0      9.750 338.447196  1022.4060     -0.333      0.005  0.000e+00
     -0.324    28.4154   5.694547    35.1929     2.5239     0.0398          0     10.000 338.447199  1022.4018     -0.322      0.007  0.000e+00
     -0.335    28.4170   5.694166    35.1891     2.4702     0.0528          0     10.250 338.447202  1022.3984     -0.333      0.000  0.000e+00
     -0.324    28.4179   5.693785    35.1858     2.4227     0.0475          0     10.500 338.447205  1022.3957     -0.322      0.002  0.000e+00
     -0.335    28.4185   5.693496    35.1833     2.4191     0.0490          0     10.750 338.447208  1022.3935     -0.333      0.001  0.000e+00
     -0.314    28.4190   5.693717    35.1845     2.4229     0.0513          0     11.000 338.447211  1022.3943     -0.312      0.009  0.000e+00
     -0.324    28.4179   5.695378    35.1969     2.4212     0.0475          0     11.250 338.447214  1022.4040     -0.322      0.009  0.000e+00
     -0.313    28.4155   5.696970    35.2097     2.4157     0.0421          0     11.500 338.447216  1022.4145     -0.312      0.012  0.000e+00
     -0.324    28.4116   5.697633    35.2173     2.4046     0.0490          0     11.750 338.447219  1022.4214     -0.323      0.007  0.000e+00
     -0.314    28.4034   5.697801    35.2245     2.3940     0.0490          0     12.000 338.447222  1022.4296     -0.312      0.007  0.000e+00
     -0.314    28.3943   5.697481    35.2291     2.3931     0.0482          0     12.250 338.447225  1022.4360     -0.312      0.009  0.000e+00
     -0.303    28.3888   5.696590    35.2270     2.3875     0.0498          0     12.500 338.447228  1022.4363     -0.301      0.010  0.000e+00
     -0.303    28.3849   5.695470    35.2220     2.3692     0.0376          0     12.750 338.447231  1022.4338     -0.301      0.012  0.000e+00
     -0.314    28.3819   5.694418    35.2170     2.3535     0.0360          0     13.000 338.447234  1022.4310     -0.312      0.006  0.000e+00
     -0.303    28.3805   5.693207    35.2095     2.3441     0.0337          0     13.250 338.447237  1022.4259     -0.301      0.009  0.000e+00
     -0.314    28.3793   5.691995    35.2020     2.3318     0.0398          0     13.500 338.447240  1022.4206     -0.312      0.005  0.000e+00
     -0.303    28.3787   5.691203    35.1970     2.3315    -0.0014          0     13.750 338.447242  1022.4171     -0.301      0.006  0.000e+00
     -0.303    28.3778   5.690403    35.1920     2.3207     0.0032          0     14.000 338.447245  1022.4137     -0.301      0.004  0.000e+00
     -0.303    28.3774   5.690403    35.1923     2.3111     0.0002          0     14.250 338.447248  1022.4140     -0.301      0.003  0.000e+00
     -0.281    28.3773   5.691264    35.1984     2.3054     0.0032          0     14.500 338.447251  1022.4187     -0.280      0.007  0.000e+00
     -0.303    28.3774   5.692095    35.2041     2.3015     0.0635          0     14.750 338.447254  1022.4229     -0.301      0.007  0.000e+00
     -0.314    28.3784   5.692605    35.2069     2.3006     0.0589          0     15.000 338.447257  1022.4246     -0.312      0.004  0.000e+00
     -0.314    28.3810   5.692986    35.2076     2.2914     0.0604          0     15.250 338.447260  1022.4243     -0.312     -0.001  0.000e+00
     -0.303    28.3848   5.693306    35.2070     2.2916     0.0627          0     15.500 338.447263  1022.4226     -0.301     -0.001  0.000e+00
     -0.292    28.3889   5.693656    35.2065     2.2802     0.0459          0     15.750 338.447266  1022.4209     -0.290     -0.001  0.000e+00
     -0.292    28.3940   5.694052    35.2054     2.2775     0.0452          0     16.000 338.447269  1022.4184     -0.290      0.001  0.000e+00
     -0.303    28.3996   5.694547    35.2047     2.2765     0.0490          0     16.250 338.447271  1022.4160     -0.301     -0.000  0.000e+00
     -0.303    28.4045   5.695187    35.2055     2.2727     0.0528          0     16.500 338.447274  1022.4150     -0.301     -0.001  0.000e+00
     -0.292    28.4094   5.695759    35.2058     2.2661     0.0490          0     16.750 338.447277  1022.4137     -0.290      0.007  0.000e+00
     -0.303    28.4138   5.696208    35.2057     2.2588     0.0360          0     17.000 338.447280  1022.4120     -0.301      0.006  0.000e+00
     -0.281    28.4171   5.696528    35.2055     2.2564     0.0353          0     17.250 338.447283  1022.4109     -0.280      0.008  0.000e+00
     -0.292    28.4196   5.696749    35.2051     2.2510     0.0360          0     17.500 338.447286  1022.4098     -0.290      0.004  0.000e+00
     -0.292    28.4212   5.696940    35.2053     2.2485     0.0376          0     17.750 338.447289  1022.4093     -0.290      0.003  0.000e+00
     -0.270    28.4230   5.697085    35.2050     2.2447     0.0330          0     18.000 338.447292  1022.4086     -0.269      0.010  0.000e+00
     -0.281    28.4239   5.697260    35.2055     2.2432     0.0330          0     18.250 338.447295  1022.4087     -0.280      0.013  0.000e+00
     -0.303    28.4234   5.697389    35.2068     2.2390     0.0391          0     18.500 338.447297  1022.4097     -0.301      0.006  0.000e+00
     -0.303    28.4206   5.697450    35.2093     2.2349     0.0383          0     18.750 338.447300  1022.4125     -0.301     -0.001  0.000e+00
     -0.292    28.4163   5.697389    35.2121     2.2321     0.0673          0     19.000 338.447303  1022.4161     -0.290     -0.002  0.000e+00
     -0.292    28.4127   5.697260    35.2138     2.2303     0.0627          0     19.250 338.447306  1022.4185     -0.290     -0.006  0.000e+00
     -0.281    28.4097   5.697001    35.2143     2.2273     0.0589          0     19.500 338.447309  1022.4199     -0.280     -0.001  0.000e+00
     -0.314    28.4073   5.696780    35.2145     2.2243     0.0612          0     19.750 338.447312  1022.4207     -0.312     -0.009  0.000e+00
     -0.292    28.4053   5.696529    35.2143     2.2229     0.0490          0     20.000 338.447315  1022.4214     -0.290     -0.009  0.000e+00
     -0.281    28.4036   5.696269    35.2137     2.2225     0.0528          0     20.250 338.447318  1022.4215     -0.280      0.002  0.000e+00
     -0.303    28.4011   5.695949    35.2133     2.2218     0.0459          0     20.500 338.447321  1022.4219     -0.301      0.003  0.000e+00
     -0.292    28.3977   5.695698    35.2141     2.2182     0.0490          0     20.750 338.447323  1022.4237     -0.290      0.001  0.000e+00
     -0.303    28.3947   5.695599    35.2157     2.2093     0.0475          0     21.000 338.447326  1022.4259     -0.301     -0.004  0.000e+00
     -0.314    28.3926   5.695348    35.2155     2.2075     0.0490          0     21.250 338.447329  1022.4263     -0.312     -0.008  0.000e+00
     -0.292    28.3911   5.694997    35.2141     2.2076     0.0475          0     21.500 338.447332  1022.4259     -0.290     -0.005  0.000e+00
     -0.292    28.3900   5.694548    35.2118     2.2065     0.0505          0     21.750 338.447335  1022.4245     -0.290      0.001  0.000e+00
     -0.270    28.3881   5.694174    35.2106     2.2054     0.0513          0     22.000 338.447338  1022.4244     -0.269      0.004  0.000e+00
     -0.292    28.3866   5.693847    35.2095     2.2008     0.0688          0     22.250 338.447341  1022.4239     -0.290      0.004  0.000e+00
     -0.281    28.3855   5.693588    35.2085     2.1988     0.0635          0     22.500 338.447344  1022.4235     -0.280      0.012  0.000e+00
     -0.270    28.3847   5.693367    35.2075     2.1968     0.0612          0     22.750 338.447347  1022.4231     -0.269      0.014  0.000e+00
     -0.292    28.3840   5.693146    35.2065     2.1966     0.0528          0     23.000 338.447350  1022.4226     -0.290      0.013  0.000e+00
     -0.270    28.3833   5.693085    35.2066     2.1933     0.0505          0     23.250 338.447352  1022.4230     -0.269      0.014  0.000e+00
     -0.292    28.3829   5.692986    35.2062     2.1872     0.0505          0     23.500 338.447355  1022.4227     -0.291      0.003  0.000e+00
     -0.270    28.3826   5.692925    35.2060     2.1813     0.0498          0     23.750 338.447358  1022.4227     -0.269      0.004  0.000e+00
     -0.260    28.3821   5.692856    35.2059     2.1798     0.0467          0     24.000 338.447361  1022.4229     -0.258      0.006  0.000e+00
     -0.260    28.3818   5.692734    35.2053     2.1761     0.0589          0     24.250 338.447364  1022.4225     -0.258      0.013  0.000e+00
     -0.270    28.3810   5.692254    35.2025     2.1781     0.0635          0     24.500 338.447367  1022.4206     -0.269      0.009  0.000e+00
     -0.292    28.3805   5.690975    35.1940     2.1760     0.0582          0     24.750 338.447370  1022.4143     -0.290      0.002  0.000e+00
     -0.270    28.3793   5.689672    35.1858     2.1720     0.0543          0     25.000 338.447373  1022.4086     -0.269      0.005  0.000e+00
     -0.281    28.3768   5.688872    35.1821     2.1718     0.0643          0     25.250 338.447376  1022.4066     -0.280     -0.002  0.000e+00
     -0.292    28.3742   5.688560    35.1818     2.1690     0.0620          0     25.500 338.447378  1022.4072     -0.290     -0.006  0.000e+00
     -0.281    28.3719   5.687921    35.1791     2.1658     0.0635          0     25.750 338.447381  1022.4060     -0.280     -0.012  0.000e+00
     -0.281    28.3698   5.686900    35.1735     2.1623     0.0696          0     26.000 338.447384  1022.4025     -0.280     -0.012  0.000e+00
     -0.281    28.3679   5.685933    35.1682     2.1595     0.0627          0     26.250 338.447387  1022.3991     -0.280     -0.008  0.000e+00
     -0.281    28.3659   5.685309    35.1653     2.1554     0.0635          0     26.500 338.447390  1022.3976     -0.280     -0.002  0.000e+00
     -0.281    28.3642   5.684799    35.1630     2.1518     0.0627          0     26.750 338.447393  1022.3964     -0.280      0.001  0.000e+00
     -0.281    28.3626   5.684357    35.1612     2.1492     0.0627          0     27.000 338.447396  1022.3956     -0.280     -0.001  0.000e+00
     -0.270    28.3611   5.683657    35.1574     2.1440     0.0589          0     27.250 338.447399  1022.3933     -0.269      0.005  0.000e+00
     -0.260    28.3594   5.682865    35.1531     2.1426     0.0398          0     27.500 338.447402  1022.3906     -0.258      0.011  0.000e+00
