ctd_mafia/cnv/SBE19plus_01906740_2018_12_07_0109.cnv
* Sea-Bird SBE19plus  Data File:
* FileName = C:\Users\all user\Desktop\Patroba _ WWF Mapping Mafia\SBE19plus_01906740_2018_12_07_0109.hex
* Software version 2.6.3.104
* Temperature SN = 6740
* Conductivity SN = 6740
* System UpLoad Time = Dec 07 2018 14:37:40
* <ApplicationData>
* <Seaterm232>
# nquan = 13
# nvalues = 361                                   
# units = specified
# name 0 = prdM: Pressure, Strain Gauge [db]
# name 1 = tv290C: Temperature [ITS-90, deg C]
# name 2 = c0S/m: Conductivity [S/m]
# name 3 = sal00: Salinity, Practical [PSU]
# name 4 = sbeox0ML/L: Oxygen, SBE 43 [ml/l]
# name 5 = flECO-AFL: Fluorescence, WET Labs ECO-AFL/FL [mg/m^3]
# name 6 = nbf: Bottles Fired
# name 7 = timeS: Time, Elapsed [seconds]
# name 8 = timeJ: Julian Days
# name 9 = density00: Density [density, kg/m^3]
# name 10 = depSM: Depth [salt water, m], lat = 0.00
# name 11 = dz/dtM: Descent Rate [m/s]
# name 12 = flag:  0.000e+00
# span 0 =     -1.393,      5.807                 
# span 1 =    27.1130,    28.5272                 
# span 2 =   0.574311,   5.723669                 
# span 3 =     2.8934,    35.3471                 
# span 4 =     2.1072,     3.5202                 
# span 5 =    -0.3287,     0.6662                 
# span 6 =          0,          0                 
# span 7 =      0.000,     90.000                 
# span 8 = 338.459225, 338.460266                 
# span 9 =   998.2932,  1022.5579                 
# span 10 =     -1.386,      5.775                
# span 11 =     -0.989,      0.333                
# span 12 = 0.0000e+00, 0.0000e+00                
# interval = seconds: 0.25
# start_time = Dec 04 2018 11:01:17 [Instrument's time stamp, header]
# bad_flag = -9.990e-29
*END*
[from data line 223]
      4.163    28.2643   5.689578    35.2695     2.1328     0.0788          0     55.750 338.459870  1022.5284      4.140      0.127  0.000e+00
      4.228    28.2644   5.690103    35.2731     2.1349     0.0818          0     56.000 338.459873  1022.5313      4.205      0.132  0.000e+00
      4.250    28.2648   5.689707    35.2700     2.1345     0.0902          0     56.250 338.459876  1022.5290      4.226      0.133  0.000e+00
      4.282    28.2639   5.689136    35.2666     2.1352     0.0917          0     56.500 338.459878  1022.5269      4.259      0.133  0.000e+00
      4.315    28.2636   5.689227    35.2675     2.1366     0.0978          0     56.750 338.459881  1022.5278      4.291      0.135  0.000e+00
      4.347    28.2638   5.689616    35.2701     2.1370     0.0963          0     57.000 338.459884  1022.5298      4.323      0.135  0.000e+00
      4.390    28.2644   5.689837    35.2711     2.1387     0.1077          0     57.250 338.459887  1022.5306      4.366      0.140  0.000e+00
      4.390    28.2648   5.690088    35.2726     2.1383     0.1016          0     57.500 338.459890  1022.5316      4.366      0.132  0.000e+00
      4.444    28.2656   5.690279    35.2733     2.1395     0.1093          0     57.750 338.459893  1022.5321      4.420      0.130  0.000e+00
      4.499    28.2657   5.690279    35.2733     2.1406     0.1039          0     58.000 338.459896  1022.5322      4.474      0.130  0.000e+00
      4.499    28.2658   5.690225    35.2728     2.1416     0.1138          0     58.250 338.459899  1022.5319      4.474      0.130  0.000e+00
      4.563    28.2658   5.690317    35.2734     2.1395     0.1207          0     58.500 338.459902  1022.5326      4.538      0.136  0.000e+00
      4.585    28.2659   5.690629    35.2755     2.1396     0.1276          0     58.750 338.459905  1022.5342      4.560      0.137  0.000e+00
      4.639    28.2659   5.691178    35.2793     2.1374     0.1138          0     59.000 338.459907  1022.5374      4.614      0.143  0.000e+00
      4.693    28.2663   5.690378    35.2735     2.1360     0.1177          0     59.250 338.459910  1022.5330      4.667      0.154  0.000e+00
      4.715    28.2657   5.689266    35.2661     2.1380     0.1001          0     59.500 338.459913  1022.5278      4.689      0.161  0.000e+00
      4.725    28.2659   5.689616    35.2684     2.1357     0.0963          0     59.750 338.459916  1022.5295      4.699      0.149  0.000e+00
      4.747    28.2661   5.690279    35.2729     2.1390     0.0940          0     60.000 338.459919  1022.5329      4.721      0.139  0.000e+00
      4.769    28.2661   5.692427    35.2879     2.1679     0.0932          0     60.250 338.459922  1022.5443      4.742      0.133  0.000e+00
      4.790    28.2668   5.692960    35.2910     2.1877     0.0963          0     60.500 338.459925  1022.5465      4.764      0.114  0.000e+00
      4.844    28.2677   5.693090    35.2913     2.2041     0.0902          0     60.750 338.459928  1022.5466      4.818      0.112  0.000e+00
      4.898    28.2685   5.693021    35.2902     2.2035     0.0978          0     61.000 338.459931  1022.5457      4.871      0.112  0.000e+00
      4.942    28.2690   5.693090    35.2903     2.2129     0.0932          0     61.250 338.459933  1022.5458      4.914      0.122  0.000e+00
      4.953    28.2692   5.693090    35.2901     2.2169     0.0994          0     61.500 338.459936  1022.5457      4.925      0.132  0.000e+00
      4.974    28.2695   5.693120    35.2901     2.2169     0.0963          0     61.750 338.459939  1022.5457      4.947      0.138  0.000e+00
      4.996    28.2698   5.693120    35.2899     2.2173     0.0963          0     62.000 338.459942  1022.5455      4.968      0.135  0.000e+00
      5.017    28.2698   5.693120    35.2899     2.2274     0.0986          0     62.250 338.459945  1022.5456      4.990      0.128  0.000e+00
      5.050    28.2697   5.693075    35.2896     2.2390     0.1062          0     62.500 338.459948  1022.5456      5.022      0.119  0.000e+00
      5.082    28.2694   5.693090    35.2900     2.2682     0.1016          0     62.750 338.459951  1022.5461      5.054      0.107  0.000e+00
      5.147    28.2693   5.693090    35.2900     2.2686     0.1077          0     63.000 338.459954  1022.5464      5.119      0.110  0.000e+00
      5.180    28.2694   5.693090    35.2899     2.2813     0.0994          0     63.250 338.459957  1022.5465      5.151      0.120  0.000e+00
      5.201    28.2694   5.693090    35.2899     2.2826     0.1116          0     63.500 338.459959  1022.5465      5.173      0.132  0.000e+00
      5.223    28.2692   5.693090    35.2901     2.2857     0.1116          0     63.750 338.459962  1022.5468      5.194      0.136  0.000e+00
      5.277    28.2694   5.693090    35.2899     2.2831     0.1138          0     64.000 338.459965  1022.5468      5.248      0.143  0.000e+00
      5.309    28.2693   5.693052    35.2897     2.2818     0.1116          0     64.250 338.459968  1022.5469      5.280      0.146  0.000e+00
      5.342    28.2692   5.693105    35.2901     2.2764     0.1146          0     64.500 338.459971  1022.5474      5.312      0.143  0.000e+00
      5.385    28.2691   5.693090    35.2901     2.2993     0.1032          0     64.750 338.459974  1022.5475      5.355      0.142  0.000e+00
      5.417    28.2694   5.693121    35.2901     2.3015     0.1177          0     65.000 338.459977  1022.5476      5.388      0.138  0.000e+00
      5.461    28.2692   5.693090    35.2900     2.3149     0.1085          0     65.250 338.459980  1022.5478      5.431      0.144  0.000e+00
      5.461    28.2692   5.693151    35.2904     2.3216     0.1077          0     65.500 338.459983  1022.5481      5.431      0.141  0.000e+00
      5.493    28.2696   5.693151    35.2901     2.3127     0.1123          0     65.750 338.459986  1022.5479      5.463      0.134  0.000e+00
      5.515    28.2696   5.693212    35.2905     2.3275     0.1093          0     66.000 338.459988  1022.5483      5.484      0.121  0.000e+00
      5.547    28.2698   5.693281    35.2909     2.3299     0.1100          0     66.250 338.459991  1022.5486      5.517      0.115  0.000e+00
      5.590    28.2700   5.693281    35.2907     2.3421     0.1070          0     66.500 338.459994  1022.5486      5.560      0.114  0.000e+00
      5.612    28.2705   5.693288    35.2904     2.3383     0.1016          0     66.750 338.459997  1022.5483      5.581      0.110  0.000e+00
      5.688    28.2706   5.693281    35.2902     2.3265     0.1077          0     67.000 338.460000  1022.5485      5.656      0.123  0.000e+00
      5.688    28.2706   5.693243    35.2900     2.3395     0.1116          0     67.250 338.460003  1022.5483      5.656      0.127  0.000e+00
      5.731    28.2707   5.693281    35.2901     2.3575     0.1108          0     67.500 338.460006  1022.5486      5.699      0.138  0.000e+00
      5.763    28.2706   5.693311    35.2904     2.3651     0.1085          0     67.750 338.460009  1022.5489      5.732      0.141  0.000e+00
      5.774    28.2707   5.693311    35.2903     2.3502     0.1207          0     68.000 338.460012  1022.5489      5.742      0.136  0.000e+00
      5.774    28.2709   5.693311    35.2902     2.3363     0.1154          0     68.250 338.460014  1022.5487      5.742      0.120  0.000e+00
      5.774    28.2709   5.693342    35.2904     2.3282     0.1245          0     68.500 338.460017  1022.5489      5.742      0.098  0.000e+00
      5.785    28.2710   5.693319    35.2901     2.3365     0.1093          0     68.750 338.460020  1022.5486      5.753      0.078  0.000e+00
      5.774    28.2711   5.693311    35.2900     2.3512     0.0864          0     69.000 338.460023  1022.5485      5.742      0.049  0.000e+00
      5.774    28.2710   5.693311    35.2901     2.3443     0.1047          0     69.250 338.460026  1022.5485      5.742      0.035  0.000e+00
      5.796    28.2710   5.693342    35.2903     2.3354     0.0963          0     69.500 338.460029  1022.5489      5.764      0.020  0.000e+00
      5.807    28.2713   5.693372    35.2902     2.3468     0.1032          0     69.750 338.460032  1022.5487      5.775      0.016  0.000e+00
      5.807    28.2713   5.693403    35.2905     2.3548     0.1200          0     70.000 338.460035  1022.5489      5.775      0.017  0.000e+00
      5.785    28.2713   5.693471    35.2909     2.3610     0.1207          0     70.250 338.460038  1022.5492      5.753      0.014  0.000e+00
      5.774    28.2717   5.693532    35.2911     2.3661     0.1238          0     70.500 338.460041  1022.5491      5.742      0.006  0.000e+00
      5.796    28.2721   5.693563    35.2910     2.3671     0.1146          0     70.750 338.460043  1022.5490      5.764      0.005  0.000e+00
      5.785    28.2727   5.693593    35.2908     2.3493     0.1116          0     71.000 338.460046  1022.5486      5.753      0.003  0.000e+00
      5.785    28.2731   5.693563    35.2903     2.3489     0.1192          0     71.250 338.460049  1022.5481      5.753     -0.003  0.000e+00
      5.785    28.2731   5.693593    35.2905     2.3454     0.1245          0     71.500 338.460052  1022.5482      5.753     -0.009  0.000e+00
      5.774    28.2732   5.693532    35.2900     2.3461     0.1169          0     71.750 338.460055  1022.5478      5.742     -0.012  0.000e+00
      5.785    28.2733   5.693532    35.2899     2.3568     0.1192          0     72.000 338.460058  1022.5477      5.753     -0.007  0.000e+00
      5.720    28.2730   5.693471    35.2897     2.3468     0.0986          0     72.250 338.460061  1022.5474      5.689     -0.018  0.000e+00
      5.504    28.2729   5.693372    35.2892     2.3361     0.1016          0     72.500 338.460064  1022.5461      5.474     -0.088  0.000e+00
      5.288    28.2721   5.693242    35.2889     2.3357     0.1001          0     72.750 338.460067  1022.5453      5.259     -0.200  0.000e+00
      5.071    28.2716   5.693257    35.2894     2.3426     0.1062          0     73.000 338.460069  1022.5449      5.043     -0.331  0.000e+00
      4.834    28.2710   5.693181    35.2895     2.3305     0.1123          0     73.250 338.460072  1022.5441      4.807     -0.480  0.000e+00
      4.520    28.2706   5.693150    35.2897     2.3207     0.1100          0     73.500 338.460075  1022.5431      4.495     -0.649  0.000e+00
      4.293    28.2704   5.693150    35.2899     2.3265     0.1009          0     73.750 338.460078  1022.5423      4.269     -0.795  0.000e+00
      4.142    28.2702   5.693120    35.2899     2.3276     0.1055          0     74.000 338.460081  1022.5417      4.119     -0.885  0.000e+00
      3.882    28.2700   5.693120    35.2901     2.3272     0.1055          0     74.250 338.460084  1022.5408      3.861     -0.932  0.000e+00
      3.547    28.2698   5.693051    35.2898     2.3214     0.1131          0     74.500 338.460087  1022.5393      3.528     -0.963  0.000e+00
      3.299    28.2697   5.693020    35.2898     2.3285     0.1131          0     74.750 338.460090  1022.5382      3.280     -0.987  0.000e+00
      3.104    28.2694   5.693013    35.2900     2.3306     0.1001          0     75.000 338.460093  1022.5376      3.087     -0.989  0.000e+00
      2.942    28.2692   5.692929    35.2896     2.3410     0.1093          0     75.250 338.460095  1022.5367      2.926     -0.960  0.000e+00
      2.682    28.2688   5.692860    35.2895     2.3459     0.1077          0     75.500 338.460098  1022.5356      2.668     -0.938  0.000e+00
      2.347    28.2686   5.692799    35.2893     2.3324     0.1047          0     75.750 338.460101  1022.5341      2.334     -0.966  0.000e+00
      2.109    28.2680   5.692700    35.2891     2.3555     0.1001          0     76.000 338.460104  1022.5332      2.098     -0.988  0.000e+00
      1.969    28.2672   5.692639    35.2893     2.3699     0.1116          0     76.250 338.460107  1022.5330      1.958     -0.953  0.000e+00
      1.872    28.2666   5.692639    35.2898     2.3746     0.0826          0     76.500 338.460110  1022.5331      1.861     -0.885  0.000e+00
      1.601    28.2663   5.692608    35.2900     2.3508     0.0864          0     76.750 338.460113  1022.5322      1.592     -0.867  0.000e+00
      1.266    28.2661   5.692577    35.2900     2.3416     0.0810          0     77.000 338.460116  1022.5308      1.259     -0.892  0.000e+00
      1.061    28.2661   5.692608    35.2903     2.3467     0.0917          0     77.250 338.460119  1022.5302      1.055     -0.900  0.000e+00
      0.942    28.2662   5.692989    35.2929     2.3476     0.0963          0     77.500 338.460122  1022.5316      0.937     -0.858  0.000e+00
      0.888    28.2677   5.693050    35.2922     2.3427     0.1161          0     77.750 338.460124  1022.5303      0.883     -0.784  0.000e+00
      0.736    28.2691   5.693087    35.2914     2.3294     0.1161          0     78.000 338.460127  1022.5287      0.732     -0.742  0.000e+00
      0.423    28.2701   5.692958    35.2899     2.3166     0.1070          0     78.250 338.460130  1022.5258      0.421     -0.756  0.000e+00
      0.185    28.2709   5.692927    35.2892     2.3170     0.0513          0     78.500 338.460133  1022.5240      0.184     -0.768  0.000e+00
      0.023    28.2703   5.692958    35.2899     2.3205     0.0498          0     78.750 338.460136  1022.5240      0.023     -0.736  0.000e+00
     -0.118    28.2702   5.693117    35.2911     2.3113     0.0604          0     79.000 338.460139  1022.5244     -0.117     -0.708  0.000e+00
     -0.280    28.2708   5.693102    35.2906     2.3208     0.0612          0     79.250 338.460142  1022.5231     -0.278     -0.721  0.000e+00
     -0.507    28.2714   5.693689    35.2943     2.3205     0.0582          0     79.500 338.460145  1022.5247     -0.504     -0.760  0.000e+00
     -0.701    28.2752   5.695891    35.3069     2.3226     0.0467          0     79.750 338.460148  1022.5322     -0.698     -0.786  0.000e+00
     -0.799    28.2874   5.702941    35.3471     2.3305     0.0475          0     80.000 338.460150  1022.5579     -0.794     -0.747  0.000e+00
     -0.799    28.3220   5.700928    35.3072     2.3200     0.0482          0     80.250 338.460153  1022.5165     -0.794     -0.645  0.000e+00
     -0.777    28.3390   5.698633    35.2784     2.3171     0.0330          0     80.500 338.460156  1022.4894     -0.773     -0.540  0.000e+00
     -0.755    28.3358   5.702178    35.3056     2.3130     0.0406          0     80.750 338.460159  1022.5109     -0.751     -0.428  0.000e+00
     -0.701    28.3446   5.704427    35.3147     2.3130     0.0444          0     81.000 338.460162  1022.5151     -0.698     -0.293  0.000e+00
     -0.712    28.3606   5.705723    35.3118     2.3056     0.0429          0     81.250 338.460165  1022.5076     -0.708     -0.160  0.000e+00
     -0.723    28.3726   5.699433    35.2590     2.3103     0.0574          0     81.500 338.460168  1022.4639     -0.719     -0.044  0.000e+00
     -0.691    28.3588   5.702688    35.2919     2.3251     0.0398          0     81.750 338.460171  1022.4934     -0.687      0.035  0.000e+00
     -0.723    28.3581   5.704541    35.3054     2.3126     0.0429          0     82.000 338.460174  1022.5035     -0.719      0.052  0.000e+00
     -0.734    28.3686   5.705372    35.3033     2.3115     0.0437          0     82.250 338.460177  1022.4985     -0.730      0.035  0.000e+00
     -0.755    28.3813   5.708598    35.3164     2.3134     0.0406          0     82.500 338.460179  1022.5041     -0.751      0.009  0.000e+00
     -0.745    28.3993   5.708727    35.3039     2.3254     0.0833          0     82.750 338.460182  1022.4888     -0.741     -0.011  0.000e+00
     -0.745    28.4116   5.709940    35.3032     2.3323     0.0818          0     83.000 338.460185  1022.4842     -0.741     -0.025  0.000e+00
