ctd_mafia/cnv/SBE19plus_01906740_2018_12_07_0110.cnv
* Sea-Bird SBE19plus  Data File:
* FileName = C:\Users\all user\Desktop\Patroba _ WWF Mapping Mafia\SBE19plus_01906740_2018_12_07_0110.hex
* Software version 2.6.3.104
* Temperature SN = 6740
* Conductivity SN = 6740
* System UpLoad Time = Dec 07 2018 14:37:47
* <ApplicationData>
* <Seaterm232>
# nquan = 13
# nvalues = 203                                   
# units = specified
# name 0 = prdM: Pressure, Strain Gauge [db]
# name 1 = tv290C: Temperature [ITS-90, deg C]
# name 2 = c0S/m: Conductivity [S/m]
# name 3 = sal00: Salinity, Practical [PSU]
# name 4 = sbeox0ML/L: Oxygen, SBE 43 [ml/l]
# name 5 = flECO-AFL: Fluorescence, WET Labs ECO-AFL/FL [mg/m^3]
# name 6 = nbf: Bottles Fired
# name 7 = timeS: Time, Elapsed [seconds]
# name 8 = timeJ: Julian Days
# name 9 = density00: Density [density, kg/m^3]
# name 10 = depSM: Depth [salt water, m], lat = 0.00
# name 11 = dz/dtM: Descent Rate [m/s]
# name 12 = flag:  0.000e+00
# span 0 =     -1.447,      1.190                 
# span 1 =    28.3936,    28.5256                 
# span 2 =   0.893814,   5.711403                 
# span 3 =     4.6412,    35.2350                 
# span 4 =     1.6672,     2.4273                 
# span 5 =    -0.0288,     0.1955                 
# span 6 =          0,          0                 
# span 7 =      0.000,     50.500                 
# span 8 = 338.468067, 338.468652                 
# span 9 =   999.5875,  1022.4240                 
# span 10 =     -1.439,      1.184                
# span 11 =     -0.735,      0.236                
# span 12 = 0.0000e+00, 0.0000e+00                
# interval = seconds: 0.25
# start_time = Dec 04 2018 11:14:01 [Instrument's time stamp, header]
# bad_flag = -9.990e-29
*END*
[from data line 112]
      1.050    28.5050   5.703960    35.1915     1.8467     0.0376          0     28.000 338.468391  1022.3770      1.044      0.019  0.000e+00
      1.017    28.5045   5.702458    35.1814     1.8449     0.0284          0     28.250 338.468394  1022.3695      1.012     -0.043  0.000e+00
      0.985    28.5028   5.701162    35.1737     1.8388     0.0536          0     28.500 338.468397  1022.3641      0.980     -0.092  0.000e+00
      1.017    28.5018   5.700803    35.1719     1.8367     0.0620          0     28.750 338.468400  1022.3632      1.012     -0.112  0.000e+00
      1.039    28.5021   5.700514    35.1697     1.8324     0.0574          0     29.000 338.468403  1022.3615      1.033     -0.100  0.000e+00
      1.039    28.5001   5.700255    35.1694     1.8248     0.0528          0     29.250 338.468406  1022.3620      1.033     -0.079  0.000e+00
      1.039    28.4930   5.700095    35.1736     1.8216     0.0574          0     29.500 338.468409  1022.3675      1.033     -0.045  0.000e+00
      1.050    28.4853   5.700255    35.1804     1.8180     0.0437          0     29.750 338.468411  1022.3752      1.044     -0.013  0.000e+00
      1.050    28.4812   5.700484    35.1850     1.8143     0.0467          0     30.000 338.468414  1022.3800      1.044      0.015  0.000e+00
      1.017    28.4810   5.700926    35.1882     1.8124     0.0459          0     30.250 338.468417  1022.3823      1.012      0.017  0.000e+00
      1.039    28.4820   5.700766    35.1863     1.8115     0.0459          0     30.500 338.468420  1022.3807      1.033      0.017  0.000e+00
      1.028    28.4815   5.700415    35.1843     1.8076     0.0215          0     30.750 338.468423  1022.3793      1.023      0.001  0.000e+00
      1.028    28.4796   5.700224    35.1844     1.8055     0.0292          0     31.000 338.468426  1022.3800      1.023     -0.007  0.000e+00
      1.039    28.4775   5.700133    35.1853     1.8012     0.0170          0     31.250 338.468429  1022.3814      1.033     -0.006  0.000e+00
      1.039    28.4760   5.700255    35.1873     1.7987     0.0231          0     31.500 338.468432  1022.3834      1.033     -0.004  0.000e+00
      1.028    28.4750   5.700385    35.1889     1.7950     0.0803          0     31.750 338.468435  1022.3849      1.023     -0.006  0.000e+00
      1.018    28.4753   5.700514    35.1896     1.7930     0.0818          0     32.000 338.468437  1022.3853      1.012     -0.006  0.000e+00
      1.028    28.4765   5.700278    35.1870     1.7881     0.0955          0     32.250 338.468440  1022.3830      1.023     -0.001  0.000e+00
      1.039    28.4777   5.699942    35.1838     1.7878     0.0803          0     32.500 338.468443  1022.3803      1.033     -0.002  0.000e+00
      1.039    28.4783   5.699683    35.1816     1.7848     0.0574          0     32.750 338.468446  1022.3784      1.033      0.002  0.000e+00
      1.061    28.4784   5.699523    35.1804     1.7800     0.0574          0     33.000 338.468449  1022.3775      1.055      0.009  0.000e+00
      1.039    28.4781   5.699333    35.1793     1.7756     0.0673          0     33.250 338.468452  1022.3767      1.033      0.007  0.000e+00
      1.050    28.4778   5.699203    35.1786     1.7749     0.0635          0     33.500 338.468455  1022.3763      1.044      0.012  0.000e+00
      1.050    28.4774   5.699043    35.1778     1.7754     0.0597          0     33.750 338.468458  1022.3759      1.044      0.015  0.000e+00
      1.039    28.4769   5.698822    35.1766     1.7751     0.0459          0     34.000 338.468461  1022.3751      1.033      0.012  0.000e+00
      1.039    28.4763   5.698647    35.1758     1.7693     0.0383          0     34.250 338.468464  1022.3747      1.033      0.004  0.000e+00
      1.050    28.4755   5.698662    35.1765     1.7736     0.0437          0     34.500 338.468466  1022.3755      1.044      0.001  0.000e+00
      1.050    28.4749   5.698662    35.1770     1.7716     0.0467          0     34.750 338.468469  1022.3761      1.044      0.000  0.000e+00
      1.028    28.4745   5.698471    35.1759     1.7684     0.0444          0     35.000 338.468472  1022.3753      1.023     -0.007  0.000e+00
      1.028    28.4740   5.698182    35.1743     1.7646     0.0521          0     35.250 338.468475  1022.3742      1.023     -0.006  0.000e+00
      1.050    28.4734   5.697961    35.1733     1.7642     0.0414          0     35.500 338.468478  1022.3738      1.044     -0.005  0.000e+00
      1.050    28.4726   5.697900    35.1734     1.7595     0.0414          0     35.750 338.468481  1022.3742      1.044     -0.001  0.000e+00
      1.050    28.4716   5.697900    35.1742     1.7576     0.0459          0     36.000 338.468484  1022.3750      1.044      0.004  0.000e+00
      1.039    28.4708   5.697946    35.1751     1.7585     0.0498          0     36.250 338.468487  1022.3759      1.033      0.001  0.000e+00
      1.039    28.4703   5.697862    35.1748     1.7535     0.0482          0     36.500 338.468490  1022.3759      1.033     -0.001  0.000e+00
      1.039    28.4698   5.697671    35.1739     1.7493     0.0467          0     36.750 338.468492  1022.3754      1.033      0.001  0.000e+00
      1.039    28.4689   5.697481    35.1732     1.7492     0.0566          0     37.000 338.468495  1022.3752      1.033      0.003  0.000e+00
      1.039    28.4684   5.697389    35.1729     1.7514     0.0574          0     37.250 338.468498  1022.3751      1.033     -0.001  0.000e+00
      1.050    28.4674   5.697389    35.1737     1.7455     0.0589          0     37.500 338.468501  1022.3760      1.044     -0.004  0.000e+00
      1.082    28.4669   5.697290    35.1734     1.7431     0.0589          0     37.750 338.468504  1022.3762      1.076      0.009  0.000e+00
      1.082    28.4661   5.697237    35.1736     1.7430     0.0597          0     38.000 338.468507  1022.3766      1.076      0.019  0.000e+00
      1.082    28.4653   5.697130    35.1735     1.7420     0.0917          0     38.250 338.468510  1022.3768      1.076      0.027  0.000e+00
      1.061    28.4644   5.697039    35.1735     1.7396     0.0902          0     38.500 338.468513  1022.3770      1.055      0.023  0.000e+00
      1.039    28.4638   5.696970    35.1735     1.7372     0.0849          0     38.750 338.468516  1022.3770      1.033      0.012  0.000e+00
      1.071    28.4633   5.696810    35.1727     1.7328     0.0810          0     39.000 338.468519  1022.3768      1.065      0.010  0.000e+00
      1.093    28.4622   5.696749    35.1731     1.7285     0.0269          0     39.250 338.468521  1022.3775      1.087      0.011  0.000e+00
      1.093    28.4613   5.696681    35.1733     1.7290     0.0376          0     39.500 338.468524  1022.3779      1.087      0.009  0.000e+00
      1.104    28.4607   5.696681    35.1738     1.7265     0.0315          0     39.750 338.468527  1022.3786      1.098      0.010  0.000e+00
      1.115    28.4598   5.696780    35.1751     1.7256     0.0315          0     40.000 338.468530  1022.3799      1.108      0.021  0.000e+00
      1.115    28.4593   5.696940    35.1766     1.7245     0.0543          0     40.250 338.468533  1022.3812      1.109      0.029  0.000e+00
      1.093    28.4591   5.697130    35.1781     1.7211     0.0635          0     40.500 338.468536  1022.3823      1.087      0.030  0.000e+00
      1.093    28.4589   5.697001    35.1773     1.7197     0.0627          0     40.750 338.468539  1022.3818      1.087      0.023  0.000e+00
      1.093    28.4588   5.696810    35.1761     1.7195     0.0620          0     41.000 338.468542  1022.3809      1.087      0.007  0.000e+00
      1.093    28.4587   5.696780    35.1759     1.7164     0.0574          0     41.250 338.468545  1022.3808      1.087     -0.003  0.000e+00
      1.082    28.4581   5.696620    35.1752     1.7108     0.0574          0     41.500 338.468547  1022.3805      1.076     -0.009  0.000e+00
      1.082    28.4577   5.696528    35.1749     1.7103     0.0582          0     41.750 338.468550  1022.3803      1.076     -0.015  0.000e+00
      1.104    28.4570   5.696406    35.1746     1.7046     0.0604          0     42.000 338.468553  1022.3804      1.098     -0.011  0.000e+00
      1.093    28.4562   5.696330    35.1746     1.7022     0.0521          0     42.250 338.468556  1022.3807      1.087     -0.006  0.000e+00
      1.093    28.4556   5.696330    35.1751     1.7029     0.0505          0     42.500 338.468559  1022.3812      1.087      0.001  0.000e+00
      1.093    28.4548   5.696300    35.1754     1.6991     0.0452          0     42.750 338.468562  1022.3817      1.087      0.002  0.000e+00
      1.072    28.4543   5.696330    35.1761     1.6968     0.0398          0     43.000 338.468565  1022.3823      1.066     -0.004  0.000e+00
      1.104    28.4536   5.696399    35.1771     1.6991     0.0437          0     43.250 338.468568  1022.3834      1.098      0.002  0.000e+00
      1.093    28.4531   5.696429    35.1776     1.6925     0.0589          0     43.500 338.468571  1022.3840      1.087      0.003  0.000e+00
      1.082    28.4528   5.696330    35.1772     1.6911     0.0612          0     43.750 338.468573  1022.3837      1.076     -0.002  0.000e+00
      1.028    28.4526   5.696193    35.1764     1.6941     0.0589          0     44.000 338.468576  1022.3829      1.023     -0.022  0.000e+00
      0.855    28.4523   5.697801    35.1878     1.6950     0.0627          0     44.250 338.468579  1022.3909      0.851     -0.076  0.000e+00
      0.639    28.4534   5.696650    35.1791     1.6886     0.0490          0     44.500 338.468582  1022.3830      0.636     -0.176  0.000e+00
      0.466    28.4544   5.696238    35.1756     1.6922     0.0490          0     44.750 338.468585  1022.3793      0.464     -0.291  0.000e+00
      0.272    28.4546   5.696650    35.1783     1.6862     0.0444          0     45.000 338.468588  1022.3804      0.270     -0.417  0.000e+00
      0.066    28.4552   5.697831    35.1861     1.6877     0.0482          0     45.250 338.468591  1022.3852      0.066     -0.549  0.000e+00
     -0.096    28.4551   5.699172    35.1956     1.6899     0.0604          0     45.500 338.468594  1022.3917     -0.095     -0.647  0.000e+00
     -0.236    28.4565   5.697800    35.1850     1.6820     0.0635          0     45.750 338.468597  1022.3827     -0.235     -0.706  0.000e+00
     -0.442    28.4573   5.699264    35.1947     1.6745     0.0513          0     46.000 338.468600  1022.3888     -0.439     -0.735  0.000e+00
     -0.561    28.4583   5.698372    35.1878     1.6755     0.0635          0     46.250 338.468602  1022.3828     -0.558     -0.712  0.000e+00
     -0.680    28.4593   5.697541    35.1813     1.6728     0.0589          0     46.500 338.468605  1022.3771     -0.676     -0.672  0.000e+00
     -0.788    28.4600   5.697670    35.1817     1.6691     0.0505          0     46.750 338.468608  1022.3767     -0.783     -0.631  0.000e+00
     -0.853    28.4597   5.697419    35.1802     1.6728     0.0521          0     47.000 338.468611  1022.3754     -0.848     -0.570  0.000e+00
     -0.928    28.4589   5.697320    35.1801     1.6684     0.0368          0     47.250 338.468614  1022.3753     -0.923     -0.506  0.000e+00
     -0.939    28.4552   5.698090    35.1882     1.6672     0.0513          0     47.500 338.468617  1022.3825     -0.934     -0.433  0.000e+00
     -1.015    28.4399   5.698631    35.2034     1.6781     0.0162          0     47.750 338.468620  1022.3987     -1.009     -0.368  0.000e+00
     -1.199    28.4299   5.698494    35.2100     1.6752     0.0086          0     48.000 338.468623  1022.4061     -1.192     -0.337  0.000e+00
     -1.361    28.4245   5.699142    35.2185     1.6724     0.0025          0     48.250 338.468626  1022.4136     -1.353     -0.353  0.000e+00
     -1.447    28.4126   5.699172    35.2275     1.6736     0.0070          0     48.500 338.468628  1022.4240     -1.439     -0.371  0.000e+00
     -1.426    28.4050   5.234142    32.0169     1.7178     0.1955          0     48.750 338.468631  1020.0155     -1.418     -0.364  0.000e+00
     -1.436    28.4052   2.244382    12.5655     1.9182     0.1879          0     49.000 338.468634  1005.4860     -1.429     -0.346  0.000e+00
     -1.426    28.4045   1.142106     6.0402     1.9870     0.1894          0     49.250 338.468637  1000.6270     -1.418     -0.303  0.000e+00
     -1.436    28.4022   0.901882     4.6853     1.9958     0.1917          0     49.500 338.468640   999.6178     -1.429     -0.251  0.000e+00
     -1.436    28.3998   1.021497     5.3567     2.0121    -0.0265          0     49.750 338.468643  1000.1190     -1.429     -0.168  0.000e+00
     -1.415    28.3978   0.925131     4.8156     2.0421    -0.0258          0     50.000 338.468646   999.7163     -1.407     -0.071  0.000e+00
     -1.415    28.3958   1.078665     5.6805     2.0354    -0.0212          0     50.250 338.468649  1000.3616     -1.407     -0.009  0.000e+00
     -1.415    28.3936   0.893814     4.6412     2.0506    -0.0288          0     50.500 338.468652   999.5875     -1.407      0.013  0.000e+00
