ctd_mafia/cnv/SBE19plus_01906740_2018_12_07_0102.cnv
* Sea-Bird SBE19plus  Data File:
* FileName = C:\Users\all user\Desktop\Patroba _ WWF Mapping Mafia\SBE19plus_01906740_2018_12_07_0102.hex
* Software version 2.6.3.104
* Temperature SN = 6740
* Conductivity SN = 6740
* System UpLoad Time = Dec 07 2018 14:35:50
* <ApplicationData>
* <Seaterm232>
# nquan = 13
# nvalues = 760                                   
# units = specified
# name 0 = prdM: Pressure, Strain Gauge [db]
# name 1 = tv290C: Temperature [ITS-90, deg C]
# name 2 = c0S/m: Conductivity [S/m]
# name 3 = sal00: Salinity, Practical [PSU]
# name 4 = sbeox0ML/L: Oxygen, SBE 43 [ml/l]
# name 5 = flECO-AFL: Fluorescence, WET Labs ECO-AFL/FL [mg/m^3]
# name 6 = nbf: Bottles Fired
# name 7 = timeS: Time, Elapsed [seconds]
# name 8 = timeJ: Julian Days
# name 9 = density00: Density [density, kg/m^3]
# name 10 = depSM: Depth [salt water, m], lat = 0.00
# name 11 = dz/dtM: Descent Rate [m/s]
# name 12 = flag:  0.000e+00
# span 0 =     -1.399,     19.011                 
# span 1 =    26.3858,    28.5761                 
# span 2 =   0.757904,   5.699366                 
# span 3 =     3.9136,    35.4113                 
# span 4 =     1.8102,     3.3012                 
# span 5 =    -0.4347,    48.6826                 
# span 6 =          0,          0                 
# span 7 =      0.000,    189.750                 
# span 8 = 338.408148, 338.410344                 
# span 9 =   999.1341,  1023.1763                 
# span 10 =     -1.392,     18.905                
# span 11 =     -1.129,      0.745                
# span 12 = 0.0000e+00, 0.0000e+00                
# interval = seconds: 0.25
# start_time = Dec 04 2018 09:47:44 [Instrument's time stamp, header]
# bad_flag = -9.990e-29
*END*
[from data line 445]
     16.038    26.3922   5.484858    35.2252     2.1106     0.0521          0    111.250 338.409436  1023.1492     15.949      0.342  0.000e+00
     16.038    26.3927   5.484858    35.2248     2.1130     0.0101          0    111.500 338.409439  1023.1487     15.949      0.329  0.000e+00
     16.038    26.3934   5.484918    35.2247     2.1114     0.0131          0    111.750 338.409442  1023.1485     15.949      0.298  0.000e+00
     16.081    26.3936   5.485038    35.2253     2.1056     0.0116          0    112.000 338.409444  1023.1491     15.992      0.260  0.000e+00
     16.103    26.3945   5.485158    35.2256     2.1020     0.0154          0    112.250 338.409447  1023.1491     16.014      0.209  0.000e+00
     16.125    26.3954   5.485008    35.2238     2.0964     0.0467          0    112.500 338.409450  1023.1475     16.036      0.154  0.000e+00
     16.125    26.3957   5.485098    35.2241     2.0996     0.0475          0    112.750 338.409453  1023.1477     16.036      0.106  0.000e+00
     16.190    26.3959   5.484978    35.2231     2.0975     0.0475          0    113.000 338.409456  1023.1471     16.100      0.088  0.000e+00
     16.254    26.3957   5.484828    35.2222     2.1010     0.0414          0    113.250 338.409459  1023.1467     16.164      0.102  0.000e+00
     16.265    26.3949   5.484851    35.2229     2.0971     0.0459          0    113.500 338.409462  1023.1476     16.175      0.120  0.000e+00
     16.276    26.3946   5.484858    35.2233     2.0977     0.0459          0    113.750 338.409465  1023.1480     16.186      0.125  0.000e+00
     16.319    26.3942   5.484918    35.2240     2.1056     0.0414          0    114.000 338.409468  1023.1489     16.229      0.125  0.000e+00
     16.373    26.3946   5.484791    35.2228     2.1038     0.0505          0    114.250 338.409470  1023.1481     16.283      0.136  0.000e+00
     16.449    26.3944   5.484678    35.2221     2.1066     0.0444          0    114.500 338.409473  1023.1479     16.358      0.155  0.000e+00
     16.481    26.3935   5.484738    35.2231     2.1043     0.0383          0    114.750 338.409476  1023.1491     16.390      0.166  0.000e+00
     16.471    26.3932   5.484791    35.2238     2.1051     0.0521          0    115.000 338.409479  1023.1497     16.379      0.151  0.000e+00
     16.438    26.3933   5.484828    35.2240     2.1093     0.0467          0    115.250 338.409482  1023.1497     16.347      0.126  0.000e+00
     16.460    26.3936   5.485008    35.2250     2.1094     0.0414          0    115.500 338.409485  1023.1504     16.369      0.112  0.000e+00
     16.514    26.3950   5.485316    35.2262     2.1116     0.0559          0    115.750 338.409488  1023.1511     16.422      0.102  0.000e+00
     16.546    26.3968   5.485136    35.2234     2.1089     0.0543          0    116.000 338.409491  1023.1486     16.455      0.087  0.000e+00
     16.546    26.3971   5.484888    35.2214     2.1069     0.0452          0    116.250 338.409494  1023.1470     16.455      0.069  0.000e+00
     16.557    26.3968   5.484918    35.2219     2.1075     0.0414          0    116.500 338.409497  1023.1475     16.465      0.057  0.000e+00
     16.579    26.3961   5.485136    35.2240     2.1029     0.0284          0    116.750 338.409499  1023.1494     16.487      0.063  0.000e+00
     16.590    26.3963   5.485196    35.2243     2.1021     0.0238          0    117.000 338.409502  1023.1496     16.498      0.075  0.000e+00
     16.611    26.3970   5.485196    35.2237     2.0987     0.0276          0    117.250 338.409505  1023.1490     16.519      0.081  0.000e+00
     16.633    26.3978   5.485203    35.2232     2.1017     0.0330          0    117.500 338.409508  1023.1485     16.541      0.074  0.000e+00
     16.719    26.3979   5.484828    35.2204     2.1013     0.0269          0    117.750 338.409511  1023.1467     16.627      0.083  0.000e+00
     16.816    26.3968   5.484709    35.2203     2.0999     0.0330          0    118.000 338.409514  1023.1475     16.723      0.119  0.000e+00
     16.892    26.3953   5.484739    35.2217     2.0992     0.0353          0    118.250 338.409517  1023.1492     16.799      0.166  0.000e+00
     16.968    26.3946   5.484724    35.2221     2.0976     0.0353          0    118.500 338.409520  1023.1501     16.874      0.210  0.000e+00
     16.989    26.3939   5.484739    35.2227     2.1012     0.0360          0    118.750 338.409523  1023.1509     16.895      0.235  0.000e+00
     17.065    26.3939   5.484431    35.2204     2.1034     0.0276          0    119.000 338.409525  1023.1495     16.971      0.259  0.000e+00
     17.097    26.3934   5.484694    35.2227     2.1042     0.0330          0    119.250 338.409528  1023.1515     17.003      0.262  0.000e+00
     17.119    26.3935   5.484799    35.2234     2.1034     0.0231          0    119.500 338.409531  1023.1520     17.024      0.245  0.000e+00
     17.206    26.3940   5.484132    35.2182     2.1027     0.0246          0    119.750 338.409534  1023.1483     17.110      0.224  0.000e+00
     17.281    26.3920   5.483779    35.2171     2.1051     0.0467          0    120.000 338.409537  1023.1485     17.186      0.214  0.000e+00
     17.389    26.3890   5.483704    35.2189     2.1018     0.0528          0    120.250 338.409540  1023.1513     17.293      0.228  0.000e+00
     17.530    26.3867   5.483885    35.2219     2.1021     0.0521          0    120.500 338.409543  1023.1549     17.433      0.266  0.000e+00
     17.605    26.3865   5.484282    35.2249     2.0977     0.0574          0    120.750 338.409546  1023.1575     17.508      0.307  0.000e+00
     17.649    26.3876   5.484192    35.2234     2.0963     0.0360          0    121.000 338.409549  1023.1562     17.551      0.324  0.000e+00
     17.714    26.3885   5.483945    35.2209     2.0988     0.0421          0    121.250 338.409552  1023.1543     17.616      0.340  0.000e+00
     17.768    26.3879   5.483975    35.2215     2.1058     0.0345          0    121.500 338.409554  1023.1552     17.669      0.338  0.000e+00
     17.832    26.3874   5.484027    35.2223     2.0994     0.0360          0    121.750 338.409557  1023.1562     17.734      0.316  0.000e+00
     17.908    26.3874   5.483885    35.2212     2.1040     0.0482          0    122.000 338.409560  1023.1558     17.809      0.295  0.000e+00
     17.919    26.3869   5.483765    35.2207     2.1025     0.0383          0    122.250 338.409563  1023.1556     17.820      0.255  0.000e+00
     17.919    26.3862   5.483937    35.2225     2.1006     0.0330          0    122.500 338.409566  1023.1571     17.820      0.209  0.000e+00
     17.930    26.3862   5.483855    35.2219     2.0990     0.0330          0    122.750 338.409569  1023.1567     17.831      0.177  0.000e+00
     17.919    26.3863   5.483915    35.2223     2.1156     0.0391          0    123.000 338.409572  1023.1569     17.820      0.141  0.000e+00
     17.995    26.3864   5.483840    35.2216     2.1095     0.0307          0    123.250 338.409575  1023.1568     17.895      0.119  0.000e+00
     18.081    26.3866   5.483885    35.2218     2.1059     0.0276          0    123.500 338.409578  1023.1572     17.981      0.118  0.000e+00
     18.243    26.3869   5.483975    35.2221     2.1116     0.0154          0    123.750 338.409580  1023.1580     18.142      0.154  0.000e+00
     18.449    26.3876   5.484072    35.2223     2.1145     0.0231          0    124.000 338.409583  1023.1588     18.347      0.235  0.000e+00
     18.665    26.3884   5.483908    35.2204     2.1092     0.0376          0    124.250 338.409586  1023.1581     18.561      0.357  0.000e+00
     18.784    26.3883   5.483795    35.2196     2.1084     0.0353          0    124.500 338.409589  1023.1580     18.680      0.465  0.000e+00
     18.849    26.3874   5.483855    35.2207     2.1060     0.0292          0    124.750 338.409592  1023.1594     18.744      0.532  0.000e+00
     18.838    26.3868   5.483968    35.2219     2.1010     0.0406          0    125.000 338.409595  1023.1605     18.733      0.538  0.000e+00
     18.827    26.3869   5.484103    35.2228     2.1061     0.0589          0    125.250 338.409598  1023.1611     18.723      0.476  0.000e+00
     18.838    26.3881   5.484492    35.2247     2.1094     0.0574          0    125.500 338.409601  1023.1622     18.733      0.383  0.000e+00
     18.881    26.3901   5.484477    35.2231     2.1246     0.0620          0    125.750 338.409604  1023.1605     18.776      0.273  0.000e+00
     18.903    26.3915   5.484133    35.2195     2.1432     0.0635          0    126.000 338.409606  1023.1575     18.798      0.170  0.000e+00
     18.913    26.3910   5.484163    35.2202     2.1280     0.0498          0    126.250 338.409609  1023.1582     18.809      0.094  0.000e+00
     18.935    26.3904   5.484462    35.2227     2.1204     0.0559          0    126.500 338.409612  1023.1604     18.830      0.066  0.000e+00
     18.935    26.3913   5.484762    35.2242     2.1149     0.0498          0    126.750 338.409615  1023.1612     18.830      0.058  0.000e+00
     18.957    26.3931   5.484650    35.2221     2.1160     0.0521          0    127.000 338.409618  1023.1591     18.852      0.068  0.000e+00
     18.946    26.3938   5.484552    35.2208     2.1194     0.0414          0    127.250 338.409621  1023.1579     18.841      0.065  0.000e+00
     18.967    26.3938   5.484597    35.2211     2.1193     0.0498          0    127.500 338.409624  1023.1582     18.862      0.056  0.000e+00
     18.946    26.3938   5.484740    35.2222     2.1022     0.0604          0    127.750 338.409627  1023.1589     18.841      0.036  0.000e+00
     18.968    26.3945   5.484710    35.2214     2.1035     0.0551          0    128.000 338.409630  1023.1583     18.862      0.029  0.000e+00
     18.957    26.3949   5.484725    35.2212     2.1081     0.0459          0    128.250 338.409633  1023.1579     18.852      0.020  0.000e+00
     18.967    26.3952   5.484620    35.2202     2.1059     0.0673          0    128.500 338.409635  1023.1571     18.862      0.014  0.000e+00
     18.957    26.3951   5.484710    35.2209     2.1060     0.0589          0    128.750 338.409638  1023.1576     18.852      0.009  0.000e+00
     18.957    26.3949   5.484650    35.2207     2.1033     0.0543          0    129.000 338.409641  1023.1575     18.852      0.003  0.000e+00
     18.967    26.3950   5.484635    35.2205     2.0992     0.0620          0    129.250 338.409644  1023.1574     18.862      0.005  0.000e+00
     19.000    26.3947   5.484492    35.2196     2.1059     0.0521          0    129.500 338.409647  1023.1570     18.895      0.011  0.000e+00
     18.967    26.3941   5.484462    35.2199     2.1188     0.0612          0    129.750 338.409650  1023.1572     18.862      0.013  0.000e+00
     18.967    26.3936   5.484440    35.2201     2.1140     0.0627          0    130.000 338.409653  1023.1575     18.862      0.007  0.000e+00
     18.978    26.3932   5.484432    35.2204     2.1091     0.0673          0    130.250 338.409656  1023.1579     18.873      0.010  0.000e+00
     19.000    26.3930   5.484402    35.2203     2.1085     0.0620          0    130.500 338.409659  1023.1580     18.895      0.014  0.000e+00
     18.989    26.3928   5.484380    35.2203     2.1087     0.0673          0    130.750 338.409661  1023.1580     18.884      0.017  0.000e+00
     19.000    26.3925   5.484402    35.2207     2.1126     0.0673          0    131.000 338.409664  1023.1584     18.895      0.017  0.000e+00
     18.989    26.3924   5.484372    35.2205     2.1104     0.0650          0    131.250 338.409667  1023.1583     18.884      0.011  0.000e+00
     19.000    26.3923   5.484282    35.2200     2.1110     0.0704          0    131.500 338.409670  1023.1580     18.895      0.009  0.000e+00
     19.011    26.3920   5.484283    35.2202     2.1144     0.0559          0    131.750 338.409673  1023.1583     18.905      0.019  0.000e+00
     18.978    26.3918   5.484282    35.2204     2.1142     0.0635          0    132.000 338.409676  1023.1583     18.873      0.009  0.000e+00
     18.957    26.3915   5.484402    35.2215     2.1337     0.0620          0    132.250 338.409679  1023.1592     18.852     -0.007  0.000e+00
     18.946    26.3921   5.484477    35.2216     2.1332     0.0604          0    132.500 338.409682  1023.1590     18.841     -0.022  0.000e+00
     18.924    26.3924   5.484312    35.2201     2.1282     0.0444          0    132.750 338.409685  1023.1577     18.819     -0.034  0.000e+00
     18.946    26.3924   5.484402    35.2208     2.1324     0.0253          0    133.000 338.409688  1023.1583     18.841     -0.038  0.000e+00
     18.946    26.3923   5.484350    35.2205     2.1280     0.0360          0    133.250 338.409690  1023.1581     18.841     -0.036  0.000e+00
     18.924    26.3924   5.484342    35.2203     2.1218     0.0360          0    133.500 338.409693  1023.1579     18.819     -0.040  0.000e+00
     18.924    26.3923   5.484342    35.2204     2.1186     0.0536          0    133.750 338.409696  1023.1580     18.819     -0.035  0.000e+00
     18.859    26.3923   5.484440    35.2211     2.1171     0.0597          0    134.000 338.409699  1023.1582     18.755     -0.040  0.000e+00
     18.740    26.3928   5.484680    35.2226     2.1111     0.0528          0    134.250 338.409702  1023.1586     18.637     -0.076  0.000e+00
     18.686    26.3940   5.484950    35.2236     2.1157     0.0574          0    134.500 338.409705  1023.1588     18.583     -0.119  0.000e+00
     18.676    26.3959   5.484830    35.2213     2.1194     0.0658          0    134.750 338.409708  1023.1564     18.572     -0.150  0.000e+00
     18.643    26.3962   5.484537    35.2190     2.1220     0.0574          0    135.000 338.409711  1023.1544     18.540     -0.179  0.000e+00
     18.676    26.3954   5.484462    35.2190     2.1194     0.0467          0    135.250 338.409714  1023.1549     18.572     -0.173  0.000e+00
     18.686    26.3946   5.484372    35.2189     2.1281     0.0559          0    135.500 338.409716  1023.1551     18.583     -0.146  0.000e+00
     18.719    26.3935   5.484252    35.2190     2.1266     0.0665          0    135.750 338.409719  1023.1556     18.615     -0.101  0.000e+00
     18.719    26.3923   5.484162    35.2192     2.1217     0.0772          0    136.000 338.409722  1023.1561     18.615     -0.042  0.000e+00
     18.730    26.3915   5.484072    35.2191     2.1203     0.0711          0    136.250 338.409725  1023.1564     18.626      0.012  0.000e+00
     18.730    26.3906   5.484065    35.2198     2.1160     0.0749          0    136.500 338.409728  1023.1572     18.626      0.035  0.000e+00
     18.719    26.3902   5.484005    35.2196     2.1185     0.0757          0    136.750 338.409731  1023.1572     18.615      0.038  0.000e+00
     18.708    26.3899   5.484005    35.2199     2.1150     0.0459          0    137.000 338.409734  1023.1574     18.604      0.032  0.000e+00
     18.730    26.3895   5.483795    35.2187     2.1153     0.0482          0    137.250 338.409737  1023.1567     18.626      0.019  0.000e+00
     18.773    26.3886   5.483840    35.2197     2.1156     0.0429          0    137.500 338.409740  1023.1580     18.669      0.023  0.000e+00
     18.784    26.3878   5.483765    35.2198     2.1164     0.0429          0    137.750 338.409742  1023.1583     18.680      0.027  0.000e+00
     18.795    26.3874   5.483915    35.2211     2.1165     0.0444          0    138.000 338.409745  1023.1595     18.690      0.037  0.000e+00
     18.773    26.3877   5.483968    35.2213     2.1255     0.0475          0    138.250 338.409748  1023.1595     18.669      0.037  0.000e+00
     18.730    26.3882   5.484035    35.2214     2.1246     0.0543          0    138.500 338.409751  1023.1592     18.626      0.026  0.000e+00
