ctd_mafia/cnv/SBE19plus_01906740_2018_12_07_0073.cnv
* Sea-Bird SBE19plus  Data File:
* FileName = C:\Users\all user\Desktop\Patroba _ WWF Mapping Mafia\SBE19plus_01906740_2018_12_07_0073.hex
* Software version 2.6.3.104
* Temperature SN = 6740
* Conductivity SN = 6740
* System UpLoad Time = Dec 07 2018 14:29:25
* <ApplicationData>
* <Seaterm232>
# nquan = 13
# nvalues = 445                                   
# units = specified
# name 0 = prdM: Pressure, Strain Gauge [db]
# name 1 = tv290C: Temperature [ITS-90, deg C]
# name 2 = c0S/m: Conductivity [S/m]
# name 3 = sal00: Salinity, Practical [PSU]
# name 4 = sbeox0ML/L: Oxygen, SBE 43 [ml/l]
# name 5 = flECO-AFL: Fluorescence, WET Labs ECO-AFL/FL [mg/m^3]
# name 6 = nbf: Bottles Fired
# name 7 = timeS: Time, Elapsed [seconds]
# name 8 = timeJ: Julian Days
# name 9 = density00: Density [density, kg/m^3]
# name 10 = depSM: Depth [salt water, m], lat = 0.00
# name 11 = dz/dtM: Descent Rate [m/s]
# name 12 = flag:  0.000e+00
# span 0 =     -1.378,      6.146                 
# span 1 =    27.8423,    28.3052                 
# span 2 =   0.079101,   5.671561                 
# span 3 =     0.3630,    35.1418                 
# span 4 =     2.7268,     4.9813                 
# span 5 =    -0.4378,     0.3351                 
# span 6 =          0,          0                 
# span 7 =      0.000,    111.000                 
# span 8 = 337.317616, 337.318900                 
# span 9 =   996.4707,  1022.4319                 
# span 10 =     -1.371,      6.112                
# span 11 =     -0.648,      0.386                
# span 12 = 0.0000e+00, 0.0000e+00                
# interval = seconds: 0.25
# start_time = Dec 03 2018 07:37:22 [Instrument's time stamp, header]
# bad_flag = -9.990e-29
*END*
[from data line 223]
      0.006    27.9862   2.642694    15.1552     2.9940     0.0307          0     55.750 337.318261  1007.5488      0.006      0.111  0.000e+00
      0.038    27.9926   2.644678    15.1656     2.9978     0.0162          0     56.000 337.318264  1007.5547      0.038      0.120  0.000e+00
      0.092    28.0017   2.691880    15.4595     2.9871     0.0162          0     56.250 337.318267  1007.7714      0.092      0.138  0.000e+00
      0.189    28.0177   2.812260    16.2140     2.9853     0.0223          0     56.500 337.318270  1008.3294      0.188      0.171  0.000e+00
      0.276    28.0420   4.962147    30.3897     2.7598     0.0215          0     56.750 337.318273  1018.9198      0.274      0.205  0.000e+00
      0.384    28.0736   5.280484    32.5618     2.7268     0.0315          0     57.000 337.318275  1020.5401      0.382      0.243  0.000e+00
      0.503    28.1169   5.368003    33.1382     2.7339     0.0292          0     57.250 337.318278  1020.9595      0.500      0.290  0.000e+00
      0.611    28.1694   5.362180    33.0611     2.7412     0.0292          0     57.500 337.318281  1020.8849      0.608      0.337  0.000e+00
      0.698    28.2120   5.250448    32.2593     2.7516     0.0147          0     57.750 337.318284  1020.2694      0.694      0.367  0.000e+00
      0.762    28.2480   5.165905    31.6530     2.7603     0.0315          0     58.000 337.318287  1019.8030      0.758      0.386  0.000e+00
      0.806    28.2375   5.159477    31.6158     2.7773     0.0177          0     58.250 337.318290  1019.7787      0.801      0.376  0.000e+00
      0.838    28.1770   5.291138    32.5641     2.7799     0.0162          0     58.500 337.318293  1020.5103      0.834      0.342  0.000e+00
      0.957    28.1396   5.456939    33.7398     2.7734     0.0215          0     58.750 337.318296  1021.4059      0.952      0.323  0.000e+00
      1.108    28.1619   5.535584    34.2711     2.7735     0.0231          0     59.000 337.318299  1021.7985      1.102      0.321  0.000e+00
      1.195    28.2237   5.434754    33.5257     2.7921     0.0215          0     59.250 337.318302  1021.2186      1.188      0.324  0.000e+00
      1.260    28.2700   5.306035    32.6029     2.8094     0.0185          0     59.500 337.318304  1020.5109      1.253      0.329  0.000e+00
      1.314    28.2927   5.261827    32.2826     2.8243     0.0337          0     59.750 337.318307  1020.2633      1.307      0.334  0.000e+00
      1.389    28.2600   5.375282    33.0882     2.8224     0.0231          0     60.000 337.318310  1020.8790      1.382      0.341  0.000e+00
      1.498    28.2190   5.511468    34.0619     2.8129     0.0315          0     60.250 337.318313  1021.6243      1.489      0.352  0.000e+00
      1.638    28.2234   5.578792    34.5273     2.8710     0.0238          0     60.500 337.318316  1021.9732      1.629      0.367  0.000e+00
      1.725    28.2579   5.552160    34.3167     3.0694     0.0162          0     60.750 337.318319  1021.8039      1.715      0.360  0.000e+00
      1.779    28.2874   5.413482    33.3332     3.0800     0.0185          0     61.000 337.318322  1021.0557      1.769      0.347  0.000e+00
      1.811    28.3052   5.362237    32.9664     3.0749     0.0246          0     61.250 337.318325  1020.7746      1.801      0.339  0.000e+00
      1.865    28.2883   5.365846    33.0031     3.0544     0.0604          0     61.500 337.318328  1020.8079      1.855      0.328  0.000e+00
      1.952    28.2563   5.483903    33.8434     3.0237     0.0551          0     61.750 337.318330  1021.4499      1.941      0.316  0.000e+00
      2.081    28.2287   5.574971    34.4967     2.9856     0.0589          0     62.000 337.318333  1021.9503      2.070      0.311  0.000e+00
      2.135    28.2397   5.569023    34.4472     2.9467     0.0604          0     62.250 337.318336  1021.9098      2.124      0.295  0.000e+00
      2.189    28.2569   5.479998    33.8158     2.9154     0.0391          0     62.500 337.318339  1021.4300      2.177      0.279  0.000e+00
      2.179    28.2693   5.447313    33.5802     2.9038     0.0292          0     62.750 337.318342  1021.2489      2.167      0.261  0.000e+00
      2.211    28.2570   5.444690    33.5708     2.9222     0.0353          0     63.000 337.318345  1021.2460      2.199      0.244  0.000e+00
      2.254    28.2350   5.445064    33.5890     2.9440     0.0192          0     63.250 337.318348  1021.2670      2.242      0.225  0.000e+00
      2.330    28.2105   5.515999    34.0993     2.9528     0.0177          0     63.500 337.318351  1021.6587      2.317      0.205  0.000e+00
      2.427    28.2043   5.585946    34.5909     2.9652     0.0192          0     63.750 337.318354  1022.0306      2.414      0.194  0.000e+00
      2.514    28.2182   5.600621    34.6831     2.9703     0.0170          0     64.000 337.318356  1022.0957      2.500      0.198  0.000e+00
      2.568    28.2354   5.591577    34.6074     2.9804     0.0215          0     64.250 337.318359  1022.0334      2.554      0.221  0.000e+00
      2.633    28.2463   5.548453    34.2991     2.9973     0.0276          0     64.500 337.318362  1021.7984      2.618      0.248  0.000e+00
      2.589    28.2535   5.524576    34.1278     3.0236     0.0353          0     64.750 337.318365  1021.6671      2.575      0.248  0.000e+00
      2.600    28.2589   5.518847    34.0841     3.0318     0.0383          0     65.000 337.318368  1021.6326      2.586      0.221  0.000e+00
      2.622    28.2622   5.503739    33.9767     3.0313     0.0337          0     65.250 337.318371  1021.5509      2.608      0.182  0.000e+00
      2.665    28.2537   5.508440    34.0155     3.0406     0.0406          0     65.500 337.318374  1021.5830      2.651      0.141  0.000e+00
      2.719    28.2400   5.541298    34.2539     3.0375     0.0276          0     65.750 337.318377  1021.7669      2.704      0.113  0.000e+00
      2.752    28.2346   5.581904    34.5405     3.0450     0.0231          0     66.000 337.318380  1021.9842      2.737      0.100  0.000e+00
      2.795    28.2360   5.595070    34.6312     3.0507     0.0185          0     66.250 337.318383  1022.0521      2.779      0.106  0.000e+00
      2.849    28.2408   5.599411    34.6579     3.0686     0.0276          0     66.500 337.318385  1022.0708      2.833      0.125  0.000e+00
      2.946    28.2462   5.607280    34.7088     3.0713     0.0162          0     66.750 337.318388  1022.1077      2.930      0.174  0.000e+00
      3.033    28.2515   5.618797    34.7852     3.0943     0.0261          0     67.000 337.318391  1022.1637      3.016      0.210  0.000e+00
      3.087    28.2559   5.632804    34.8796     3.0990     0.0238          0     67.250 337.318394  1022.2335      3.070      0.234  0.000e+00
      3.097    28.2594   5.625980    34.8294     3.1078     0.0246          0     67.500 337.318397  1022.1947      3.080      0.236  0.000e+00
      3.119    28.2608   5.594321    34.6077     3.1213     0.0078          0     67.750 337.318400  1022.0277      3.102      0.227  0.000e+00
      3.184    28.2620   5.580506    34.5106     3.1306     0.0452          0     68.000 337.318403  1021.9546      3.166      0.223  0.000e+00
      3.260    28.2630   5.607310    34.6966     3.1302     0.0337          0     68.250 337.318406  1022.0943      3.242      0.218  0.000e+00
      3.346    28.2641   5.637393    34.9055     3.1375     0.0330          0     68.500 337.318409  1022.2514      3.328      0.218  0.000e+00
      3.422    28.2653   5.654428    35.0235     3.1468     0.0276          0     68.750 337.318411  1022.3400      3.403      0.218  0.000e+00
      3.465    28.2662   5.657117    35.0416     3.1445     0.0307          0     69.000 337.318414  1022.3535      3.446      0.225  0.000e+00
      3.562    28.2660   5.642879    34.9424     3.1710     0.0315          0     69.250 337.318417  1022.2794      3.543      0.252  0.000e+00
      3.616    28.2655   5.635004    34.8878     3.1718     0.0246          0     69.500 337.318420  1022.2387      3.596      0.275  0.000e+00
      3.660    28.2655   5.622502    34.8006     3.1859     0.0360          0     69.750 337.318423  1022.1734      3.639      0.279  0.000e+00
      3.724    28.2659   5.642940    34.9428     3.1963     0.0246          0     70.000 337.318426  1022.2804      3.704      0.270  0.000e+00
      3.800    28.2663   5.655849    35.0326     3.1939     0.0414          0     70.250 337.318429  1022.3481      3.779      0.262  0.000e+00
      3.854    28.2669   5.660119    35.0619     3.1987     0.0368          0     70.500 337.318432  1022.3701      3.833      0.252  0.000e+00
      3.887    28.2672   5.657839    35.0457     3.2124     0.0406          0     70.750 337.318435  1022.3580      3.865      0.241  0.000e+00
      3.962    28.2668   5.658379    35.0497     3.2170     0.0276          0     71.000 337.318438  1022.3615      3.941      0.239  0.000e+00
      4.049    28.2667   5.658098    35.0478     3.2355     0.0345          0     71.250 337.318440  1022.3605      4.027      0.238  0.000e+00
      4.135    28.2668   5.665440    35.0990     3.2357     0.0330          0     71.500 337.318443  1022.3993      4.113      0.254  0.000e+00
      4.244    28.2667   5.671561    35.1418     3.2526     0.0299          0     71.750 337.318446  1022.4319      4.220      0.278  0.000e+00
      4.352    28.2669   5.668641    35.1212     3.2725     0.0360          0     72.000 337.318449  1022.4169      4.328      0.304  0.000e+00
      4.406    28.2666   5.643449    34.9456     3.2872     0.0200          0     72.250 337.318452  1022.2853      4.381      0.320  0.000e+00
      4.416    28.2670   5.623131    34.8036     3.2891     0.0315          0     72.500 337.318455  1022.1784      4.392      0.319  0.000e+00
      4.449    28.2640   5.613534    34.7389     3.2969     0.0154          0     72.750 337.318458  1022.1309      4.424      0.303  0.000e+00
      4.514    28.2550   5.624890    34.8247     3.3051     0.0147          0     73.000 337.318461  1022.1986      4.489      0.275  0.000e+00
      4.643    28.2471   5.652879    35.0258     3.3145     0.0376          0     73.250 337.318464  1022.3529      4.618      0.266  0.000e+00
      4.730    28.2454   5.665380    35.1143     3.3227     0.0315          0     73.500 337.318466  1022.4204      4.704      0.263  0.000e+00
      4.784    28.2498   5.638153    34.9209     3.3327     0.0345          0     73.750 337.318469  1022.2738      4.758      0.258  0.000e+00
      4.795    28.2541   5.621306    34.8002     3.3420     0.0330          0     74.000 337.318472  1022.1817      4.768      0.249  0.000e+00
      4.795    28.2510   5.618207    34.7809     3.3701     0.0170          0     74.250 337.318475  1022.1682      4.768      0.239  0.000e+00
      4.838    28.2417   5.630166    34.8712     3.3859     0.0200          0     74.500 337.318478  1022.2393      4.811      0.228  0.000e+00
      4.968    28.2345   5.655090    35.0505     3.4014     0.0162          0     74.750 337.318481  1022.3770      4.940      0.228  0.000e+00
      5.108    28.2347   5.660910    35.0910     3.4060     0.0246          0     75.000 337.318484  1022.4080      5.080      0.239  0.000e+00
      5.195    28.2417   5.637432    34.9218     3.4231     0.0498          0     75.250 337.318487  1022.2789      5.166      0.250  0.000e+00
      5.260    28.2482   5.624731    34.8284     3.4416     0.0475          0     75.500 337.318490  1022.2068      5.231      0.277  0.000e+00
      5.303    28.2446   5.622723    34.8170     3.4575     0.0475          0     75.750 337.318492  1022.1996      5.274      0.303  0.000e+00
      5.335    28.2373   5.632866    34.8931     3.4654     0.0406          0     76.000 337.318495  1022.2594      5.306      0.317  0.000e+00
      5.400    28.2325   5.641522    34.9571     3.4767     0.0482          0     76.250 337.318498  1022.3093      5.370      0.316  0.000e+00
      5.465    28.2305   5.646729    34.9949     3.4865     0.0322          0     76.500 337.318501  1022.3387      5.435      0.291  0.000e+00
      5.562    28.2318   5.647914    35.0022     3.4981     0.0414          0     76.750 337.318504  1022.3442      5.532      0.262  0.000e+00
      5.671    28.2342   5.650769    35.0203     3.5162     0.0299          0     77.000 337.318507  1022.3575      5.639      0.257  0.000e+00
      5.757    28.2374   5.648270    35.0005     3.5143     0.0475          0     77.250 337.318510  1022.3418      5.725      0.275  0.000e+00
      5.822    28.2396   5.639162    34.9353     3.5276     0.0109          0     77.500 337.318513  1022.2924      5.790      0.296  0.000e+00
      5.833    28.2407   5.635604    34.9096     3.5349     0.0047          0     77.750 337.318516  1022.2727      5.801      0.300  0.000e+00
      5.865    28.2414   5.640232    34.9413     3.5560     0.0109          0     78.000 337.318519  1022.2965      5.833      0.288  0.000e+00
      5.941    28.2432   5.649060    35.0016     3.5592     0.0101          0     78.250 337.318521  1022.3416      5.908      0.270  0.000e+00
      6.027    28.2457   5.654680    35.0390     3.5903     0.0124          0     78.500 337.318524  1022.3692      5.994      0.257  0.000e+00
      6.092    28.2490   5.645090    34.9696     3.6072     0.0185          0     78.750 337.318527  1022.3163      6.058      0.240  0.000e+00
      6.114    28.2522   5.638404    34.9206     3.6238     0.0238          0     79.000 337.318530  1022.2785      6.080      0.220  0.000e+00
      6.114    28.2547   5.640991    34.9367     3.6310     0.0246          0     79.250 337.318533  1022.2898      6.080      0.199  0.000e+00
      6.103    28.2560   5.641553    34.9397     3.6380     0.0376          0     79.500 337.318536  1022.2916      6.069      0.174  0.000e+00
      6.081    28.2566   5.642691    34.9472     3.6381     0.0376          0     79.750 337.318539  1022.2969      6.048      0.143  0.000e+00
      6.081    28.2573   5.642941    34.9485     3.6331     0.0505          0     80.000 337.318542  1022.2976      6.048      0.097  0.000e+00
      6.092    28.2578   5.639413    34.9234     3.6681     0.0528          0     80.250 337.318545  1022.2786      6.058      0.049  0.000e+00
      6.135    28.2582   5.639731    34.9253     3.7000     0.0467          0     80.500 337.318547  1022.2801      6.101      0.022  0.000e+00
      6.135    28.2583   5.645871    34.9681     3.7630     0.0284          0     80.750 337.318550  1022.3123      6.101      0.012  0.000e+00
      6.135    28.2585   5.651399    35.0065     3.7297     0.0253          0     81.000 337.318553  1022.3411      6.101      0.015  0.000e+00
      6.114    28.2590   5.650480    34.9998     3.7110     0.0246          0     81.250 337.318556  1022.3358      6.080      0.017  0.000e+00
      6.124    28.2594   5.639253    34.9211     3.7353     0.0192          0     81.500 337.318559  1022.2766      6.091      0.022  0.000e+00
      6.124    28.2594   5.635544    34.8953     3.7425     0.0261          0     81.750 337.318562  1022.2571      6.091      0.023  0.000e+00
      6.124    28.2594   5.636735    34.9036     3.8497     0.0170          0     82.000 337.318565  1022.2634      6.091      0.015  0.000e+00
      6.114    28.2560   5.641522    34.9395     3.8593     0.0200          0     82.250 337.318568  1022.2914      6.080      0.001  0.000e+00
      6.146    28.2525   5.652538    35.0190     3.8730     0.0299          0     82.500 337.318571  1022.3525      6.112     -0.002  0.000e+00
      6.124    28.2527   5.660941    35.0775     3.8016     0.0261          0     82.750 337.318573  1022.3963      6.091     -0.001  0.000e+00
      6.059    28.2545   5.650860    35.0058     3.7920     0.0353          0     83.000 337.318576  1022.3415      6.026     -0.016  0.000e+00
