ctd_mafia/cnv/SBE19plus_01906740_2018_12_07_0083.cnv
* Sea-Bird SBE19plus  Data File:
* FileName = C:\Users\all user\Desktop\Patroba _ WWF Mapping Mafia\SBE19plus_01906740_2018_12_07_0083.hex
* Software version 2.6.3.104
* Temperature SN = 6740
* Conductivity SN = 6740
* System UpLoad Time = Dec 07 2018 14:31:54
* <ApplicationData>
* <Seaterm232>
# nquan = 13
# nvalues = 824                                   
# units = specified
# name 0 = prdM: Pressure, Strain Gauge [db]
# name 1 = tv290C: Temperature [ITS-90, deg C]
# name 2 = c0S/m: Conductivity [S/m]
# name 3 = sal00: Salinity, Practical [PSU]
# name 4 = sbeox0ML/L: Oxygen, SBE 43 [ml/l]
# name 5 = flECO-AFL: Fluorescence, WET Labs ECO-AFL/FL [mg/m^3]
# name 6 = nbf: Bottles Fired
# name 7 = timeS: Time, Elapsed [seconds]
# name 8 = timeJ: Julian Days
# name 9 = density00: Density [density, kg/m^3]
# name 10 = depSM: Depth [salt water, m], lat = 0.00
# name 11 = dz/dtM: Descent Rate [m/s]
# name 12 = flag:  0.000e+00
# span 0 =     -1.366,     14.018                 
# span 1 =    27.6314,    29.9838                 
# span 2 =   0.363105,   5.777279                 
# span 3 =     1.7998,    35.7400                 
# span 4 =     1.7769,     3.5493                 
# span 5 =    -0.0349,    48.6787                 
# span 6 =          0,          0                 
# span 7 =      0.000,    205.750                 
# span 8 = 337.401620, 337.404002                 
# span 9 =   997.6495,  1022.7982                 
# span 10 =     -1.358,     13.940                
# span 11 =     -1.020,      0.419                
# span 12 = 0.0000e+00, 0.0000e+00                
# interval = seconds: 0.25
# start_time = Dec 03 2018 09:38:20 [Instrument's time stamp, header]
# bad_flag = -9.990e-29
*END*
     -1.344    29.9838   0.929506     4.6858     2.3725     0.0910          0      0.000 337.401620   999.1434     -1.337 4.2106e-16  0.000e+00
     -1.366    29.9751   1.022678     5.1934     2.3757     0.0894          0      0.250 337.401623   999.5235     -1.358     -0.006  0.000e+00
     -1.323    29.9631   1.572838     8.2674     2.3797     0.0902          0      0.500 337.401626  1001.8118     -1.315      0.001  0.000e+00
     -1.236    29.9533   0.942218     4.7576     2.4566     0.0917          0      0.750 337.401629   999.2067     -1.229      0.030  0.000e+00
     -1.182    29.9405   0.940772     4.7510     2.5120     3.1786          0      1.000 337.401632   999.2059     -1.176      0.066  0.000e+00
     -1.063    29.8822   1.798962     9.5802     2.5695     3.1855          0      1.250 337.401635  1002.8133     -1.057      0.123  0.000e+00
     -0.944    29.5027   2.028790    11.0034     2.6985     3.1794          0      1.500 337.401638  1003.9894     -0.939      0.193  0.000e+00
     -0.879    29.1229   1.261418     6.6247     2.7745     3.1786          0      1.750 337.401641  1000.8501     -0.875      0.254  0.000e+00
     -0.858    28.8924   2.142731    11.8259     2.6859    48.6696          0      2.000 337.401644  1004.7896     -0.853      0.289  0.000e+00
     -0.858    28.7751   3.815750    22.3396     2.5086    48.6719          0      2.250 337.401646  1012.6583     -0.853      0.292  0.000e+00
     -0.890    28.6825   5.325133    32.4522     2.3331    48.6726          0      2.500 337.401649  1020.2534     -0.885      0.246  0.000e+00
     -0.869    28.5850   3.070960    17.6497     2.4661    48.6749          0      2.750 337.401652  1009.2205     -0.864      0.189  0.000e+00
     -0.847    28.5144   4.851576    29.3400     2.2649     0.0635          0      3.000 337.401655  1017.9756     -0.842      0.137  0.000e+00
     -0.782    28.4814   5.769430    35.6656     2.1408     0.0658          0      3.250 337.401658  1022.7333     -0.778      0.094  0.000e+00
     -0.707    28.4553   5.777279    35.7400     2.1123     0.0612          0      3.500 337.401661  1022.7982     -0.703      0.083  0.000e+00
     -0.653    28.4237   5.740023    35.5039     2.1185     0.0543          0      3.750 337.401664  1022.6314     -0.649      0.104  0.000e+00
     -0.631    28.3707   5.715709    35.3739     2.1306     0.0559          0      4.000 337.401667  1022.5513     -0.628      0.132  0.000e+00
     -0.609    28.3119   5.717824    35.4327     2.1407     0.0177          0      4.250 337.401670  1022.6150     -0.606      0.156  0.000e+00
     -0.620    28.2680   5.719879    35.4800     2.1477     0.0208          0      4.500 337.401672  1022.6650     -0.617      0.161  0.000e+00
     -0.588    28.2426   5.721238    35.5086     2.1612     0.0231          0      4.750 337.401675  1022.6950     -0.585      0.148  0.000e+00
     -0.609    28.2238   5.721574    35.5250     2.1560     0.0276          0      5.000 337.401678  1022.7134     -0.606      0.117  0.000e+00
     -0.588    28.2096   5.713530    35.4794     2.1943     0.0337          0      5.250 337.401681  1022.6839     -0.585      0.081  0.000e+00
     -0.555    28.1980   5.707007    35.4425     2.2779     0.0345          0      5.500 337.401684  1022.6601     -0.552      0.058  0.000e+00
     -0.491    28.1887   5.697104    35.3801     2.2793     0.0299          0      5.750 337.401687  1022.6165     -0.488      0.062  0.000e+00
     -0.404    28.1786   5.690506    35.3414     2.2776     0.0368          0      6.000 337.401690  1022.5912     -0.402      0.093  0.000e+00
     -0.350    28.1705   5.687924    35.3294     2.2726    -0.0014          0      6.250 337.401693  1022.5850     -0.348      0.129  0.000e+00
     -0.318    28.1637   5.687064    35.3284     2.2654    -0.0059          0      6.500 337.401696  1022.5866     -0.316      0.162  0.000e+00
     -0.274    28.1560   5.688816    35.3464     2.2401    -0.0014          0      6.750 337.401698  1022.6029     -0.273      0.184  0.000e+00
     -0.263    28.1495   5.690187    35.3609     2.2308    -0.0090          0      7.000 337.401701  1022.6159     -0.262      0.196  0.000e+00
     -0.263    28.1450   5.688945    35.3556     2.2072     0.0246          0      7.250 337.401704  1022.6134     -0.262      0.180  0.000e+00
     -0.231    28.1419   5.689738    35.3635     2.1936     0.0231          0      7.500 337.401707  1022.6205     -0.230      0.156  0.000e+00
     -0.263    28.1406   5.691809    35.3789     2.2083     0.0208          0      7.750 337.401710  1022.6324     -0.262      0.110  0.000e+00
     -0.253    28.1411   5.695604    35.4052     2.2049     0.0246          0      8.000 337.401713  1022.6520     -0.251      0.070  0.000e+00
     -0.263    28.1434   5.696914    35.4127     2.2106     0.0246          0      8.250 337.401716  1022.6569     -0.262      0.040  0.000e+00
     -0.253    28.1441   5.698027    35.4199     2.2169     0.0055          0      8.500 337.401719  1022.6622     -0.251      0.021  0.000e+00
     -0.231    28.1425   5.692891    35.3851     2.2254     0.0093          0      8.750 337.401722  1022.6366     -0.230      0.012  0.000e+00
     -0.209    28.1410   5.688115    35.3527     2.2301     0.0086          0      9.000 337.401725  1022.6128     -0.208      0.018  0.000e+00
     -0.220    28.1414   5.686623    35.3420     2.2374     0.0139          0      9.250 337.401727  1022.6046     -0.219      0.020  0.000e+00
     -0.242    28.1435   5.685823    35.3349     2.2448     0.0124          0      9.500 337.401730  1022.5984     -0.240      0.014  0.000e+00
     -0.231    28.1437   5.685343    35.3314     2.2687     0.0040          0      9.750 337.401733  1022.5958     -0.230      0.019  0.000e+00
     -0.231    28.1420   5.685412    35.3331     2.3149     0.0116          0     10.000 337.401736  1022.5976     -0.230      0.014  0.000e+00
     -0.231    28.1389   5.684841    35.3314     2.2996     0.0047          0     10.250 337.401739  1022.5974     -0.230      0.011  0.000e+00
     -0.242    28.1343   5.684072    35.3295     2.2820     0.0261          0     10.500 337.401742  1022.5974     -0.240     -0.001  0.000e+00
     -0.209    28.1294   5.683410    35.3285     2.2680     0.0147          0     10.750 337.401745  1022.5984     -0.208     -0.001  0.000e+00
     -0.209    28.1248   5.683501    35.3326     2.2423     0.0231          0     11.000 337.401748  1022.6030     -0.208      0.002  0.000e+00
     -0.220    28.1205   5.683768    35.3377     2.2301     0.0200          0     11.250 337.401751  1022.6082     -0.219      0.009  0.000e+00
     -0.220    28.1174   5.683311    35.3368     2.2120    -0.0113          0     11.500 337.401753  1022.6085     -0.219      0.012  0.000e+00
     -0.220    28.1146   5.682672    35.3344     2.2015    -0.0014          0     11.750 337.401756  1022.6077     -0.219      0.009  0.000e+00
     -0.242    28.1124   5.682321    35.3336     2.1829    -0.0044          0     12.000 337.401759  1022.6077     -0.240      0.001  0.000e+00
     -0.231    28.1116   5.682870    35.3380     2.1778    -0.0113          0     12.250 337.401762  1022.6113     -0.230     -0.002  0.000e+00
     -0.231    28.1123   5.683791    35.3440     2.1810     0.0017          0     12.500 337.401765  1022.6155     -0.230     -0.006  0.000e+00
     -0.231    28.1133   5.684423    35.3477     2.1748     0.0063          0     12.750 337.401768  1022.6180     -0.230     -0.013  0.000e+00
     -0.198    28.1148   5.685603    35.3548     2.1711     0.0131          0     13.000 337.401771  1022.6231     -0.197     -0.001  0.000e+00
     -0.177    28.1159   5.686844    35.3627     2.1648     0.0078          0     13.250 337.401774  1022.6286     -0.176      0.015  0.000e+00
     -0.188    28.1171   5.688276    35.3718     2.1605     0.0131          0     13.500 337.401777  1022.6351     -0.187      0.023  0.000e+00
     -0.198    28.1183   5.689700    35.3809     2.1522     0.0009          0     13.750 337.401780  1022.6415     -0.197      0.026  0.000e+00
     -0.198    28.1188   5.690058    35.3830     2.1473    -0.0075          0     14.000 337.401782  1022.6429     -0.197      0.027  0.000e+00
     -0.220    28.1191   5.689327    35.3777     2.1452    -0.0059          0     14.250 337.401785  1022.6387     -0.219      0.014  0.000e+00
     -0.231    28.1197   5.689007    35.3750     2.1398    -0.0029          0     14.500 337.401788  1022.6364     -0.230      0.001  0.000e+00
     -0.209    28.1199   5.689487    35.3782     2.1240     0.0162          0     14.750 337.401791  1022.6389     -0.208     -0.007  0.000e+00
     -0.220    28.1204   5.690187    35.3827     2.1298     0.0231          0     15.000 337.401794  1022.6421     -0.219     -0.019  0.000e+00
     -0.231    28.1208   5.690538    35.3849     2.1275     0.0215          0     15.250 337.401797  1022.6436     -0.230     -0.025  0.000e+00
     -0.242    28.1209   5.689646    35.3786     2.1293     0.0276          0     15.500 337.401800  1022.6387     -0.240     -0.023  0.000e+00
     -0.231    28.1205   5.688215    35.3688     2.1266     0.0215          0     15.750 337.401803  1022.6316     -0.230     -0.018  0.000e+00
     -0.188    28.1201   5.688139    35.3686     2.1232     0.0223          0     16.000 337.401806  1022.6317     -0.187     -0.002  0.000e+00
     -0.177    28.1199   5.688976    35.3746     2.1214     0.0231          0     16.250 337.401808  1022.6363     -0.176      0.016  0.000e+00
     -0.177    28.1202   5.689837    35.3804     2.1195     0.0253          0     16.500 337.401811  1022.6406     -0.176      0.025  0.000e+00
     -0.209    28.1205   5.690888    35.3876     2.1070     0.0215          0     16.750 337.401814  1022.6458     -0.208      0.019  0.000e+00
     -0.220    28.1196   5.690408    35.3849     2.0970     0.0063          0     17.000 337.401817  1022.6440     -0.219      0.017  0.000e+00
     -0.253    28.1184   5.688656    35.3736     2.0939     0.0032          0     17.250 337.401820  1022.6357     -0.251      0.002  0.000e+00
     -0.220    28.1172   5.687575    35.3668     2.0833     0.0032          0     17.500 337.401823  1022.6312     -0.219     -0.005  0.000e+00
     -0.209    28.1160   5.687514    35.3673     2.0861     0.0070          0     17.750 337.401826  1022.6320     -0.208     -0.014  0.000e+00
     -0.220    28.1150   5.688024    35.3717     2.0852     0.0101          0     18.000 337.401829  1022.6356     -0.219     -0.024  0.000e+00
     -0.198    28.1138   5.688291    35.3744     2.0832     0.0055          0     18.250 337.401832  1022.6381     -0.197     -0.014  0.000e+00
     -0.188    28.1120   5.688497    35.3772     2.0720     0.0101          0     18.500 337.401834  1022.6408     -0.187      0.002  0.000e+00
     -0.177    28.1103   5.688817    35.3807     2.0729     0.0078          0     18.750 337.401837  1022.6441     -0.176      0.022  0.000e+00
     -0.209    28.1099   5.689167    35.3835     2.0746     0.0147          0     19.000 337.401840  1022.6461     -0.208      0.023  0.000e+00
     -0.253    28.1087   5.688877    35.3823     2.0778     0.0131          0     19.250 337.401843  1022.6455     -0.251      0.009  0.000e+00
     -0.231    28.1063   5.686585    35.3681     2.0722     0.0093          0     19.500 337.401846  1022.6357     -0.230     -0.009  0.000e+00
     -0.198    28.1038   5.685504    35.3624     2.0687     0.0086          0     19.750 337.401849  1022.6323     -0.197     -0.008  0.000e+00
     -0.188    28.1023   5.685633    35.3644     2.0555     0.0093          0     20.000 337.401852  1022.6344     -0.187     -0.002  0.000e+00
     -0.155    28.1019   5.689647    35.3928     2.0478     0.0032          0     20.250 337.401855  1022.6560     -0.154      0.007  0.000e+00
     -0.177    28.1043   5.697243    35.4443     2.0443     0.0131          0     20.500 337.401858  1022.6938     -0.176      0.014  0.000e+00
     -0.198    28.1078   5.693311    35.4141     2.0365     0.0086          0     20.750 337.401861  1022.6699     -0.197      0.017  0.000e+00
     -0.220    28.1080   5.687986    35.3766     2.0390     0.0047          0     21.000 337.401863  1022.6415     -0.219      0.018  0.000e+00
     -0.188    28.1068   5.685824    35.3624     2.0371     0.0170          0     21.250 337.401866  1022.6314     -0.187      0.020  0.000e+00
     -0.155    28.1042   5.685854    35.3645     2.0294     0.0200          0     21.500 337.401869  1022.6339     -0.154      0.015  0.000e+00
     -0.144    28.1036   5.691048    35.4014     2.0308     0.0223          0     21.750 337.401872  1022.6620     -0.144      0.014  0.000e+00
     -0.144    28.1072   5.699590    35.4586     2.0239     0.0223          0     22.000 337.401875  1022.7038     -0.144      0.017  0.000e+00
     -0.177    28.1096   5.696847    35.4375     2.0276    -0.0189          0     22.250 337.401878  1022.6870     -0.176      0.012  0.000e+00
     -0.220    28.1094   5.690408    35.3926     2.0232    -0.0174          0     22.500 337.401881  1022.6531     -0.219      0.006  0.000e+00
     -0.209    28.1089   5.688817    35.3818     2.0243    -0.0181          0     22.750 337.401884  1022.6452     -0.208     -0.001  0.000e+00
     -0.209    28.1085   5.686303    35.3644     2.0225    -0.0159          0     23.000 337.401887  1022.6323     -0.208     -0.012  0.000e+00
     -0.166    28.1078   5.684453    35.3520     2.0203    -0.0097          0     23.250 337.401889  1022.6234     -0.165     -0.019  0.000e+00
     -0.144    28.1075   5.684423    35.3520     2.0234     0.0002          0     23.500 337.401892  1022.6236     -0.143     -0.012  0.000e+00
     -0.112    28.1089   5.689868    35.3891     2.0243     0.0017          0     23.750 337.401895  1022.6511     -0.111      0.011  0.000e+00
     -0.123    28.1128   5.698287    35.4452     2.0242     0.0047          0     24.000 337.401898  1022.6920     -0.122      0.032  0.000e+00
     -0.155    28.1154   5.702342    35.4717     2.0173     0.0215          0     24.250 337.401901  1022.7109     -0.154      0.043  0.000e+00
     -0.188    28.1154   5.700871    35.4614     2.0340     0.0177          0     24.500 337.401904  1022.7030     -0.186      0.035  0.000e+00
     -0.209    28.1156   5.694606    35.4173     2.0376     0.0284          0     24.750 337.401907  1022.6697     -0.208      0.007  0.000e+00
     -0.220    28.1167   5.689966    35.3840     2.0393     0.0162          0     25.000 337.401910  1022.6442     -0.219     -0.020  0.000e+00
     -0.198    28.1174   5.688436    35.3727     2.0361     0.0269          0     25.250 337.401913  1022.6356     -0.197     -0.041  0.000e+00
     -0.166    28.1177   5.687826    35.3682     2.0206     0.0131          0     25.500 337.401916  1022.6323     -0.165     -0.040  0.000e+00
     -0.144    28.1183   5.688337    35.3714     2.0171     0.0063          0     25.750 337.401918  1022.6346     -0.143     -0.025  0.000e+00
     -0.123    28.1192   5.688656    35.3729     2.0115     0.0101          0     26.000 337.401921  1022.6355     -0.122      0.006  0.000e+00
     -0.123    28.1209   5.688976    35.3739     2.0039     0.0116          0     26.250 337.401924  1022.6357     -0.122      0.034  0.000e+00
     -0.123    28.1226   5.689837    35.3786     1.9884     0.0002          0     26.500 337.401927  1022.6387     -0.122      0.051  0.000e+00
     -0.166    28.1244   5.694103    35.4072     1.9910     0.0040          0     26.750 337.401930  1022.6594     -0.165      0.044  0.000e+00
     -0.220    28.1267   5.697608    35.4300     1.9862     0.0093          0     27.000 337.401933  1022.6756     -0.219      0.014  0.000e+00
     -0.220    28.1290   5.694232    35.4047     1.9880     0.0147          0     27.250 337.401936  1022.6558     -0.219     -0.019  0.000e+00
     -0.220    28.1294   5.689547    35.3715     1.9943    -0.0014          0     27.500 337.401939  1022.6307     -0.219     -0.045  0.000e+00
