ctd_mafia/cnv/SBE19plus_01906740_2018_12_07_0102.cnv
* Sea-Bird SBE19plus  Data File:
* FileName = C:\Users\all user\Desktop\Patroba _ WWF Mapping Mafia\SBE19plus_01906740_2018_12_07_0102.hex
* Software version 2.6.3.104
* Temperature SN = 6740
* Conductivity SN = 6740
* System UpLoad Time = Dec 07 2018 14:35:50
* <ApplicationData>
* <Seaterm232>
# nquan = 13
# nvalues = 760                                   
# units = specified
# name 0 = prdM: Pressure, Strain Gauge [db]
# name 1 = tv290C: Temperature [ITS-90, deg C]
# name 2 = c0S/m: Conductivity [S/m]
# name 3 = sal00: Salinity, Practical [PSU]
# name 4 = sbeox0ML/L: Oxygen, SBE 43 [ml/l]
# name 5 = flECO-AFL: Fluorescence, WET Labs ECO-AFL/FL [mg/m^3]
# name 6 = nbf: Bottles Fired
# name 7 = timeS: Time, Elapsed [seconds]
# name 8 = timeJ: Julian Days
# name 9 = density00: Density [density, kg/m^3]
# name 10 = depSM: Depth [salt water, m], lat = 0.00
# name 11 = dz/dtM: Descent Rate [m/s]
# name 12 = flag:  0.000e+00
# span 0 =     -1.399,     19.011                 
# span 1 =    26.3858,    28.5761                 
# span 2 =   0.757904,   5.699366                 
# span 3 =     3.9136,    35.4113                 
# span 4 =     1.8102,     3.3012                 
# span 5 =    -0.4347,    48.6826                 
# span 6 =          0,          0                 
# span 7 =      0.000,    189.750                 
# span 8 = 338.408148, 338.410344                 
# span 9 =   999.1341,  1023.1763                 
# span 10 =     -1.392,     18.905                
# span 11 =     -1.129,      0.745                
# span 12 = 0.0000e+00, 0.0000e+00                
# interval = seconds: 0.25
# start_time = Dec 04 2018 09:47:44 [Instrument's time stamp, header]
# bad_flag = -9.990e-29
*END*
     -0.728    28.5761   2.893807    16.5370     2.5220    48.6703          0      0.000 338.408148  1008.3948     -0.724 -2.105e-16  0.000e+00
     -0.685    28.5659   2.976922    17.0631     2.5023    48.6826          0      0.250 338.408151  1008.7902     -0.681      0.012  0.000e+00
     -0.642    28.5446   4.288100    25.5507     2.3842    48.6780          0      0.500 338.408154  1015.1312     -0.638      0.032  0.000e+00
     -0.599    28.5182   5.696366    35.1294     2.2514    48.6642          0      0.750 338.408157  1022.3189     -0.595      0.058  0.000e+00
     -0.599    28.4910   5.696138    35.1480     2.2457     0.0101          0      1.000 338.408160  1022.3419     -0.595      0.075  0.000e+00
     -0.588    28.4609   5.695118    35.1632     2.2406     0.0101          0      1.250 338.408163  1022.3634     -0.585      0.086  0.000e+00
     -0.588    28.4329   5.695088    35.1838     2.2345     0.0147          0      1.500 338.408166  1022.3881     -0.585      0.089  0.000e+00
     -0.566    28.4033   5.691812    35.1829     2.2381     0.0109          0      1.750 338.408168  1022.3973     -0.563      0.087  0.000e+00
     -0.523    28.3653   5.686999    35.1776     2.2392     0.0116          0      2.000 338.408171  1022.4060     -0.520      0.086  0.000e+00
     -0.491    28.3233   5.683368    35.1835     2.2453     0.0093          0      2.250 338.408174  1022.4244     -0.488      0.081  0.000e+00
     -0.458    28.2868   5.681207    35.1956     2.2456     0.0238          0      2.500 338.408177  1022.4457     -0.456      0.082  0.000e+00
     -0.415    28.2599   5.680317    35.2094     2.2512     0.0116          0      2.750 338.408180  1022.4651     -0.413      0.094  0.000e+00
     -0.404    28.2403   5.679305    35.2170     2.2504     0.0147          0      3.000 338.408183  1022.4773     -0.402      0.109  0.000e+00
     -0.383    28.2248   5.678696    35.2242     2.2553     0.0116          0      3.250 338.408186  1022.4879     -0.381      0.116  0.000e+00
     -0.329    28.2125   5.678544    35.2323     2.2540     0.0093          0      3.500 338.408189  1022.4983     -0.327      0.127  0.000e+00
     -0.318    28.2010   5.678415    35.2400     2.2552     0.0147          0      3.750 338.408192  1022.5079     -0.316      0.123  0.000e+00
     -0.318    28.1921   5.678035    35.2440     2.2589     0.0032          0      4.000 338.408194  1022.5138     -0.316      0.109  0.000e+00
     -0.307    28.1848   5.678667    35.2539     2.2612    -0.0242          0      4.250 338.408197  1022.5237     -0.306      0.095  0.000e+00
     -0.329    28.1789   5.677434    35.2496     2.2653    -0.0227          0      4.500 338.408200  1022.5223     -0.327      0.072  0.000e+00
     -0.307    28.1748   5.677685    35.2545     2.2646    -0.0303          0      4.750 338.408203  1022.5274     -0.306      0.055  0.000e+00
     -0.307    28.1719   5.676985    35.2517     2.2682    -0.0212          0      5.000 338.408206  1022.5263     -0.306      0.042  0.000e+00
     -0.286    28.1697   5.677206    35.2549     2.2704    -0.0006          0      5.250 338.408209  1022.5295     -0.284      0.031  0.000e+00
     -0.253    28.1683   5.677114    35.2553     2.2694     0.0002          0      5.500 338.408212  1022.5304     -0.252      0.028  0.000e+00
     -0.286    28.1669   5.677206    35.2570     2.2710    -0.0014          0      5.750 338.408215  1022.5320     -0.284      0.026  0.000e+00
     -0.275    28.1660   5.676666    35.2539     2.2765     0.0002          0      6.000 338.408218  1022.5300     -0.273      0.027  0.000e+00
     -0.286    28.1649   5.676544    35.2539     2.2784    -0.0624          0      6.250 338.408220  1022.5303     -0.284      0.023  0.000e+00
     -0.286    28.1635   5.676384    35.2538     2.2820    -0.0494          0      6.500 338.408223  1022.5307     -0.284      0.020  0.000e+00
     -0.264    28.1624   5.676544    35.2558     2.2832    -0.0525          0      6.750 338.408226  1022.5326     -0.262      0.014  0.000e+00
     -0.286    28.1610   5.676255    35.2548     2.2820    -0.0471          0      7.000 338.408229  1022.5322     -0.284      0.006  0.000e+00
     -0.275    28.1603   5.676186    35.2548     2.2925     0.0170          0      7.250 338.408232  1022.5325     -0.273     -0.001  0.000e+00
     -0.264    28.1597   5.675813    35.2526     2.3784     0.0200          0      7.500 338.408235  1022.5311     -0.262     -0.001  0.000e+00
     -0.275    28.1593   5.675623    35.2516     2.3779     0.0116          0      7.750 338.408238  1022.5305     -0.273      0.007  0.000e+00
     -0.264    28.1588   5.675494    35.2511     2.3749     0.0139          0      8.000 338.408241  1022.5303     -0.262      0.007  0.000e+00
     -0.264    28.1583   5.675205    35.2494     2.3579     0.0101          0      8.250 338.408244  1022.5292     -0.262      0.010  0.000e+00
     -0.264    28.1577   5.674923    35.2479     2.3445    -0.0181          0      8.500 338.408247  1022.5283     -0.262      0.009  0.000e+00
     -0.275    28.1574   5.674604    35.2459     2.3244    -0.0120          0      8.750 338.408249  1022.5268     -0.273      0.003  0.000e+00
     -0.275    28.1570   5.674474    35.2453     2.3018    -0.0212          0      9.000 338.408252  1022.5265     -0.273      0.004  0.000e+00
     -0.242    28.1569   5.674505    35.2455     2.2797    -0.0090          0      9.250 338.408255  1022.5268     -0.241      0.007  0.000e+00
     -0.242    28.1566   5.674284    35.2442     2.2511    -0.0197          0      9.500 338.408258  1022.5259     -0.241      0.010  0.000e+00
     -0.253    28.1566   5.673843    35.2411     2.2526    -0.0258          0      9.750 338.408261  1022.5236     -0.251      0.012  0.000e+00
     -0.242    28.1565   5.673524    35.2390     2.2452    -0.0242          0     10.000 338.408264  1022.5220     -0.241      0.013  0.000e+00
     -0.264    28.1565   5.673835    35.2412     2.2435    -0.0235          0     10.250 338.408267  1022.5236     -0.262      0.010  0.000e+00
     -0.253    28.1564   5.674223    35.2439     2.2344    -0.0242          0     10.500 338.408270  1022.5258     -0.251      0.009  0.000e+00
     -0.253    28.1563   5.674703    35.2474     2.2301    -0.0227          0     10.750 338.408273  1022.5284     -0.251      0.007  0.000e+00
     -0.264    28.1562   5.675273    35.2514     2.2232    -0.0258          0     11.000 338.408275  1022.5314     -0.262     -0.001  0.000e+00
     -0.253    28.1559   5.675174    35.2510     2.2178    -0.0242          0     11.250 338.408278  1022.5312     -0.251     -0.008  0.000e+00
     -0.264    28.1549   5.674604    35.2478     2.2090     0.0421          0     11.500 338.408281  1022.5291     -0.262     -0.008  0.000e+00
     -0.274    28.1539   5.674094    35.2449     2.2012     0.0391          0     11.750 338.408284  1022.5272     -0.273     -0.009  0.000e+00
     -0.274    28.1535   5.673584    35.2417     2.1965     0.0337          0     12.000 338.408287  1022.5249     -0.273     -0.012  0.000e+00
     -0.253    28.1530   5.673113    35.2387     2.1917     0.0337          0     12.250 338.408290  1022.5229     -0.251     -0.004  0.000e+00
     -0.264    28.1528   5.672383    35.2338     2.1853     0.0383          0     12.500 338.408293  1022.5192     -0.262     -0.006  0.000e+00
     -0.264    28.1523   5.672002    35.2315     2.1821     0.0772          0     12.750 338.408296  1022.5177     -0.262     -0.004  0.000e+00
     -0.253    28.1524   5.671401    35.2272     2.1806     0.0772          0     13.000 338.408299  1022.5145     -0.251      0.002  0.000e+00
     -0.264    28.1523   5.671242    35.2261     2.1778     0.0765          0     13.250 338.408302  1022.5137     -0.262      0.001  0.000e+00
     -0.264    28.1526   5.671698    35.2291     2.1707     0.0772          0     13.500 338.408304  1022.5158     -0.262      0.004  0.000e+00
     -0.264    28.1527   5.672223    35.2327     2.1650     0.0269          0     13.750 338.408307  1022.5185     -0.262      0.004  0.000e+00
     -0.274    28.1534   5.672923    35.2371     2.1598     0.0292          0     14.000 338.408310  1022.5215     -0.273     -0.002  0.000e+00
     -0.264    28.1537   5.673524    35.2411     2.1572     0.0192          0     14.250 338.408313  1022.5245     -0.262     -0.006  0.000e+00
     -0.264    28.1538   5.673782    35.2428     2.1507     0.0246          0     14.500 338.408316  1022.5257     -0.262     -0.003  0.000e+00
     -0.242    28.1541   5.673843    35.2430     2.1489    -0.0540          0     14.750 338.408319  1022.5259     -0.241      0.003  0.000e+00
     -0.242    28.1540   5.673813    35.2429     2.1433    -0.0456          0     15.000 338.408322  1022.5258     -0.241      0.007  0.000e+00
     -0.231    28.1540   5.673683    35.2420     2.1404    -0.0471          0     15.250 338.408325  1022.5252     -0.230      0.017  0.000e+00
     -0.253    28.1537   5.673813    35.2431     2.1353    -0.0471          0     15.500 338.408328  1022.5260     -0.252      0.015  0.000e+00
     -0.242    28.1536   5.674033    35.2447     2.1328    -0.0128          0     15.750 338.408330  1022.5273     -0.241      0.016  0.000e+00
     -0.253    28.1541   5.674223    35.2457     2.1278    -0.0128          0     16.000 338.408333  1022.5278     -0.252      0.012  0.000e+00
     -0.242    28.1540   5.674353    35.2467     2.1271    -0.0181          0     16.250 338.408336  1022.5286     -0.241      0.007  0.000e+00
     -0.253    28.1540   5.674383    35.2469     2.1198    -0.0159          0     16.500 338.408339  1022.5288     -0.252      0.001  0.000e+00
     -0.253    28.1538   5.674383    35.2470     2.1178    -0.0113          0     16.750 338.408342  1022.5289     -0.252     -0.007  0.000e+00
     -0.231    28.1536   5.674353    35.2470     2.1155     0.0032          0     17.000 338.408345  1022.5290     -0.230     -0.001  0.000e+00
     -0.231    28.1530   5.674414    35.2478     2.1138     0.0002          0     17.250 338.408348  1022.5299     -0.230      0.003  0.000e+00
     -0.242    28.1526   5.674315    35.2474     2.1105    -0.0052          0     17.500 338.408351  1022.5297     -0.241      0.007  0.000e+00
     -0.253    28.1522   5.674254    35.2473     2.1099    -0.0014          0     17.750 338.408354  1022.5296     -0.252      0.002  0.000e+00
     -0.231    28.1517   5.674224    35.2475     2.1114     0.0360          0     18.000 338.408356  1022.5301     -0.230      0.006  0.000e+00
     -0.242    28.1511   5.674414    35.2493     2.1047     0.0322          0     18.250 338.408359  1022.5316     -0.241      0.004  0.000e+00
     -0.220    28.1507   5.674475    35.2500     2.1022     0.0444          0     18.500 338.408362  1022.5323     -0.219      0.009  0.000e+00
     -0.231    28.1508   5.674224    35.2482     2.1014     0.0292          0     18.750 338.408365  1022.5309     -0.230      0.007  0.000e+00
     -0.231    28.1502   5.674224    35.2486     2.0945    -0.0174          0     19.000 338.408368  1022.5314     -0.230      0.004  0.000e+00
     -0.221    28.1503   5.674224    35.2485     2.0944    -0.0151          0     19.250 338.408371  1022.5314     -0.219      0.009  0.000e+00
     -0.242    28.1498   5.674444    35.2504     2.0910    -0.0067          0     19.500 338.408374  1022.5329     -0.241      0.007  0.000e+00
     -0.231    28.1496   5.674718    35.2525     2.0910    -0.0105          0     19.750 338.408377  1022.5345     -0.230      0.006  0.000e+00
     -0.253    28.1491   5.674825    35.2536     2.0913    -0.0021          0     20.000 338.408380  1022.5354     -0.252     -0.006  0.000e+00
     -0.231    28.1485   5.674764    35.2536     2.0921     0.0040          0     20.250 338.408383  1022.5357     -0.230     -0.004  0.000e+00
     -0.220    28.1477   5.674634    35.2534     2.0913     0.0047          0     20.500 338.408385  1022.5359     -0.219     -0.004  0.000e+00
     -0.231    28.1473   5.674315    35.2514     2.0892    -0.0029          0     20.750 338.408388  1022.5345     -0.230      0.000  0.000e+00
     -0.242    28.1470   5.673973    35.2492     2.0871     0.0002          0     21.000 338.408391  1022.5329     -0.241     -0.002  0.000e+00
     -0.210    28.1466   5.673623    35.2471     2.0847     0.0505          0     21.250 338.408394  1022.5315     -0.209      0.005  0.000e+00
     -0.242    28.1464   5.673083    35.2434     2.0824     0.0528          0     21.500 338.408397  1022.5287     -0.241      0.006  0.000e+00
     -0.231    28.1458   5.672953    35.2430     2.0836     0.0459          0     21.750 338.408400  1022.5286     -0.230      0.004  0.000e+00
     -0.253    28.1457   5.672702    35.2413     2.0807     0.0536          0     22.000 338.408403  1022.5273     -0.252     -0.001  0.000e+00
     -0.242    28.1456   5.672474    35.2398     2.0804    -0.0014          0     22.250 338.408406  1022.5262     -0.241     -0.009  0.000e+00
     -0.242    28.1452   5.672474    35.2401     2.0798    -0.0029          0     22.500 338.408409  1022.5266     -0.241     -0.011  0.000e+00
     -0.242    28.1451   5.671972    35.2366     2.0758    -0.0014          0     22.750 338.408411  1022.5240     -0.241     -0.008  0.000e+00
     -0.253    28.1448   5.671523    35.2337     2.0789    -0.0075          0     23.000 338.408414  1022.5219     -0.252     -0.010  0.000e+00
     -0.242    28.1444   5.671272    35.2323     2.0727    -0.0090          0     23.250 338.408417  1022.5210     -0.241     -0.011  0.000e+00
     -0.242    28.1442   5.671211    35.2320     2.0718     0.0025          0     23.500 338.408420  1022.5209     -0.241     -0.002  0.000e+00
     -0.231    28.1441   5.670983    35.2305     2.0660    -0.0090          0     23.750 338.408423  1022.5198     -0.230      0.001  0.000e+00
     -0.242    28.1440   5.670572    35.2277     2.0664    -0.0052          0     24.000 338.408426  1022.5177     -0.241      0.005  0.000e+00
     -0.220    28.1438   5.670192    35.2252     2.0620     0.0406          0     24.250 338.408429  1022.5159     -0.219      0.008  0.000e+00
     -0.220    28.1438   5.669591    35.2210     2.0594     0.0330          0     24.500 338.408432  1022.5128     -0.219      0.012  0.000e+00
     -0.242    28.1436   5.669021    35.2171     2.0614     0.0337          0     24.750 338.408435  1022.5099     -0.241      0.009  0.000e+00
     -0.231    28.1430   5.668131    35.2113     2.0510     0.0322          0     25.000 338.408437  1022.5057     -0.230      0.009  0.000e+00
     -0.242    28.1425   5.667591    35.2079     2.0527     0.0360          0     25.250 338.408440  1022.5033     -0.241      0.002  0.000e+00
     -0.221    28.1420   5.667280    35.2061     2.0520     0.0131          0     25.500 338.408443  1022.5022     -0.219      0.004  0.000e+00
     -0.231    28.1412   5.667150    35.2058     2.0512     0.0047          0     25.750 338.408446  1022.5021     -0.230      0.001  0.000e+00
     -0.231    28.1411   5.666770    35.2032     2.0478     0.0047          0     26.000 338.408449  1022.5002     -0.230      0.001  0.000e+00
     -0.253    28.1405   5.665903    35.1976     2.0436     0.0032          0     26.250 338.408452  1022.4962     -0.251     -0.009  0.000e+00
     -0.242    28.1399   5.665440    35.1948     2.0370     0.0330          0     26.500 338.408455  1022.4943     -0.241     -0.007  0.000e+00
     -0.231    28.1392   5.664870    35.1913     2.0379     0.0337          0     26.750 338.408458  1022.4919     -0.230     -0.001  0.000e+00
     -0.231    28.1387   5.665060    35.1930     2.0329     0.0276          0     27.000 338.408461  1022.4934     -0.230     -0.002  0.000e+00
     -0.220    28.1379   5.664680    35.1909     2.0286     0.0360          0     27.250 338.408464  1022.4921     -0.219      0.003  0.000e+00
     -0.231    28.1375   5.664999    35.1935     2.0260     0.0269          0     27.500 338.408466  1022.4941     -0.230      0.001  0.000e+00
