ctd_mafia/cnv/SBE19plus_01906740_2018_12_07_0092.cnv
* Sea-Bird SBE19plus  Data File:
* FileName = C:\Users\all user\Desktop\Patroba _ WWF Mapping Mafia\SBE19plus_01906740_2018_12_07_0092.hex
* Software version 2.6.3.104
* Temperature SN = 6740
* Conductivity SN = 6740
* System UpLoad Time = Dec 07 2018 14:33:46
* <ApplicationData>
* <Seaterm232>
# nquan = 13
# nvalues = 423                                   
# units = specified
# name 0 = prdM: Pressure, Strain Gauge [db]
# name 1 = tv290C: Temperature [ITS-90, deg C]
# name 2 = c0S/m: Conductivity [S/m]
# name 3 = sal00: Salinity, Practical [PSU]
# name 4 = sbeox0ML/L: Oxygen, SBE 43 [ml/l]
# name 5 = flECO-AFL: Fluorescence, WET Labs ECO-AFL/FL [mg/m^3]
# name 6 = nbf: Bottles Fired
# name 7 = timeS: Time, Elapsed [seconds]
# name 8 = timeJ: Julian Days
# name 9 = density00: Density [density, kg/m^3]
# name 10 = depSM: Depth [salt water, m], lat = 0.00
# name 11 = dz/dtM: Descent Rate [m/s]
# name 12 = flag:  0.000e+00
# span 0 =     -1.401,      2.707                 
# span 1 =    28.0229,    28.7007                 
# span 2 =   0.696538,   5.735897                 
# span 3 =     3.5803,    35.3038                 
# span 4 =     1.7470,     2.9925                 
# span 5 =    -0.0502,    48.6833                 
# span 6 =          0,          0                 
# span 7 =      0.000,    105.500                 
# span 8 = 338.337581, 338.338802                 
# span 9 =   998.9047,  1022.4250                 
# span 10 =     -1.393,      2.692                
# span 11 =     -0.526,      0.244                
# span 12 = 0.0000e+00, 0.0000e+00                
# interval = seconds: 0.25
# start_time = Dec 04 2018 08:06:07 [Instrument's time stamp, header]
# bad_flag = -9.990e-29
*END*
[from data line 112]
     -0.147    28.6896   5.709683    35.0950     2.0321     0.1093          0     28.000 338.337905  1022.2382     -0.146      0.005  0.000e+00
     -0.136    28.6879   5.708981    35.0913     2.0293     0.1131          0     28.250 338.337908  1022.2361     -0.136      0.009  0.000e+00
     -0.147    28.6863   5.708226    35.0873     2.0247     0.1085          0     28.500 338.337911  1022.2335     -0.146      0.007  0.000e+00
     -0.136    28.6851   5.707792    35.0851     2.0223     0.1062          0     28.750 338.337914  1022.2323     -0.136      0.009  0.000e+00
     -0.136    28.6836   5.707029    35.0810     2.0242     0.1032          0     29.000 338.337917  1022.2297     -0.136      0.001  0.000e+00
     -0.147    28.6823   5.706388    35.0775     2.0198     0.1070          0     29.250 338.337920  1022.2275     -0.146      0.001  0.000e+00
     -0.125    28.6810   5.705969    35.0755     2.0155     0.1093          0     29.500 338.337922  1022.2265     -0.125      0.007  0.000e+00
     -0.158    28.6796   5.705397    35.0726     2.0134     0.1375          0     29.750 338.337925  1022.2246     -0.157      0.001  0.000e+00
     -0.147    28.6783   5.704825    35.0696     2.0089     0.1398          0     30.000 338.337928  1022.2229     -0.146     -0.002  0.000e+00
     -0.147    28.6772   5.704390    35.0674     2.0054     0.1337          0     30.250 338.337931  1022.2216     -0.146     -0.005  0.000e+00
     -0.147    28.6758   5.703956    35.0655     2.0002     0.1344          0     30.500 338.337934  1022.2206     -0.146     -0.004  0.000e+00
     -0.136    28.6743   5.703323    35.0622     1.9962     0.1482          0     30.750 338.337937  1022.2187     -0.135     -0.004  0.000e+00
     -0.136    28.6730   5.702904    35.0602     1.9924     0.1459          0     31.000 338.337940  1022.2176     -0.136      0.000  0.000e+00
     -0.115    28.6715   5.702614    35.0593     1.9884     0.1421          0     31.250 338.337943  1022.2175     -0.114      0.009  0.000e+00
     -0.136    28.6700   5.702141    35.0571     1.9834     0.1344          0     31.500 338.337946  1022.2163     -0.136      0.008  0.000e+00
     -0.115    28.6687   5.701661    35.0547     1.9772     0.1146          0     31.750 338.337948  1022.2150     -0.114      0.019  0.000e+00
     -0.115    28.6675   5.701150    35.0521     1.9776     0.1276          0     32.000 338.337951  1022.2135     -0.114      0.018  0.000e+00
     -0.126    28.6662   5.700884    35.0512     1.9739     0.1161          0     32.250 338.337954  1022.2132     -0.125      0.015  0.000e+00
     -0.126    28.6649   5.701150    35.0540     1.9695     0.1291          0     32.500 338.337957  1022.2157     -0.125      0.011  0.000e+00
     -0.147    28.6633   5.702812    35.0667     1.9652     0.1398          0     32.750 338.337960  1022.2257     -0.146     -0.001  0.000e+00
     -0.136    28.6625   5.704437    35.0786     1.9654     0.1444          0     33.000 338.337963  1022.2349     -0.136     -0.006  0.000e+00
     -0.126    28.6622   5.704276    35.0777     1.9592     0.1390          0     33.250 338.337966  1022.2344     -0.125     -0.008  0.000e+00
     -0.126    28.6622   5.702934    35.0684     1.9588     0.1383          0     33.500 338.337969  1022.2274     -0.125     -0.004  0.000e+00
     -0.136    28.6617   5.702713    35.0672     1.9537     0.1428          0     33.750 338.337972  1022.2267     -0.136     -0.009  0.000e+00
     -0.136    28.6610   5.702424    35.0657     1.9492     0.1116          0     34.000 338.337975  1022.2258     -0.136     -0.006  0.000e+00
     -0.136    28.6599   5.701722    35.0617     1.9426     0.1131          0     34.250 338.337977  1022.2231     -0.136     -0.003  0.000e+00
     -0.147    28.6587   5.701562    35.0614     1.9414     0.1177          0     34.500 338.337980  1022.2233     -0.146     -0.004  0.000e+00
     -0.147    28.6572   5.700891    35.0579     1.9424     0.1138          0     34.750 338.337983  1022.2211     -0.146     -0.004  0.000e+00
     -0.136    28.6561   5.700800    35.0581     1.9431     0.1360          0     35.000 338.337986  1022.2216     -0.136     -0.007  0.000e+00
     -0.126    28.6549   5.700251    35.0552     1.9403     0.1344          0     35.250 338.337989  1022.2199     -0.125     -0.004  0.000e+00
     -0.104    28.6535   5.700091    35.0551     1.9394     0.1283          0     35.500 338.337992  1022.2204     -0.103      0.007  0.000e+00
     -0.115    28.6524   5.699535    35.0521     1.9386     0.1375          0     35.750 338.337995  1022.2184     -0.114      0.014  0.000e+00
     -0.136    28.6508   5.699298    35.0516     1.9359     0.1276          0     36.000 338.337998  1022.2185     -0.136      0.012  0.000e+00
     -0.136    28.6495   5.698849    35.0494     1.9349     0.1177          0     36.250 338.338001  1022.2173     -0.136      0.009  0.000e+00
     -0.125    28.6481   5.698628    35.0489     1.9334     0.1268          0     36.500 338.338003  1022.2175     -0.125      0.009  0.000e+00
     -0.136    28.6469   5.698277    35.0474     1.9329     0.1230          0     36.750 338.338006  1022.2166     -0.136      0.001  0.000e+00
     -0.125    28.6454   5.697987    35.0465     1.9308     0.0864          0     37.000 338.338009  1022.2165     -0.125     -0.004  0.000e+00
     -0.158    28.6442   5.697766    35.0459     1.9291     0.1016          0     37.250 338.338012  1022.2163     -0.157     -0.015  0.000e+00
     -0.147    28.6429   5.697446    35.0446     1.9302     0.0887          0     37.500 338.338015  1022.2159     -0.146     -0.019  0.000e+00
     -0.147    28.6415   5.697142    35.0435     1.9246     0.0932          0     37.750 338.338018  1022.2155     -0.146     -0.014  0.000e+00
     -0.147    28.6402   5.696905    35.0428     1.9260     0.0925          0     38.000 338.338021  1022.2154     -0.146     -0.009  0.000e+00
     -0.125    28.6389   5.696966    35.0442     1.9204     0.1489          0     38.250 338.338024  1022.2170     -0.125     -0.004  0.000e+00
     -0.115    28.6376   5.696524    35.0421     1.9195     0.1612          0     38.500 338.338027  1022.2158     -0.114      0.003  0.000e+00
     -0.115    28.6364   5.696136    35.0403     1.9171     0.1505          0     38.750 338.338030  1022.2149     -0.114      0.012  0.000e+00
     -0.147    28.6353   5.696296    35.0422     1.9145     0.1634          0     39.000 338.338032  1022.2165     -0.146      0.009  0.000e+00
     -0.136    28.6341   5.696014    35.0412     1.9113     0.1520          0     39.250 338.338035  1022.2163     -0.135      0.012  0.000e+00
     -0.125    28.6327   5.695854    35.0411     1.9081     0.1436          0     39.500 338.338038  1022.2167     -0.125      0.009  0.000e+00
     -0.147    28.6317   5.695488    35.0393     1.9068     0.1550          0     39.750 338.338041  1022.2156     -0.146      0.001  0.000e+00
     -0.114    28.6305   5.695343    35.0392     1.9035     0.1505          0     40.000 338.338044  1022.2160     -0.114      0.001  0.000e+00
     -0.125    28.6295   5.695084    35.0381     1.9026     0.1245          0     40.250 338.338047  1022.2155     -0.125     -0.003  0.000e+00
     -0.136    28.6282   5.695054    35.0388     1.8997     0.1222          0     40.500 338.338050  1022.2164     -0.135     -0.004  0.000e+00
     -0.136    28.6271   5.694734    35.0374     1.8970     0.1131          0     40.750 338.338053  1022.2157     -0.135     -0.001  0.000e+00
     -0.136    28.6260   5.694703    35.0380     1.8976     0.1222          0     41.000 338.338056  1022.2165     -0.135      0.003  0.000e+00
     -0.125    28.6250   5.694482    35.0372     1.8916     0.1207          0     41.250 338.338058  1022.2163     -0.125      0.001  0.000e+00
     -0.136    28.6240   5.694543    35.0384     1.8891     0.1192          0     41.500 338.338061  1022.2175     -0.135     -0.002  0.000e+00
     -0.104    28.6228   5.694261    35.0373     1.8880     0.1306          0     41.750 338.338064  1022.2173     -0.103      0.007  0.000e+00
     -0.114    28.6217   5.694132    35.0373     1.8832     0.1177          0     42.000 338.338067  1022.2175     -0.114      0.005  0.000e+00
     -0.093    28.6207   5.694033    35.0373     1.8761     0.1222          0     42.250 338.338070  1022.2180     -0.092      0.017  0.000e+00
     -0.093    28.6199   5.693972    35.0375     1.8811     0.1390          0     42.500 338.338073  1022.2183     -0.092      0.025  0.000e+00
     -0.125    28.6189   5.693781    35.0369     1.8751     0.1360          0     42.750 338.338076  1022.2181     -0.125      0.017  0.000e+00
     -0.136    28.6178   5.693812    35.0379     1.8728     0.1375          0     43.000 338.338079  1022.2192     -0.135      0.006  0.000e+00
     -0.136    28.6169   5.693583    35.0370     1.8710     0.1390          0     43.250 338.338082  1022.2188     -0.135     -0.004  0.000e+00
     -0.115    28.6161   5.693431    35.0365     1.8679     0.0917          0     43.500 338.338084  1022.2188     -0.114     -0.006  0.000e+00
     -0.115    28.6152   5.693370    35.0367     1.8647     0.0849          0     43.750 338.338087  1022.2192     -0.114     -0.012  0.000e+00
     -0.114    28.6143   5.693111    35.0357     1.8663     0.0833          0     44.000 338.338090  1022.2188     -0.114     -0.008  0.000e+00
     -0.104    28.6134   5.693271    35.0374     1.8598     0.0902          0     44.250 338.338093  1022.2204     -0.103     -0.004  0.000e+00
     -0.115    28.6125   5.692921    35.0356     1.8596     0.0932          0     44.500 338.338096  1022.2193     -0.114      0.003  0.000e+00
     -0.125    28.6116   5.692951    35.0365     1.8595     0.0803          0     44.750 338.338099  1022.2203     -0.125      0.009  0.000e+00
     -0.115    28.6108   5.692791    35.0360     1.8540     0.0833          0     45.000 338.338102  1022.2202     -0.114      0.009  0.000e+00
     -0.093    28.6098   5.692883    35.0373     1.8507     0.0810          0     45.250 338.338105  1022.2216     -0.092      0.010  0.000e+00
     -0.093    28.6090   5.692692    35.0366     1.8475     0.1077          0     45.500 338.338108  1022.2213     -0.092      0.009  0.000e+00
     -0.104    28.6084   5.692730    35.0373     1.8406     0.1192          0     45.750 338.338111  1022.2220     -0.103      0.009  0.000e+00
     -0.104    28.6074   5.692662    35.0376     1.8445     0.1116          0     46.000 338.338113  1022.2225     -0.103      0.008  0.000e+00
     -0.093    28.6067   5.693012    35.0405     1.8435     0.1131          0     46.250 338.338116  1022.2250     -0.092      0.009  0.000e+00
     -0.082    28.6059   5.693111    35.0418     1.8365     0.1131          0     46.500 338.338119  1022.2263     -0.082      0.016  0.000e+00
     -0.039    28.6053   5.692791    35.0400     1.8352     0.1482          0     46.750 338.338122  1022.2253     -0.039      0.029  0.000e+00
     -0.028    28.6048   5.692883    35.0411     1.8340     0.1360          0     47.000 338.338125  1022.2263     -0.028      0.036  0.000e+00
     -0.039    28.6041   5.693081    35.0429     1.8334     0.1329          0     47.250 338.338128  1022.2279     -0.039      0.038  0.000e+00
     -0.017    28.6036   5.693142    35.0437     1.8293     0.1444          0     47.500 338.338131  1022.2288     -0.017      0.047  0.000e+00
     -0.017    28.6029   5.693393    35.0460     1.8257     0.0871          0     47.750 338.338134  1022.2307     -0.017      0.051  0.000e+00
      0.004    28.6022   5.693127    35.0446     1.8251     0.0856          0     48.000 338.338137  1022.2300      0.004      0.053  0.000e+00
     -0.006    28.6017   5.693492    35.0475     1.8255     0.0826          0     48.250 338.338139  1022.2323     -0.006      0.044  0.000e+00
      0.026    28.6012   5.693271    35.0464     1.8233     0.0788          0     48.500 338.338142  1022.2317      0.026      0.041  0.000e+00
      0.015    28.6008   5.693942    35.0513     1.8206     0.1146          0     48.750 338.338145  1022.2355      0.015      0.031  0.000e+00
      0.059    28.6003   5.693393    35.0479     1.8177     0.1245          0     49.000 338.338148  1022.2333      0.058      0.040  0.000e+00
      0.069    28.5999   5.693744    35.0506     1.8175     0.1261          0     49.250 338.338151  1022.2355      0.069      0.050  0.000e+00
      0.069    28.5993   5.694224    35.0543     1.8131     0.1230          0     49.500 338.338154  1022.2385      0.069      0.049  0.000e+00
      0.080    28.5990   5.694384    35.0557     1.8118     0.1184          0     49.750 338.338157  1022.2397      0.080      0.051  0.000e+00
      0.113    28.5988   5.694011    35.0532     1.8067     0.1192          0     50.000 338.338160  1022.2380      0.112      0.055  0.000e+00
      0.134    28.5985   5.694704    35.0582     1.8056     0.1192          0     50.250 338.338163  1022.2420      0.133      0.064  0.000e+00
      0.156    28.5983   5.693843    35.0524     1.8028     0.1192          0     50.500 338.338166  1022.2378      0.155      0.066  0.000e+00
      0.156    28.5977   5.693904    35.0533     1.8025     0.1238          0     50.750 338.338168  1022.2386      0.155      0.068  0.000e+00
      0.177    28.5971   5.693904    35.0537     1.7997     0.1253          0     51.000 338.338171  1022.2392      0.176      0.064  0.000e+00
      0.199    28.5966   5.694163    35.0559     1.7991     0.1200          0     51.250 338.338174  1022.2411      0.198      0.069  0.000e+00
      0.210    28.5960   5.694064    35.0556     1.7973     0.1093          0     51.500 338.338177  1022.2412      0.209      0.071  0.000e+00
      0.210    28.5958   5.694414    35.0583     1.7941     0.1169          0     51.750 338.338180  1022.2433      0.209      0.064  0.000e+00
      0.231    28.5954   5.694514    35.0592     1.7943     0.1299          0     52.000 338.338183  1022.2442      0.230      0.057  0.000e+00
      0.275    28.5947   5.694719    35.0612     1.7920     0.1314          0     52.250 338.338186  1022.2461      0.273      0.062  0.000e+00
      0.286    28.5944   5.694323    35.0586     1.7962     0.1276          0     52.500 338.338189  1022.2443      0.284      0.066  0.000e+00
      0.285    28.5940   5.695215    35.0651     1.7977     0.1451          0     52.750 338.338192  1022.2493      0.284      0.068  0.000e+00
      0.318    28.5937   5.694674    35.0616     1.7950     0.1383          0     53.000 338.338194  1022.2469      0.316      0.069  0.000e+00
      0.329    28.5934   5.695215    35.0655     1.7973     0.1322          0     53.250 338.338197  1022.2500      0.327      0.070  0.000e+00
      0.329    28.5931   5.695215    35.0657     1.7913     0.1283          0     53.500 338.338200  1022.2503      0.327      0.068  0.000e+00
      0.372    28.5929   5.694834    35.0632     1.7893     0.1306          0     53.750 338.338203  1022.2487      0.370      0.072  0.000e+00
      0.361    28.5924   5.694765    35.0631     1.7856     0.1093          0     54.000 338.338206  1022.2487      0.359      0.063  0.000e+00
      0.394    28.5920   5.695268    35.0669     1.7826     0.1039          0     54.250 338.338209  1022.2518      0.391      0.059  0.000e+00
      0.415    28.5917   5.694704    35.0632     1.7801     0.1009          0     54.500 338.338212  1022.2492      0.413      0.065  0.000e+00
      0.394    28.5915   5.695116    35.0662     1.7735     0.1024          0     54.750 338.338215  1022.2514      0.391      0.059  0.000e+00
      0.426    28.5910   5.696167    35.0739     1.7744     0.1093          0     55.000 338.338218  1022.2575      0.424      0.055  0.000e+00
      0.437    28.5909   5.695626    35.0702     1.7710     0.1573          0     55.250 338.338220  1022.2548      0.434      0.055  0.000e+00
