ctd_mafia/cnv/SBE19plus_01906740_2018_12_07_0094.cnv
* Sea-Bird SBE19plus  Data File:
* FileName = C:\Users\all user\Desktop\Patroba _ WWF Mapping Mafia\SBE19plus_01906740_2018_12_07_0094.hex
* Software version 2.6.3.104
* Temperature SN = 6740
* Conductivity SN = 6740
* System UpLoad Time = Dec 07 2018 14:34:08
* <ApplicationData>
* <Seaterm232>
# nquan = 13
# nvalues = 560                                   
# units = specified
# name 0 = prdM: Pressure, Strain Gauge [db]
# name 1 = tv290C: Temperature [ITS-90, deg C]
# name 2 = c0S/m: Conductivity [S/m]
# name 3 = sal00: Salinity, Practical [PSU]
# name 4 = sbeox0ML/L: Oxygen, SBE 43 [ml/l]
# name 5 = flECO-AFL: Fluorescence, WET Labs ECO-AFL/FL [mg/m^3]
# name 6 = nbf: Bottles Fired
# name 7 = timeS: Time, Elapsed [seconds]
# name 8 = timeJ: Julian Days
# name 9 = density00: Density [density, kg/m^3]
# name 10 = depSM: Depth [salt water, m], lat = 0.00
# name 11 = dz/dtM: Descent Rate [m/s]
# name 12 = flag:  0.000e+00
# span 0 =     -1.368,     10.471                 
# span 1 =    27.8392,    28.4064                 
# span 2 =   0.230222,   5.700918                 
# span 3 =     1.1102,    35.2614                 
# span 4 =     1.6961,     2.8335                 
# span 5 =    -0.3744,    48.6818                 
# span 6 =          0,          0                 
# span 7 =      0.000,    139.750                 
# span 8 = 338.351053, 338.352671                 
# span 9 =   997.1021,  1022.5117                 
# span 10 =     -1.361,     10.413                
# span 11 =     -1.133,      0.306                
# span 12 = 0.0000e+00, 0.0000e+00                
# interval = seconds: 0.25
# start_time = Dec 04 2018 08:25:31 [Instrument's time stamp, header]
# bad_flag = -9.990e-29
*END*
     -1.358    27.8895   0.422710     2.1087     2.4435    -0.0166          0      0.000 338.351053   997.8425     -1.350      0.000  0.000e+00
     -1.368    27.8844   0.394117     1.9579     2.4644    -0.0166          0      0.250 338.351056   997.7311     -1.361     -0.003  0.000e+00
     -1.347    27.8794   0.344693     1.6990     2.5847    -0.0242          0      0.500 338.351059   997.5388     -1.339      0.001  0.000e+00
     -1.347    27.8743   0.299021     1.4621     2.5949    -0.0250          0      0.750 338.351062   997.3628     -1.339      0.004  0.000e+00
     -1.357    27.8688   0.262814     1.2761     2.5871    -0.0235          0      1.000 338.351065   997.2250     -1.350      0.003  0.000e+00
     -1.357    27.8634   0.230222     1.1102     2.5802    -0.0212          0      1.250 338.351068   997.1021     -1.350      0.002  0.000e+00
     -1.357    27.8578   0.232433     1.1216     2.5702    -0.0258          0      1.500 338.351071   997.1122     -1.350      0.002  0.000e+00
     -1.357    27.8526   0.349152     1.7232     2.5500    -0.0288          0      1.750 338.351073   997.5645     -1.350      0.001  0.000e+00
     -1.357    27.8472   0.408513     2.0354     2.5412    -0.0197          0      2.000 338.351076   997.7997     -1.350      0.000  0.000e+00
     -1.368    27.8421   0.424770     2.1217     2.6072    -0.0258          0      2.250 338.351079   997.8657     -1.360     -0.003  0.000e+00
     -1.346    27.8392   0.594095     3.0323     2.5570    -0.0189          0      2.500 338.351082   998.5476     -1.338     -0.004  0.000e+00
     -1.303    27.8464   0.583072     2.9719     2.5655    -0.0181          0      2.750 338.351085   998.5006     -1.295      0.013  0.000e+00
     -1.227    27.8501   0.446133     2.2348     2.5931    -0.0258          0      3.000 338.351088   997.9487     -1.220      0.046  0.000e+00
     -1.140    27.8539   0.378555     1.8772     2.6841    -0.0220          0      3.250 338.351091   997.6804     -1.134      0.092  0.000e+00
     -1.075    27.8577   0.329768     1.6220     2.6717    -0.0227          0      3.500 338.351094   997.4885     -1.070      0.140  0.000e+00
     -1.011    27.8909   0.291424     1.4224     2.6463    -0.0258          0      3.750 338.351097   997.3298     -1.005      0.187  0.000e+00
     -0.913    28.0158   1.270987     6.8335     2.5418    -0.0220          0      4.000 338.351100  1001.3348     -0.908      0.237  0.000e+00
     -0.805    28.1661   2.176947    12.2147     2.4295    48.6719          0      4.250 338.351102  1005.2998     -0.801      0.286  0.000e+00
     -0.762    28.2733   2.364172    13.3362     2.4066    48.6749          0      4.500 338.351105  1006.1030     -0.758      0.306  0.000e+00
     -0.805    28.3320   2.951411    16.9852     2.3432    48.6711          0      4.750 338.351108  1008.8038     -0.800      0.281  0.000e+00
     -0.773    28.3647   3.062046    17.6743     2.3213    48.6818          0      5.000 338.351111  1009.3075     -0.768      0.244  0.000e+00
     -0.783    28.3826   3.204928    18.5771     2.2978    -0.3691          0      5.250 338.351114  1009.9751     -0.779      0.193  0.000e+00
     -0.762    28.3908   4.102933    24.4062     2.2401    -0.3714          0      5.500 338.351117  1014.3241     -0.758      0.148  0.000e+00
     -0.762    28.3966   5.669837    35.0349     2.1182    -0.3722          0      5.750 338.351120  1022.2874     -0.758      0.099  0.000e+00
     -0.729    28.4012   5.673899    35.0597     2.1217    -0.3744          0      6.000 338.351123  1022.3047     -0.725      0.059  0.000e+00
     -0.719    28.4036   5.679423    35.0965     2.1268     0.8249          0      6.250 338.351126  1022.3315     -0.715      0.036  0.000e+00
     -0.665    28.4029   5.683016    35.1220     2.1352     0.8257          0      6.500 338.351128  1022.3512     -0.661      0.050  0.000e+00
     -0.610    28.3998   5.684448    35.1343     2.1404     0.8272          0      6.750 338.351131  1022.3617     -0.607      0.084  0.000e+00
     -0.535    28.3983   5.686359    35.1487     2.1464     0.8158          0      7.000 338.351134  1022.3733     -0.532      0.114  0.000e+00
     -0.502    28.3979   5.688110    35.1611     2.1491     0.2107          0      7.250 338.351137  1022.3830     -0.500      0.145  0.000e+00
     -0.459    28.3979   5.688651    35.1649     2.1542     0.2046          0      7.500 338.351140  1022.3860     -0.457      0.166  0.000e+00
     -0.394    28.3979   5.689451    35.1705     2.1571     0.2016          0      7.750 338.351143  1022.3904     -0.392      0.190  0.000e+00
     -0.373    28.3972   5.690982    35.1816     2.1640     0.2031          0      8.000 338.351146  1022.3991     -0.371      0.195  0.000e+00
     -0.383    28.3971   5.690913    35.1812     2.1647     0.2046          0      8.250 338.351149  1022.3988     -0.381      0.182  0.000e+00
     -0.362    28.3982   5.692094    35.1886     2.1676     0.1261          0      8.500 338.351152  1022.4041     -0.360      0.155  0.000e+00
     -0.362    28.3990   5.692254    35.1892     2.1718     0.1161          0      8.750 338.351155  1022.4043     -0.360      0.123  0.000e+00
     -0.318    28.3991   5.692384    35.1900     2.1757     0.1215          0      9.000 338.351157  1022.4050     -0.317      0.100  0.000e+00
     -0.308    28.3988   5.692384    35.1902     2.1807     0.1161          0      9.250 338.351160  1022.4053     -0.306      0.085  0.000e+00
     -0.308    28.3985   5.692856    35.1937     2.1868     0.1390          0      9.500 338.351163  1022.4081     -0.306      0.066  0.000e+00
     -0.297    28.3982   5.692955    35.1946     2.1894     0.1451          0      9.750 338.351166  1022.4089     -0.295      0.052  0.000e+00
     -0.286    28.3985   5.693115    35.1955     2.1922     0.1421          0     10.000 338.351169  1022.4095     -0.284      0.051  0.000e+00
     -0.275    28.3991   5.692239    35.1890     2.1970     0.1383          0     10.250 338.351172  1022.4045     -0.274      0.053  0.000e+00
     -0.275    28.3993   5.690883    35.1794     2.2000     0.1177          0     10.500 338.351175  1022.3972     -0.274      0.045  0.000e+00
     -0.286    28.3988   5.691325    35.1828     2.2015     0.1146          0     10.750 338.351178  1022.3999     -0.284      0.035  0.000e+00
     -0.297    28.3990   5.692026    35.1876     2.2028     0.1062          0     11.000 338.351181  1022.4033     -0.295      0.016  0.000e+00
     -0.286    28.4000   5.691774    35.1851     2.2061     0.1070          0     11.250 338.351183  1022.4012     -0.284      0.010  0.000e+00
     -0.275    28.4000   5.691553    35.1835     2.2090     0.1467          0     11.500 338.351186  1022.4001     -0.274      0.009  0.000e+00
     -0.254    28.4004   5.691614    35.1837     2.2112     0.1375          0     11.750 338.351189  1022.4001     -0.252      0.011  0.000e+00
     -0.264    28.4009   5.691713    35.1840     2.2108     0.1459          0     12.000 338.351192  1022.4002     -0.263      0.010  0.000e+00
     -0.275    28.4010   5.691751    35.1842     2.2218     0.1428          0     12.250 338.351195  1022.4002     -0.274      0.008  0.000e+00
     -0.275    28.4007   5.691805    35.1848     2.2235     0.1444          0     12.500 338.351198  1022.4008     -0.274      0.009  0.000e+00
     -0.254    28.4010   5.691393    35.1816     2.2251     0.0559          0     12.750 338.351201  1022.3984     -0.252      0.015  0.000e+00
     -0.243    28.4015   5.691172    35.1797     2.2282     0.0604          0     13.000 338.351204  1022.3968     -0.241      0.019  0.000e+00
     -0.275    28.4018   5.690883    35.1775     2.2281     0.0620          0     13.250 338.351207  1022.3949     -0.274      0.009  0.000e+00
     -0.243    28.4025   5.690662    35.1754     2.2353     0.0627          0     13.500 338.351209  1022.3933     -0.241      0.009  0.000e+00
     -0.254    28.4021   5.690624    35.1755     2.2738     0.1108          0     13.750 338.351212  1022.3934     -0.252      0.007  0.000e+00
     -0.264    28.4018   5.690822    35.1771     2.2744     0.1062          0     14.000 338.351215  1022.3946     -0.263      0.007  0.000e+00
     -0.264    28.4018   5.690723    35.1764     2.2679     0.1016          0     14.250 338.351218  1022.3941     -0.263      0.005  0.000e+00
     -0.243    28.4017   5.690464    35.1746     2.2627     0.1001          0     14.500 338.351221  1022.3929     -0.241      0.005  0.000e+00
     -0.264    28.4014   5.690692    35.1764     2.2541     0.1436          0     14.750 338.351224  1022.3943     -0.263     -0.003  0.000e+00
     -0.254    28.4014   5.691233    35.1802     2.2427     0.1406          0     15.000 338.351227  1022.3972     -0.252     -0.001  0.000e+00
     -0.232    28.4017   5.691713    35.1833     2.2280     0.1451          0     15.250 338.351230  1022.3995     -0.231      0.009  0.000e+00
     -0.243    28.4020   5.692345    35.1875     2.2074     0.1482          0     15.500 338.351233  1022.4025     -0.241      0.006  0.000e+00
     -0.254    28.4020   5.692955    35.1918     2.1941     0.1047          0     15.750 338.351236  1022.4057     -0.252      0.008  0.000e+00
     -0.264    28.4013   5.693275    35.1945     2.1865     0.1100          0     16.000 338.351238  1022.4079     -0.263      0.004  0.000e+00
     -0.243    28.4007   5.693526    35.1968     2.1746     0.1055          0     16.250 338.351241  1022.4099     -0.241      0.004  0.000e+00
     -0.243    28.4008   5.693770    35.1984     2.1694     0.1154          0     16.500 338.351244  1022.4111     -0.241      0.001  0.000e+00
     -0.232    28.4012   5.693465    35.1959     2.1607     0.1085          0     16.750 338.351247  1022.4091     -0.231      0.008  0.000e+00
     -0.232    28.4016   5.692665    35.1900     2.1515     0.1184          0     17.000 338.351250  1022.4046     -0.231      0.006  0.000e+00
     -0.243    28.4019   5.692026    35.1854     2.1407     0.1276          0     17.250 338.351253  1022.4009     -0.241      0.004  0.000e+00
     -0.232    28.4027   5.691614    35.1819     2.1306     0.1268          0     17.500 338.351256  1022.3981     -0.231      0.010  0.000e+00
     -0.254    28.4029   5.691043    35.1778     2.1237     0.1177          0     17.750 338.351259  1022.3949     -0.252      0.007  0.000e+00
     -0.254    28.4025   5.690563    35.1747     2.1156     0.0856          0     18.000 338.351262  1022.3927     -0.252      0.001  0.000e+00
     -0.243    28.4025   5.690472    35.1741     2.1106     0.0894          0     18.250 338.351264  1022.3923     -0.241     -0.005  0.000e+00
     -0.232    28.4032   5.690502    35.1738     2.1021     0.0887          0     18.500 338.351267  1022.3919     -0.231     -0.003  0.000e+00
     -0.254    28.4041   5.690890    35.1758     2.0987     0.0803          0     18.750 338.351270  1022.3930     -0.252     -0.007  0.000e+00
     -0.243    28.4047   5.691203    35.1776     2.0929     0.0963          0     19.000 338.351273  1022.3942     -0.241     -0.004  0.000e+00
     -0.243    28.4054   5.691523    35.1793     2.0898     0.1077          0     19.250 338.351276  1022.3953     -0.241     -0.001  0.000e+00
     -0.232    28.4060   5.691744    35.1804     2.0871     0.0986          0     19.500 338.351279  1022.3959     -0.231      0.003  0.000e+00
     -0.264    28.4063   5.691904    35.1813     2.0847     0.1001          0     19.750 338.351282  1022.3964     -0.263      0.001  0.000e+00
     -0.254    28.4064   5.692025    35.1821     2.0768     0.0948          0     20.000 338.351285  1022.3970     -0.252     -0.004  0.000e+00
     -0.243    28.4061   5.692124    35.1830     2.0742     0.0917          0     20.250 338.351288  1022.3978     -0.241     -0.005  0.000e+00
     -0.243    28.4063   5.692224    35.1835     2.0724     0.0887          0     20.500 338.351291  1022.3981     -0.241     -0.004  0.000e+00
     -0.221    28.4062   5.692284    35.1840     2.0653     0.1085          0     20.750 338.351293  1022.3986     -0.220      0.007  0.000e+00
     -0.232    28.4059   5.692239    35.1839     2.0604     0.1016          0     21.000 338.351296  1022.3986     -0.231      0.007  0.000e+00
     -0.210    28.4056   5.692254    35.1842     2.0551     0.1146          0     21.250 338.351299  1022.3990     -0.209      0.015  0.000e+00
     -0.221    28.4054   5.692224    35.1842     2.0483     0.1238          0     21.500 338.351302  1022.3990     -0.220      0.018  0.000e+00
     -0.210    28.4050   5.692155    35.1840     2.0447     0.1329          0     21.750 338.351305  1022.3990     -0.209      0.026  0.000e+00
     -0.243    28.4050   5.692025    35.1831     2.0396     0.1154          0     22.000 338.351308  1022.3982     -0.241      0.013  0.000e+00
     -0.221    28.4046   5.692026    35.1834     2.0324     0.1192          0     22.250 338.351311  1022.3987     -0.220      0.008  0.000e+00
     -0.243    28.4044   5.692125    35.1842     2.0273     0.1276          0     22.500 338.351314  1022.3993     -0.241     -0.001  0.000e+00
     -0.243    28.4044   5.692125    35.1842     2.0265     0.1253          0     22.750 338.351317  1022.3993     -0.241     -0.011  0.000e+00
     -0.232    28.4043   5.691995    35.1834     2.0265     0.1200          0     23.000 338.351319  1022.3987     -0.231     -0.010  0.000e+00
     -0.243    28.4042   5.692064    35.1839     2.0237     0.1016          0     23.250 338.351322  1022.3991     -0.241     -0.015  0.000e+00
     -0.232    28.4041   5.692064    35.1840     2.0232     0.0871          0     23.500 338.351325  1022.3993     -0.231     -0.009  0.000e+00
     -0.232    28.4039   5.691965    35.1835     2.0202     0.0902          0     23.750 338.351328  1022.3989     -0.231     -0.006  0.000e+00
     -0.232    28.4036   5.691904    35.1833     2.0186     0.0963          0     24.000 338.351331  1022.3989     -0.231      0.002  0.000e+00
     -0.210    28.4035   5.691873    35.1831     2.0131     0.1390          0     24.250 338.351334  1022.3989     -0.209      0.007  0.000e+00
     -0.232    28.4032   5.691744    35.1824     2.0134     0.1489          0     24.500 338.351337  1022.3984     -0.231      0.010  0.000e+00
     -0.210    28.4028   5.691614    35.1818     2.0050     0.1406          0     24.750 338.351340  1022.3981     -0.209      0.013  0.000e+00
     -0.221    28.4024   5.691584    35.1819     2.0058     0.1474          0     25.000 338.351343  1022.3983     -0.220      0.011  0.000e+00
     -0.199    28.4022   5.691568    35.1819     2.0026     0.1360          0     25.250 338.351345  1022.3985     -0.198      0.017  0.000e+00
     -0.221    28.4019   5.691713    35.1832     1.9976     0.0849          0     25.500 338.351348  1022.3994     -0.220      0.011  0.000e+00
     -0.232    28.4018   5.691744    35.1835     1.9981     0.0818          0     25.750 338.351351  1022.3996     -0.231      0.004  0.000e+00
     -0.221    28.4018   5.691645    35.1828     1.9955     0.0849          0     26.000 338.351354  1022.3991     -0.220      0.001  0.000e+00
     -0.221    28.4015   5.691424    35.1815     1.9929     0.0910          0     26.250 338.351357  1022.3982     -0.220     -0.004  0.000e+00
     -0.210    28.4013   5.691294    35.1807     1.9928     0.0971          0     26.500 338.351360  1022.3978     -0.209      0.001  0.000e+00
     -0.199    28.4010   5.691073    35.1794     1.9889     0.0978          0     26.750 338.351363  1022.3969     -0.198      0.002  0.000e+00
     -0.178    28.4010   5.690083    35.1725     1.9832     0.1001          0     27.000 338.351366  1022.3919     -0.177      0.014  0.000e+00
     -0.189    28.4003   5.688537    35.1623     1.9842     0.1032          0     27.250 338.351369  1022.3844     -0.188      0.017  0.000e+00
     -0.178    28.3988   5.688872    35.1657     1.9787     0.0521          0     27.500 338.351372  1022.3875     -0.177      0.027  0.000e+00
