ctd_mafia/cnv/SBE19plus_01906740_2018_12_07_0094.cnv
* Sea-Bird SBE19plus  Data File:
* FileName = C:\Users\all user\Desktop\Patroba _ WWF Mapping Mafia\SBE19plus_01906740_2018_12_07_0094.hex
* Software version 2.6.3.104
* Temperature SN = 6740
* Conductivity SN = 6740
* System UpLoad Time = Dec 07 2018 14:34:08
* <ApplicationData>
* <Seaterm232>
# nquan = 13
# nvalues = 560                                   
# units = specified
# name 0 = prdM: Pressure, Strain Gauge [db]
# name 1 = tv290C: Temperature [ITS-90, deg C]
# name 2 = c0S/m: Conductivity [S/m]
# name 3 = sal00: Salinity, Practical [PSU]
# name 4 = sbeox0ML/L: Oxygen, SBE 43 [ml/l]
# name 5 = flECO-AFL: Fluorescence, WET Labs ECO-AFL/FL [mg/m^3]
# name 6 = nbf: Bottles Fired
# name 7 = timeS: Time, Elapsed [seconds]
# name 8 = timeJ: Julian Days
# name 9 = density00: Density [density, kg/m^3]
# name 10 = depSM: Depth [salt water, m], lat = 0.00
# name 11 = dz/dtM: Descent Rate [m/s]
# name 12 = flag:  0.000e+00
# span 0 =     -1.368,     10.471                 
# span 1 =    27.8392,    28.4064                 
# span 2 =   0.230222,   5.700918                 
# span 3 =     1.1102,    35.2614                 
# span 4 =     1.6961,     2.8335                 
# span 5 =    -0.3744,    48.6818                 
# span 6 =          0,          0                 
# span 7 =      0.000,    139.750                 
# span 8 = 338.351053, 338.352671                 
# span 9 =   997.1021,  1022.5117                 
# span 10 =     -1.361,     10.413                
# span 11 =     -1.133,      0.306                
# span 12 = 0.0000e+00, 0.0000e+00                
# interval = seconds: 0.25
# start_time = Dec 04 2018 08:25:31 [Instrument's time stamp, header]
# bad_flag = -9.990e-29
*END*
[from data line 112]
     -0.135    28.3961   5.685978    35.1475     1.9742     0.0521          0     28.000 338.351377  1022.3749     -0.134      0.041  0.000e+00
     -0.124    28.3946   5.684989    35.1418     1.9747     0.0551          0     28.250 338.351380  1022.3711     -0.123      0.047  0.000e+00
     -0.080    28.3931   5.685278    35.1449     1.9702     0.1245          0     28.500 338.351383  1022.3741     -0.080      0.058  0.000e+00
     -0.081    28.3919   5.685377    35.1464     1.9658     0.1154          0     28.750 338.351386  1022.3757     -0.080      0.063  0.000e+00
     -0.037    28.3910   5.684006    35.1375     1.9645     0.1161          0     29.000 338.351389  1022.3695     -0.037      0.074  0.000e+00
     -0.016    28.3899   5.683306    35.1334     1.9628     0.1268          0     29.250 338.351392  1022.3668     -0.016      0.088  0.000e+00
     -0.016    28.3890   5.683946    35.1386     1.9652     0.1138          0     29.500 338.351395  1022.3711     -0.016      0.087  0.000e+00
      0.017    28.3879   5.685537    35.1505     1.9621     0.1360          0     29.750 338.351398  1022.3805      0.017      0.087  0.000e+00
      0.049    28.3880   5.686009    35.1537     1.9605     0.1268          0     30.000 338.351400  1022.3830      0.049      0.090  0.000e+00
      0.071    28.3883   5.685880    35.1526     1.9538     0.1146          0     30.250 338.351403  1022.3822      0.070      0.092  0.000e+00
      0.103    28.3885   5.685598    35.1505     1.9536     0.1245          0     30.500 338.351406  1022.3806      0.103      0.093  0.000e+00
      0.136    28.3883   5.685918    35.1528     1.9551     0.1360          0     30.750 338.351409  1022.3826      0.135      0.102  0.000e+00
      0.147    28.3883   5.685027    35.1466     1.9456     0.1306          0     31.000 338.351412  1022.3780      0.146      0.099  0.000e+00
      0.168    28.3882   5.683527    35.1362     1.9405     0.1268          0     31.250 338.351415  1022.3703      0.167      0.101  0.000e+00
      0.201    28.3872   5.683596    35.1374     1.9380     0.1261          0     31.500 338.351418  1022.3717      0.200      0.105  0.000e+00
      0.233    28.3858   5.685217    35.1497     1.9325     0.1238          0     31.750 338.351421  1022.3815      0.232      0.104  0.000e+00
      0.244    28.3856   5.685088    35.1490     1.9319     0.1177          0     32.000 338.351424  1022.3811      0.243      0.100  0.000e+00
      0.255    28.3859   5.683733    35.1393     1.9266     0.1268          0     32.250 338.351427  1022.3737      0.253      0.094  0.000e+00
      0.298    28.3855   5.682796    35.1331     1.9247     0.1245          0     32.500 338.351429  1022.3694      0.296      0.093  0.000e+00
      0.309    28.3842   5.682735    35.1337     1.9192     0.1894          0     32.750 338.351432  1022.3703      0.307      0.091  0.000e+00
      0.320    28.3827   5.682066    35.1301     1.9211     0.1856          0     33.000 338.351435  1022.3682      0.318      0.089  0.000e+00
      0.341    28.3817   5.681654    35.1279     1.9133     0.1932          0     33.250 338.351438  1022.3670      0.339      0.084  0.000e+00
      0.384    28.3803   5.681685    35.1292     1.9105     0.1901          0     33.500 338.351441  1022.3685      0.382      0.084  0.000e+00
      0.406    28.3792   5.681495    35.1286     1.9082     0.1833          0     33.750 338.351444  1022.3686      0.404      0.087  0.000e+00
      0.417    28.3784   5.681335    35.1282     1.9099     0.1367          0     34.000 338.351447  1022.3686      0.415      0.090  0.000e+00
      0.460    28.3777   5.680285    35.1214     1.9049     0.1421          0     34.250 338.351450  1022.3638      0.457      0.096  0.000e+00
      0.460    28.3768   5.680604    35.1242     1.9009     0.1390          0     34.500 338.351453  1022.3663      0.457      0.091  0.000e+00
      0.503    28.3757   5.681008    35.1278     1.8996     0.1276          0     34.750 338.351455  1022.3696      0.500      0.098  0.000e+00
      0.514    28.3752   5.680543    35.1250     1.8973     0.1062          0     35.000 338.351458  1022.3676      0.511      0.098  0.000e+00
      0.546    28.3747   5.679904    35.1209     1.8945     0.1108          0     35.250 338.351461  1022.3648      0.543      0.097  0.000e+00
      0.568    28.3742   5.679554    35.1188     1.8930     0.1146          0     35.500 338.351464  1022.3635      0.565      0.093  0.000e+00
      0.601    28.3734   5.680414    35.1254     1.8869     0.1131          0     35.750 338.351467  1022.3689      0.597      0.097  0.000e+00
      0.611    28.3728   5.680604    35.1272     1.8857     0.1329          0     36.000 338.351470  1022.3705      0.608      0.097  0.000e+00
      0.655    28.3728   5.680224    35.1245     1.8811     0.1474          0     36.250 338.351473  1022.3687      0.651      0.099  0.000e+00
      0.676    28.3727   5.679524    35.1197     1.8762     0.1222          0     36.500 338.351476  1022.3652      0.673      0.105  0.000e+00
      0.687    28.3722   5.679143    35.1174     1.8720     0.1314          0     36.750 338.351479  1022.3637      0.683      0.099  0.000e+00
      0.720    28.3715   5.679714    35.1219     1.8695     0.1367          0     37.000 338.351481  1022.3674      0.716      0.101  0.000e+00
      0.752    28.3707   5.679965    35.1242     1.8668     0.1474          0     37.250 338.351484  1022.3695      0.748      0.101  0.000e+00
      0.763    28.3705   5.680643    35.1291     1.8626     0.1337          0     37.500 338.351487  1022.3733      0.759      0.099  0.000e+00
      0.784    28.3709   5.678983    35.1172     1.8605     0.1383          0     37.750 338.351490  1022.3644      0.780      0.095  0.000e+00
      0.784    28.3703   5.678344    35.1132     1.8562     0.1489          0     38.000 338.351493  1022.3615      0.780      0.088  0.000e+00
      0.795    28.3694   5.678123    35.1123     1.8522     0.1291          0     38.250 338.351496  1022.3612      0.791      0.075  0.000e+00
      0.849    28.3682   5.678504    35.1159     1.8462     0.1291          0     38.500 338.351499  1022.3645      0.845      0.079  0.000e+00
      0.871    28.3676   5.679174    35.1210     1.8492     0.1314          0     38.750 338.351502  1022.3687      0.866      0.082  0.000e+00
      0.893    28.3671   5.678793    35.1187     1.8478     0.1360          0     39.000 338.351505  1022.3672      0.888      0.082  0.000e+00
      0.914    28.3667   5.678222    35.1150     1.8430     0.1161          0     39.250 338.351508  1022.3646      0.909      0.085  0.000e+00
      0.903    28.3660   5.677332    35.1093     1.8409     0.1085          0     39.500 338.351510  1022.3605      0.898      0.083  0.000e+00
      0.893    28.3649   5.676952    35.1075     1.8375     0.1154          0     39.750 338.351513  1022.3595      0.888      0.071  0.000e+00
      0.925    28.3634   5.676952    35.1085     1.8373     0.1146          0     40.000 338.351516  1022.3609      0.920      0.067  0.000e+00
      0.925    28.3623   5.677035    35.1100     1.8357     0.1329          0     40.250 338.351519  1022.3624      0.920      0.053  0.000e+00
      0.925    28.3612   5.678283    35.1195     1.8280     0.1390          0     40.500 338.351522  1022.3699      0.920      0.034  0.000e+00
      0.947    28.3607   5.680316    35.1340     1.8261     0.1291          0     40.750 338.351525  1022.3811      0.942      0.030  0.000e+00
      0.925    28.3619   5.681176    35.1392     1.8264     0.1344          0     41.000 338.351528  1022.3844      0.920      0.020  0.000e+00
      0.958    28.3637   5.679844    35.1285     1.8191     0.1245          0     41.250 338.351531  1022.3759      0.952      0.023  0.000e+00
      0.947    28.3646   5.677553    35.1119     1.8158     0.1169          0     41.500 338.351534  1022.3631      0.942      0.026  0.000e+00
      0.947    28.3634   5.676411    35.1048     1.8154     0.1200          0     41.750 338.351536  1022.3582      0.942      0.023  0.000e+00
      0.968    28.3622   5.676313    35.1050     1.8137     0.1146          0     42.000 338.351539  1022.3589      0.963      0.019  0.000e+00
      0.947    28.3610   5.676313    35.1059     1.8117     0.1261          0     42.250 338.351542  1022.3598      0.942      0.016  0.000e+00
      0.936    28.3601   5.676632    35.1088     1.8137     0.1550          0     42.500 338.351545  1022.3622      0.931      0.008  0.000e+00
      0.936    28.3591   5.676632    35.1095     1.8108     0.1535          0     42.750 338.351548  1022.3631      0.931     -0.001  0.000e+00
      0.958    28.3581   5.676366    35.1084     1.8130     0.1589          0     43.000 338.351551  1022.3627      0.952      0.003  0.000e+00
      0.936    28.3572   5.676031    35.1068     1.8153     0.1505          0     43.250 338.351554  1022.3617      0.931     -0.007  0.000e+00
      0.979    28.3560   5.675871    35.1065     1.8141     0.1192          0     43.500 338.351557  1022.3621      0.974      0.004  0.000e+00
      0.990    28.3548   5.676952    35.1149     1.8169     0.1192          0     43.750 338.351560  1022.3688      0.985      0.014  0.000e+00
      1.012    28.3542   5.677173    35.1169     1.8173     0.1230          0     44.000 338.351563  1022.3706      1.006      0.026  0.000e+00
      1.033    28.3537   5.679745    35.1352     1.8180     0.1230          0     44.250 338.351565  1022.3846      1.028      0.047  0.000e+00
      1.087    28.3549   5.680445    35.1392     1.8194     0.1528          0     44.500 338.351568  1022.3874      1.081      0.071  0.000e+00
      1.120    28.3572   5.679714    35.1324     1.8158     0.1467          0     44.750 338.351571  1022.3817      1.114      0.090  0.000e+00
      1.120    28.3585   5.678824    35.1252     1.8185     0.1322          0     45.000 338.351574  1022.3759      1.114      0.097  0.000e+00
      1.152    28.3583   5.677492    35.1160     1.8150     0.1421          0     45.250 338.351577  1022.3692      1.146      0.108  0.000e+00
      1.195    28.3570   5.676632    35.1110     1.8196     0.1482          0     45.500 338.351580  1022.3661      1.189      0.110  0.000e+00
      1.228    28.3551   5.677363    35.1175     1.8139     0.1444          0     45.750 338.351583  1022.3717      1.221      0.118  0.000e+00
      1.249    28.3541   5.677774    35.1211     1.8148     0.1451          0     46.000 338.351586  1022.3748      1.243      0.119  0.000e+00
      1.260    28.3538   5.677142    35.1169     1.8124     0.1467          0     46.250 338.351589  1022.3718      1.253      0.112  0.000e+00
      1.282    28.3530   5.676952    35.1162     1.8172     0.1489          0     46.500 338.351591  1022.3716      1.275      0.102  0.000e+00
      1.314    28.3523   5.676572    35.1141     1.8159     0.1589          0     46.750 338.351594  1022.3704      1.307      0.102  0.000e+00
      1.336    28.3515   5.676663    35.1153     1.8138     0.1467          0     47.000 338.351597  1022.3717      1.329      0.104  0.000e+00
      1.336    28.3506   5.677203    35.1197     1.8138     0.1612          0     47.250 338.351600  1022.3753      1.329      0.091  0.000e+00
      1.390    28.3500   5.678763    35.1310     1.8183     0.1436          0     47.500 338.351603  1022.3842      1.382      0.089  0.000e+00
      1.455    28.3503   5.680986    35.1463     1.8252     0.1604          0     47.750 338.351606  1022.3959      1.447      0.102  0.000e+00
      1.498    28.3532   5.682097    35.1518     1.8174     0.1566          0     48.000 338.351609  1022.3993      1.490      0.121  0.000e+00
      1.520    28.3563   5.680894    35.1412     1.8195     0.1604          0     48.250 338.351612  1022.3903      1.511      0.135  0.000e+00
      1.563    28.3578   5.679654    35.1313     1.8115     0.1543          0     48.500 338.351615  1022.3826      1.554      0.146  0.000e+00
      1.595    28.3571   5.678565    35.1243     1.8074     0.1406          0     48.750 338.351617  1022.3777      1.587      0.152  0.000e+00
      1.606    28.3560   5.677394    35.1170     1.8029     0.1428          0     49.000 338.351620  1022.3726      1.597      0.151  0.000e+00
      1.628    28.3551   5.677333    35.1172     1.7983     0.1283          0     49.250 338.351623  1022.3732      1.619      0.144  0.000e+00
      1.628    28.3546   5.677173    35.1164     1.7968     0.1344          0     49.500 338.351626  1022.3728      1.619      0.117  0.000e+00
      1.660    28.3540   5.677614    35.1199     1.7895     0.1833          0     49.750 338.351629  1022.3757      1.651      0.098  0.000e+00
      1.682    28.3535   5.678413    35.1259     1.7928     0.1779          0     50.000 338.351632  1022.3804      1.673      0.088  0.000e+00
      1.758    28.3531   5.678604    35.1275     1.7911     0.1764          0     50.250 338.351635  1022.3821      1.748      0.097  0.000e+00
      1.790    28.3531   5.679114    35.1310     1.7899     0.1818          0     50.500 338.351638  1022.3849      1.780      0.105  0.000e+00
      1.844    28.3531   5.678885    35.1294     1.7880     0.1779          0     50.750 338.351641  1022.3839      1.834      0.124  0.000e+00
      1.866    28.3530   5.678193    35.1246     1.7840     0.1520          0     51.000 338.351644  1022.3805      1.855      0.141  0.000e+00
      1.887    28.3526   5.677904    35.1230     1.7862     0.1489          0     51.250 338.351646  1022.3795      1.877      0.148  0.000e+00
      1.920    28.3520   5.679144    35.1321     1.7824     0.1650          0     51.500 338.351649  1022.3866      1.909      0.154  0.000e+00
      1.941    28.3520   5.679966    35.1378     1.7832     0.1550          0     51.750 338.351652  1022.3910      1.931      0.145  0.000e+00
      2.006    28.3525   5.680065    35.1381     1.7788     0.1459          0     52.000 338.351655  1022.3914      1.995      0.143  0.000e+00
      2.050    28.3537   5.679936    35.1362     1.7736     0.1344          0     52.250 338.351658  1022.3897      2.038      0.138  0.000e+00
      2.060    28.3546   5.679395    35.1318     1.7717     0.1375          0     52.500 338.351661  1022.3862      2.049      0.136  0.000e+00
      2.125    28.3548   5.678543    35.1257     1.7674     0.1329          0     52.750 338.351664  1022.3818      2.113      0.141  0.000e+00
      2.136    28.3544   5.677843    35.1211     1.7659     0.1520          0     53.000 338.351667  1022.3785      2.124      0.146  0.000e+00
      2.179    28.3533   5.677584    35.1201     1.7645     0.1535          0     53.250 338.351670  1022.3783      2.167      0.149  0.000e+00
      2.233    28.3522   5.678003    35.1239     1.7582     0.1497          0     53.500 338.351672  1022.3817      2.221      0.154  0.000e+00
      2.255    28.3513   5.678794    35.1300     1.7578     0.1528          0     53.750 338.351675  1022.3868      2.242      0.151  0.000e+00
      2.287    28.3508   5.678064    35.1253     1.7538     0.1543          0     54.000 338.351678  1022.3835      2.275      0.143  0.000e+00
      2.341    28.3506   5.677896    35.1243     1.7556     0.1665          0     54.250 338.351681  1022.3830      2.328      0.147  0.000e+00
      2.363    28.3499   5.678315    35.1277     1.7556     0.1688          0     54.500 338.351684  1022.3859      2.350      0.149  0.000e+00
      2.406    28.3496   5.678414    35.1286     1.7544     0.1764          0     54.750 338.351687  1022.3869      2.393      0.145  0.000e+00
      2.449    28.3493   5.678094    35.1265     1.7497     0.1589          0     55.000 338.351690  1022.3856      2.436      0.152  0.000e+00
      2.536    28.3490   5.678254    35.1279     1.7481     0.1520          0     55.250 338.351693  1022.3871      2.522      0.164  0.000e+00
