ctd_mafia/cnv/SBE19plus_01906740_2018_12_07_0103.cnv
* Sea-Bird SBE19plus  Data File:
* FileName = C:\Users\all user\Desktop\Patroba _ WWF Mapping Mafia\SBE19plus_01906740_2018_12_07_0103.hex
* Software version 2.6.3.104
* Temperature SN = 6740
* Conductivity SN = 6740
* System UpLoad Time = Dec 07 2018 14:36:21
* <ApplicationData>
* <Seaterm232>
# nquan = 13
# nvalues = 1549                                  
# units = specified
# name 0 = prdM: Pressure, Strain Gauge [db]
# name 1 = tv290C: Temperature [ITS-90, deg C]
# name 2 = c0S/m: Conductivity [S/m]
# name 3 = sal00: Salinity, Practical [PSU]
# name 4 = sbeox0ML/L: Oxygen, SBE 43 [ml/l]
# name 5 = flECO-AFL: Fluorescence, WET Labs ECO-AFL/FL [mg/m^3]
# name 6 = nbf: Bottles Fired
# name 7 = timeS: Time, Elapsed [seconds]
# name 8 = timeJ: Julian Days
# name 9 = density00: Density [density, kg/m^3]
# name 10 = depSM: Depth [salt water, m], lat = 0.00
# name 11 = dz/dtM: Descent Rate [m/s]
# name 12 = flag:  0.000e+00
# span 0 =     -1.381,     20.824                 
# span 1 =    27.2294,    28.6149                 
# span 2 =   0.247291,   5.733262                 
# span 3 =     1.2127,    35.3791                 
# span 4 =     1.7644,     2.8104                 
# span 5 =    -0.4004,     0.9706                 
# span 6 =          0,          0                 
# span 7 =      0.000,    387.000                 
# span 8 = 338.414271, 338.418750                 
# span 9 =   997.3571,  1022.9382                 
# span 10 =     -1.373,     20.709                
# span 11 =     -1.004,      0.229                
# span 12 = 0.0000e+00, 0.0000e+00                
# interval = seconds: 0.25
# start_time = Dec 04 2018 09:56:33 [Instrument's time stamp, header]
# bad_flag = -9.990e-29
*END*
[from data line 889]
     11.787    28.2400   5.692401    35.3051     2.0815     0.0261          0    222.250 338.416843  1022.5959     11.722      0.074  0.000e+00
     11.852    28.2400   5.692424    35.3053     2.0791     0.0345          0    222.500 338.416846  1022.5962     11.786      0.075  0.000e+00
     11.873    28.2400   5.692454    35.3055     2.0803     0.0330          0    222.750 338.416849  1022.5965     11.808      0.084  0.000e+00
     11.884    28.2400   5.692485    35.3057     2.0739     0.0353          0    223.000 338.416852  1022.5967     11.818      0.094  0.000e+00
     11.873    28.2400   5.692454    35.3055     2.0751     0.0391          0    223.250 338.416855  1022.5965     11.808      0.095  0.000e+00
     11.906    28.2402   5.692454    35.3053     2.0746     0.0360          0    223.500 338.416858  1022.5965     11.840      0.092  0.000e+00
     11.949    28.2403   5.692485    35.3054     2.0720     0.0345          0    223.750 338.416861  1022.5966     11.883      0.094  0.000e+00
     11.971    28.2403   5.692485    35.3054     2.0776     0.0345          0    224.000 338.416863  1022.5967     11.904      0.094  0.000e+00
     12.046    28.2403   5.692485    35.3054     2.0741     0.0131          0    224.250 338.416866  1022.5971     11.980      0.105  0.000e+00
     12.100    28.2403   5.692462    35.3052     2.0826     0.0131          0    224.500 338.416869  1022.5971     12.034      0.118  0.000e+00
     12.122    28.2403   5.692454    35.3051     2.0833     0.0139          0    224.750 338.416872  1022.5972     12.055      0.137  0.000e+00
     12.122    28.2402   5.692424    35.3050     2.0723     0.0170          0    225.000 338.416875  1022.5972     12.055      0.146  0.000e+00
     12.154    28.2399   5.692485    35.3057     2.0771     0.0215          0    225.250 338.416878  1022.5979     12.087      0.150  0.000e+00
     12.176    28.2401   5.692485    35.3055     2.0719     0.0276          0    225.500 338.416881  1022.5978     12.109      0.138  0.000e+00
     12.154    28.2402   5.692325    35.3043     2.0688     0.0185          0    225.750 338.416884  1022.5968     12.087      0.112  0.000e+00
     12.176    28.2396   5.692294    35.3046     2.0707     0.0238          0    226.000 338.416887  1022.5972     12.109      0.089  0.000e+00
     12.198    28.2392   5.692325    35.3051     2.0666     0.0131          0    226.250 338.416889  1022.5978     12.130      0.063  0.000e+00
     12.230    28.2392   5.692066    35.3032     2.0707     0.0086          0    226.500 338.416892  1022.5966     12.163      0.057  0.000e+00
     12.284    28.2382   5.691914    35.3029     2.0739     0.0109          0    226.750 338.416895  1022.5969     12.216      0.071  0.000e+00
     12.306    28.2363   5.691533    35.3016     2.0721     0.0109          0    227.000 338.416898  1022.5966     12.238      0.085  0.000e+00
     12.295    28.2343   5.691495    35.3029     2.0691     0.0162          0    227.250 338.416901  1022.5982     12.227      0.084  0.000e+00
     12.295    28.2329   5.691723    35.3055     2.0661     0.0337          0    227.500 338.416904  1022.6006     12.227      0.083  0.000e+00
     12.317    28.2331   5.691975    35.3071     2.0702     0.0315          0    227.750 338.416907  1022.6019     12.249      0.085  0.000e+00
     12.327    28.2343   5.692074    35.3069     2.0751     0.0383          0    228.000 338.416910  1022.6014     12.259      0.073  0.000e+00
     12.338    28.2356   5.692135    35.3064     2.0711     0.0330          0    228.250 338.416913  1022.6006     12.270      0.061  0.000e+00
     12.381    28.2362   5.692165    35.3061     2.0717     0.0253          0    228.500 338.416916  1022.6003     12.313      0.055  0.000e+00
     12.425    28.2368   5.692340    35.3068     2.0809     0.0231          0    228.750 338.416918  1022.6009     12.356      0.061  0.000e+00
     12.436    28.2378   5.692325    35.3060     2.0858     0.0215          0    229.000 338.416921  1022.6000     12.367      0.073  0.000e+00
     12.468    28.2384   5.692104    35.3040     2.0808     0.0253          0    229.250 338.416924  1022.5985     12.399      0.092  0.000e+00
     12.490    28.2378   5.691883    35.3029     2.0798     0.0391          0    229.500 338.416927  1022.5979     12.421      0.102  0.000e+00
     12.511    28.2365   5.691914    35.3041     2.0781     0.0368          0    229.750 338.416930  1022.5993     12.442      0.105  0.000e+00
     12.500    28.2358   5.691944    35.3049     2.0803     0.0376          0    230.000 338.416933  1022.6001     12.431      0.098  0.000e+00
     12.533    28.2356   5.691845    35.3043     2.0852     0.0368          0    230.250 338.416936  1022.5999     12.464      0.091  0.000e+00
     12.544    28.2352   5.691883    35.3049     2.0797     0.0429          0    230.500 338.416939  1022.6005     12.474      0.076  0.000e+00
     12.533    28.2350   5.692005    35.3059     2.0805     0.0414          0    230.750 338.416942  1022.6012     12.463      0.060  0.000e+00
     12.565    28.2352   5.692097    35.3063     2.0778     0.0505          0    231.000 338.416944  1022.6017     12.496      0.056  0.000e+00
     12.554    28.2357   5.692036    35.3056     2.0808     0.0521          0    231.250 338.416947  1022.6009     12.485      0.044  0.000e+00
     12.576    28.2357   5.691533    35.3020     2.0747     0.0421          0    231.500 338.416950  1022.5983     12.506      0.040  0.000e+00
     12.619    28.2341   5.691243    35.3012     2.0668     0.0513          0    231.750 338.416953  1022.5984     12.549      0.048  0.000e+00
     12.619    28.2321   5.691563    35.3049     2.0687     0.0559          0    232.000 338.416956  1022.6018     12.549      0.055  0.000e+00
     12.630    28.2321   5.691655    35.3055     2.0646     0.0459          0    232.250 338.416959  1022.6023     12.560      0.053  0.000e+00
     12.684    28.2329   5.691533    35.3040     2.0631     0.0528          0    232.500 338.416962  1022.6012     12.614      0.068  0.000e+00
     12.716    28.2325   5.691373    35.3032     2.0609     0.0513          0    232.750 338.416965  1022.6008     12.646      0.086  0.000e+00
     12.738    28.2315   5.691236    35.3031     2.0609     0.0513          0    233.000 338.416968  1022.6012     12.668      0.094  0.000e+00
     12.771    28.2303   5.691495    35.3057     2.0715     0.0574          0    233.250 338.416970  1022.6037     12.700      0.107  0.000e+00
     12.792    28.2307   5.691685    35.3068     2.0691     0.0498          0    233.500 338.416973  1022.6045     12.721      0.110  0.000e+00
     12.803    28.2319   5.691685    35.3058     2.0743     0.0185          0    233.750 338.416976  1022.6034     12.732      0.106  0.000e+00
     12.835    28.2325   5.691563    35.3045     2.0758     0.0261          0    234.000 338.416979  1022.6023     12.765      0.110  0.000e+00
     12.825    28.2323   5.691533    35.3044     2.0825     0.0261          0    234.250 338.416982  1022.6023     12.754      0.097  0.000e+00
     12.846    28.2320   5.691594    35.3051     2.0779     0.0231          0    234.500 338.416985  1022.6030     12.775      0.080  0.000e+00
     12.835    28.2320   5.691594    35.3051     2.0785     0.0231          0    234.750 338.416988  1022.6029     12.765      0.063  0.000e+00
     12.879    28.2329   5.691784    35.3057     2.0762     0.0231          0    235.000 338.416991  1022.6033     12.808      0.059  0.000e+00
     12.911    28.2336   5.691701    35.3046     2.0783     0.0208          0    235.250 338.416994  1022.6024     12.840      0.060  0.000e+00
     12.911    28.2335   5.691685    35.3046     2.0805     0.0231          0    235.500 338.416997  1022.6024     12.840      0.060  0.000e+00
     12.922    28.2335   5.691685    35.3046     2.0825     0.0162          0    235.750 338.416999  1022.6025     12.851      0.061  0.000e+00
     12.900    28.2333   5.691685    35.3048     2.0823     0.0482          0    236.000 338.417002  1022.6025     12.829      0.050  0.000e+00
     12.900    28.2333   5.691754    35.3052     2.0792     0.0414          0    236.250 338.417005  1022.6029     12.829      0.045  0.000e+00
     12.890    28.2335   5.691754    35.3051     2.0815     0.0482          0    236.500 338.417008  1022.6027     12.818      0.028  0.000e+00
     12.922    28.2335   5.691723    35.3049     2.0789     0.0475          0    236.750 338.417011  1022.6027     12.851      0.023  0.000e+00
     12.944    28.2335   5.691784    35.3053     2.0731     0.0376          0    237.000 338.417014  1022.6031     12.872      0.015  0.000e+00
     12.954    28.2337   5.691883    35.3058     2.0700     0.0353          0    237.250 338.417017  1022.6035     12.883      0.017  0.000e+00
     12.998    28.2343   5.691914    35.3056     2.0685     0.0368          0    237.500 338.417020  1022.6033     12.926      0.037  0.000e+00
     13.019    28.2344   5.691784    35.3046     2.0735     0.0406          0    237.750 338.417023  1022.6026     12.947      0.056  0.000e+00
     13.008    28.2343   5.691845    35.3051     2.0727     0.0231          0    238.000 338.417025  1022.6029     12.937      0.069  0.000e+00
     12.976    28.2344   5.691914    35.3055     2.0791     0.0246          0    238.250 338.417028  1022.6031     12.904      0.061  0.000e+00
     12.976    28.2348   5.691944    35.3055     2.0783     0.0192          0    238.500 338.417031  1022.6029     12.904      0.047  0.000e+00
     13.019    28.2351   5.691975    35.3054     2.0795     0.0177          0    238.750 338.417034  1022.6030     12.947      0.036  0.000e+00
     13.041    28.2354   5.691944    35.3050     2.0835     0.0391          0    239.000 338.417037  1022.6026     12.969      0.033  0.000e+00
     13.095    28.2355   5.692074    35.3058     2.0834     0.0315          0    239.250 338.417040  1022.6035     13.023      0.044  0.000e+00
     13.127    28.2359   5.691823    35.3038     2.0805     0.0330          0    239.500 338.417043  1022.6019     13.055      0.057  0.000e+00
     13.138    28.2357   5.691884    35.3043     2.0748     0.0337          0    239.750 338.417046  1022.6025     13.066      0.076  0.000e+00
     13.181    28.2357   5.691975    35.3049     2.0809     0.0322          0    240.000 338.417049  1022.6031     13.109      0.104  0.000e+00
     13.203    28.2358   5.692005    35.3051     2.0808     0.0398          0    240.250 338.417052  1022.6033     13.130      0.123  0.000e+00
     13.246    28.2357   5.691945    35.3047     2.0808     0.0345          0    240.500 338.417054  1022.6032     13.173      0.130  0.000e+00
     13.246    28.2358   5.692074    35.3055     2.0767     0.0391          0    240.750 338.417057  1022.6038     13.173      0.120  0.000e+00
     13.268    28.2361   5.692196    35.3062     2.0775     0.0292          0    241.000 338.417060  1022.6043     13.194      0.111  0.000e+00
     13.311    28.2369   5.692234    35.3058     2.0784     0.0398          0    241.250 338.417063  1022.6039     13.237      0.104  0.000e+00
     13.333    28.2373   5.692249    35.3056     2.0769     0.0406          0    241.500 338.417066  1022.6037     13.259      0.104  0.000e+00
     13.322    28.2377   5.692295    35.3056     2.0764     0.0315          0    241.750 338.417069  1022.6035     13.248      0.095  0.000e+00
     13.343    28.2380   5.692325    35.3056     2.0775     0.0368          0    242.000 338.417072  1022.6035     13.270      0.083  0.000e+00
     13.354    28.2384   5.692325    35.3053     2.0747     0.0246          0    242.250 338.417075  1022.6032     13.281      0.074  0.000e+00
     13.333    28.2386   5.692295    35.3049     2.0803     0.0177          0    242.500 338.417078  1022.6028     13.259      0.056  0.000e+00
     13.376    28.2385   5.692394    35.3057     2.0827     0.0215          0    242.750 338.417080  1022.6036     13.302      0.054  0.000e+00
     13.419    28.2387   5.692425    35.3058     2.0873     0.0261          0    243.000 338.417083  1022.6037     13.345      0.056  0.000e+00
     13.462    28.2390   5.692425    35.3055     2.0795     0.0116          0    243.250 338.417086  1022.6037     13.388      0.064  0.000e+00
     13.506    28.2393   5.692425    35.3053     2.0967     0.0101          0    243.500 338.417089  1022.6036     13.431      0.086  0.000e+00
     13.538    28.2395   5.692463    35.3054     2.0966     0.0131          0    243.750 338.417092  1022.6037     13.463      0.110  0.000e+00
     13.549    28.2396   5.692516    35.3057     2.0912     0.0063          0    244.000 338.417095  1022.6040     13.474      0.120  0.000e+00
     13.571    28.2398   5.692516    35.3055     2.0967     0.0116          0    244.250 338.417098  1022.6039     13.496      0.128  0.000e+00
     13.603    28.2401   5.692516    35.3053     2.0881     0.0475          0    244.500 338.417101  1022.6038     13.528      0.133  0.000e+00
     13.614    28.2402   5.692547    35.3055     2.0799     0.0467          0    244.750 338.417104  1022.6039     13.539      0.118  0.000e+00
     13.625    28.2403   5.692615    35.3058     2.0838     0.0429          0    245.000 338.417106  1022.6041     13.549      0.100  0.000e+00
     13.711    28.2405   5.692585    35.3054     2.0805     0.0475          0    245.250 338.417109  1022.6041     13.635      0.104  0.000e+00
     13.700    28.2406   5.692646    35.3058     2.0743     0.0131          0    245.500 338.417112  1022.6043     13.625      0.099  0.000e+00
     13.711    28.2411   5.692676    35.3056     2.0719     0.0131          0    245.750 338.417115  1022.6041     13.635      0.097  0.000e+00
     13.722    28.2411   5.692646    35.3054     2.0704     0.0101          0    246.000 338.417118  1022.6040     13.646      0.094  0.000e+00
     13.711    28.2414   5.692646    35.3052     2.0670     0.0109          0    246.250 338.417121  1022.6037     13.635      0.079  0.000e+00
     13.733    28.2414   5.692676    35.3054     2.0681     0.0452          0    246.500 338.417124  1022.6039     13.657      0.067  0.000e+00
     13.754    28.2414   5.692745    35.3058     2.0718     0.0414          0    246.750 338.417127  1022.6043     13.678      0.061  0.000e+00
     13.787    28.2417   5.692745    35.3056     2.0731     0.0551          0    247.000 338.417130  1022.6042     13.711      0.056  0.000e+00
     13.798    28.2421   5.692836    35.3060     2.0745     0.0475          0    247.250 338.417133  1022.6044     13.721      0.047  0.000e+00
     13.808    28.2424   5.692867    35.3060     2.0752     0.0238          0    247.500 338.417135  1022.6043     13.732      0.058  0.000e+00
     13.830    28.2427   5.692867    35.3057     2.0804     0.0177          0    247.750 338.417138  1022.6042     13.754      0.064  0.000e+00
     13.841    28.2431   5.692927    35.3059     2.0851     0.0292          0    248.000 338.417141  1022.6042     13.764      0.068  0.000e+00
     13.863    28.2434   5.692935    35.3057     2.0809     0.0261          0    248.250 338.417144  1022.6040     13.786      0.074  0.000e+00
     13.884    28.2436   5.692745    35.3042     2.0772     0.0238          0    248.500 338.417147  1022.6030     13.807      0.071  0.000e+00
     13.884    28.2429   5.692356    35.3020     2.0761     0.0200          0    248.750 338.417150  1022.6015     13.807      0.065  0.000e+00
     13.917    28.2408   5.692006    35.3011     2.0781     0.0177          0    249.000 338.417153  1022.6016     13.840      0.064  0.000e+00
     13.971    28.2383   5.692074    35.3034     2.0779     0.0261          0    249.250 338.417156  1022.6045     13.893      0.078  0.000e+00
     14.003    28.2364   5.691374    35.2999     2.0771     0.0177          0    249.500 338.417159  1022.6026     13.926      0.092  0.000e+00
     14.046    28.2339   5.691785    35.3047     2.0743     0.0475          0    249.750 338.417161  1022.6072     13.969      0.107  0.000e+00
