ctd_mafia/cnv/SBE19plus_01906740_2018_12_07_0087.cnv
* Sea-Bird SBE19plus  Data File:
* FileName = C:\Users\all user\Desktop\Patroba _ WWF Mapping Mafia\SBE19plus_01906740_2018_12_07_0087.hex
* Software version 2.6.3.104
* Temperature SN = 6740
* Conductivity SN = 6740
* System UpLoad Time = Dec 07 2018 14:32:56
* <ApplicationData>
* <Seaterm232>
# nquan = 13
# nvalues = 558                                   
# units = specified
# name 0 = prdM: Pressure, Strain Gauge [db]
# name 1 = tv290C: Temperature [ITS-90, deg C]
# name 2 = c0S/m: Conductivity [S/m]
# name 3 = sal00: Salinity, Practical [PSU]
# name 4 = sbeox0ML/L: Oxygen, SBE 43 [ml/l]
# name 5 = flECO-AFL: Fluorescence, WET Labs ECO-AFL/FL [mg/m^3]
# name 6 = nbf: Bottles Fired
# name 7 = timeS: Time, Elapsed [seconds]
# name 8 = timeJ: Julian Days
# name 9 = density00: Density [density, kg/m^3]
# name 10 = depSM: Depth [salt water, m], lat = 0.00
# name 11 = dz/dtM: Descent Rate [m/s]
# name 12 = flag:  0.000e+00
# span 0 =     -1.365,     10.711                 
# span 1 =    28.1099,    28.7646                 
# span 2 =   0.253170,   5.711094                 
# span 3 =     1.2206,    35.3807                 
# span 4 =     1.7269,     2.7277                 
# span 5 =    -0.1845,     4.5916                 
# span 6 =          0,          0                 
# span 7 =      0.000,    139.250                 
# span 8 = 337.441169, 337.442781                 
# span 9 =   997.0086,  1022.5737                 
# span 10 =     -1.357,     10.652                
# span 11 =     -0.786,      0.486                
# span 12 = 0.0000e+00, 0.0000e+00                
# interval = seconds: 0.25
# start_time = Dec 03 2018 10:35:17 [Instrument's time stamp, header]
# bad_flag = -9.990e-29
*END*
     -1.160    28.7632   0.278252     1.3307     2.5913     1.2354          0      0.000 337.441169   997.0086     -1.153 -4.211e-16  0.000e+00
     -1.095    28.7646   0.312607     1.5047     2.7277     1.2278          0      0.250 337.441172   997.1386     -1.089      0.017  0.000e+00
     -0.998    28.7571   0.319387     1.5394     2.7113     1.2308          0      0.500 337.441175   997.1672     -0.992      0.056  0.000e+00
     -0.922    28.6714   0.321716     1.5540     2.6811     1.2407          0      0.750 337.441178   997.2035     -0.917      0.105  0.000e+00
     -0.846    28.5428   0.813603     4.1830     2.6104     0.3221          0      1.000 337.441181   999.2045     -0.842      0.157  0.000e+00
     -0.771    28.4568   2.917687    16.7285     2.3958     0.3252          0      1.250 337.441183  1008.5741     -0.766      0.209  0.000e+00
     -0.749    28.4061   2.923931    16.7855     2.3575     0.3259          0      1.500 337.441186  1008.6324     -0.745      0.241  0.000e+00
     -0.749    28.3763   3.483650    20.3689     2.2745     0.3252          0      1.750 337.441189  1011.3138     -0.745      0.245  0.000e+00
     -0.749    28.3550   4.027809    23.9287     2.1884     0.1306          0      2.000 337.441192  1013.9787     -0.745      0.222  0.000e+00
     -0.770    28.3403   4.248912    25.3997     2.1380     0.1360          0      2.250 337.441195  1015.0829     -0.766      0.166  0.000e+00
     -0.706    28.3285   5.708988    35.3585     2.0273     0.1283          0      2.500 337.441198  1022.5534     -0.702      0.123  0.000e+00
     -0.608    28.3185   5.711094    35.3807     2.0381     0.1398          0      2.750 337.441201  1022.5737     -0.605      0.112  0.000e+00
     -0.478    28.3121   5.704511    35.3395     2.0433     0.0459          0      3.000 337.441204  1022.5454     -0.476      0.135  0.000e+00
     -0.381    28.3052   5.703391    35.3368     2.0564     0.0452          0      3.250 337.441207  1022.5461     -0.379      0.180  0.000e+00
     -0.273    28.2974   5.697742    35.3031     2.0646     0.0490          0      3.500 337.441209  1022.5238     -0.271      0.247  0.000e+00
     -0.273    28.2924   5.692546    35.2706     2.0693     0.0521          0      3.750 337.441212  1022.5010     -0.271      0.289  0.000e+00
     -0.327    28.2875   5.691525    35.2671     2.0699     0.0505          0      4.000 337.441215  1022.4998     -0.325      0.285  0.000e+00
     -0.392    28.2818   5.691075    35.2682     2.0758    -0.0288          0      4.250 337.441218  1022.5022     -0.390      0.235  0.000e+00
     -0.413    28.2765   5.691776    35.2771     2.0761    -0.0227          0      4.500 337.441221  1022.5105     -0.411      0.149  0.000e+00
     -0.359    28.2731   5.691776    35.2796     2.0766    -0.0174          0      4.750 337.441224  1022.5138     -0.357      0.074  0.000e+00
     -0.273    28.2713   5.692858    35.2885     2.0799    -0.0212          0      5.000 337.441227  1022.5214     -0.271      0.033  0.000e+00
     -0.219    28.2707   5.694519    35.3006     2.0810     0.0009          0      5.250 337.441230  1022.5309     -0.218      0.026  0.000e+00
     -0.208    28.2707   5.694900    35.3032     2.0751     0.0109          0      5.500 337.441233  1022.5330     -0.207      0.038  0.000e+00
     -0.273    28.2704   5.691396    35.2790     2.0743     0.0101          0      5.750 337.441236  1022.5146     -0.271      0.056  0.000e+00
     -0.338    28.2698   5.690192    35.2710     2.0739     0.0139          0      6.000 337.441238  1022.5085     -0.336      0.058  0.000e+00
     -0.370    28.2708   5.690024    35.2691     2.0811     0.0223          0      6.250 337.441241  1022.5066     -0.368      0.037  0.000e+00
     -0.348    28.2723   5.691297    35.2768     2.0871     0.0315          0      6.500 337.441244  1022.5120     -0.347      0.003  0.000e+00
     -0.305    28.2736   5.691746    35.2790     2.0887     0.0276          0      6.750 337.441247  1022.5134     -0.303     -0.029  0.000e+00
     -0.240    28.2748   5.690405    35.2688     2.0864     0.0253          0      7.000 337.441250  1022.5056     -0.239     -0.034  0.000e+00
     -0.219    28.2743   5.690596    35.2704     2.0897     0.0231          0      7.250 337.441253  1022.5071     -0.218     -0.011  0.000e+00
     -0.230    28.2715   5.690025    35.2685     2.0868     0.0147          0      7.500 337.441256  1022.5065     -0.228      0.022  0.000e+00
     -0.251    28.2677   5.688623    35.2616     2.0876     0.0170          0      7.750 337.441259  1022.5024     -0.250      0.055  0.000e+00
     -0.273    28.2638   5.687702    35.2581     2.0902     0.0170          0      8.000 337.441262  1022.5010     -0.271      0.063  0.000e+00
     -0.262    28.2606   5.687770    35.2609     2.0853     0.0238          0      8.250 337.441264  1022.5043     -0.260      0.052  0.000e+00
     -0.283    28.2585   5.687793    35.2626     2.0896     0.0162          0      8.500 337.441267  1022.5061     -0.282      0.019  0.000e+00
     -0.262    28.2570   5.687382    35.2609     2.0988     0.0162          0      8.750 337.441270  1022.5054     -0.260     -0.006  0.000e+00
     -0.229    28.2559   5.687222    35.2606     2.1816     0.0177          0      9.000 337.441273  1022.5057     -0.228     -0.014  0.000e+00
     -0.219    28.2556   5.687572    35.2633     2.1792    -0.0029          0      9.250 337.441276  1022.5078     -0.217     -0.002  0.000e+00
     -0.208    28.2568   5.688174    35.2666     2.1640     0.0231          0      9.500 337.441279  1022.5100     -0.207      0.018  0.000e+00
     -0.240    28.2577   5.688334    35.2670     2.1520     0.0109          0      9.750 337.441282  1022.5098     -0.239      0.025  0.000e+00
     -0.273    28.2597   5.688022    35.2634     2.1353     0.0238          0     10.000 337.441285  1022.5063     -0.271      0.017  0.000e+00
     -0.283    28.2631   5.687923    35.2601     2.1156     0.0269          0     10.250 337.441288  1022.5027     -0.282      0.001  0.000e+00
     -0.240    28.2677   5.688661    35.2618     2.0915     0.0147          0     10.500 337.441291  1022.5027     -0.239 4.5676e-10  0.000e+00
     -0.208    28.2718   5.689545    35.2649     2.0678     0.0147          0     10.750 337.441293  1022.5038     -0.207     -0.001  0.000e+00
     -0.208    28.2746   5.690474    35.2694     2.0466     0.0086          0     11.000 337.441296  1022.5062     -0.207      0.001  0.000e+00
     -0.251    28.2767   5.690977    35.2713     2.0395     0.0070          0     11.250 337.441299  1022.5068     -0.250     -0.002  0.000e+00
     -0.273    28.2784   5.690436    35.2663     2.0384     0.0238          0     11.500 337.441302  1022.5024     -0.271     -0.006  0.000e+00
     -0.273    28.2797   5.690314    35.2645     2.0350     0.0269          0     11.750 337.441305  1022.5006     -0.271     -0.002  0.000e+00
     -0.262    28.2813   5.690504    35.2646     2.0294     0.0215          0     12.000 337.441308  1022.5002     -0.261     -0.002  0.000e+00
     -0.197    28.2827   5.690916    35.2664     2.0325     0.0231          0     12.250 337.441311  1022.5014     -0.196      0.006  0.000e+00
     -0.186    28.2836   5.691456    35.2695     2.0339     0.0215          0     12.500 337.441314  1022.5035     -0.185      0.008  0.000e+00
     -0.186    28.2844   5.691997    35.2727     2.0272     0.0070          0     12.750 337.441317  1022.5056     -0.185      0.018  0.000e+00
     -0.230    28.2847   5.692416    35.2754     2.0241     0.0147          0     13.000 337.441319  1022.5073     -0.228      0.024  0.000e+00
     -0.251    28.2854   5.692607    35.2762     2.0216     0.0063          0     13.250 337.441322  1022.5076     -0.250      0.025  0.000e+00
     -0.262    28.2855   5.691967    35.2716     2.0152     0.0063          0     13.500 337.441325  1022.5041     -0.261      0.012  0.000e+00
     -0.240    28.2851   5.691555    35.2691     2.0170     0.0330          0     13.750 337.441328  1022.5024     -0.239     -0.001  0.000e+00
     -0.230    28.2844   5.691395    35.2685     2.0121     0.0345          0     14.000 337.441331  1022.5023     -0.228     -0.014  0.000e+00
     -0.186    28.2834   5.691487    35.2699     2.0075     0.0391          0     14.250 337.441334  1022.5038     -0.185     -0.015  0.000e+00
     -0.154    28.2826   5.691875    35.2732     1.9990     0.0307          0     14.500 337.441337  1022.5067     -0.153      0.009  0.000e+00
     -0.132    28.2822   5.693315    35.2835     1.9948     0.0429          0     14.750 337.441340  1022.5147     -0.131      0.040  0.000e+00
     -0.143    28.2822   5.694839    35.2942     1.9907     0.0315          0     15.000 337.441343  1022.5226     -0.142      0.065  0.000e+00
     -0.197    28.2822   5.695159    35.2964     1.9813     0.0345          0     15.250 337.441345  1022.5241     -0.196      0.058  0.000e+00
     -0.251    28.2820   5.694039    35.2887     1.9825     0.0307          0     15.500 337.441348  1022.5182     -0.250      0.027  0.000e+00
     -0.251    28.2817   5.693498    35.2852     1.9762    -0.0029          0     15.750 337.441351  1022.5156     -0.250     -0.008  0.000e+00
     -0.262    28.2812   5.692927    35.2816     1.9729    -0.0059          0     16.000 337.441354  1022.5130     -0.260     -0.039  0.000e+00
     -0.240    28.2808   5.692538    35.2791     1.9569     0.0032          0     16.250 337.441357  1022.5114     -0.239     -0.059  0.000e+00
     -0.219    28.2804   5.692538    35.2794     1.9446    -0.0029          0     16.500 337.441360  1022.5118     -0.217     -0.058  0.000e+00
     -0.175    28.2803   5.692515    35.2793     1.9393    -0.0067          0     16.750 337.441363  1022.5119     -0.174     -0.033  0.000e+00
     -0.175    28.2802   5.692447    35.2789     1.9327     0.0177          0     17.000 337.441366  1022.5117     -0.174      0.001  0.000e+00
     -0.165    28.2799   5.692386    35.2788     1.9276     0.0238          0     17.250 337.441369  1022.5117     -0.164      0.037  0.000e+00
     -0.154    28.2798   5.693399    35.2859     1.9228     0.0269          0     17.500 337.441372  1022.5172     -0.153      0.059  0.000e+00
     -0.175    28.2799   5.695792    35.3026     1.9180     0.0253          0     17.750 337.441374  1022.5296     -0.174      0.055  0.000e+00
     -0.219    28.2802   5.696020    35.3039     1.9200    -0.0014          0     18.000 337.441377  1022.5303     -0.217      0.034  0.000e+00
     -0.240    28.2807   5.694100    35.2901     1.9215     0.0154          0     18.250 337.441380  1022.5197     -0.239      0.001  0.000e+00
     -0.251    28.2806   5.693468    35.2858     1.9168     0.0070          0     18.500 337.441383  1022.5164     -0.250     -0.028  0.000e+00
     -0.219    28.2802   5.692927    35.2823     1.9161     0.0154          0     18.750 337.441386  1022.5140     -0.217     -0.041  0.000e+00
     -0.197    28.2801   5.692272    35.2778     1.9085     0.0154          0     19.000 337.441389  1022.5108     -0.196     -0.034  0.000e+00
     -0.165    28.2798   5.691776    35.2746     1.9095     0.0063          0     19.250 337.441392  1022.5086     -0.164     -0.017  0.000e+00
     -0.121    28.2792   5.692957    35.2833     1.9059     0.0047          0     19.500 337.441395  1022.5155     -0.121      0.015  0.000e+00
     -0.110    28.2788   5.696942    35.3114     1.9078     0.0025          0     19.750 337.441398  1022.5369     -0.110      0.050  0.000e+00
     -0.165    28.2787   5.697583    35.3160     1.9035     0.0261          0     20.000 337.441400  1022.5401     -0.164      0.061  0.000e+00
     -0.219    28.2793   5.698185    35.3197     1.9022     0.0192          0     20.250 337.441403  1022.5425     -0.217      0.042  0.000e+00
     -0.273    28.2854   5.697422    35.3098     1.9006     0.0177          0     20.500 337.441406  1022.5328     -0.271      0.002  0.000e+00
     -0.283    28.2893   5.696272    35.2989     1.8988     0.0116          0     20.750 337.441409  1022.5232     -0.282     -0.043  0.000e+00
     -0.262    28.2907   5.694725    35.2870     1.8917     0.0177          0     21.000 337.441412  1022.5140     -0.260     -0.068  0.000e+00
     -0.197    28.2920   5.693909    35.2804     1.8835     0.0177          0     21.250 337.441415  1022.5088     -0.196     -0.067  0.000e+00
     -0.164    28.2926   5.694138    35.2815     1.8830     0.0246          0     21.500 337.441418  1022.5096     -0.164     -0.046  0.000e+00
     -0.121    28.2917   5.696462    35.2984     1.8827     0.0208          0     21.750 337.441421  1022.5228     -0.121      0.001  0.000e+00
     -0.143    28.2904   5.698055    35.3105     1.8802     0.0292          0     22.000 337.441424  1022.5322     -0.142      0.045  0.000e+00
     -0.164    28.2893   5.698215    35.3125     1.8773     0.0192          0     22.250 337.441427  1022.5340     -0.164      0.069  0.000e+00
     -0.186    28.2939   5.698444    35.3107     1.8747     0.0223          0     22.500 337.441429  1022.5310     -0.185      0.068  0.000e+00
     -0.229    28.3052   5.698565    35.3030     1.8807     0.0192          0     22.750 337.441432  1022.5213     -0.228      0.035  0.000e+00
     -0.240    28.3161   5.698283    35.2929     1.8761     0.0185          0     23.000 337.441435  1022.5101     -0.239     -0.006  0.000e+00
     -0.240    28.3244   5.697292    35.2798     1.8772     0.0017          0     23.250 337.441438  1022.4975     -0.239     -0.044  0.000e+00
     -0.219    28.3292   5.695981    35.2671     1.8736     0.0055          0     23.500 337.441441  1022.4865     -0.217     -0.055  0.000e+00
     -0.175    28.3288   5.696721    35.2725     1.8650     0.0086          0     23.750 337.441444  1022.4909     -0.174     -0.043  0.000e+00
     -0.165    28.3274   5.697993    35.2825     1.8676     0.0109          0     24.000 337.441447  1022.4989     -0.164     -0.013  0.000e+00
     -0.154    28.3256   5.698855    35.2898     1.8669     0.0025          0     24.250 337.441450  1022.5050     -0.153      0.016  0.000e+00
     -0.165    28.3230   5.699045    35.2931     1.8663     0.0040          0     24.500 337.441453  1022.5082     -0.164      0.035  0.000e+00
     -0.186    28.3240   5.699297    35.2941     1.8607     0.0093          0     24.750 337.441455  1022.5086     -0.185      0.042  0.000e+00
     -0.186    28.3309   5.699434    35.2899     1.8609     0.0063          0     25.000 337.441458  1022.5032     -0.185      0.034  0.000e+00
     -0.175    28.3365   5.699235    35.2844     1.8634     0.0040          0     25.250 337.441461  1022.4972     -0.174      0.022  0.000e+00
     -0.154    28.3380   5.698824    35.2803     1.8621     0.0147          0     25.500 337.441464  1022.4938     -0.153      0.012  0.000e+00
     -0.154    28.3396   5.698984    35.2803     1.8606     0.0093          0     25.750 337.441467  1022.4932     -0.153      0.004  0.000e+00
     -0.165    28.3406   5.699335    35.2820     1.8617     0.0078          0     26.000 337.441470  1022.4941     -0.164      0.002  0.000e+00
     -0.186    28.3419   5.698374    35.2743     1.8610     0.0063          0     26.250 337.441473  1022.4879     -0.185     -0.002  0.000e+00
     -0.197    28.3412   5.696591    35.2624     1.8480     0.0032          0     26.500 337.441476  1022.4791     -0.196     -0.004  0.000e+00
     -0.219    28.3380   5.695554    35.2575     1.8433     0.0047          0     26.750 337.441479  1022.4764     -0.217     -0.013  0.000e+00
     -0.229    28.3270   5.695280    35.2639     1.8425     0.0101          0     27.000 337.441481  1022.4847     -0.228     -0.028  0.000e+00
     -0.219    28.3138   5.694930    35.2712     1.8437     0.0124          0     27.250 337.441484  1022.4946     -0.217     -0.037  0.000e+00
     -0.219    28.3020   5.693978    35.2734     1.8422     0.0185          0     27.500 337.441487  1022.5002     -0.217     -0.041  0.000e+00
