ctd_mafia/cnv/SBE19plus_01906740_2018_12_07_0101.cnv
* Sea-Bird SBE19plus  Data File:
* FileName = C:\Users\all user\Desktop\Patroba _ WWF Mapping Mafia\SBE19plus_01906740_2018_12_07_0101.hex
* Software version 2.6.3.104
* Temperature SN = 6740
* Conductivity SN = 6740
* System UpLoad Time = Dec 07 2018 14:35:33
* <ApplicationData>
* <Seaterm232>
# nquan = 13
# nvalues = 548                                   
# units = specified
# name 0 = prdM: Pressure, Strain Gauge [db]
# name 1 = tv290C: Temperature [ITS-90, deg C]
# name 2 = c0S/m: Conductivity [S/m]
# name 3 = sal00: Salinity, Practical [PSU]
# name 4 = sbeox0ML/L: Oxygen, SBE 43 [ml/l]
# name 5 = flECO-AFL: Fluorescence, WET Labs ECO-AFL/FL [mg/m^3]
# name 6 = nbf: Bottles Fired
# name 7 = timeS: Time, Elapsed [seconds]
# name 8 = timeJ: Julian Days
# name 9 = density00: Density [density, kg/m^3]
# name 10 = depSM: Depth [salt water, m], lat = 0.00
# name 11 = dz/dtM: Descent Rate [m/s]
# name 12 = flag:  0.000e+00
# span 0 =     -1.407,      9.069                 
# span 1 =    27.0543,    28.4377                 
# span 2 =   0.732504,   5.717380                 
# span 3 =     3.7805,    35.3935                 
# span 4 =     1.7757,     2.6174                 
# span 5 =    -0.0319,    48.6864                 
# span 6 =          0,          0                 
# span 7 =      0.000,    136.750                 
# span 8 = 338.402396, 338.403979                 
# span 9 =   999.0610,  1022.9256                 
# span 10 =     -1.399,      9.019                
# span 11 =     -1.242,      0.423                
# span 12 = 0.0000e+00, 0.0000e+00                
# interval = seconds: 0.25
# start_time = Dec 04 2018 09:39:27 [Instrument's time stamp, header]
# bad_flag = -9.990e-29
*END*
[from data line 334]
      5.102    27.1073   5.562662    35.2431     2.0946     0.0444          0     83.500 338.403362  1022.8884      5.074      0.209  0.000e+00
      5.199    27.1009   5.563372    35.2529     2.0947     0.0391          0     83.750 338.403365  1022.8983      5.170      0.268  0.000e+00
      5.318    27.0998   5.561365    35.2394     2.0952     0.0490          0     84.000 338.403368  1022.8890      5.289      0.328  0.000e+00
      5.393    27.0925   5.559707    35.2331     2.0975     0.0475          0     84.250 338.403371  1022.8869      5.364      0.366  0.000e+00
      5.448    27.0803   5.559043    35.2376     2.0943     0.0398          0     84.500 338.403374  1022.8944      5.418      0.372  0.000e+00
      5.512    27.0718   5.559880    35.2500     2.0933     0.0536          0     84.750 338.403377  1022.9068      5.482      0.363  0.000e+00
      5.534    27.0708   5.560650    35.2562     2.0868     0.0177          0     85.000 338.403380  1022.9118      5.504      0.333  0.000e+00
      5.545    27.0731   5.560650    35.2545     2.0871     0.0185          0     85.250 338.403383  1022.9099      5.514      0.284  0.000e+00
      5.545    27.0746   5.560431    35.2518     2.0829     0.0231          0     85.500 338.403385  1022.9074      5.514      0.224  0.000e+00
      5.556    27.0749   5.560340    35.2509     2.0829     0.0101          0     85.750 338.403388  1022.9067      5.525      0.167  0.000e+00
      5.588    27.0745   5.560416    35.2517     2.0794     0.0192          0     86.000 338.403391  1022.9075      5.557      0.120  0.000e+00
      5.653    27.0747   5.560989    35.2557     2.0763     0.0200          0     86.250 338.403394  1022.9107      5.622      0.104  0.000e+00
      5.772    27.0776   5.561457    35.2568     2.0906     0.0276          0     86.500 338.403397  1022.9111      5.740      0.123  0.000e+00
      5.858    27.0812   5.561487    35.2542     2.0917     0.0231          0     86.750 338.403400  1022.9085      5.826      0.157  0.000e+00
      5.956    27.0836   5.561577    35.2530     2.0903     0.0475          0     87.000 338.403403  1022.9072      5.923      0.212  0.000e+00
      6.042    27.0850   5.561577    35.2519     2.0950     0.0452          0     87.250 338.403406  1022.9063      6.009      0.267  0.000e+00
      6.129    27.0860   5.561517    35.2507     2.0924     0.0490          0     87.500 338.403409  1022.9054      6.095      0.316  0.000e+00
      6.226    27.0852   5.560484    35.2439     2.0989     0.0383          0     87.750 338.403411  1022.9009      6.192      0.351  0.000e+00
      6.291    27.0815   5.559602    35.2404     2.1031     0.0398          0     88.000 338.403414  1022.8998      6.256      0.362  0.000e+00
      6.356    27.0750   5.559104    35.2418     2.0948     0.0559          0     88.250 338.403417  1022.9032      6.321      0.352  0.000e+00
      6.399    27.0691   5.558886    35.2447     2.0904     0.0574          0     88.500 338.403420  1022.9075      6.364      0.324  0.000e+00
      6.388    27.0652   5.558765    35.2468     2.0908     0.0566          0     88.750 338.403423  1022.9102      6.353      0.283  0.000e+00
      6.399    27.0629   5.558886    35.2494     2.0840     0.0559          0     89.000 338.403426  1022.9130      6.364      0.232  0.000e+00
      6.410    27.0622   5.558954    35.2504     2.0803     0.0292          0     89.250 338.403429  1022.9140      6.374      0.181  0.000e+00
      6.453    27.0625   5.558938    35.2500     2.0802     0.0292          0     89.500 338.403432  1022.9138      6.417      0.140  0.000e+00
      6.539    27.0631   5.558795    35.2486     2.0887     0.0101          0     89.750 338.403435  1022.9129      6.503      0.123  0.000e+00
      6.615    27.0619   5.558886    35.2500     2.0923     0.0231          0     90.000 338.403438  1022.9147      6.579      0.132  0.000e+00
      6.723    27.0617   5.558856    35.2499     2.0963     0.0215          0     90.250 338.403440  1022.9151      6.686      0.165  0.000e+00
      6.831    27.0621   5.558705    35.2485     2.0923     0.0223          0     90.500 338.403443  1022.9144      6.794      0.220  0.000e+00
      6.939    27.0615   5.558396    35.2467     2.0985     0.0261          0     90.750 338.403446  1022.9137      6.901      0.286  0.000e+00
      7.048    27.0604   5.558675    35.2495     2.1044     0.0223          0     91.000 338.403449  1022.9167      7.009      0.342  0.000e+00
      7.145    27.0597   5.557778    35.2437     2.1050     0.0368          0     91.250 338.403452  1022.9129      7.106      0.383  0.000e+00
      7.177    27.0570   5.557898    35.2465     2.0987     0.0383          0     91.500 338.403455  1022.9160      7.138      0.386  0.000e+00
      7.167    27.0551   5.557989    35.2487     2.0959     0.0368          0     91.750 338.403458  1022.9182      7.127      0.350  0.000e+00
      7.177    27.0543   5.558087    35.2499     2.0915     0.0246          0     92.000 338.403461  1022.9195      7.138      0.298  0.000e+00
      7.210    27.0548   5.558336    35.2513     2.0926     0.0368          0     92.250 338.403464  1022.9205      7.170      0.238  0.000e+00
      7.350    27.0563   5.558298    35.2499     2.0932     0.0406          0     92.500 338.403466  1022.9195      7.310      0.211  0.000e+00
      7.458    27.0569   5.557966    35.2471     2.0974     0.0345          0     92.750 338.403469  1022.9177      7.417      0.208  0.000e+00
      7.588    27.0565   5.558336    35.2499     2.0987     0.0398          0     93.000 338.403472  1022.9205      7.546      0.233  0.000e+00
      7.664    27.0569   5.558268    35.2491     2.0972     0.0368          0     93.250 338.403475  1022.9201      7.622      0.271  0.000e+00
      7.685    27.0570   5.558238    35.2488     2.0969     0.0208          0     93.500 338.403478  1022.9199      7.643      0.306  0.000e+00
      7.718    27.0570   5.558268    35.2490     2.0952     0.0223          0     93.750 338.403481  1022.9202      7.675      0.325  0.000e+00
      7.772    27.0573   5.558268    35.2488     2.0958     0.0299          0     94.000 338.403484  1022.9202      7.729      0.319  0.000e+00
      7.880    27.0577   5.558163    35.2477     2.1016     0.0208          0     94.250 338.403487  1022.9197      7.837      0.304  0.000e+00
      8.021    27.0575   5.558087    35.2473     2.1154     0.0330          0     94.500 338.403490  1022.9200      7.976      0.291  0.000e+00
      8.140    27.0569   5.558178    35.2483     2.1140     0.0345          0     94.750 338.403492  1022.9215      8.095      0.303  0.000e+00
      8.269    27.0570   5.558208    35.2484     2.1186     0.0345          0     95.000 338.403495  1022.9221      8.224      0.332  0.000e+00
      8.377    27.0573   5.558238    35.2484     2.1274     0.0315          0     95.250 338.403498  1022.9225      8.331      0.380  0.000e+00
      8.464    27.0575   5.558178    35.2478     2.1316     0.0116          0     95.500 338.403501  1022.9223      8.417      0.423  0.000e+00
      8.475    27.0570   5.558148    35.2479     2.1234     0.0101          0     95.750 338.403504  1022.9226      8.428      0.423  0.000e+00
      8.485    27.0569   5.558261    35.2488     2.1152     0.0101          0     96.000 338.403507  1022.9235      8.439      0.384  0.000e+00
      8.550    27.0572   5.558269    35.2486     2.1106     0.0246          0     96.250 338.403510  1022.9234      8.503      0.329  0.000e+00
      8.604    27.0578   5.558427    35.2493     2.1015     0.0055          0     96.500 338.403513  1022.9240      8.557      0.273  0.000e+00
      8.637    27.0583   5.558457    35.2491     2.0990     0.0238          0     96.750 338.403516  1022.9239      8.589      0.224  0.000e+00
      8.658    27.0589   5.558548    35.2493     2.1034     0.0292          0     97.000 338.403519  1022.9239      8.611      0.179  0.000e+00
      8.745    27.0598   5.558548    35.2486     2.1175     0.0200          0     97.250 338.403521  1022.9235      8.697      0.166  0.000e+00
      8.767    27.0600   5.558585    35.2487     2.1070     0.0269          0     97.500 338.403524  1022.9235      8.718      0.164  0.000e+00
      8.766    27.0603   5.558608    35.2486     2.1143     0.0513          0     97.750 338.403527  1022.9234      8.718      0.164  0.000e+00
      8.777    27.0607   5.558608    35.2483     2.1078     0.0559          0     98.000 338.403530  1022.9231      8.729      0.150  0.000e+00
      8.853    27.0610   5.558646    35.2484     2.1076     0.0521          0     98.250 338.403533  1022.9233      8.804      0.140  0.000e+00
      8.918    27.0616   5.558548    35.2471     2.1117     0.0475          0     98.500 338.403536  1022.9225      8.869      0.144  0.000e+00
      8.972    27.0613   5.558548    35.2474     2.1065     0.0162          0     98.750 338.403539  1022.9230      8.922      0.156  0.000e+00
      9.026    27.0609   5.558766    35.2492     2.2126     0.0055          0     99.000 338.403542  1022.9248      8.976      0.169  0.000e+00
      9.048    27.0618   5.559068    35.2507     2.2435     0.0116          0     99.250 338.403545  1022.9256      8.998      0.169  0.000e+00
      9.058    27.0634   5.558887    35.2482     2.2323     0.0078          0     99.500 338.403547  1022.9233      9.008      0.175  0.000e+00
      9.048    27.0636   5.558676    35.2465     2.2154     0.0574          0     99.750 338.403550  1022.9219      8.998      0.164  0.000e+00
      9.069    27.0629   5.558797    35.2479     2.1980     0.0643          0    100.000 338.403553  1022.9233      9.019      0.141  0.000e+00
      9.058    27.0629   5.558887    35.2486     2.1749     0.0551          0    100.250 338.403556  1022.9238      9.008      0.097  0.000e+00
      9.069    27.0636   5.559076    35.2494     2.1472     0.0658          0    100.500 338.403559  1022.9242      9.019      0.063  0.000e+00
      9.069    27.0646   5.559196    35.2494     2.1177     0.0559          0    100.750 338.403562  1022.9239      9.019      0.037  0.000e+00
      9.058    27.0659   5.559324    35.2494     2.0882     0.0742          0    101.000 338.403565  1022.9235      9.008      0.015  0.000e+00
      9.069    27.0669   5.559324    35.2486     2.0898     0.0696          0    101.250 338.403568  1022.9226      9.019      0.009  0.000e+00
      9.048    27.0674   5.559196    35.2474     2.1885     0.0780          0    101.500 338.403571  1022.9214      8.998      0.001  0.000e+00
      9.037    27.0672   5.559234    35.2478     2.2202     0.0734          0    101.750 338.403573  1022.9217      8.987     -0.006  0.000e+00
      9.004    27.0672   5.559324    35.2485     2.2094     0.0887          0    102.000 338.403576  1022.9221      8.955     -0.024  0.000e+00
      9.037    27.0676   5.559445    35.2490     2.2057     0.0902          0    102.250 338.403579  1022.9225      8.987     -0.024  0.000e+00
      8.994    27.0684   5.559483    35.2487     2.1913     0.0864          0    102.500 338.403582  1022.9218      8.944     -0.036  0.000e+00
      8.940    27.0690   5.559324    35.2471     2.1743     0.0879          0    102.750 338.403585  1022.9202      8.890     -0.055  0.000e+00
      8.972    27.0687   5.559385    35.2478     2.1763     0.0330          0    103.000 338.403588  1022.9209      8.922     -0.056  0.000e+00
      8.961    27.0688   5.559475    35.2483     2.1491     0.0383          0    103.250 338.403591  1022.9213      8.912     -0.058  0.000e+00
      8.972    27.0692   5.559385    35.2474     2.1204     0.0406          0    103.500 338.403594  1022.9205      8.922     -0.046  0.000e+00
      8.940    27.0697   5.559694    35.2492     2.1194     0.0452          0    103.750 338.403597  1022.9215      8.890     -0.044  0.000e+00
      8.896    27.0708   5.559664    35.2482     2.1158     0.0391          0    104.000 338.403600  1022.9203      8.847     -0.050  0.000e+00
      8.853    27.0709   5.559739    35.2486     2.1109     0.0376          0    104.250 338.403602  1022.9203      8.804     -0.068  0.000e+00
      8.831    27.0715   5.559663    35.2477     2.1088     0.0322          0    104.500 338.403605  1022.9193      8.783     -0.072  0.000e+00
      8.842    27.0714   5.559264    35.2449     2.1129     0.0376          0    104.750 338.403608  1022.9173      8.793     -0.074  0.000e+00
      8.907    27.0697   5.559196    35.2456     2.1075     0.0391          0    105.000 338.403611  1022.9187      8.858     -0.066  0.000e+00
      8.918    27.0685   5.559234    35.2468     2.1075     0.0177          0    105.250 338.403614  1022.9201      8.869     -0.042  0.000e+00
      8.950    27.0679   5.559234    35.2473     2.0988     0.0170          0    105.500 338.403617  1022.9207      8.901     -0.009  0.000e+00
      8.961    27.0677   5.559045    35.2461     2.1481     0.0192          0    105.750 338.403620  1022.9200      8.912      0.030  0.000e+00
      8.929    27.0667   5.559196    35.2479     2.1861     0.0292          0    106.000 338.403623  1022.9215      8.879      0.051  0.000e+00
      8.896    27.0670   5.559543    35.2502     2.2253     0.0452          0    106.250 338.403626  1022.9230      8.847      0.050  0.000e+00
      8.885    27.0683   5.559603    35.2496     2.2287     0.0505          0    106.500 338.403628  1022.9221      8.836      0.031  0.000e+00
      8.885    27.0697   5.559445    35.2474     2.2189     0.0505          0    106.750 338.403631  1022.9200      8.836      0.003  0.000e+00
      8.939    27.0696   5.559234    35.2460     2.2150     0.0574          0    107.000 338.403634  1022.9191      8.890     -0.011  0.000e+00
      8.950    27.0685   5.559136    35.2461     2.2039     0.0162          0    107.250 338.403637  1022.9197      8.901     -0.006  0.000e+00
      8.929    27.0679   5.559422    35.2486     2.1710     0.0345          0    107.500 338.403640  1022.9216      8.879     -0.007  0.000e+00
      8.907    27.0681   5.559445    35.2486     2.1372     0.0284          0    107.750 338.403643  1022.9215      8.858     -0.004  0.000e+00
      8.853    27.0690   5.559724    35.2500     2.1128     0.0223          0    108.000 338.403646  1022.9220      8.804     -0.008  0.000e+00
      8.799    27.0705   5.559852    35.2498     2.0960     0.0406          0    108.250 338.403649  1022.9211      8.750     -0.030  0.000e+00
      8.756    27.0718   5.559912    35.2492     2.0914     0.0383          0    108.500 338.403652  1022.9201      8.707     -0.066  0.000e+00
      8.756    27.0727   5.559912    35.2485     2.0870     0.0337          0    108.750 338.403655  1022.9193      8.707     -0.097  0.000e+00
      8.777    27.0731   5.559814    35.2475     2.0810     0.0322          0    109.000 338.403657  1022.9185      8.729     -0.112  0.000e+00
      8.777    27.0727   5.559648    35.2466     2.0807     0.0292          0    109.250 338.403660  1022.9180      8.729     -0.103  0.000e+00
      8.766    27.0720   5.559505    35.2462     2.0868     0.0353          0    109.500 338.403663  1022.9178      8.718     -0.082  0.000e+00
      8.777    27.0711   5.559603    35.2475     2.0919     0.0376          0    109.750 338.403666  1022.9191      8.729     -0.053  0.000e+00
      8.766    27.0708   5.559633    35.2480     2.0963     0.0330          0    110.000 338.403669  1022.9196      8.718     -0.024  0.000e+00
      8.766    27.0709   5.559603    35.2477     2.0966     0.0315          0    110.250 338.403672  1022.9193      8.718     -0.004  0.000e+00
      8.777    27.0708   5.559543    35.2474     2.0932     0.0116          0    110.500 338.403675  1022.9191      8.729      0.006  0.000e+00
      8.788    27.0705   5.559475    35.2471     2.0971     0.0185          0    110.750 338.403678  1022.9191      8.740      0.007  0.000e+00
