ctd_mafia/cnv/SBE19plus_01906740_2018_12_07_0099.cnv
* Sea-Bird SBE19plus  Data File:
* FileName = C:\Users\all user\Desktop\Patroba _ WWF Mapping Mafia\SBE19plus_01906740_2018_12_07_0099.hex
* Software version 2.6.3.104
* Temperature SN = 6740
* Conductivity SN = 6740
* System UpLoad Time = Dec 07 2018 14:35:07
* <ApplicationData>
* <Seaterm232>
# nquan = 13
# nvalues = 730                                   
# units = specified
# name 0 = prdM: Pressure, Strain Gauge [db]
# name 1 = tv290C: Temperature [ITS-90, deg C]
# name 2 = c0S/m: Conductivity [S/m]
# name 3 = sal00: Salinity, Practical [PSU]
# name 4 = sbeox0ML/L: Oxygen, SBE 43 [ml/l]
# name 5 = flECO-AFL: Fluorescence, WET Labs ECO-AFL/FL [mg/m^3]
# name 6 = nbf: Bottles Fired
# name 7 = timeS: Time, Elapsed [seconds]
# name 8 = timeJ: Julian Days
# name 9 = density00: Density [density, kg/m^3]
# name 10 = depSM: Depth [salt water, m], lat = 0.00
# name 11 = dz/dtM: Descent Rate [m/s]
# name 12 = flag:  0.000e+00
# span 0 =     -1.419,     12.483                 
# span 1 =    27.8750,    28.2248                 
# span 2 =   0.512628,   5.672825                 
# span 3 =     2.5811,    35.3217                 
# span 4 =     1.8654,     3.0772                 
# span 5 =    -0.3630,    48.6848                 
# span 6 =          0,          0                 
# span 7 =      0.000,    182.250                 
# span 8 = 338.387118, 338.389227                 
# span 9 =   998.1560,  1022.6917                 
# span 10 =     -1.412,     12.414                
# span 11 =     -0.697,      0.355                
# span 12 = 0.0000e+00, 0.0000e+00                
# interval = seconds: 0.25
# start_time = Dec 04 2018 09:17:27 [Instrument's time stamp, header]
# bad_flag = -9.990e-29
*END*
[from data line 667]
      2.040    27.9164   5.654114    35.2818     2.2686     0.0086          0    166.750 338.389048  1022.6426      2.029     -0.574  0.000e+00
      1.965    27.9160   5.654114    35.2822     2.2713     0.0101          0    167.000 338.389051  1022.6428      1.954     -0.553  0.000e+00
      1.889    27.9163   5.654114    35.2819     2.2703     0.0101          0    167.250 338.389054  1022.6421      1.878     -0.521  0.000e+00
      1.748    27.9161   5.654084    35.2820     2.2675     0.0177          0    167.500 338.389057  1022.6416      1.739     -0.501  0.000e+00
      1.586    27.9161   5.654114    35.2822     2.2704    -0.0044          0    167.750 338.389060  1022.6411      1.577     -0.484  0.000e+00
      1.554    27.9160   5.654084    35.2821     2.2722     0.0002          0    168.000 338.389063  1022.6409      1.545     -0.448  0.000e+00
      1.435    27.9160   5.654053    35.2819     2.2711    -0.0029          0    168.250 338.389065  1022.6403      1.427     -0.436  0.000e+00
      1.273    27.9158   5.654084    35.2823     2.2698    -0.0006          0    168.500 338.389068  1022.6400      1.266     -0.441  0.000e+00
      1.186    27.9158   5.654084    35.2824     2.2770     0.0040          0    168.750 338.389071  1022.6396      1.180     -0.440  0.000e+00
      1.121    27.9161   5.654053    35.2819     2.2670     0.0147          0    169.000 338.389074  1022.6389      1.115     -0.439  0.000e+00
      0.948    27.9159   5.654053    35.2821     2.2633     0.0269          0    169.250 338.389077  1022.6384      0.943     -0.448  0.000e+00
      0.808    27.9159   5.654083    35.2824     2.2671     0.0276          0    169.500 338.389080  1022.6380      0.803     -0.453  0.000e+00
      0.764    27.9161   5.654114    35.2825     2.2662     0.0246          0    169.750 338.389083  1022.6378      0.760     -0.443  0.000e+00
      0.678    27.9162   5.654053    35.2819     2.2636     0.0246          0    170.000 338.389086  1022.6370      0.674     -0.445  0.000e+00
      0.537    27.9162   5.654083    35.2823     2.2638     0.0170          0    170.250 338.389089  1022.6366      0.534     -0.435  0.000e+00
      0.473    27.9163   5.654152    35.2826     2.2744     0.0215          0    170.500 338.389091  1022.6366      0.470     -0.414  0.000e+00
      0.397    27.9166   5.654114    35.2822     2.2707     0.0185          0    170.750 338.389094  1022.6358      0.395     -0.404  0.000e+00
      0.213    27.9166   5.654197    35.2828     2.2787     0.0086          0    171.000 338.389097  1022.6355      0.212     -0.412  0.000e+00
      0.073    27.9172   5.654432    35.2841     2.2829     0.0070          0    171.250 338.389100  1022.6357      0.072     -0.415  0.000e+00
     -0.003    27.9184   5.654493    35.2836     2.2800     0.0116          0    171.500 338.389103  1022.6346     -0.003     -0.426  0.000e+00
     -0.133    27.9195   5.654751    35.2846     2.2758     0.0032          0    171.750 338.389106  1022.6344     -0.132     -0.455  0.000e+00
     -0.273    27.9216   5.655351    35.2874     2.2759     0.0238          0    172.000 338.389109  1022.6352     -0.272     -0.473  0.000e+00
     -0.328    27.9248   5.655572    35.2865     2.2752     0.0261          0    172.250 338.389112  1022.6333     -0.326     -0.465  0.000e+00
     -0.446    27.9282   5.655921    35.2864     2.2697     0.0185          0    172.500 338.389115  1022.6316     -0.444     -0.469  0.000e+00
     -0.619    27.9318   5.656521    35.2880     2.2693     0.0192          0    172.750 338.389117  1022.6309     -0.616     -0.474  0.000e+00
     -0.684    27.9360   5.657501    35.2918     2.2641     0.0322          0    173.000 338.389120  1022.6321     -0.681     -0.450  0.000e+00
     -0.760    27.9441   5.660662    35.3079     2.2586    -0.0258          0    173.250 338.389123  1022.6413     -0.756     -0.435  0.000e+00
     -0.846    27.9599   5.662653    35.3101     2.2600    -0.0311          0    173.500 338.389126  1022.6374     -0.842     -0.425  0.000e+00
     -0.846    27.9786   5.664621    35.3099     2.2554    -0.0288          0    173.750 338.389129  1022.6311     -0.842     -0.378  0.000e+00
     -0.825    27.9976   5.664902    35.2976     2.2548    -0.0265          0    174.000 338.389132  1022.6157     -0.820     -0.313  0.000e+00
     -0.825    28.0075   5.661390    35.2655     2.2503    48.6749          0    174.250 338.389135  1022.5883     -0.820     -0.249  0.000e+00
     -0.814    28.0002   5.659931    35.2608     2.2555    48.6841          0    174.500 338.389138  1022.5872     -0.809     -0.164  0.000e+00
     -0.782    27.9870   5.658761    35.2624     2.2557    48.6757          0    174.750 338.389141  1022.5929     -0.777     -0.076  0.000e+00
     -0.760    27.9739   5.657690    35.2647     2.2555    48.6772          0    175.000 338.389144  1022.5990     -0.756     -0.019  0.000e+00
     -0.738    27.9637   5.657842    35.2734     2.2550    -0.3630          0    175.250 338.389146  1022.6089     -0.734      0.032  0.000e+00
     -0.738    27.9567   5.657561    35.2767     2.2555    -0.3592          0    175.500 338.389149  1022.6138     -0.734      0.062  0.000e+00
     -0.749    27.9531   5.657782    35.2809     2.2572    -0.3584          0    175.750 338.389152  1022.6181     -0.745      0.058  0.000e+00
     -0.749    27.9536   5.659149    35.2902     2.2564    -0.3592          0    176.000 338.389155  1022.6249     -0.745      0.048  0.000e+00
     -0.749    27.9610   5.661961    35.3044     2.2538    -0.0883          0    176.250 338.389158  1022.6331     -0.745      0.039  0.000e+00
     -0.738    27.9735   5.661391    35.2910     2.2514    -0.0731          0    176.500 338.389161  1022.6190     -0.734      0.027  0.000e+00
     -0.727    27.9809   5.662691    35.2946     2.2510    -0.0754          0    176.750 338.389164  1022.6193     -0.723      0.017  0.000e+00
     -0.749    27.9903   5.664553    35.3006     2.2531    -0.0738          0    177.000 338.389167  1022.6207     -0.745      0.005  0.000e+00
     -0.781    28.0035   5.665001    35.2939     2.2534    -0.0784          0    177.250 338.389170  1022.6112     -0.777     -0.010  0.000e+00
     -0.835    28.0128   5.665092    35.2876     2.2519     0.0284          0    177.500 338.389172  1022.6032     -0.831     -0.031  0.000e+00
     -0.911    28.0187   5.667403    35.2994     2.2520     0.0353          0    177.750 338.389175  1022.6098     -0.906     -0.066  0.000e+00
     -1.095    28.0326   5.672065    35.3217     2.2579     0.0360          0    178.000 338.389178  1022.6212     -1.089     -0.141  0.000e+00
     -1.290    28.0582   5.672825    35.3080     2.2658     0.0292          0    178.250 338.389181  1022.6017     -1.282     -0.246  0.000e+00
     -1.387    28.0772   5.047438    30.9526     2.3837    48.6803          0    178.500 338.389184  1019.3235     -1.379     -0.340  0.000e+00
     -1.398    28.0866   1.277640     6.8621     2.8451    48.6848          0    178.750 338.389187  1001.3332     -1.390     -0.391  0.000e+00
     -1.409    28.0849   0.957563     5.0297     2.9810    48.6764          0    179.000 338.389190   999.9675     -1.401     -0.398  0.000e+00
     -1.398    28.0735   0.743603     3.8357     3.0751    48.6848          0    179.250 338.389193   999.0799     -1.390     -0.363  0.000e+00
     -1.409    28.0564   0.602018     3.0616     3.0772     1.0179          0    179.500 338.389196   998.5068     -1.401     -0.299  0.000e+00
     -1.398    28.0277   0.512628     2.5811     3.0424     1.0149          0    179.750 338.389198   998.1560     -1.390     -0.208  0.000e+00
     -1.398    27.9823   0.688886     3.5412     2.9655     1.0118          0    180.000 338.389201   998.8864     -1.390     -0.105  0.000e+00
     -1.398    27.9318   0.595348     3.0333     2.9003     1.0149          0    180.250 338.389204   998.5215     -1.390     -0.031  0.000e+00
     -1.387    27.8904   0.575228     2.9266     2.8169    -0.0296          0    180.500 338.389207   998.4537     -1.379      0.001  0.000e+00
     -1.398    27.8750   0.988674     5.2284     2.7086    -0.0281          0    180.750 338.389210  1000.1767     -1.390      0.005  0.000e+00
     -1.387    27.8783   1.136208     6.0725     2.6399    -0.0212          0    181.000 338.389213  1000.8055     -1.379      0.009  0.000e+00
     -1.387    27.8850   0.928993     4.8889     2.6679    -0.0265          0    181.250 338.389216   999.9206     -1.379      0.008  0.000e+00
     -1.365    27.8919   0.799907     4.1633     2.7008    -0.0296          0    181.500 338.389219   999.3771     -1.358      0.015  0.000e+00
     -1.398    27.8989   0.670995     3.4489     2.7078    -0.0242          0    181.750 338.389222   998.8415     -1.390      0.008  0.000e+00
     -1.387    27.9043   0.749334     3.8809     2.7013    -0.0235          0    182.000 338.389225   999.1627     -1.379      0.006  0.000e+00
     -1.419    27.9064   0.825875     4.3070     2.6853    -0.0212          0    182.250 338.389227   999.4800     -1.412     -0.004  0.000e+00
