ctd_mafia/cnv/SBE19plus_01906740_2018_12_07_0105.cnv
* Sea-Bird SBE19plus  Data File:
* FileName = C:\Users\all user\Desktop\Patroba _ WWF Mapping Mafia\SBE19plus_01906740_2018_12_07_0105.hex
* Software version 2.6.3.104
* Temperature SN = 6740
* Conductivity SN = 6740
* System UpLoad Time = Dec 07 2018 14:37:02
* <ApplicationData>
* <Seaterm232>
# nquan = 13
# nvalues = 814                                   
# units = specified
# name 0 = prdM: Pressure, Strain Gauge [db]
# name 1 = tv290C: Temperature [ITS-90, deg C]
# name 2 = c0S/m: Conductivity [S/m]
# name 3 = sal00: Salinity, Practical [PSU]
# name 4 = sbeox0ML/L: Oxygen, SBE 43 [ml/l]
# name 5 = flECO-AFL: Fluorescence, WET Labs ECO-AFL/FL [mg/m^3]
# name 6 = nbf: Bottles Fired
# name 7 = timeS: Time, Elapsed [seconds]
# name 8 = timeJ: Julian Days
# name 9 = density00: Density [density, kg/m^3]
# name 10 = depSM: Depth [salt water, m], lat = 0.00
# name 11 = dz/dtM: Descent Rate [m/s]
# name 12 = flag:  0.000e+00
# span 0 =     -1.420,     20.892                 
# span 1 =    27.9443,    28.6468                 
# span 2 =   0.478774,   5.724422                 
# span 3 =     2.3949,    35.3945                 
# span 4 =     1.0842,    10.5825                 
# span 5 =    -0.0784,     1.1637                 
# span 6 =          0,          0                 
# span 7 =      0.000,    203.250                 
# span 8 = 338.431574, 338.433927                 
# span 9 =   997.9862,  1022.7191                 
# span 10 =     -1.412,     20.776                
# span 11 =     -1.150,      0.536                
# span 12 = 0.0000e+00, 0.0000e+00                
# interval = seconds: 0.25
# start_time = Dec 04 2018 10:21:28 [Instrument's time stamp, header]
# bad_flag = -9.990e-29
*END*
[from data line 778]
     -0.891    28.3753   5.706554    35.3067     2.0503     0.0360          0    194.500 338.433825  1022.4981     -0.886      0.030  0.000e+00
     -0.977    28.3749   5.706523    35.3068     2.0596     0.0345          0    194.750 338.433828  1022.4980     -0.972     -0.017  0.000e+00
     -1.161    28.3748   5.706554    35.3071     2.0595     0.0459          0    195.000 338.433831  1022.4975     -1.155     -0.097  0.000e+00
     -1.356    28.3751   5.706714    35.3081     2.0661     0.0368          0    195.250 338.433834  1022.4972     -1.348     -0.201  0.000e+00
     -1.410    28.3757   5.586130    34.4682     2.0730     1.1522          0    195.500 338.433837  1021.8656     -1.402     -0.285  0.000e+00
     -1.410    28.3775   1.658372     9.0456     2.3997     1.1637          0    195.750 338.433840  1002.8736     -1.402     -0.332  0.000e+00
     -1.388    28.3742   0.970906     5.0746     2.5006     1.1606          0    196.000 338.433843   999.9164     -1.380     -0.345  0.000e+00
     -1.388    28.3651   0.869502     4.5085     2.5225     1.1591          0    196.250 338.433845   999.4970     -1.380     -0.318  0.000e+00
     -1.388    28.3505   0.964408     5.0406     5.6034    -0.0288          0    196.500 338.433848   999.8980     -1.380     -0.249  0.000e+00
     -1.388    28.3315   1.141238     6.0443    10.5825    -0.0288          0    196.750 338.433851  1000.6518     -1.380     -0.158  0.000e+00
     -1.399    28.3171   1.083227     5.7157     9.0893    -0.0288          0    197.000 338.433854  1000.4111     -1.391     -0.066  0.000e+00
     -1.388    28.3035   0.974155     5.1003     7.8304    -0.0235          0    197.250 338.433857   999.9564     -1.380     -0.004  0.000e+00
     -1.420    28.2850   0.827615     4.2830     6.7788    -0.0212          0    197.500 338.433860   999.3521     -1.412      0.000  0.000e+00
     -1.388    28.2657   0.774929     3.9931     6.8930    -0.0258          0    197.750 338.433863   999.1416     -1.380     -0.001  0.000e+00
     -1.377    28.2520   0.779442     4.0191     5.4825    -0.0273          0    198.000 338.433866   999.1651     -1.369     -0.001  0.000e+00
     -1.399    28.2427   0.802997     4.1502     4.2180    -0.0242          0    198.250 338.433869   999.2655     -1.391     -0.002  0.000e+00
     -1.388    28.2352   0.565325     2.8525     3.2446    -0.0235          0    198.500 338.433872   998.2989     -1.380      0.001  0.000e+00
     -1.399    28.2316   0.658267     3.3559     1.9720    -0.0159          0    198.750 338.433874   998.6759     -1.391      0.001  0.000e+00
     -1.377    28.2324   0.768563     3.9607     2.2103    -0.0227          0    199.000 338.433877   999.1271     -1.369      0.007  0.000e+00
     -1.377    28.2348   1.158336     6.1543     1.4601    -0.0235          0    199.250 338.433880  1000.7623     -1.369      0.009  0.000e+00
     -1.388    28.2363   0.881614     4.5881     1.1208    -0.0235          0    199.500 338.433883   999.5941     -1.380      0.011  0.000e+00
     -1.388    28.2308   0.769232     3.9645     1.0842    -0.0212          0    199.750 338.433886   999.1304     -1.380      0.001  0.000e+00
     -1.399    28.2069   0.646230     3.2920     1.2779    -0.0227          0    200.000 338.433889   998.6354     -1.391     -0.002  0.000e+00
     -1.409    28.1665   0.559014     2.8225     1.5855    -0.0288          0    200.250 338.433892   998.2963     -1.402     -0.004  0.000e+00
     -1.377    28.1341   0.478774     2.3949     1.9757    -0.0288          0    200.500 338.433895   997.9862     -1.369     -0.003  0.000e+00
     -1.388    28.1114   1.022438     5.3941     2.7849    -0.0212          0    200.750 338.433898  1000.2316     -1.380     -0.002  0.000e+00
     -1.420    28.1039   1.007852     5.3122     2.5416    -0.0258          0    201.000 338.433900  1000.1726     -1.412     -0.014  0.000e+00
     -1.388    28.1091   2.644766    15.1294     2.5071    -0.0296          0    201.250 338.433903  1007.4862     -1.380     -0.008  0.000e+00
     -1.355    28.1209   3.268761    19.0894     2.3578    -0.0273          0    201.500 338.433906  1010.4357     -1.348      0.007  0.000e+00
     -1.388    28.1340   2.307468    13.0250     2.2881     0.0475          0    201.750 338.433909  1005.9105     -1.380      0.009  0.000e+00
     -1.388    28.1450   1.931685    10.7281     2.2074     0.0505          0    202.000 338.433912  1004.1961     -1.380      0.010  0.000e+00
     -1.399    28.1533   1.658101     9.0862     2.1555     0.0376          0    202.250 338.433915  1002.9706     -1.391      0.005  0.000e+00
     -1.388    28.1620   1.175579     6.2626     2.1577     0.0551          0    202.500 338.433918  1000.8643     -1.380     -0.001  0.000e+00
     -1.377    28.1661   1.140104     6.0586     2.1840     0.0444          0    202.750 338.433921  1000.7111     -1.369      0.006  0.000e+00
     -1.388    28.1690   0.612683     3.1123     2.3895    -0.0754          0    203.000 338.433924   998.5122     -1.380      0.006  0.000e+00
     -1.388    28.1753   0.631919     3.2163     2.4092    -0.0784          0    203.250 338.433927   998.5880     -1.380     -0.005  0.000e+00
