ctd_mafia/cnv/SBE19plus_01906740_2018_12_07_0096.cnv
* Sea-Bird SBE19plus  Data File:
* FileName = C:\Users\all user\Desktop\Patroba _ WWF Mapping Mafia\SBE19plus_01906740_2018_12_07_0096.hex
* Software version 2.6.3.104
* Temperature SN = 6740
* Conductivity SN = 6740
* System UpLoad Time = Dec 07 2018 14:34:29
* <ApplicationData>
* <Seaterm232>
# nquan = 13
# nvalues = 462                                   
# units = specified
# name 0 = prdM: Pressure, Strain Gauge [db]
# name 1 = tv290C: Temperature [ITS-90, deg C]
# name 2 = c0S/m: Conductivity [S/m]
# name 3 = sal00: Salinity, Practical [PSU]
# name 4 = sbeox0ML/L: Oxygen, SBE 43 [ml/l]
# name 5 = flECO-AFL: Fluorescence, WET Labs ECO-AFL/FL [mg/m^3]
# name 6 = nbf: Bottles Fired
# name 7 = timeS: Time, Elapsed [seconds]
# name 8 = timeJ: Julian Days
# name 9 = density00: Density [density, kg/m^3]
# name 10 = depSM: Depth [salt water, m], lat = 0.00
# name 11 = dz/dtM: Descent Rate [m/s]
# name 12 = flag:  0.000e+00
# span 0 =     -1.372,      4.163                 
# span 1 =    27.6852,    28.6022                 
# span 2 =   0.367425,   5.707481                 
# span 3 =     1.8093,    35.2908                 
# span 4 =     1.4553,     2.7635                 
# span 5 =    -0.4332,     0.2924                 
# span 6 =          0,          0                 
# span 7 =      0.000,    115.250                 
# span 8 = 338.368125, 338.369459                 
# span 9 =   997.5569,  1022.5460                 
# span 10 =     -1.365,      4.140                
# span 11 =     -0.832,      0.297                
# span 12 = 0.0000e+00, 0.0000e+00                
# interval = seconds: 0.25
# start_time = Dec 04 2018 08:50:06 [Instrument's time stamp, header]
# bad_flag = -9.990e-29
*END*
[from data line 445]
     -0.886    28.2913   5.689003    35.2468     1.6862     0.0734          0    111.250 338.369413  1022.4809     -0.881     -0.026  0.000e+00
     -1.102    28.2780   5.689803    35.2624     1.6840    -0.3546          0    111.500 338.369416  1022.4960     -1.096     -0.125  0.000e+00
     -1.275    28.2758   5.691479    35.2758     1.6878    -0.3577          0    111.750 338.369418  1022.5060     -1.268     -0.239  0.000e+00
     -1.340    28.2799   5.691875    35.2756     1.6875    -0.3523          0    112.000 338.369421  1022.5043     -1.332     -0.329  0.000e+00
     -1.372    28.2897   5.689422    35.2511     1.6948    -0.3401          0    112.250 338.369424  1022.4825     -1.365     -0.386  0.000e+00
     -1.372    28.3090   2.783961    15.9379     1.8809    -0.4301          0    112.500 338.369427  1008.0278     -1.364     -0.401  0.000e+00
     -1.350    28.3192   0.877567     4.5577     2.0020    -0.4332          0    112.750 338.369430   999.5473     -1.343     -0.368  0.000e+00
     -1.361    28.3205   0.980867     5.1363     1.9997    -0.4317          0    113.000 338.369433   999.9783     -1.354     -0.297  0.000e+00
     -1.350    28.3209   0.862224     4.4721     2.0012    -0.4324          0    113.250 338.369436   999.4830     -1.343     -0.188  0.000e+00
     -1.361    28.3196   0.884414     4.5958     2.0046    -0.4332          0    113.500 338.369439   999.5756     -1.354     -0.086  0.000e+00
     -1.361    28.3182   0.779583     4.0144     2.0082    -0.0181          0    113.750 338.369442   999.1423     -1.354     -0.024  0.000e+00
     -1.372    28.3163   0.795261     4.1011     2.0101    -0.0296          0    114.000 338.369444   999.2075     -1.364     -0.005  0.000e+00
     -1.372    28.3139   0.805960     4.1605     2.0141    -0.0181          0    114.250 338.369447   999.2525     -1.364     -0.001  0.000e+00
     -1.350    28.3118   0.658809     3.3533     2.0261    -0.0250          0    114.500 338.369450   998.6508     -1.343     -0.001  0.000e+00
     -1.372    28.3094   0.835065     4.3222     2.0092    -0.0311          0    114.750 338.369453   999.3744     -1.365     -0.007  0.000e+00
     -1.350    28.3074   0.889232     4.6239     2.0024    -0.0296          0    115.000 338.369456   999.6001     -1.343     -0.001  0.000e+00
     -1.361    28.3052   0.910715     4.7441     2.0009    -0.0227          0    115.250 338.369459   999.6904     -1.354     -0.001  0.000e+00
