ctd_mafia/cnv/SBE19plus_01906740_2018_12_07_0098.cnv
* Sea-Bird SBE19plus  Data File:
* FileName = C:\Users\all user\Desktop\Patroba _ WWF Mapping Mafia\SBE19plus_01906740_2018_12_07_0098.hex
* Software version 2.6.3.104
* Temperature SN = 6740
* Conductivity SN = 6740
* System UpLoad Time = Dec 07 2018 14:34:51
* <ApplicationData>
* <Seaterm232>
# nquan = 13
# nvalues = 535                                   
# units = specified
# name 0 = prdM: Pressure, Strain Gauge [db]
# name 1 = tv290C: Temperature [ITS-90, deg C]
# name 2 = c0S/m: Conductivity [S/m]
# name 3 = sal00: Salinity, Practical [PSU]
# name 4 = sbeox0ML/L: Oxygen, SBE 43 [ml/l]
# name 5 = flECO-AFL: Fluorescence, WET Labs ECO-AFL/FL [mg/m^3]
# name 6 = nbf: Bottles Fired
# name 7 = timeS: Time, Elapsed [seconds]
# name 8 = timeJ: Julian Days
# name 9 = density00: Density [density, kg/m^3]
# name 10 = depSM: Depth [salt water, m], lat = 0.00
# name 11 = dz/dtM: Descent Rate [m/s]
# name 12 = flag:  0.000e+00
# span 0 =     -1.398,      8.883                 
# span 1 =    27.6023,    28.3220                 
# span 2 =   0.395158,   5.694961                 
# span 3 =     1.9585,    35.3129                 
# span 4 =     1.8261,     3.7958                 
# span 5 =    -0.0532,     1.0927                 
# span 6 =          0,          0                 
# span 7 =      0.000,    133.500                 
# span 8 = 338.377882, 338.379427                 
# span 9 =   997.6968,  1022.6660                 
# span 10 =     -1.391,      8.834                
# span 11 =     -0.710,      0.475                
# span 12 = 0.0000e+00, 0.0000e+00                
# interval = seconds: 0.25
# start_time = Dec 04 2018 09:04:09 [Instrument's time stamp, header]
# bad_flag = -9.990e-29
*END*
[from data line 112]
     -0.176    28.2393   5.674564    35.1845     2.5376     0.0704          0     28.000 338.378206  1022.4542     -0.175      0.004  0.000e+00
     -0.165    28.2389   5.674283    35.1828     2.5427     0.0665          0     28.250 338.378209  1022.4531     -0.165      0.006  0.000e+00
     -0.198    28.2383   5.672891    35.1736     2.5693     0.0452          0     28.500 338.378212  1022.4462     -0.197      0.001  0.000e+00
     -0.198    28.2377   5.671491    35.1642     2.5484     0.0513          0     28.750 338.378215  1022.4393     -0.197      0.004  0.000e+00
     -0.198    28.2369   5.670540    35.1581     2.5459     0.0475          0     29.000 338.378218  1022.4350     -0.197     -0.005  0.000e+00
     -0.187    28.2361   5.671050    35.1624     2.5064     0.0406          0     29.250 338.378220  1022.4385     -0.186     -0.005  0.000e+00
     -0.176    28.2349   5.671871    35.1690     2.5176     0.0429          0     29.500 338.378223  1022.4439     -0.175     -0.002  0.000e+00
     -0.176    28.2340   5.671111    35.1643     2.4974     0.0337          0     29.750 338.378226  1022.4407     -0.175 1.1419e-10  0.000e+00
     -0.176    28.2330   5.669681    35.1550     2.5301     0.0376          0     30.000 338.378229  1022.4341     -0.175      0.001  0.000e+00
     -0.155    28.2322   5.669019    35.1510     2.5114     0.0337          0     30.250 338.378232  1022.4314     -0.154      0.012  0.000e+00
     -0.198    28.2312   5.668959    35.1514     2.5219     0.0307          0     30.500 338.378235  1022.4318     -0.197      0.012  0.000e+00
     -0.176    28.2303   5.669301    35.1544     2.5230     0.0643          0     30.750 338.378238  1022.4345     -0.175      0.010  0.000e+00
     -0.187    28.2293   5.669590    35.1572     2.5047     0.0711          0     31.000 338.378241  1022.4369     -0.186      0.004  0.000e+00
     -0.187    28.2284   5.669103    35.1544     2.4871     0.0788          0     31.250 338.378244  1022.4351     -0.186     -0.004  0.000e+00
     -0.166    28.2274   5.667818    35.1462     2.4578     0.0788          0     31.500 338.378247  1022.4294     -0.165     -0.002  0.000e+00
     -0.166    28.2266   5.667149    35.1421     2.4473     0.0063          0     31.750 338.378249  1022.4265     -0.165      0.001  0.000e+00
     -0.176    28.2256   5.667309    35.1440     2.4583     0.0116          0     32.000 338.378252  1022.4282     -0.175      0.001  0.000e+00
     -0.155    28.2245   5.667818    35.1483     2.4386     0.0162          0     32.250 338.378255  1022.4319     -0.154      0.007  0.000e+00
     -0.176    28.2236   5.667879    35.1494     2.4873     0.0063          0     32.500 338.378258  1022.4329     -0.175      0.013  0.000e+00
     -0.198    28.2228   5.667339    35.1463     2.5099     0.0391          0     32.750 338.378261  1022.4308     -0.197     -0.000  0.000e+00
     -0.187    28.2221   5.666708    35.1424     2.4804     0.0215          0     33.000 338.378264  1022.4281     -0.186     -0.003  0.000e+00
     -0.176    28.2211   5.666100    35.1389     2.4392     0.0231          0     33.250 338.378267  1022.4258     -0.175     -0.006  0.000e+00
     -0.166    28.2201   5.665879    35.1381     2.4718     0.0269          0     33.500 338.378270  1022.4256     -0.165     -0.006  0.000e+00
     -0.166    28.2192   5.665948    35.1392     2.4323     0.0231          0     33.750 338.378273  1022.4267     -0.165     -0.001  0.000e+00
     -0.155    28.2183   5.666138    35.1412     2.4125     0.0238          0     34.000 338.378275  1022.4286     -0.154      0.007  0.000e+00
     -0.166    28.2174   5.666640    35.1454     2.4028     0.0192          0     34.250 338.378278  1022.4320     -0.165      0.007  0.000e+00
     -0.166    28.2165   5.666609    35.1459     2.4096     0.0223          0     34.500 338.378281  1022.4326     -0.165      0.014  0.000e+00
     -0.176    28.2158   5.666039    35.1424     2.4004     0.0231          0     34.750 338.378284  1022.4302     -0.175      0.012  0.000e+00
     -0.187    28.2151   5.665081    35.1362     2.3975     0.0177          0     35.000 338.378287  1022.4257     -0.186 -1.684e-15  0.000e+00
     -0.155    28.2144   5.664807    35.1349     2.4140     0.0299          0     35.250 338.378290  1022.4251     -0.154     -0.001  0.000e+00
     -0.144    28.2136   5.665119    35.1376     2.3992     0.0208          0     35.500 338.378293  1022.4275     -0.143      0.003  0.000e+00
     -0.133    28.2128   5.665849    35.1433     2.3846     0.0192          0     35.750 338.378296  1022.4321     -0.132      0.011  0.000e+00
     -0.144    28.2120   5.665720    35.1430     2.3772     0.0398          0     36.000 338.378299  1022.4320     -0.143      0.014  0.000e+00
     -0.166    28.2113   5.664929    35.1380     2.3784     0.0406          0     36.250 338.378302  1022.4284     -0.165      0.013  0.000e+00
     -0.155    28.2106   5.664169    35.1332     2.3770     0.0330          0     36.500 338.378304  1022.4251     -0.154      0.012  0.000e+00
     -0.166    28.2098   5.663979    35.1325     2.3881     0.0292          0     36.750 338.378307  1022.4248     -0.165      0.008  0.000e+00
     -0.166    28.2091   5.664078    35.1337     2.3832     0.0475          0     37.000 338.378310  1022.4259     -0.165 9.7062e-10  0.000e+00
     -0.155    28.2082   5.664139    35.1348     2.3660     0.0459          0     37.250 338.378313  1022.4271     -0.154     -0.009  0.000e+00
     -0.155    28.2075   5.664549    35.1381     2.3618     0.0536          0     37.500 338.378316  1022.4298     -0.154     -0.010  0.000e+00
     -0.144    28.2069   5.664929    35.1413     2.3859     0.0406          0     37.750 338.378319  1022.4325     -0.143     -0.004  0.000e+00
     -0.144    28.2061   5.664579    35.1394     2.3520     0.0498          0     38.000 338.378322  1022.4313     -0.143      0.005  0.000e+00
     -0.155    28.2055   5.664009    35.1359     2.3539     0.0124          0     38.250 338.378325  1022.4288     -0.154      0.009  0.000e+00
     -0.155    28.2048   5.663538    35.1331     2.3415     0.0101          0     38.500 338.378328  1022.4269     -0.154      0.006  0.000e+00
     -0.166    28.2040   5.663538    35.1337     2.3404     0.0093          0     38.750 338.378330  1022.4276     -0.165      0.003  0.000e+00
     -0.176    28.2035   5.663378    35.1329     2.3382     0.0032          0     39.000 338.378333  1022.4271     -0.175     -0.006  0.000e+00
     -0.166    28.2026   5.663287    35.1330     2.3299     0.0658          0     39.250 338.378336  1022.4276     -0.165     -0.011  0.000e+00
     -0.166    28.2021   5.663439    35.1344     2.3519     0.0604          0     39.500 338.378339  1022.4288     -0.165     -0.012  0.000e+00
     -0.166    28.2013   5.663219    35.1335     2.3174     0.0627          0     39.750 338.378342  1022.4283     -0.165     -0.013  0.000e+00
     -0.187    28.2007   5.662748    35.1306     2.3205     0.0559          0     40.000 338.378345  1022.4263     -0.186     -0.015  0.000e+00
     -0.166    28.2000   5.662808    35.1316     2.3129     0.0238          0     40.250 338.378348  1022.4273     -0.165     -0.009  0.000e+00
     -0.144    28.1993   5.663819    35.1391     2.3111     0.0261          0     40.500 338.378351  1022.4333     -0.143      0.001  0.000e+00
     -0.155    28.1988   5.664458    35.1440     2.3160     0.0200          0     40.750 338.378354  1022.4372     -0.154      0.008  0.000e+00
     -0.176    28.1985   5.664329    35.1434     2.3334     0.0307          0     41.000 338.378356  1022.4366     -0.175      0.005  0.000e+00
     -0.176    28.1983   5.664808    35.1468     2.3237     0.0551          0     41.250 338.378359  1022.4393     -0.176     -0.001  0.000e+00
     -0.155    28.1978   5.666169    35.1567     2.3101     0.0574          0     41.500 338.378362  1022.4470     -0.154      0.003  0.000e+00
     -0.101    28.1979   5.670191    35.1848     2.3100     0.0597          0     41.750 338.378365  1022.4683     -0.100      0.020  0.000e+00
     -0.047    28.1996   5.673082    35.2037     2.2999     0.0521          0     42.000 338.378368  1022.4822     -0.047      0.047  0.000e+00
      0.007    28.2035   5.675143    35.2151     2.2829     0.0574          0     42.250 338.378371  1022.4897      0.007      0.074  0.000e+00
      0.040    28.2087   5.675333    35.2126     2.2815     0.0475          0     42.500 338.378374  1022.4863      0.040      0.104  0.000e+00
      0.061    28.2133   5.673043    35.1932     2.2751     0.0459          0     42.750 338.378377  1022.4702      0.061      0.133  0.000e+00
      0.072    28.2138   5.670100    35.1722     2.3058     0.0444          0     43.000 338.378380  1022.4544      0.072      0.147  0.000e+00
      0.105    28.2124   5.669271    35.1674     2.2751     0.0459          0     43.250 338.378383  1022.4514      0.104      0.148  0.000e+00
      0.126    28.2125   5.670860    35.1785     2.2702     0.0391          0     43.500 338.378385  1022.4597      0.126      0.136  0.000e+00
      0.115    28.2145   5.669940    35.1706     2.2524     0.0330          0     43.750 338.378388  1022.4531      0.115      0.107  0.000e+00
      0.137    28.2160   5.668609    35.1601     2.2468     0.0368          0     44.000 338.378391  1022.4448      0.136      0.085  0.000e+00
      0.148    28.2164   5.668290    35.1576     2.2498     0.0330          0     44.250 338.378394  1022.4428      0.147      0.068  0.000e+00
      0.191    28.2165   5.668670    35.1602     2.2701     0.0215          0     44.500 338.378397  1022.4449      0.190      0.067  0.000e+00
      0.202    28.2163   5.669529    35.1663     2.2740     0.0276          0     44.750 338.378400  1022.4497      0.201      0.068  0.000e+00
      0.202    28.2163   5.670031    35.1698     2.2991     0.0177          0     45.000 338.378403  1022.4523      0.201      0.065  0.000e+00
      0.245    28.2163   5.670191    35.1709     1.9463     0.0223          0     45.250 338.378406  1022.4533      0.244      0.068  0.000e+00
      0.288    28.2167   5.671302    35.1784     1.8960     0.0513          0     45.500 338.378409  1022.4590      0.287      0.081  0.000e+00
      0.321    28.2171   5.672131    35.1839     2.0279     0.0490          0     45.750 338.378411  1022.4631      0.319      0.099  0.000e+00
      0.364    28.2182   5.672732    35.1873     2.0276     0.0490          0     46.000 338.378414  1022.4655      0.362      0.111  0.000e+00
      0.375    28.2195   5.672800    35.1867     2.0488     0.0421          0     46.250 338.378417  1022.4647      0.373      0.117  0.000e+00
      0.407    28.2217   5.671651    35.1771     1.9631     0.0406          0     46.500 338.378420  1022.4569      0.405      0.119  0.000e+00
      0.396    28.2224   5.672891    35.1852     2.0621     0.0543          0     46.750 338.378423  1022.4627      0.394      0.115  0.000e+00
      0.396    28.2239   5.671902    35.1772     2.1720     0.0620          0     47.000 338.378426  1022.4561      0.394      0.102  0.000e+00
      0.407    28.2244   5.670891    35.1697     2.2229     0.0650          0     47.250 338.378429  1022.4504      0.405      0.078  0.000e+00
      0.396    28.2236   5.670381    35.1667     2.2331     0.0627          0     47.500 338.378432  1022.4484      0.394      0.052  0.000e+00
      0.418    28.2224   5.670701    35.1699     2.1686     0.0475          0     47.750 338.378435  1022.4513      0.416      0.036  0.000e+00
      0.407    28.2219   5.670450    35.1685     2.1988     0.0414          0     48.000 338.378438  1022.4504      0.405      0.019  0.000e+00
      0.418    28.2214   5.670670    35.1704     2.1772     0.0429          0     48.250 338.378440  1022.4520      0.416      0.014  0.000e+00
      0.418    28.2211   5.670670    35.1707     2.2049     0.0444          0     48.500 338.378443  1022.4523      0.416      0.009  0.000e+00
      0.440    28.2211   5.669940    35.1655     2.1808     0.0162          0     48.750 338.378446  1022.4485      0.437      0.018  0.000e+00
      0.440    28.2208   5.669210    35.1607     2.1791     0.0299          0     49.000 338.378449  1022.4449      0.437      0.021  0.000e+00
      0.472    28.2203   5.670161    35.1677     2.2132     0.0276          0     49.250 338.378452  1022.4505      0.470      0.030  0.000e+00
      0.505    28.2201   5.670602    35.1709     2.0839     0.0276          0     49.500 338.378455  1022.4531      0.502      0.045  0.000e+00
      0.515    28.2204   5.671362    35.1760     2.2319     0.0566          0     49.750 338.378458  1022.4569      0.513      0.054  0.000e+00
      0.537    28.2213   5.671591    35.1769     2.2179     0.0421          0     50.000 338.378461  1022.4574      0.534      0.068  0.000e+00
      0.570    28.2226   5.671492    35.1753     2.2173     0.0543          0     50.250 338.378464  1022.4559      0.566      0.079  0.000e+00
      0.613    28.2233   5.671750    35.1765     2.1606     0.0498          0     50.500 338.378466  1022.4568      0.609      0.094  0.000e+00
      0.634    28.2234   5.671750    35.1764     2.2495     0.0421          0     50.750 338.378469  1022.4567      0.631      0.102  0.000e+00
      0.721    28.2235   5.671492    35.1745     2.2153     0.0559          0     51.000 338.378472  1022.4557      0.717      0.125  0.000e+00
      0.743    28.2235   5.672732    35.1831     2.3207     0.0620          0     51.250 338.378475  1022.4623      0.738      0.136  0.000e+00
      0.753    28.2235   5.672473    35.1813     2.2721     0.0658          0     51.500 338.378478  1022.4609      0.749      0.141  0.000e+00
      0.742    28.2232   5.671431    35.1743     2.2084     0.0589          0     51.750 338.378481  1022.4558      0.738      0.134  0.000e+00
      0.732    28.2226   5.670572    35.1688     2.2083     0.0406          0     52.000 338.378484  1022.4517      0.728      0.112  0.000e+00
      0.753    28.2215   5.670321    35.1678     2.2105     0.0391          0     52.250 338.378487  1022.4515      0.749      0.089  0.000e+00
      0.742    28.2205   5.669940    35.1659     2.1829     0.0345          0     52.500 338.378490  1022.4503      0.738      0.060  0.000e+00
      0.753    28.2199   5.670260    35.1686     2.1501     0.0414          0     52.750 338.378492  1022.4525      0.749      0.036  0.000e+00
      0.775    28.2194   5.670754    35.1724     2.1700     0.0765          0     53.000 338.378495  1022.4556      0.771      0.016  0.000e+00
      0.753    28.2192   5.670640    35.1717     2.1816     0.0772          0     53.250 338.378498  1022.4551      0.749      0.009  0.000e+00
      0.797    28.2192   5.671051    35.1747     2.1912     0.0688          0     53.500 338.378501  1022.4575      0.792      0.019  0.000e+00
      0.807    28.2191   5.670701    35.1723     2.2899     0.0719          0     53.750 338.378504  1022.4558      0.803      0.032  0.000e+00
      0.818    28.2193   5.673143    35.1891     2.2420     0.0368          0     54.000 338.378507  1022.4685      0.814      0.041  0.000e+00
      0.840    28.2203   5.672473    35.1837     2.2932     0.0391          0     54.250 338.378510  1022.4642      0.835      0.047  0.000e+00
      0.905    28.2214   5.672572    35.1836     2.2923     0.0391          0     54.500 338.378513  1022.4640      0.900      0.070  0.000e+00
      0.926    28.2221   5.674253    35.1948     2.2563     0.0345          0     54.750 338.378516  1022.4723      0.921      0.085  0.000e+00
      0.948    28.2235   5.673934    35.1915     2.2726     0.0368          0     55.000 338.378519  1022.4694      0.943      0.097  0.000e+00
      0.991    28.2247   5.673493    35.1875     2.3367     0.0559          0     55.250 338.378521  1022.4662      0.986      0.115  0.000e+00
