ctd_mafia/cnv/SBE19plus_01906740_2018_12_07_0085.cnv
* Sea-Bird SBE19plus  Data File:
* FileName = C:\Users\all user\Desktop\Patroba _ WWF Mapping Mafia\SBE19plus_01906740_2018_12_07_0085.hex
* Software version 2.6.3.104
* Temperature SN = 6740
* Conductivity SN = 6740
* System UpLoad Time = Dec 07 2018 14:32:28
* <ApplicationData>
* <Seaterm232>
# nquan = 13
# nvalues = 809                                   
# units = specified
# name 0 = prdM: Pressure, Strain Gauge [db]
# name 1 = tv290C: Temperature [ITS-90, deg C]
# name 2 = c0S/m: Conductivity [S/m]
# name 3 = sal00: Salinity, Practical [PSU]
# name 4 = sbeox0ML/L: Oxygen, SBE 43 [ml/l]
# name 5 = flECO-AFL: Fluorescence, WET Labs ECO-AFL/FL [mg/m^3]
# name 6 = nbf: Bottles Fired
# name 7 = timeS: Time, Elapsed [seconds]
# name 8 = timeJ: Julian Days
# name 9 = density00: Density [density, kg/m^3]
# name 10 = depSM: Depth [salt water, m], lat = 0.00
# name 11 = dz/dtM: Descent Rate [m/s]
# name 12 = flag:  0.000e+00
# span 0 =     -1.379,     19.787                 
# span 1 =    28.0727,    28.5612                 
# span 2 =   0.199167,   5.760057                 
# span 3 =     0.9403,    35.7520                 
# span 4 =     1.8953,     3.0018                 
# span 5 =    -0.4431,     1.3956                 
# span 6 =          0,          0                 
# span 7 =      0.000,    202.000                 
# span 8 = 337.425093, 337.427431                 
# span 9 =   996.7794,  1022.8659                 
# span 10 =     -1.372,     19.677                
# span 11 =     -1.410,      0.809                
# span 12 = 0.0000e+00, 0.0000e+00                
# interval = seconds: 0.25
# start_time = Dec 03 2018 10:12:08 [Instrument's time stamp, header]
# bad_flag = -9.990e-29
*END*
[from data line 112]
     -0.158    28.1209   5.675624    35.2803     2.0553     0.0002          0     28.000 337.425417  1022.5652     -0.157     -0.024  0.000e+00
     -0.060    28.1226   5.674932    35.2741     2.0457     0.0162          0     28.250 337.425420  1022.5604     -0.060     -0.046  0.000e+00
     -0.006    28.1214   5.677336    35.2919     2.0377     0.0047          0     28.500 337.425422  1022.5744     -0.006     -0.035  0.000e+00
     -0.028    28.1195   5.680860    35.3180     2.0415    -0.0097          0     28.750 337.425425  1022.5945     -0.028     -0.011  0.000e+00
     -0.060    28.1180   5.684643    35.3457     2.0454    -0.0014          0     29.000 337.425428  1022.6157     -0.060      0.022  0.000e+00
     -0.104    28.1164   5.685854    35.3553     2.0404     0.0040          0     29.250 337.425431  1022.6233     -0.103      0.044  0.000e+00
     -0.136    28.1152   5.682831    35.3350     2.0304     0.0002          0     29.500 337.425434  1022.6083     -0.135      0.036  0.000e+00
     -0.147    28.1147   5.679277    35.3106     2.0208     0.0719          0     29.750 337.425437  1022.5900     -0.146      0.004  0.000e+00
     -0.125    28.1142   5.678067    35.3024     2.0155     0.0780          0     30.000 337.425440  1022.5842     -0.125     -0.031  0.000e+00
     -0.104    28.1133   5.678858    35.3086     2.0187     0.0879          0     30.250 337.425443  1022.5892     -0.103     -0.056  0.000e+00
     -0.104    28.1127   5.681941    35.3307     2.0099     0.0841          0     30.500 337.425446  1022.6060     -0.103     -0.053  0.000e+00
     -0.104    28.1123   5.679825    35.3161     2.0063     0.0482          0     30.750 337.425448  1022.5952     -0.103     -0.028  0.000e+00
     -0.071    28.1117   5.676225    35.2913     2.0150     0.0459          0     31.000 337.425451  1022.5768     -0.071      0.004  0.000e+00
     -0.017    28.1104   5.676256    35.2925     2.0087     0.0452          0     31.250 337.425454  1022.5784     -0.017      0.043  0.000e+00
      0.015    28.1093   5.678737    35.3107     2.0062     0.0391          0     31.500 337.425457  1022.5926      0.015      0.074  0.000e+00
     -0.028    28.1084   5.682009    35.3343     2.0068     0.0482          0     31.750 337.425460  1022.6104     -0.028      0.074  0.000e+00
     -0.125    28.1078   5.684644    35.3533     2.0004     0.0444          0     32.000 337.425463  1022.6245     -0.125      0.037  0.000e+00
     -0.233    28.1075   5.686364    35.3657     2.0060     0.0452          0     32.250 337.425466  1022.6334     -0.232     -0.023  0.000e+00
     -0.277    28.1075   5.683311    35.3443     2.0101     0.0513          0     32.500 337.425469  1022.6172     -0.275     -0.080  0.000e+00
     -0.212    28.1073   5.676606    35.2974     2.0166     0.0788          0     32.750 337.425472  1022.5823     -0.211     -0.108  0.000e+00
     -0.082    28.1070   5.673083    35.2729     2.0151     0.0810          0     33.000 337.425475  1022.5645     -0.082     -0.094  0.000e+00
      0.048    28.1058   5.672635    35.2706     2.0168     0.0879          0     33.250 337.425477  1022.5637      0.048     -0.037  0.000e+00
      0.091    28.1048   5.674993    35.2878     2.0126     0.0826          0     33.500 337.425480  1022.5771      0.091      0.043  0.000e+00
      0.113    28.1042   5.679658    35.3210     2.0015     0.0871          0     33.750 337.425483  1022.6024      0.112      0.131  0.000e+00
     -0.017    28.1035   5.682931    35.3445     1.9972     0.0307          0     34.000 337.425486  1022.6198     -0.017      0.164  0.000e+00
     -0.147    28.1031   5.684682    35.3571     1.9923     0.0353          0     34.250 337.425489  1022.6288     -0.146      0.130  0.000e+00
     -0.277    28.1039   5.687575    35.3769     1.9827     0.0391          0     34.500 337.425492  1022.6429     -0.275      0.026  0.000e+00
     -0.309    28.1114   5.684643    35.3506     1.9828     0.0383          0     34.750 337.425495  1022.6205     -0.307     -0.098  0.000e+00
     -0.266    28.1161   5.677747    35.2988     1.9805     0.0276          0     35.000 337.425498  1022.5802     -0.264     -0.187  0.000e+00
     -0.082    28.1166   5.674163    35.2732     1.9835     0.0246          0     35.250 337.425501  1022.5616     -0.081     -0.179  0.000e+00
      0.048    28.1149   5.675464    35.2836     2.0020     0.0215          0     35.500 337.425503  1022.5705      0.048     -0.094  0.000e+00
      0.080    28.1121   5.676575    35.2934     2.0070     0.0215          0     35.750 337.425506  1022.5789      0.080      0.014  0.000e+00
      0.059    28.1098   5.679970    35.3190     2.0027     0.0505          0     36.000 337.425509  1022.5988      0.058      0.124  0.000e+00
     -0.039    28.1084   5.682634    35.3387     2.0051     0.0459          0     36.250 337.425512  1022.6137     -0.038      0.169  0.000e+00
     -0.114    28.1072   5.683821    35.3480     2.0067     0.0406          0     36.500 337.425515  1022.6208     -0.114      0.151  0.000e+00
     -0.158    28.1073   5.684232    35.3508     1.9943     0.0444          0     36.750 337.425518  1022.6227     -0.157      0.077  0.000e+00
     -0.190    28.1108   5.684171    35.3478     1.9938     0.0025          0     37.000 337.425521  1022.6191     -0.189     -0.024  0.000e+00
     -0.212    28.1162   5.684742    35.3477     1.9875     0.0116          0     37.250 337.425524  1022.6172     -0.210     -0.125  0.000e+00
     -0.190    28.1203   5.685823    35.3522     1.9657     0.0147          0     37.500 337.425527  1022.6193     -0.189     -0.163  0.000e+00
     -0.103    28.1229   5.686273    35.3534     1.9685     0.0177          0     37.750 337.425530  1022.6197     -0.103     -0.127  0.000e+00
     -0.039    28.1246   5.685603    35.3474     1.9631     0.0032          0     38.000 337.425532  1022.6149     -0.038     -0.053  0.000e+00
      0.016    28.1246   5.684742    35.3414     1.9548     0.0391          0     38.250 337.425535  1022.6106      0.015      0.037  0.000e+00
     -0.017    28.1224   5.684902    35.3441     1.9585     0.0482          0     38.500 337.425538  1022.6132     -0.017      0.088  0.000e+00
     -0.071    28.1213   5.685694    35.3506     1.9741     0.0444          0     38.750 337.425541  1022.6182     -0.071      0.098  0.000e+00
     -0.125    28.1217   5.686905    35.3588     1.9711     0.0429          0     39.000 337.425544  1022.6241     -0.124      0.076  0.000e+00
     -0.147    28.1241   5.687765    35.3630     1.9692    -0.0029          0     39.250 337.425547  1022.6263     -0.146      0.036  0.000e+00
     -0.125    28.1264   5.686334    35.3512     1.9772    -0.0014          0     39.500 337.425550  1022.6168     -0.124     -0.009  0.000e+00
     -0.093    28.1264   5.684902    35.3411     1.9700    -0.0029          0     39.750 337.425553  1022.6094     -0.092     -0.043  0.000e+00
     -0.049    28.1244   5.684841    35.3422     1.9705    -0.0075          0     40.000 337.425556  1022.6111     -0.049     -0.044  0.000e+00
     -0.082    28.1225   5.685032    35.3450     1.9684     0.0704          0     40.250 337.425558  1022.6136     -0.081     -0.035  0.000e+00
     -0.082    28.1216   5.686303    35.3546     1.9713     0.0803          0     40.500 337.425561  1022.6211     -0.081     -0.006  0.000e+00
     -0.093    28.1211   5.687004    35.3599     1.9705     0.0681          0     40.750 337.425564  1022.6252     -0.092      0.017  0.000e+00
     -0.082    28.1213   5.687194    35.3611     1.9792     0.0765          0     41.000 337.425567  1022.6261     -0.081      0.029  0.000e+00
     -0.093    28.1213   5.686973    35.3595     1.9813     0.0215          0     41.250 337.425570  1022.6249     -0.092      0.021  0.000e+00
     -0.071    28.1210   5.686935    35.3595     1.9786     0.0185          0     41.500 337.425573  1022.6250     -0.071      0.009  0.000e+00
     -0.093    28.1208   5.687164    35.3612     1.9765     0.0208          0     41.750 337.425576  1022.6263     -0.092     -0.006  0.000e+00
     -0.082    28.1204   5.687545    35.3642     1.9755     0.0177          0     42.000 337.425579  1022.6287     -0.081     -0.009  0.000e+00
     -0.082    28.1204   5.687895    35.3666     1.9654     0.0246          0     42.250 337.425582  1022.6306     -0.081      0.001  0.000e+00
     -0.114    28.1204   5.687925    35.3669     1.9716     0.0139          0     42.500 337.425584  1022.6306     -0.114     -0.007  0.000e+00
     -0.168    28.1204   5.688024    35.3676     1.9732     0.0116          0     42.750 337.425587  1022.6309     -0.167     -0.026  0.000e+00
     -0.179    28.1206   5.686364    35.3558     1.9752     0.0093          0     43.000 337.425590  1022.6219     -0.178     -0.046  0.000e+00
     -0.147    28.1203   5.679398    35.3072     1.9703     0.0055          0     43.250 337.425593  1022.5856     -0.146     -0.048  0.000e+00
     -0.028    28.1189   5.675639    35.2818     1.9584     0.0177          0     43.500 337.425596  1022.5675     -0.028     -0.018  0.000e+00
      0.037    28.1165   5.675084    35.2797     1.9602     0.0177          0     43.750 337.425599  1022.5670      0.037      0.032  0.000e+00
      0.059    28.1133   5.675175    35.2828     1.9663     0.0276          0     44.000 337.425602  1022.5704      0.058      0.074  0.000e+00
     -0.028    28.1109   5.675465    35.2866     1.9548     0.0154          0     44.250 337.425605  1022.5738     -0.028      0.086  0.000e+00
     -0.103    28.1092   5.676986    35.2986     1.9466     0.0192          0     44.500 337.425608  1022.5830     -0.103      0.075  0.000e+00
     -0.212    28.1086   5.679878    35.3193     1.9381     0.0040          0     44.750 337.425611  1022.5983     -0.210      0.025  0.000e+00
     -0.233    28.1084   5.681880    35.3335     1.9426     0.0032          0     45.000 337.425613  1022.6089     -0.232     -0.042  0.000e+00
     -0.201    28.1083   5.681819    35.3331     1.9521     0.0047          0     45.250 337.425616  1022.6088     -0.200     -0.099  0.000e+00
     -0.125    28.1082   5.680989    35.3274     1.9448     0.0376          0     45.500 337.425619  1022.6048     -0.124     -0.125  0.000e+00
     -0.049    28.1078   5.678417    35.3096     1.9383     0.0330          0     45.750 337.425622  1022.5919     -0.049     -0.092  0.000e+00
      0.037    28.1075   5.676735    35.2981     1.9333     0.0330          0     46.000 337.425625  1022.5838      0.037     -0.012  0.000e+00
      0.080    28.1070   5.676644    35.2978     1.9349     0.0391          0     46.250 337.425628  1022.5839      0.080      0.086  0.000e+00
      0.059    28.1065   5.676766    35.2990     1.9378     0.0360          0     46.500 337.425631  1022.5849      0.058      0.148  0.000e+00
      0.005    28.1062   5.678927    35.3144     1.9376    -0.0029          0     46.750 337.425634  1022.5963      0.005      0.164  0.000e+00
     -0.082    28.1061   5.680578    35.3261     1.9307     0.0002          0     47.000 337.425637  1022.6048     -0.081      0.115  0.000e+00
     -0.190    28.1063   5.678889    35.3141     1.9307    -0.0052          0     47.250 337.425639  1022.5952     -0.189      0.020  0.000e+00
     -0.255    28.1059   5.678767    35.3136     1.9414    -0.0021          0     47.500 337.425642  1022.5947     -0.253     -0.084  0.000e+00
     -0.255    28.1058   5.675716    35.2923     1.9435     0.0589          0     47.750 337.425645  1022.5787     -0.253     -0.159  0.000e+00
     -0.114    28.1061   5.670832    35.2578     1.9464     0.0505          0     48.000 337.425648  1022.5533     -0.114     -0.162  0.000e+00
      0.048    28.1067   5.670604    35.2557     1.9536     0.0566          0     48.250 337.425651  1022.5522      0.048     -0.089  0.000e+00
      0.113    28.1075   5.671083    35.2584     1.9589     0.0543          0     48.500 337.425654  1022.5543      0.112      0.014  0.000e+00
      0.080    28.1085   5.671334    35.2594     1.9579     0.0391          0     48.750 337.425657  1022.5545      0.080      0.100  0.000e+00
     -0.006    28.1092   5.671592    35.2607     1.9572     0.0307          0     49.000 337.425660  1022.5549     -0.006      0.143  0.000e+00
     -0.136    28.1101   5.672923    35.2694     1.9482     0.0406          0     49.250 337.425663  1022.5606     -0.135      0.124  0.000e+00
     -0.222    28.1102   5.674894    35.2832     1.9493     0.0292          0     49.500 337.425666  1022.5706     -0.221      0.049  0.000e+00
     -0.233    28.1103   5.675624    35.2883     1.9517     0.0231          0     49.750 337.425668  1022.5743     -0.232     -0.048  0.000e+00
     -0.179    28.1104   5.674354    35.2793     1.9417     0.0154          0     50.000 337.425671  1022.5677     -0.178     -0.133  0.000e+00
     -0.060    28.1106   5.672924    35.2691     1.9421     0.0231          0     50.250 337.425674  1022.5605     -0.060     -0.143  0.000e+00
      0.069    28.1108   5.672163    35.2635     1.9426     0.0292          0     50.500 337.425677  1022.5569      0.069     -0.069  0.000e+00
      0.102    28.1111   5.672193    35.2635     1.9493     0.0185          0     50.750 337.425680  1022.5569      0.101      0.034  0.000e+00
      0.037    28.1113   5.671783    35.2605     1.9533    -0.0052          0     51.000 337.425683  1022.5543      0.037      0.110  0.000e+00
     -0.082    28.1114   5.672003    35.2620     1.9530    -0.0052          0     51.250 337.425686  1022.5548     -0.081      0.128  0.000e+00
     -0.190    28.1116   5.673114    35.2696     1.9574     0.0040          0     51.500 337.425689  1022.5600     -0.189      0.079  0.000e+00
     -0.222    28.1116   5.673905    35.2752     1.9662    -0.0090          0     51.750 337.425692  1022.5641     -0.221     -0.004  0.000e+00
     -0.190    28.1116   5.673813    35.2745     1.9594     0.0147          0     52.000 337.425694  1022.5637     -0.189     -0.082  0.000e+00
     -0.103    28.1116   5.672642    35.2663     1.9615     0.0208          0     52.250 337.425697  1022.5579     -0.103     -0.122  0.000e+00
     -0.017    28.1117   5.671904    35.2610     1.9641     0.0131          0     52.500 337.425700  1022.5543     -0.017     -0.104  0.000e+00
      0.070    28.1118   5.671653    35.2592     1.9624     0.0299          0     52.750 337.425703  1022.5532      0.069     -0.022  0.000e+00
      0.080    28.1120   5.671783    35.2599     1.9642     0.0345          0     53.000 337.425706  1022.5538      0.080      0.073  0.000e+00
      0.037    28.1118   5.672954    35.2683     1.9706     0.0292          0     53.250 337.425709  1022.5599      0.037      0.136  0.000e+00
     -0.049    28.1118   5.674034    35.2759     1.9648     0.0292          0     53.500 337.425712  1022.5653     -0.049      0.137  0.000e+00
     -0.147    28.1116   5.672764    35.2672     1.9630     0.0337          0     53.750 337.425715  1022.5584     -0.146      0.074  0.000e+00
     -0.244    28.1117   5.672254    35.2636     1.9651     0.0177          0     54.000 337.425718  1022.5552     -0.243     -0.030  0.000e+00
     -0.255    28.1117   5.671942    35.2614     1.9651     0.0200          0     54.250 337.425720  1022.5535     -0.253     -0.123  0.000e+00
     -0.157    28.1116   5.670261    35.2496     1.9615     0.0177          0     54.500 337.425723  1022.5451     -0.157     -0.158  0.000e+00
     -0.049    28.1108   5.669592    35.2456     1.9738     0.0116          0     54.750 337.425726  1022.5428     -0.049     -0.131  0.000e+00
      0.080    28.1097   5.669752    35.2474     1.9761     0.0215          0     55.000 337.425729  1022.5452      0.080     -0.039  0.000e+00
      0.113    28.1087   5.670003    35.2499     1.9636     0.0490          0     55.250 337.425732  1022.5475      0.112      0.065  0.000e+00
