ctd_mafia/cnv/SBE19plus_01906740_2018_12_07_0074.cnv
* Sea-Bird SBE19plus  Data File:
* FileName = C:\Users\all user\Desktop\Patroba _ WWF Mapping Mafia\SBE19plus_01906740_2018_12_07_0074.hex
* Software version 2.6.3.104
* Temperature SN = 6740
* Conductivity SN = 6740
* System UpLoad Time = Dec 07 2018 14:29:45
* <ApplicationData>
* <Seaterm232>
# nquan = 13
# nvalues = 928                                   
# units = specified
# name 0 = prdM: Pressure, Strain Gauge [db]
# name 1 = tv290C: Temperature [ITS-90, deg C]
# name 2 = c0S/m: Conductivity [S/m]
# name 3 = sal00: Salinity, Practical [PSU]
# name 4 = sbeox0ML/L: Oxygen, SBE 43 [ml/l]
# name 5 = flECO-AFL: Fluorescence, WET Labs ECO-AFL/FL [mg/m^3]
# name 6 = nbf: Bottles Fired
# name 7 = timeS: Time, Elapsed [seconds]
# name 8 = timeJ: Julian Days
# name 9 = density00: Density [density, kg/m^3]
# name 10 = depSM: Depth [salt water, m], lat = 0.00
# name 11 = dz/dtM: Descent Rate [m/s]
# name 12 = flag:  0.000e+00
# span 0 =     -1.402,     12.219                 
# span 1 =    27.3196,    28.4406                 
# span 2 =   0.065579,   5.701886                 
# span 3 =     0.3044,    35.3221                 
# span 4 =     2.1187,     4.5630                 
# span 5 =    -0.3294,     0.4236                 
# span 6 =          0,          0                 
# span 7 =      0.000,    231.750                 
# span 8 = 337.328148, 337.330830                 
# span 9 =   996.6495,  1022.5618                 
# span 10 =     -1.394,     12.152                
# span 11 =     -0.656,      0.269                
# span 12 = 0.0000e+00, 0.0000e+00                
# interval = seconds: 0.25
# start_time = Dec 03 2018 07:52:32 [Instrument's time stamp, header]
# bad_flag = -9.990e-29
*END*
[from data line 445]
      7.819    28.4067   5.698255    35.2229     2.3806     0.0078          0    111.250 337.329436  1022.4621      7.776      0.141  0.000e+00
      7.852    28.4065   5.698286    35.2232     2.3897     0.0154          0    111.500 337.329439  1022.4626      7.808      0.093  0.000e+00
      7.949    28.4067   5.698347    35.2234     2.3836     0.0124          0    111.750 337.329442  1022.4630      7.905      0.071  0.000e+00
      8.046    28.4069   5.698446    35.2239     2.3809     0.0078          0    112.000 337.329444  1022.4638      8.002      0.089  0.000e+00
      8.089    28.4076   5.698507    35.2238     2.3787     0.0147          0    112.250 337.329447  1022.4636      8.045      0.125  0.000e+00
      8.111    28.4085   5.698606    35.2238     2.3804     0.0330          0    112.500 337.329450  1022.4635      8.066      0.169  0.000e+00
      8.100    28.4090   5.698667    35.2239     2.3828     0.0360          0    112.750 337.329453  1022.4633      8.056      0.192  0.000e+00
      8.068    28.4096   5.698636    35.2233     2.3803     0.0368          0    113.000 337.329456  1022.4625      8.023      0.175  0.000e+00
      8.089    28.4099   5.698652    35.2231     2.3804     0.0406          0    113.250 337.329459  1022.4624      8.045      0.140  0.000e+00
      8.165    28.4100   5.698667    35.2232     2.3852     0.0292          0    113.500 337.329462  1022.4627      8.120      0.115  0.000e+00
      8.252    28.4098   5.698728    35.2237     2.3820     0.0444          0    113.750 337.329465  1022.4635      8.206      0.102  0.000e+00
      8.327    28.4102   5.698667    35.2230     2.3862     0.0414          0    114.000 337.329468  1022.4632      8.281      0.114  0.000e+00
      8.392    28.4105   5.699018    35.2252     2.3855     0.0414          0    114.250 337.329470  1022.4650      8.346      0.151  0.000e+00
      8.457    28.4114   5.698827    35.2232     2.3807     0.0490          0    114.500 337.329473  1022.4635      8.410      0.196  0.000e+00
      8.435    28.4114   5.698568    35.2214     2.3775     0.0521          0    114.750 337.329476  1022.4620      8.389      0.218  0.000e+00
      8.392    28.4105   5.698698    35.2229     2.3718     0.0376          0    115.000 337.329479  1022.4633      8.346      0.204  0.000e+00
      8.403    28.4104   5.698774    35.2235     2.3699     0.0505          0    115.250 337.329482  1022.4639      8.357      0.162  0.000e+00
      8.403    28.4108   5.698797    35.2234     2.3722     0.0490          0    115.500 337.329485  1022.4636      8.357      0.105  0.000e+00
      8.435    28.4109   5.698888    35.2240     2.3822     0.0620          0    115.750 337.329488  1022.4642      8.389      0.061  0.000e+00
      8.500    28.4114   5.699048    35.2247     2.3857     0.0582          0    116.000 337.329491  1022.4648      8.453      0.045  0.000e+00
      8.565    28.4124   5.699048    35.2239     2.3811     0.0551          0    116.250 337.329494  1022.4642      8.518      0.056  0.000e+00
      8.619    28.4130   5.699048    35.2234     2.3858     0.0589          0    116.500 337.329497  1022.4638      8.572      0.086  0.000e+00
      8.695    28.4133   5.699018    35.2230     2.3907     0.0559          0    116.750 337.329499  1022.4637      8.647      0.143  0.000e+00
      8.792    28.4135   5.699087    35.2233     2.3945     0.0444          0    117.000 337.329502  1022.4643      8.744      0.203  0.000e+00
      8.868    28.4134   5.699048    35.2230     2.3917     0.0574          0    117.250 337.329505  1022.4645      8.819      0.244  0.000e+00
      8.889    28.4131   5.699048    35.2233     2.3919     0.0444          0    117.500 337.329508  1022.4648      8.840      0.264  0.000e+00
      8.879    28.4132   5.699018    35.2230     2.3809     0.0536          0    117.750 337.329511  1022.4645      8.830      0.248  0.000e+00
      8.868    28.4134   5.699018    35.2228     2.3822     0.0360          0    118.000 337.329514  1022.4643      8.819      0.208  0.000e+00
      8.846    28.4133   5.699048    35.2231     2.3857     0.0345          0    118.250 337.329517  1022.4645      8.797      0.156  0.000e+00
      8.825    28.4133   5.699048    35.2231     2.3858     0.0353          0    118.500 337.329520  1022.4644      8.776      0.096  0.000e+00
      8.868    28.4132   5.699048    35.2232     2.3999     0.0444          0    118.750 337.329523  1022.4647      8.819      0.048  0.000e+00
      8.922    28.4132   5.699026    35.2230     2.3959     0.0459          0    119.000 337.329525  1022.4648      8.873      0.024  0.000e+00
      8.998    28.4133   5.699018    35.2229     2.4110     0.0330          0    119.250 337.329528  1022.4649      8.948      0.037  0.000e+00
      9.030    28.4131   5.698988    35.2228     2.4015     0.0521          0    119.500 337.329531  1022.4651      8.980      0.070  0.000e+00
      9.062    28.4130   5.698957    35.2226     2.3877     0.0498          0    119.750 337.329534  1022.4651      9.012      0.108  0.000e+00
      9.095    28.4124   5.698957    35.2231     2.3837     0.0315          0    120.000 337.329537  1022.4659      9.045      0.140  0.000e+00
      9.127    28.4124   5.698957    35.2231     2.3896     0.0421          0    120.250 337.329540  1022.4660      9.077      0.162  0.000e+00
      9.160    28.4124   5.698988    35.2233     2.3940     0.0322          0    120.500 337.329543  1022.4662      9.109      0.169  0.000e+00
      9.203    28.4125   5.699049    35.2236     2.3915     0.0383          0    120.750 337.329546  1022.4666      9.152      0.159  0.000e+00
      9.246    28.4128   5.699148    35.2241     2.3985     0.0086          0    121.000 337.329549  1022.4671      9.195      0.149  0.000e+00
      9.235    28.4132   5.699117    35.2236     2.3994     0.0055          0    121.250 337.329552  1022.4665      9.185      0.130  0.000e+00
      9.268    28.4135   5.699178    35.2238     2.3978     0.0116          0    121.500 337.329554  1022.4667      9.217      0.123  0.000e+00
      9.300    28.4139   5.699209    35.2237     2.4030     0.0032          0    121.750 337.329557  1022.4666      9.249      0.118  0.000e+00
      9.333    28.4141   5.699239    35.2237     2.4048     0.0131          0    122.000 337.329560  1022.4667      9.281      0.115  0.000e+00
      9.387    28.4145   5.699239    35.2234     2.4122     0.0604          0    122.250 337.329563  1022.4666      9.335      0.118  0.000e+00
      9.484    28.4145   5.699308    35.2239     2.4169     0.0467          0    122.500 337.329566  1022.4674      9.432      0.139  0.000e+00
      9.560    28.4147   5.699361    35.2241     2.4225     0.0444          0    122.750 337.329569  1022.4678      9.507      0.167  0.000e+00
      9.625    28.4150   5.699209    35.2228     2.4322     0.0543          0    123.000 337.329572  1022.4670      9.571      0.200  0.000e+00
      9.614    28.4147   5.699049    35.2219     2.4217     0.0345          0    123.250 337.329575  1022.4664      9.561      0.217  0.000e+00
      9.592    28.4142   5.699049    35.2223     2.4156     0.0406          0    123.500 337.329578  1022.4667      9.539      0.200  0.000e+00
      9.581    28.4137   5.699117    35.2231     2.4087     0.0353          0    123.750 337.329580  1022.4675      9.528      0.166  0.000e+00
      9.571    28.4136   5.699239    35.2240     2.4053     0.0353          0    124.000 337.329583  1022.4682      9.518      0.120  0.000e+00
      9.592    28.4139   5.699277    35.2241     2.4021     0.0574          0    124.250 337.329586  1022.4682      9.539      0.073  0.000e+00
      9.614    28.4143   5.699239    35.2235     2.4222     0.0589          0    124.500 337.329589  1022.4677      9.561      0.032  0.000e+00
      9.722    28.4146   5.699209    35.2230     2.4335     0.0688          0    124.750 337.329592  1022.4677      9.668      0.037  0.000e+00
      9.841    28.4144   5.699148    35.2227     2.4494     0.0620          0    125.000 337.329595  1022.4681      9.786      0.083  0.000e+00
      9.884    28.4142   5.699179    35.2231     2.4424     0.0414          0    125.250 337.329598  1022.4686      9.829      0.143  0.000e+00
      9.884    28.4139   5.699179    35.2233     2.4400     0.0246          0    125.500 337.329601  1022.4688      9.829      0.183  0.000e+00
      9.852    28.4139   5.699179    35.2233     2.4170     0.0406          0    125.750 337.329604  1022.4687      9.797      0.189  0.000e+00
      9.852    28.4139   5.699179    35.2233     2.4131     0.0368          0    126.000 337.329606  1022.4687      9.797      0.174  0.000e+00
      9.830    28.4140   5.699179    35.2232     2.3908     0.0353          0    126.250 337.329609  1022.4685      9.776      0.131  0.000e+00
      9.873    28.4140   5.699179    35.2232     2.3934     0.0429          0    126.500 337.329612  1022.4687      9.819      0.090  0.000e+00
      9.927    28.4140   5.699179    35.2232     2.4102     0.0337          0    126.750 337.329615  1022.4689      9.872      0.052  0.000e+00
     10.003    28.4140   5.699179    35.2232     2.4195     0.0276          0    127.000 337.329618  1022.4692      9.948      0.049  0.000e+00
     10.068    28.4141   5.699179    35.2231     2.4241     0.0315          0    127.250 337.329621  1022.4694     10.012      0.084  0.000e+00
     10.111    28.4141   5.699179    35.2231     2.4080     0.0429          0    127.500 337.329624  1022.4696     10.055      0.130  0.000e+00
     10.133    28.4140   5.699179    35.2231     2.4147     0.0559          0    127.750 337.329627  1022.4698     10.077      0.167  0.000e+00
     10.111    28.4139   5.699179    35.2232     2.3991     0.0490          0    128.000 337.329630  1022.4698     10.055      0.171  0.000e+00
     10.100    28.4140   5.699209    35.2234     2.3948     0.0475          0    128.250 337.329633  1022.4698     10.044      0.154  0.000e+00
     10.111    28.4140   5.699179    35.2231     2.3954     0.0559          0    128.500 337.329635  1022.4697     10.055      0.117  0.000e+00
     10.143    28.4139   5.699179    35.2232     2.4022     0.0444          0    128.750 337.329638  1022.4699     10.087      0.084  0.000e+00
     10.230    28.4138   5.699209    35.2235     2.3992     0.0521          0    129.000 337.329641  1022.4705     10.173      0.073  0.000e+00
     10.338    28.4140   5.699209    35.2233     2.4068     0.0459          0    129.250 337.329644  1022.4708     10.281      0.097  0.000e+00
     10.381    28.4141   5.699240    35.2234     2.4161     0.0459          0    129.500 337.329647  1022.4710     10.324      0.132  0.000e+00
     10.414    28.4145   5.699209    35.2229     2.4059     0.0543          0    129.750 337.329650  1022.4706     10.356      0.169  0.000e+00
     10.414    28.4143   5.699240    35.2233     2.4075     0.0437          0    130.000 337.329653  1022.4710     10.356      0.192  0.000e+00
     10.403    28.4144   5.699240    35.2232     2.3947     0.0406          0    130.250 337.329656  1022.4708     10.345      0.187  0.000e+00
     10.414    28.4145   5.699209    35.2229     2.3975     0.0360          0    130.500 337.329659  1022.4706     10.356      0.162  0.000e+00
     10.414    28.4145   5.699240    35.2231     2.4017     0.0543          0    130.750 337.329661  1022.4708     10.356      0.120  0.000e+00
     10.457    28.4144   5.699240    35.2232     2.4289     0.0582          0    131.000 337.329664  1022.4711     10.399      0.079  0.000e+00
     10.576    28.4143   5.699240    35.2232     2.4526     0.0574          0    131.250 337.329667  1022.4716     10.517      0.079  0.000e+00
     10.619    28.4145   5.699339    35.2237     2.4714     0.0574          0    131.500 337.329670  1022.4721     10.560      0.102  0.000e+00
     10.662    28.4148   5.699370    35.2237     2.4555     0.0345          0    131.750 337.329673  1022.4722     10.603      0.133  0.000e+00
     10.695    28.4152   5.699370    35.2234     2.4455     0.0345          0    132.000 337.329676  1022.4720     10.636      0.165  0.000e+00
     10.684    28.4158   5.699362    35.2229     2.4314     0.0322          0    132.250 337.329679  1022.4714     10.625      0.175  0.000e+00
     10.662    28.4154   5.699370    35.2233     2.4203     0.0391          0    132.500 337.329682  1022.4717     10.603      0.158  0.000e+00
     10.641    28.4158   5.699339    35.2228     2.4210     0.0475          0    132.750 337.329685  1022.4711     10.582      0.121  0.000e+00
     10.706    28.4155   5.699339    35.2230     2.4436     0.0429          0    133.000 337.329687  1022.4716     10.647      0.087  0.000e+00
     10.814    28.4156   5.699370    35.2231     2.4968     0.0559          0    133.250 337.329690  1022.4721     10.754      0.076  0.000e+00
     10.879    28.4157   5.699400    35.2232     2.5300     0.0368          0    133.500 337.329693  1022.4725     10.818      0.098  0.000e+00
     10.933    28.4156   5.699438    35.2235     2.5343     0.0513          0    133.750 337.329696  1022.4730     10.872      0.129  0.000e+00
     10.987    28.4159   5.699438    35.2233     2.5056     0.0604          0    134.000 337.329699  1022.4729     10.926      0.168  0.000e+00
     10.976    28.4158   5.699423    35.2233     2.4983     0.0604          0    134.250 337.329702  1022.4729     10.915      0.193  0.000e+00
     10.997    28.4159   5.699438    35.2233     2.4796     0.0574          0    134.500 337.329705  1022.4730     10.937      0.202  0.000e+00
     11.051    28.4160   5.699438    35.2232     2.5049     0.0604          0    134.750 337.329708  1022.4731     10.990      0.197  0.000e+00
     11.106    28.4160   5.699400    35.2229     2.5458     0.0574          0    135.000 337.329711  1022.4731     11.044      0.173  0.000e+00
     11.170    28.4160   5.699438    35.2232     2.5641     0.0612          0    135.250 337.329714  1022.4736     11.109      0.157  0.000e+00
     11.214    28.4161   5.699469    35.2233     2.5391     0.0521          0    135.500 337.329716  1022.4738     11.152      0.158  0.000e+00
     11.224    28.4161   5.699469    35.2233     2.5227     0.0643          0    135.750 337.329719  1022.4739     11.162      0.156  0.000e+00
     11.300    28.4161   5.699469    35.2233     2.5604     0.0330          0    136.000 337.329722  1022.4742     11.238      0.170  0.000e+00
     11.311    28.4162   5.699454    35.2231     2.5448     0.0322          0    136.250 337.329725  1022.4741     11.248      0.180  0.000e+00
     11.322    28.4163   5.699438    35.2229     2.5068     0.0292          0    136.500 337.329728  1022.4739     11.259      0.168  0.000e+00
     11.354    28.4161   5.699438    35.2231     2.5022     0.0253          0    136.750 337.329731  1022.4742     11.291      0.148  0.000e+00
     11.376    28.4159   5.699438    35.2232     2.4955     0.0315          0    137.000 337.329734  1022.4745     11.313      0.129  0.000e+00
     11.430    28.4161   5.699469    35.2232     2.4965     0.0475          0    137.250 337.329737  1022.4747     11.367      0.120  0.000e+00
     11.505    28.4159   5.699439    35.2232     2.4750     0.0383          0    137.500 337.329740  1022.4750     11.442      0.132  0.000e+00
     11.538    28.4160   5.699469    35.2233     2.4443     0.0345          0    137.750 337.329742  1022.4752     11.474      0.144  0.000e+00
     11.538    28.4161   5.699515    35.2235     2.4237     0.0467          0    138.000 337.329745  1022.4754     11.474      0.138  0.000e+00
     11.549    28.4161   5.699500    35.2234     2.4157     0.0559          0    138.250 337.329748  1022.4754     11.485      0.140  0.000e+00
     11.549    28.4163   5.699469    35.2231     2.4099     0.0421          0    138.500 337.329751  1022.4750     11.485      0.128  0.000e+00
