ctd_mafia/cnv/SBE19plus_01906740_2018_12_07_0074.cnv
* Sea-Bird SBE19plus  Data File:
* FileName = C:\Users\all user\Desktop\Patroba _ WWF Mapping Mafia\SBE19plus_01906740_2018_12_07_0074.hex
* Software version 2.6.3.104
* Temperature SN = 6740
* Conductivity SN = 6740
* System UpLoad Time = Dec 07 2018 14:29:45
* <ApplicationData>
* <Seaterm232>
# nquan = 13
# nvalues = 928                                   
# units = specified
# name 0 = prdM: Pressure, Strain Gauge [db]
# name 1 = tv290C: Temperature [ITS-90, deg C]
# name 2 = c0S/m: Conductivity [S/m]
# name 3 = sal00: Salinity, Practical [PSU]
# name 4 = sbeox0ML/L: Oxygen, SBE 43 [ml/l]
# name 5 = flECO-AFL: Fluorescence, WET Labs ECO-AFL/FL [mg/m^3]
# name 6 = nbf: Bottles Fired
# name 7 = timeS: Time, Elapsed [seconds]
# name 8 = timeJ: Julian Days
# name 9 = density00: Density [density, kg/m^3]
# name 10 = depSM: Depth [salt water, m], lat = 0.00
# name 11 = dz/dtM: Descent Rate [m/s]
# name 12 = flag:  0.000e+00
# span 0 =     -1.402,     12.219                 
# span 1 =    27.3196,    28.4406                 
# span 2 =   0.065579,   5.701886                 
# span 3 =     0.3044,    35.3221                 
# span 4 =     2.1187,     4.5630                 
# span 5 =    -0.3294,     0.4236                 
# span 6 =          0,          0                 
# span 7 =      0.000,    231.750                 
# span 8 = 337.328148, 337.330830                 
# span 9 =   996.6495,  1022.5618                 
# span 10 =     -1.394,     12.152                
# span 11 =     -0.656,      0.269                
# span 12 = 0.0000e+00, 0.0000e+00                
# interval = seconds: 0.25
# start_time = Dec 03 2018 07:52:32 [Instrument's time stamp, header]
# bad_flag = -9.990e-29
*END*
[from data line 112]
     -0.418    28.2818   5.671399    35.1308     2.2986    -0.0258          0     28.000 337.328472  1022.3988     -0.416      0.027  0.000e+00
     -0.494    28.2940   5.668577    35.1021     2.2883    -0.0281          0     28.250 337.328475  1022.3728     -0.491     -0.001  0.000e+00
     -0.472    28.3023   5.666828    35.0837     2.2825     0.0475          0     28.500 337.328478  1022.3564     -0.470     -0.017  0.000e+00
     -0.440    28.2995   5.667626    35.0913     2.2790     0.0429          0     28.750 337.328481  1022.3632     -0.437     -0.027  0.000e+00
     -0.407    28.2913   5.669429    35.1100     2.2679     0.0490          0     29.000 337.328484  1022.3801     -0.405     -0.035  0.000e+00
     -0.397    28.2925   5.668729    35.1043     2.2606     0.0475          0     29.250 337.328487  1022.3754     -0.394     -0.027  0.000e+00
     -0.397    28.2992   5.668007    35.0942     2.2627     0.0429          0     29.500 337.328490  1022.3656     -0.394     -0.008  0.000e+00
     -0.418    28.3073   5.668539    35.0920     2.2573     0.0215          0     29.750 337.328492  1022.3612     -0.416      0.010  0.000e+00
     -0.386    28.3170   5.667657    35.0786     2.2494     0.0246          0     30.000 337.328495  1022.3481     -0.384      0.037  0.000e+00
     -0.375    28.3248   5.663057    35.0407     2.2597     0.0231          0     30.250 337.328498  1022.3171     -0.373      0.053  0.000e+00
     -0.397    28.3205   5.662525    35.0402     2.2528     0.0231          0     30.500 337.328501  1022.3180     -0.395      0.035  0.000e+00
     -0.429    28.2815   5.661986    35.0653     2.2583    -0.0220          0     30.750 337.328504  1022.3496     -0.427      0.009  0.000e+00
     -0.462    28.2518   5.662526    35.0912     2.2664    -0.0250          0     31.000 337.328507  1022.3787     -0.459     -0.018  0.000e+00
     -0.451    28.2359   5.664168    35.1145     2.2644    -0.0242          0     31.250 337.328510  1022.4015     -0.448     -0.030  0.000e+00
     -0.418    28.2269   5.663697    35.1179     2.2554    -0.0242          0     31.500 337.328513  1022.4071     -0.416     -0.026  0.000e+00
     -0.397    28.2263   5.661706    35.1044     2.2525     0.0086          0     31.750 337.328516  1022.3973     -0.395     -0.015  0.000e+00
     -0.408    28.2307   5.659517    35.0858     2.2427    -0.0082          0     32.000 337.328519  1022.3818     -0.405     -0.014  0.000e+00
     -0.321    28.2350   5.658537    35.0758     2.2363    -0.0029          0     32.250 337.328521  1022.3732     -0.319      0.019  0.000e+00
     -0.300    28.2389   5.658126    35.0700     2.2419     0.0025          0     32.500 337.328524  1022.3677     -0.298      0.058  0.000e+00
     -0.310    28.2358   5.657275    35.0664     2.2326    -0.0326          0     32.750 337.328527  1022.3659     -0.309      0.082  0.000e+00
     -0.364    28.2204   5.656546    35.0727     2.2277    -0.0212          0     33.000 337.328530  1022.3755     -0.362      0.075  0.000e+00
     -0.462    28.2022   5.657147    35.0905     2.2276    -0.0242          0     33.250 337.328533  1022.3944     -0.459      0.027  0.000e+00
     -0.527    28.1897   5.658697    35.1106     2.2300    -0.0250          0     33.500 337.328536  1022.4134     -0.524     -0.035  0.000e+00
     -0.494    28.1883   5.658598    35.1109     2.2296    -0.0242          0     33.750 337.328539  1022.4142     -0.491     -0.073  0.000e+00
     -0.462    28.1917   5.658568    35.1082     2.2486     0.0612          0     34.000 337.328542  1022.4112     -0.459     -0.089  0.000e+00
     -0.343    28.2059   5.658446    35.0968     2.2476     0.0597          0     34.250 337.328545  1022.3985     -0.341     -0.073  0.000e+00
     -0.299    28.2263   5.655726    35.0626     2.2445     0.0513          0     34.500 337.328547  1022.3662     -0.298     -0.022  0.000e+00
     -0.267    28.2361   5.653986    35.0432     2.2488     0.0589          0     34.750 337.328550  1022.3486     -0.266      0.045  0.000e+00
     -0.289    28.2372   5.653196    35.0368     2.2469    -0.0586          0     35.000 337.328553  1022.3433     -0.287      0.099  0.000e+00
     -0.343    28.2157   5.652847    35.0503     2.2451    -0.0471          0     35.250 337.328556  1022.3603     -0.341      0.120  0.000e+00
     -0.440    28.1949   5.653607    35.0711     2.2586    -0.0479          0     35.500 337.328559  1022.3823     -0.438      0.081  0.000e+00
     -0.526    28.1831   5.654047    35.0830     2.2591    -0.0502          0     35.750 337.328562  1022.3948     -0.524     -0.004  0.000e+00
     -0.559    28.1805   5.654237    35.0863     2.2440     0.0269          0     36.000 337.328565  1022.3980     -0.556     -0.086  0.000e+00
     -0.472    28.1829   5.655947    35.0964     2.2507     0.0376          0     36.250 337.328568  1022.4051     -0.470     -0.131  0.000e+00
     -0.343    28.1918   5.660878    35.1242     2.2419     0.0330          0     36.500 337.328571  1022.4237     -0.341     -0.101  0.000e+00
     -0.235    28.2189   5.660657    35.1025     2.2419     0.0315          0     36.750 337.328573  1022.3990     -0.233     -0.027  0.000e+00
     -0.202    28.2542   5.653401    35.0256     2.2350     0.0131          0     37.000 337.328576  1022.3297     -0.201      0.061  0.000e+00
     -0.235    28.2761   5.652056    35.0000     2.2333     0.0086          0     37.250 337.328579  1022.3031     -0.233      0.130  0.000e+00
     -0.353    28.2601   5.652497    35.0150     2.2302     0.0177          0     37.500 337.328582  1022.3191     -0.352      0.145  0.000e+00
     -0.408    28.2204   5.653166    35.0491     2.2355     0.0093          0     37.750 337.328585  1022.3576     -0.405      0.114  0.000e+00
     -0.418    28.1961   5.654017    35.0731     2.2460     0.0086          0     38.000 337.328588  1022.3835     -0.416      0.049  0.000e+00
     -0.321    28.1889   5.655947    35.0919     2.2320     0.0459          0     38.250 337.328591  1022.4005     -0.319     -0.008  0.000e+00
     -0.224    28.1971   5.658256    35.1019     2.2351     0.0475          0     38.500 337.328594  1022.4057     -0.223     -0.026  0.000e+00
     -0.170    28.2279   5.652626    35.0397     2.2361     0.0475          0     38.750 337.328597  1022.3490     -0.169     -0.003  0.000e+00
     -0.202    28.2555   5.651327    35.0102     2.2363     0.0459          0     39.000 337.328600  1022.3177     -0.201      0.036  0.000e+00
     -0.267    28.2337   5.651457    35.0272     2.2368     0.0101          0     39.250 337.328602  1022.3374     -0.266      0.066  0.000e+00
     -0.332    28.1939   5.652946    35.0672     2.2296     0.0093          0     39.500 337.328605  1022.3803     -0.330      0.073  0.000e+00
     -0.386    28.1716   5.653637    35.0886     2.2247     0.0070          0     39.750 337.328608  1022.4034     -0.384      0.032  0.000e+00
     -0.375    28.1648   5.653357    35.0917     2.2298     0.0177          0     40.000 337.328611  1022.4080     -0.373     -0.022  0.000e+00
     -0.299    28.1685   5.652848    35.0854     2.2259     0.0688          0     40.250 337.328614  1022.4024     -0.298     -0.062  0.000e+00
     -0.224    28.1763   5.652058    35.0740     2.2311     0.0719          0     40.500 337.328617  1022.3916     -0.223     -0.057  0.000e+00
     -0.181    28.1849   5.650356    35.0557     2.2165     0.0757          0     40.750 337.328620  1022.3752     -0.180     -0.014  0.000e+00
     -0.181    28.1901   5.649658    35.0470     2.2153     0.0749          0     41.000 337.328623  1022.3670     -0.180      0.043  0.000e+00
     -0.181    28.1856   5.649217    35.0473     2.2188     0.0215          0     41.250 337.328626  1022.3686     -0.180      0.091  0.000e+00
     -0.235    28.1701   5.649248    35.0590     2.2227     0.0276          0     41.500 337.328628  1022.3823     -0.233      0.101  0.000e+00
     -0.256    28.1545   5.650577    35.0799     2.2228     0.0276          0     41.750 337.328631  1022.4030     -0.255      0.081  0.000e+00
     -0.256    28.1464   5.651899    35.0952     2.2276     0.0253          0     42.000 337.328634  1022.4172     -0.255      0.039  0.000e+00
     -0.181    28.1486   5.651618    35.0915     2.2217     0.0261          0     42.250 337.328637  1022.4140     -0.180      0.012  0.000e+00
     -0.159    28.1617   5.649529    35.0672     2.2156     0.0391          0     42.500 337.328640  1022.3915     -0.158      0.002  0.000e+00
     -0.083    28.1738   5.648808    35.0531     2.2206     0.0490          0     42.750 337.328643  1022.3773     -0.083      0.029  0.000e+00
     -0.105    28.1774   5.648367    35.0474     2.2225     0.0459          0     43.000 337.328646  1022.3717     -0.104      0.055  0.000e+00
     -0.126    28.1644   5.648398    35.0572     2.2211     0.0475          0     43.250 337.328649  1022.3833     -0.126      0.070  0.000e+00
     -0.094    28.1462   5.649279    35.0769     2.2188    -0.0143          0     43.500 337.328652  1022.4042     -0.093      0.090  0.000e+00
     -0.072    28.1364   5.649879    35.0884     2.2194    -0.0220          0     43.750 337.328655  1022.4162     -0.072      0.092  0.000e+00
     -0.051    28.1388   5.649636    35.0849     2.2279    -0.0151          0     44.000 337.328657  1022.4128     -0.051      0.082  0.000e+00
     -0.018    28.1437   5.648588    35.0740     2.2365    -0.0128          0     44.250 337.328660  1022.4031     -0.018      0.067  0.000e+00
     -0.018    28.1444   5.647738    35.0675     2.2442     0.0154          0     44.500 337.328663  1022.3981     -0.018      0.061  0.000e+00
      0.014    28.1446   5.647419    35.0650     2.2457     0.0276          0     44.750 337.328666  1022.3963      0.014      0.061  0.000e+00
      0.025    28.1400   5.648899    35.0789     2.2435     0.0261          0     45.000 337.328669  1022.4082      0.025      0.076  0.000e+00
      0.047    28.1350   5.650357    35.0928     2.2437     0.0185          0     45.250 337.328672  1022.4204      0.046      0.084  0.000e+00
      0.079    28.1388   5.649757    35.0857     2.2168     0.0093          0     45.500 337.328675  1022.4140      0.079      0.082  0.000e+00
      0.101    28.1502   5.647859    35.0640     2.2021     0.0208          0     45.750 337.328678  1022.3940      0.100      0.084  0.000e+00
      0.144    28.1632   5.646978    35.0482     2.1997     0.0109          0     46.000 337.328681  1022.3780      0.143      0.091  0.000e+00
      0.133    28.1630   5.646568    35.0455     2.1981     0.0185          0     46.250 337.328683  1022.3760      0.132      0.088  0.000e+00
      0.133    28.1496   5.646158    35.0525     2.1800     0.0063          0     46.500 337.328686  1022.3857      0.132      0.084  0.000e+00
      0.122    28.1401   5.646318    35.0607     2.1714     0.0055          0     46.750 337.328689  1022.3950      0.122      0.066  0.000e+00
      0.155    28.1358   5.647768    35.0740     2.1824     0.0093          0     47.000 337.328692  1022.4065      0.154      0.059  0.000e+00
      0.155    28.1344   5.648900    35.0830     2.2098     0.0086          0     47.250 337.328695  1022.4137      0.154      0.046  0.000e+00
      0.209    28.1393   5.649758    35.0853     2.2263     0.0047          0     47.500 337.328698  1022.4141      0.208      0.046  0.000e+00
      0.263    28.1569   5.647548    35.0568     2.2189     0.0337          0     47.750 337.328701  1022.3871      0.261      0.061  0.000e+00
      0.306    28.1697   5.646538    35.0402     2.2332     0.0414          0     48.000 337.328704  1022.3706      0.304      0.081  0.000e+00
      0.339    28.1766   5.646280    35.0332     2.2218     0.0330          0     48.250 337.328707  1022.3632      0.337      0.112  0.000e+00
      0.371    28.1746   5.645908    35.0322     2.2192     0.0383          0     48.500 337.328709  1022.3632      0.369      0.134  0.000e+00
      0.382    28.1613   5.645399    35.0384     2.2293    -0.0151          0     48.750 337.328712  1022.3724      0.380      0.143  0.000e+00
      0.349    28.1444   5.645400    35.0510     2.2242    -0.0227          0     49.000 337.328715  1022.3872      0.347      0.124  0.000e+00
      0.317    28.1322   5.647328    35.0736     2.2080    -0.0143          0     49.250 337.328718  1022.4081      0.315      0.092  0.000e+00
      0.349    28.1253   5.649948    35.0971     2.2218    -0.0097          0     49.500 337.328721  1022.4281      0.347      0.057  0.000e+00
      0.393    28.1359   5.652598    35.1077     2.2208     0.0185          0     49.750 337.328724  1022.4328      0.390      0.039  0.000e+00
      0.468    28.1845   5.649848    35.0523     2.2145     0.0177          0     50.000 337.328727  1022.3755      0.466      0.047  0.000e+00
      0.533    28.2345   5.646757    34.9936     2.2005     0.0154          0     50.250 337.328730  1022.3153      0.530      0.073  0.000e+00
      0.544    28.2552   5.646088    34.9736     2.1874     0.0238          0     50.500 337.328733  1022.2935      0.541      0.097  0.000e+00
      0.576    28.2121   5.649437    35.0289     2.1838     0.0200          0     50.750 337.328736  1022.3493      0.573      0.128  0.000e+00
      0.609    28.1679   5.650008    35.0657     2.1835     0.0902          0     51.000 337.328738  1022.3916      0.605      0.156  0.000e+00
      0.566    28.1481   5.649249    35.0751     2.1842     0.0864          0     51.250 337.328741  1022.4050      0.562      0.148  0.000e+00
      0.576    28.1419   5.649310    35.0801     2.1848     0.0948          0     51.500 337.328744  1022.4109      0.573      0.117  0.000e+00
      0.555    28.1432   5.650069    35.0845     2.1962     0.0871          0     51.750 337.328747  1022.4137      0.552      0.073  0.000e+00
      0.566    28.1601   5.650547    35.0753     2.1934     0.0398          0     52.000 337.328750  1022.4012      0.562      0.034  0.000e+00
      0.620    28.1786   5.650387    35.0604     2.1983     0.0452          0     52.250 337.328753  1022.3842      0.616      0.022  0.000e+00
      0.674    28.1920   5.648906    35.0401     2.2040     0.0513          0     52.500 337.328756  1022.3648      0.670      0.037  0.000e+00
      0.706    28.2017   5.647509    35.0231     2.2078     0.0505          0     52.750 337.328759  1022.3490      0.702      0.054  0.000e+00
      0.739    28.2122   5.646537    35.0085     2.2087     0.0330          0     53.000 337.328762  1022.3347      0.734      0.080  0.000e+00
      0.771    28.1964   5.646947    35.0231     2.1913     0.0315          0     53.250 337.328764  1022.3510      0.767      0.115  0.000e+00
      0.760    28.1698   5.648148    35.0512     2.1790     0.0315          0     53.500 337.328767  1022.3808      0.756      0.121  0.000e+00
      0.760    28.1569   5.648808    35.0654     2.1761     0.0299          0     53.750 337.328770  1022.3957      0.756      0.118  0.000e+00
      0.728    28.1568   5.649347    35.0693     2.1740     0.0055          0     54.000 337.328773  1022.3985      0.724      0.087  0.000e+00
      0.739    28.1609   5.650038    35.0711     2.1699    -0.0014          0     54.250 337.328776  1022.3985      0.735      0.051  0.000e+00
      0.749    28.1693   5.651929    35.0781     2.1650    -0.0021          0     54.500 337.328779  1022.4011      0.745      0.025  0.000e+00
      0.814    28.1921   5.653767    35.0739     2.1608     0.0032          0     54.750 337.328782  1022.3908      0.810      0.025  0.000e+00
      0.857    28.2185   5.648617    35.0184     2.1614     0.0032          0     55.000 337.328785  1022.3405      0.853      0.038  0.000e+00
      0.879    28.2317   5.646028    34.9905     2.1691     0.0269          0     55.250 337.328788  1022.3154      0.874      0.057  0.000e+00
