ctd_mafia/cnv/SBE19plus_01906740_2018_12_07_0087.cnv
* Sea-Bird SBE19plus  Data File:
* FileName = C:\Users\all user\Desktop\Patroba _ WWF Mapping Mafia\SBE19plus_01906740_2018_12_07_0087.hex
* Software version 2.6.3.104
* Temperature SN = 6740
* Conductivity SN = 6740
* System UpLoad Time = Dec 07 2018 14:32:56
* <ApplicationData>
* <Seaterm232>
# nquan = 13
# nvalues = 558                                   
# units = specified
# name 0 = prdM: Pressure, Strain Gauge [db]
# name 1 = tv290C: Temperature [ITS-90, deg C]
# name 2 = c0S/m: Conductivity [S/m]
# name 3 = sal00: Salinity, Practical [PSU]
# name 4 = sbeox0ML/L: Oxygen, SBE 43 [ml/l]
# name 5 = flECO-AFL: Fluorescence, WET Labs ECO-AFL/FL [mg/m^3]
# name 6 = nbf: Bottles Fired
# name 7 = timeS: Time, Elapsed [seconds]
# name 8 = timeJ: Julian Days
# name 9 = density00: Density [density, kg/m^3]
# name 10 = depSM: Depth [salt water, m], lat = 0.00
# name 11 = dz/dtM: Descent Rate [m/s]
# name 12 = flag:  0.000e+00
# span 0 =     -1.365,     10.711                 
# span 1 =    28.1099,    28.7646                 
# span 2 =   0.253170,   5.711094                 
# span 3 =     1.2206,    35.3807                 
# span 4 =     1.7269,     2.7277                 
# span 5 =    -0.1845,     4.5916                 
# span 6 =          0,          0                 
# span 7 =      0.000,    139.250                 
# span 8 = 337.441169, 337.442781                 
# span 9 =   997.0086,  1022.5737                 
# span 10 =     -1.357,     10.652                
# span 11 =     -0.786,      0.486                
# span 12 = 0.0000e+00, 0.0000e+00                
# interval = seconds: 0.25
# start_time = Dec 03 2018 10:35:17 [Instrument's time stamp, header]
# bad_flag = -9.990e-29
*END*
[from data line 112]
     -0.110    28.2819   5.692607    35.2788     1.8423     0.0231          0     28.000 337.441493  1022.5113     -0.110      0.020  0.000e+00
     -0.046    28.2766   5.694839    35.2983     1.8433     0.0200          0     28.250 337.441496  1022.5280     -0.045      0.066  0.000e+00
     -0.089    28.2722   5.696493    35.3132     1.8487    -0.0052          0     28.500 337.441499  1022.5404     -0.088      0.084  0.000e+00
     -0.143    28.2684   5.697392    35.3223     1.8395    -0.0197          0     28.750 337.441502  1022.5483     -0.142      0.079  0.000e+00
     -0.208    28.2654   5.697674    35.3266     1.8375    -0.0166          0     29.000 337.441505  1022.5523     -0.207      0.045  0.000e+00
     -0.262    28.2634   5.697004    35.3234     1.8379    -0.0120          0     29.250 337.441508  1022.5503     -0.260     -0.008  0.000e+00
     -0.240    28.2646   5.694298    35.3036     1.8395    -0.0174          0     29.500 337.441510  1022.5351     -0.239     -0.049  0.000e+00
     -0.197    28.2651   5.691998    35.2871     1.8441     0.0162          0     29.750 337.441513  1022.5227     -0.196     -0.077  0.000e+00
     -0.089    28.2635   5.691236    35.2829     1.8431     0.0208          0     30.000 337.441516  1022.5206     -0.088     -0.053  0.000e+00
     -0.024    28.2611   5.693529    35.3008     1.8410     0.0246          0     30.250 337.441519  1022.5350     -0.024     -0.004  0.000e+00
     -0.035    28.2594   5.695282    35.3142     1.8431     0.0284          0     30.500 337.441522  1022.5457     -0.035      0.058  0.000e+00
     -0.111    28.2579   5.696440    35.3235     1.8489     0.0345          0     30.750 337.441525  1022.5528     -0.110      0.085  0.000e+00
     -0.197    28.2565   5.697042    35.3288     1.8420     0.0330          0     31.000 337.441528  1022.5569     -0.196      0.072  0.000e+00
     -0.251    28.2563   5.697583    35.3327     1.8371     0.0437          0     31.250 337.441531  1022.5597     -0.250      0.027  0.000e+00
     -0.273    28.2631   5.696242    35.3182     1.8375     0.0315          0     31.500 337.441534  1022.5465     -0.271     -0.040  0.000e+00
     -0.240    28.2692   5.693117    35.2919     1.8327     0.0093          0     31.750 337.441536  1022.5248     -0.239     -0.089  0.000e+00
     -0.132    28.2710   5.690474    35.2721     1.8336     0.0147          0     32.000 337.441539  1022.5098     -0.131     -0.096  0.000e+00
     -0.002    28.2694   5.690946    35.2765     1.8372     0.0086          0     32.250 337.441542  1022.5142     -0.002     -0.036  0.000e+00
      0.052    28.2660   5.693179    35.2946     1.8389     0.0139          0     32.500 337.441545  1022.5292      0.051      0.054  0.000e+00
      0.008    28.2622   5.694611    35.3074     1.8344     0.0040          0     32.750 337.441548  1022.5398      0.008      0.124  0.000e+00
     -0.132    28.2595   5.695769    35.3176     1.8328     0.0086          0     33.000 337.441551  1022.5478     -0.131      0.128  0.000e+00
     -0.283    28.2574   5.696242    35.3226     1.8349     0.0147          0     33.250 337.441554  1022.5516     -0.282      0.065  0.000e+00
     -0.359    28.2560   5.695510    35.3185     1.8375     0.0131          0     33.500 337.441557  1022.5486     -0.357     -0.031  0.000e+00
     -0.348    28.2588   5.692447    35.2950     1.8376     0.0040          0     33.750 337.441560  1022.5300     -0.346     -0.124  0.000e+00
     -0.240    28.2613   5.690215    35.2775     1.8327     0.0177          0     34.000 337.441562  1022.5166     -0.239     -0.172  0.000e+00
     -0.089    28.2621   5.690756    35.2806     1.8360     0.0238          0     34.250 337.441565  1022.5193     -0.088     -0.144  0.000e+00
     -0.013    28.2605   5.692577    35.2945     1.8302     0.0200          0     34.500 337.441568  1022.5306     -0.013     -0.055  0.000e+00
      0.008    28.2580   5.693948    35.3059     1.8341     0.0315          0     34.750 337.441571  1022.5401      0.008      0.058  0.000e+00
     -0.024    28.2557   5.694695    35.3129     1.8313     0.0353          0     35.000 337.441574  1022.5460     -0.024      0.151  0.000e+00
     -0.056    28.2538   5.695381    35.3191     1.8326     0.0315          0     35.250 337.441577  1022.5511     -0.056      0.190  0.000e+00
     -0.164    28.2525   5.695823    35.3233     1.8235     0.0391          0     35.500 337.441580  1022.5542     -0.164      0.146  0.000e+00
     -0.219    28.2515   5.696173    35.3265     1.8178     0.0360          0     35.750 337.441583  1022.5567     -0.217      0.053  0.000e+00
     -0.273    28.2508   5.696402    35.3286     1.8252     0.0284          0     36.000 337.441586  1022.5583     -0.271     -0.059  0.000e+00
     -0.283    28.2521   5.695251    35.3196     1.8271     0.0231          0     36.250 337.441589  1022.5511     -0.282     -0.143  0.000e+00
     -0.229    28.2538   5.692699    35.3004     1.8330     0.0170          0     36.500 337.441591  1022.5363     -0.228     -0.160  0.000e+00
     -0.132    28.2542   5.691427    35.2912     1.8298     0.0231          0     36.750 337.441594  1022.5297     -0.131     -0.116  0.000e+00
     -0.056    28.2533   5.691785    35.2943     1.8301     0.0231          0     37.000 337.441597  1022.5326     -0.056     -0.037  0.000e+00
     -0.024    28.2532   5.692478    35.2993     1.8370     0.0208          0     37.250 337.441600  1022.5366     -0.024      0.045  0.000e+00
     -0.046    28.2530   5.693308    35.3053     1.8245     0.0215          0     37.500 337.441603  1022.5410     -0.045      0.110  0.000e+00
     -0.110    28.2524   5.693468    35.3069     1.8195     0.0215          0     37.750 337.441606  1022.5421     -0.110      0.120  0.000e+00
     -0.164    28.2522   5.693278    35.3057     1.8171     0.0276          0     38.000 337.441609  1022.5411     -0.164      0.095  0.000e+00
     -0.186    28.2516   5.693278    35.3061     1.8178     0.0116          0     38.250 337.441612  1022.5415     -0.185      0.043  0.000e+00
     -0.197    28.2512   5.693979    35.3113     1.8128     0.0032          0     38.500 337.441615  1022.5455     -0.196     -0.022  0.000e+00
     -0.154    28.2510   5.694771    35.3170     1.8142     0.0093          0     38.750 337.441617  1022.5500     -0.153     -0.063  0.000e+00
     -0.132    28.2508   5.695350    35.3212     1.8093     0.0002          0     39.000 337.441620  1022.5533     -0.131     -0.071  0.000e+00
     -0.154    28.2506   5.695739    35.3241     1.8121     0.0101          0     39.250 337.441623  1022.5555     -0.153     -0.060  0.000e+00
     -0.164    28.2506   5.696112    35.3267     1.8097     0.0040          0     39.500 337.441626  1022.5574     -0.164     -0.034  0.000e+00
     -0.186    28.2504   5.696531    35.3298     1.8069     0.0116          0     39.750 337.441629  1022.5597     -0.185     -0.012  0.000e+00
     -0.121    28.2502   5.696722    35.3312     1.8018     0.0093          0     40.000 337.441632  1022.5611     -0.121      0.016  0.000e+00
     -0.056    28.2504   5.696653    35.3306     1.8037     0.0467          0     40.250 337.441635  1022.5608     -0.056      0.043  0.000e+00
     -0.035    28.2506   5.696402    35.3287     1.8143     0.0475          0     40.500 337.441638  1022.5594     -0.035      0.062  0.000e+00
     -0.056    28.2510   5.696021    35.3257     1.8164     0.0543          0     40.750 337.441641  1022.5570     -0.056      0.061  0.000e+00
     -0.154    28.2515   5.696135    35.3262     1.8176     0.0505          0     41.000 337.441644  1022.5568     -0.153      0.040  0.000e+00
     -0.240    28.2518   5.696653    35.3296     1.8175     0.0292          0     41.250 337.441646  1022.5589     -0.239      0.002  0.000e+00
     -0.262    28.2521   5.697072    35.3323     1.8116     0.0345          0     41.500 337.441649  1022.5607     -0.260     -0.041  0.000e+00
     -0.262    28.2525   5.697293    35.3336     1.8116     0.0406          0     41.750 337.441652  1022.5615     -0.260     -0.081  0.000e+00
     -0.175    28.2531   5.697423    35.3340     1.8096     0.0330          0     42.000 337.441655  1022.5620     -0.174     -0.098  0.000e+00
     -0.100    28.2544   5.697294    35.3321     1.8067     0.0391          0     42.250 337.441658  1022.5605     -0.099     -0.074  0.000e+00
      0.041    28.2556   5.696913    35.3285     1.7961     0.0185          0     42.500 337.441661  1022.5580      0.041      0.007  0.000e+00
      0.041    28.2561   5.696463    35.3250     1.7918     0.0154          0     42.750 337.441664  1022.5552      0.041      0.089  0.000e+00
     -0.002    28.2562   5.696135    35.3226     1.7874     0.0269          0     43.000 337.441667  1022.5532     -0.002      0.148  0.000e+00
     -0.121    28.2562   5.696531    35.3254     1.7874     0.0223          0     43.250 337.441670  1022.5548     -0.121      0.138  0.000e+00
     -0.197    28.2566   5.697103    35.3291     1.7803     0.0276          0     43.500 337.441672  1022.5571     -0.196      0.078  0.000e+00
     -0.229    28.2573   5.697453    35.3311     1.7698     0.0284          0     43.750 337.441675  1022.5582     -0.228     -0.001  0.000e+00
     -0.273    28.2581   5.697613    35.3316     1.7739     0.0292          0     44.000 337.441678  1022.5581     -0.271     -0.094  0.000e+00
     -0.208    28.2590   5.697774    35.3320     1.7775     0.0292          0     44.250 337.441681  1022.5584     -0.207     -0.141  0.000e+00
     -0.132    28.2598   5.697804    35.3316     1.7687    -0.0143          0     44.500 337.441684  1022.5582     -0.131     -0.139  0.000e+00
     -0.024    28.2609   5.697614    35.3294     1.7704    -0.0166          0     44.750 337.441687  1022.5567     -0.024     -0.060  0.000e+00
      0.052    28.2611   5.696905    35.3243     1.7668    -0.0097          0     45.000 337.441690  1022.5531      0.051      0.044  0.000e+00
      0.041    28.2613   5.696402    35.3207     1.7660    -0.0197          0     45.250 337.441693  1022.5502      0.041      0.130  0.000e+00
     -0.035    28.2609   5.696531    35.3219     1.7714     0.0498          0     45.500 337.441696  1022.5510     -0.035      0.153  0.000e+00
     -0.197    28.2611   5.697423    35.3280     1.7792     0.0505          0     45.750 337.441698  1022.5548     -0.196      0.102  0.000e+00
     -0.305    28.2616   5.697903    35.3310     1.7836     0.0459          0     46.000 337.441701  1022.5565     -0.303      0.011  0.000e+00
     -0.283    28.2622   5.696912    35.3236     1.7884     0.0452          0     46.250 337.441704  1022.5507     -0.282     -0.084  0.000e+00
     -0.164    28.2624   5.693499    35.2996     1.7934     0.0459          0     46.500 337.441707  1022.5331     -0.164     -0.124  0.000e+00
     -0.024    28.2611   5.691647    35.2876     1.7803     0.0231          0     46.750 337.441710  1022.5252     -0.024     -0.104  0.000e+00
      0.052    28.2590   5.690832    35.2834     1.7777     0.0215          0     47.000 337.441713  1022.5230      0.051     -0.036  0.000e+00
      0.041    28.2566   5.690215    35.2809     1.7625     0.0276          0     47.250 337.441716  1022.5219      0.041      0.050  0.000e+00
     -0.067    28.2536   5.690215    35.2832     1.7569     0.0147          0     47.500 337.441719  1022.5241     -0.067      0.104  0.000e+00
     -0.154    28.2523   5.691427    35.2927     1.7427     0.0345          0     47.750 337.441722  1022.5313     -0.153      0.117  0.000e+00
     -0.197    28.2513   5.692638    35.3019     1.7455     0.0459          0     48.000 337.441725  1022.5384     -0.196      0.072  0.000e+00
     -0.186    28.2509   5.693240    35.3064     1.7425     0.0345          0     48.250 337.441727  1022.5419     -0.185     -0.006  0.000e+00
     -0.154    28.2502   5.693849    35.3111     1.7392     0.0315          0     48.500 337.441730  1022.5459     -0.153     -0.076  0.000e+00
     -0.110    28.2495   5.694230    35.3143     1.7547     0.0391          0     48.750 337.441733  1022.5487     -0.110     -0.103  0.000e+00
     -0.056    28.2489   5.694421    35.3161     1.7510     0.0315          0     49.000 337.441736  1022.5505     -0.056     -0.073  0.000e+00
      0.008    28.2483   5.694451    35.3168     1.7531     0.0337          0     49.250 337.441739  1022.5514      0.008      0.002  0.000e+00
     -0.002    28.2481   5.694390    35.3165     1.7568     0.0292          0     49.500 337.441742  1022.5512     -0.002      0.073  0.000e+00
     -0.024    28.2481   5.694139    35.3147     1.7559     0.0292          0     49.750 337.441745  1022.5498     -0.024      0.106  0.000e+00
     -0.067    28.2478   5.693880    35.3132     1.7542     0.0307          0     50.000 337.441748  1022.5486     -0.067      0.095  0.000e+00
     -0.100    28.2481   5.694101    35.3145     1.7607     0.0330          0     50.250 337.441751  1022.5493     -0.099      0.055  0.000e+00
     -0.111    28.2481   5.694299    35.3159     1.7564     0.0292          0     50.500 337.441753  1022.5503     -0.110      0.010  0.000e+00
     -0.100    28.2482   5.694299    35.3158     1.7471     0.0429          0     50.750 337.441756  1022.5503     -0.099     -0.027  0.000e+00
     -0.121    28.2484   5.694200    35.3150     1.7487     0.0177          0     51.000 337.441759  1022.5495     -0.121     -0.058  0.000e+00
     -0.143    28.2484   5.694390    35.3163     1.7466     0.0192          0     51.250 337.441762  1022.5504     -0.142     -0.077  0.000e+00
     -0.154    28.2486   5.694840    35.3193     1.7365     0.0276          0     51.500 337.441765  1022.5526     -0.153     -0.071  0.000e+00
     -0.154    28.2488   5.694962    35.3200     1.7409     0.0223          0     51.750 337.441768  1022.5530     -0.153     -0.058  0.000e+00
     -0.078    28.2487   5.693910    35.3127     1.7422     0.0070          0     52.000 337.441771  1022.5479     -0.078     -0.022  0.000e+00
      0.052    28.2489   5.693339    35.3085     1.7434     0.0047          0     52.250 337.441774  1022.5452      0.051      0.037  0.000e+00
      0.117    28.2488   5.692988    35.3061     1.7442     0.0017          0     52.500 337.441777  1022.5438      0.116      0.096  0.000e+00
      0.149    28.2485   5.692349    35.3019     1.7510     0.0070          0     52.750 337.441780  1022.5408      0.148      0.145  0.000e+00
      0.117    28.2483   5.692029    35.2998     1.7460     0.0223          0     53.000 337.441782  1022.5391      0.116      0.172  0.000e+00
      0.041    28.2482   5.691907    35.2990     1.7478     0.0124          0     53.250 337.441785  1022.5383      0.041      0.156  0.000e+00
     -0.035    28.2478   5.692288    35.3020     1.7472     0.0177          0     53.500 337.441788  1022.5403     -0.035      0.103  0.000e+00
     -0.089    28.2474   5.692668    35.3050     1.7424     0.0276          0     53.750 337.441791  1022.5425     -0.088      0.025  0.000e+00
     -0.078    28.2477   5.691876    35.2992     1.7444     0.0063          0     54.000 337.441794  1022.5381     -0.078     -0.055  0.000e+00
      0.041    28.2473   5.689926    35.2858     1.7419    -0.0029          0     54.250 337.441797  1022.5287      0.041     -0.084  0.000e+00
      0.192    28.2462   5.688372    35.2757     1.7423     0.0162          0     54.500 337.441800  1022.5221      0.191     -0.036  0.000e+00
      0.300    28.2447   5.687824    35.2730     1.7440     0.0170          0     54.750 337.441803  1022.5209      0.299      0.053  0.000e+00
      0.387    28.2435   5.687862    35.2742     1.7808     0.0131          0     55.000 337.441806  1022.5226      0.385      0.163  0.000e+00
      0.408    28.2427   5.688114    35.2765     1.8077     0.0292          0     55.250 337.441808  1022.5247      0.406      0.252  0.000e+00
