ctd_mafia/cnv/SBE19plus_01906740_2018_12_07_0108.cnv
* Sea-Bird SBE19plus  Data File:
* FileName = C:\Users\all user\Desktop\Patroba _ WWF Mapping Mafia\SBE19plus_01906740_2018_12_07_0108.hex
* Software version 2.6.3.104
* Temperature SN = 6740
* Conductivity SN = 6740
* System UpLoad Time = Dec 07 2018 14:37:30
* <ApplicationData>
* <Seaterm232>
# nquan = 13
# nvalues = 258                                   
# units = specified
# name 0 = prdM: Pressure, Strain Gauge [db]
# name 1 = tv290C: Temperature [ITS-90, deg C]
# name 2 = c0S/m: Conductivity [S/m]
# name 3 = sal00: Salinity, Practical [PSU]
# name 4 = sbeox0ML/L: Oxygen, SBE 43 [ml/l]
# name 5 = flECO-AFL: Fluorescence, WET Labs ECO-AFL/FL [mg/m^3]
# name 6 = nbf: Bottles Fired
# name 7 = timeS: Time, Elapsed [seconds]
# name 8 = timeJ: Julian Days
# name 9 = density00: Density [density, kg/m^3]
# name 10 = depSM: Depth [salt water, m], lat = 0.00
# name 11 = dz/dtM: Descent Rate [m/s]
# name 12 = flag:  0.000e+00
# span 0 =     -1.416,      1.968                 
# span 1 =    27.1537,    28.2658                 
# span 2 =   0.187839,   5.687321                 
# span 3 =     0.9086,    35.2628                 
# span 4 =     1.4712,     4.6643                 
# span 5 =    -0.0815,     2.4157                 
# span 6 =          0,          0                 
# span 7 =      0.000,     64.250                 
# span 8 = 338.456852, 338.457595                 
# span 9 =   997.1316,  1022.5157                 
# span 10 =     -1.408,      1.957                
# span 11 =     -0.734,      0.281                
# span 12 = 0.0000e+00, 0.0000e+00                
# interval = seconds: 0.25
# start_time = Dec 04 2018 10:57:52 [Instrument's time stamp, header]
# bad_flag = -9.990e-29
*END*
     -1.394    27.1537   0.632610     3.2893     3.4027     2.4126          0      0.000 338.456852   998.9340     -1.386 -4.211e-16  0.000e+00
     -1.383    27.1550   0.629122     3.2698     3.3344     2.4119          0      0.250 338.456855   998.9191     -1.376      0.003  0.000e+00
     -1.372    27.1562   0.621579     3.2279     3.4315     2.4157          0      0.500 338.456858   998.8875     -1.365      0.008  0.000e+00
     -1.394    27.1574   0.626061     3.2527     3.5762     2.4157          0      0.750 338.456861   998.9056     -1.386      0.006  0.000e+00
     -1.383    27.1586   0.614267     3.1872     3.6676    -0.0281          0      1.000 338.456863   998.8563     -1.376      0.006  0.000e+00
     -1.394    27.1599   0.603894     3.1297     3.7116    -0.0204          0      1.250 338.456866   998.8129     -1.386      0.004  0.000e+00
     -1.383    27.1615   0.608841     3.1570     3.7093    -0.0227          0      1.500 338.456869   998.8329     -1.376      0.004  0.000e+00
     -1.394    27.1630   0.614746     3.1896     3.5719    -0.0204          0      1.750 338.456872   998.8568     -1.386     -0.000  0.000e+00
     -1.383    27.1643   0.662076     3.4525     3.4474    -0.0265          0      2.000 338.456875   999.0531     -1.376     -0.001  0.000e+00
     -1.405    27.1655   0.637973     3.3183     3.4593    -0.0227          0      2.250 338.456878   998.9523     -1.397     -0.008  0.000e+00
     -1.383    27.1663   0.611994     3.1741     3.5532    -0.0250          0      2.500 338.456881   998.8443     -1.376     -0.005  0.000e+00
     -1.405    27.1672   0.648586     3.3771     3.3367    -0.0212          0      2.750 338.456884   998.9959     -1.397     -0.004  0.000e+00
     -1.383    27.1684   0.617979     3.2071     3.2090    -0.0227          0      3.000 338.456887   998.8684     -1.376     -0.003  0.000e+00
     -1.383    27.1703   0.569363     2.9385     3.2213    -0.0250          0      3.250 338.456889   998.6670     -1.376      0.001  0.000e+00
     -1.383    27.1741   0.497897     2.5471     3.2065    -0.0166          0      3.500 338.456892   998.3729     -1.376      0.002  0.000e+00
     -1.383    27.1790   0.397085     2.0027     3.1686    -0.0227          0      3.750 338.456895   997.9638     -1.376      0.006  0.000e+00
     -1.373    27.1843   0.325582     1.6227     3.6948    -0.0227          0      4.000 338.456898   997.6776     -1.365      0.009  0.000e+00
     -1.383    27.1903   0.287214     1.4212     3.7528    -0.0311          0      4.250 338.456901   997.5248     -1.376      0.011  0.000e+00
     -1.383    27.1957   0.261837     1.2890     3.3768    -0.0181          0      4.500 338.456904   997.4240     -1.376      0.006  0.000e+00
     -1.405    27.2005   0.244412     1.1986     3.4007    -0.0258          0      4.750 338.456907   997.3548     -1.397      0.001  0.000e+00
     -1.394    27.2045   0.233131     1.1404     3.4870    -0.0273          0      5.000 338.456910   997.3100     -1.386     -0.007  0.000e+00
     -1.405    27.2078   0.223622     1.0915     3.4944    -0.0273          0      5.250 338.456913   997.2723     -1.397     -0.011  0.000e+00
     -1.383    27.2105   0.213689     1.0405     3.4373    -0.0288          0      5.500 338.456916   997.2334     -1.376     -0.009  0.000e+00
     -1.405    27.2128   0.220010     1.0728     3.4981    -0.0227          0      5.750 338.456918   997.2569     -1.397     -0.011  0.000e+00
     -1.383    27.2146   0.213728     1.0406     3.3888    -0.0227          0      6.000 338.456921   997.2324     -1.376     -0.007  0.000e+00
     -1.405    27.2167   0.202335     0.9824     3.7000     0.0116          0      6.250 338.456924   997.1880     -1.397     -0.005  0.000e+00
     -1.416    27.2187   0.204457     0.9932     3.9325     0.0147          0      6.500 338.456927   997.1955     -1.408     -0.007  0.000e+00
     -1.383    27.2204   0.187839     0.9086     4.5213     0.0124          0      6.750 338.456930   997.1316     -1.376      0.002  0.000e+00
     -1.405    27.2222   0.418710     2.1167     4.1733     0.0124          0      7.000 338.456933   998.0370     -1.397     -0.003  0.000e+00
     -1.394    27.2239   0.600421     3.1063     4.6643    -0.0242          0      7.250 338.456936   998.7774     -1.386     -0.001  0.000e+00
     -1.383    27.2315   0.537480     2.7599     4.0293    -0.0258          0      7.500 338.456939   998.5161     -1.376      0.001  0.000e+00
     -1.372    27.2515   0.456469     2.3186     4.0093    -0.0265          0      7.750 338.456942   998.1801     -1.365      0.011  0.000e+00
     -1.340    27.2754   0.389521     1.9583     4.0378    -0.0326          0      8.000 338.456944   997.9038     -1.333      0.022  0.000e+00
     -1.275    27.2969   0.355870     1.7787     4.2677    -0.0311          0      8.250 338.456947   997.7635     -1.268      0.053  0.000e+00
     -1.243    27.3145   0.329023     1.6364     3.6127     0.0116          0      8.500 338.456950   997.6520     -1.236      0.078  0.000e+00
     -1.221    27.3341   0.301390     1.4909     3.4928     0.0154          0      8.750 338.456953   997.5376     -1.215      0.094  0.000e+00
     -1.178    27.4688   0.272548     1.3370     4.0710     0.0124          0      9.000 338.456956   997.3846     -1.171      0.120  0.000e+00
     -1.102    27.6641   0.248530     1.2083     2.9250     0.0116          0      9.250 338.456959   997.2333     -1.096      0.145  0.000e+00
     -0.994    27.8092   1.888713    10.5424     2.4197    -0.0670          0      9.500 338.456962  1004.1593     -0.989      0.183  0.000e+00
     -0.908    27.9414   3.012587    17.5152     2.1465    -0.0601          0      9.750 338.456965  1009.3183     -0.903      0.220  0.000e+00
     -0.854    28.0369   3.374852    19.8084     2.2015    -0.0647          0     10.000 338.456968  1011.0004     -0.849      0.244  0.000e+00
     -0.789    28.0889   5.441800    33.6711     2.1813    -0.0601          0     10.250 338.456970  1021.3634     -0.784      0.262  0.000e+00
     -0.735    28.1195   5.666451    35.2172     2.4068     0.1390          0     10.500 338.456973  1022.5157     -0.731      0.278  0.000e+00
     -0.692    28.1414   5.668070    35.2122     2.5625     0.1337          0     10.750 338.456976  1022.5049     -0.688      0.281  0.000e+00
     -0.648    28.1635   5.672184    35.2245     2.7929     0.1489          0     11.000 338.456979  1022.5071     -0.645      0.266  0.000e+00
     -0.605    28.1840   5.676224    35.2374     3.1463     0.1413          0     11.250 338.456982  1022.5103     -0.602      0.239  0.000e+00
     -0.583    28.2003   5.679686    35.2495     3.1150     0.1360          0     11.500 338.456985  1022.5141     -0.580      0.204  0.000e+00
     -0.562    28.2126   5.681048    35.2498     3.0288     0.1352          0     11.750 338.456988  1022.5104     -0.559      0.177  0.000e+00
     -0.508    28.2239   5.680667    35.2387     2.5986     0.1299          0     12.000 338.456991  1022.4985     -0.505      0.164  0.000e+00
     -0.454    28.2320   5.679465    35.2242     2.7080     0.1291          0     12.250 338.456994  1022.4852     -0.451      0.156  0.000e+00
     -0.475    28.2355   5.679777    35.2239     2.7741     0.1261          0     12.500 338.456997  1022.4837     -0.473      0.138  0.000e+00
     -0.454    28.2363   5.680987    35.2317     2.8357     0.1550          0     12.750 338.456999  1022.4894     -0.451      0.123  0.000e+00
     -0.454    28.2382   5.681748    35.2356     2.7886     0.1589          0     13.000 338.457002  1022.4918     -0.451      0.104  0.000e+00
     -0.443    28.2398   5.682037    35.2365     2.9925     0.1512          0     13.250 338.457005  1022.4919     -0.440      0.086  0.000e+00
     -0.410    28.2420   5.681847    35.2334     3.1236     0.1505          0     13.500 338.457008  1022.4891     -0.408      0.077  0.000e+00
     -0.400    28.2439   5.683027    35.2403     3.2667     0.1703          0     13.750 338.457011  1022.4937     -0.397      0.066  0.000e+00
     -0.389    28.2457   5.683659    35.2433     3.2197     0.1734          0     14.000 338.457014  1022.4954     -0.387      0.052  0.000e+00
     -0.313    28.2476   5.684070    35.2448     3.2330     0.1650          0     14.250 338.457017  1022.4962     -0.311      0.065  0.000e+00
     -0.270    28.2484   5.684550    35.2476     3.2090     0.1665          0     14.500 338.457020  1022.4982     -0.268      0.094  0.000e+00
     -0.259    28.2497   5.683499    35.2392     3.1343     0.1695          0     14.750 338.457023  1022.4915     -0.258      0.107  0.000e+00
     -0.259    28.2505   5.680637    35.2186     3.1070     0.1634          0     15.000 338.457025  1022.4758     -0.258      0.113  0.000e+00
     -0.237    28.2515   5.677684    35.1972     3.0624     0.1703          0     15.250 338.457028  1022.4595     -0.236      0.112  0.000e+00
     -0.226    28.2522   5.678665    35.2036     3.0280     0.1726          0     15.500 338.457031  1022.4640     -0.225      0.102  0.000e+00
     -0.226    28.2534   5.680736    35.2171     3.0201     0.1673          0     15.750 338.457034  1022.4738     -0.225      0.089  0.000e+00
     -0.248    28.2548   5.683209    35.2334     3.0519     0.1718          0     16.000 338.457037  1022.4855     -0.247      0.062  0.000e+00
     -0.226    28.2532   5.684192    35.2415     3.1081     0.1718          0     16.250 338.457040  1022.4922     -0.225      0.034  0.000e+00
     -0.237    28.2518   5.684930    35.2476     3.1551     0.1665          0     16.500 338.457043  1022.4973     -0.236      0.017  0.000e+00
     -0.237    28.2529   5.685250    35.2491     2.9543     0.1642          0     16.750 338.457046  1022.4980     -0.236      0.010  0.000e+00
     -0.237    28.2548   5.685379    35.2485     3.2276     0.1276          0     17.000 338.457049  1022.4969     -0.236      0.004  0.000e+00
     -0.226    28.2579   5.685311    35.2457     3.2579     0.1360          0     17.250 338.457052  1022.4938     -0.225      0.000  0.000e+00
     -0.226    28.2607   5.685280    35.2435     3.1850     0.1329          0     17.500 338.457054  1022.4912     -0.225      0.001  0.000e+00
     -0.237    28.2626   5.685059    35.2405     3.0835     0.1360          0     17.750 338.457057  1022.4883     -0.236      0.001  0.000e+00
     -0.248    28.2634   5.685059    35.2399     3.0363     0.1573          0     18.000 338.457060  1022.4875     -0.247      0.000  0.000e+00
     -0.237    28.2639   5.684869    35.2382     2.9649     0.1535          0     18.250 338.457063  1022.4862     -0.236     -0.004  0.000e+00
     -0.237    28.2633   5.684420    35.2355     2.9446     0.1535          0     18.500 338.457066  1022.4843     -0.236     -0.002  0.000e+00
     -0.215    28.2627   5.684131    35.2339     2.8763     0.1520          0     18.750 338.457069  1022.4834     -0.214      0.003  0.000e+00
     -0.237    28.2621   5.683818    35.2322     2.7841     0.1482          0     19.000 338.457072  1022.4823     -0.236      0.001  0.000e+00
     -0.226    28.2611   5.683560    35.2311     2.7753     0.1505          0     19.250 338.457075  1022.4818     -0.225      0.002  0.000e+00
     -0.226    28.2606   5.682707    35.2255     2.8181     0.1573          0     19.500 338.457078  1022.4778     -0.225      0.005  0.000e+00
     -0.248    28.2593   5.682517    35.2252     2.8341     0.1520          0     19.750 338.457080  1022.4778     -0.247      0.003  0.000e+00
     -0.237    28.2583   5.682928    35.2288     2.8185     0.1703          0     20.000 338.457083  1022.4809     -0.236      0.002  0.000e+00
     -0.237    28.2580   5.683247    35.2312     2.7716     0.1703          0     20.250 338.457086  1022.4829     -0.236     -0.004  0.000e+00
     -0.226    28.2579   5.683149    35.2306     2.7688     0.1589          0     20.500 338.457089  1022.4825     -0.225     -0.003  0.000e+00
     -0.226    28.2582   5.683118    35.2302     2.7398     0.1657          0     20.750 338.457092  1022.4821     -0.225     -0.003  0.000e+00
     -0.226    28.2588   5.683179    35.2302     2.7139     0.1589          0     21.000 338.457095  1022.4818     -0.225      0.004  0.000e+00
     -0.215    28.2588   5.683118    35.2297     2.6892     0.1436          0     21.250 338.457098  1022.4816     -0.214      0.006  0.000e+00
     -0.205    28.2587   5.683019    35.2291     2.7420     0.1398          0     21.500 338.457101  1022.4812     -0.204      0.014  0.000e+00
     -0.205    28.2586   5.682707    35.2270     2.7376     0.1421          0     21.750 338.457104  1022.4796     -0.204      0.021  0.000e+00
     -0.205    28.2584   5.682357    35.2247     2.7763     0.1467          0     22.000 338.457106  1022.4780     -0.204      0.019  0.000e+00
     -0.237    28.2581   5.682128    35.2233     2.7575     0.1436          0     22.250 338.457109  1022.4769     -0.236      0.009  0.000e+00
     -0.205    28.2585   5.681976    35.2220     2.7629     0.1436          0     22.500 338.457112  1022.4759     -0.204      0.007  0.000e+00
     -0.216    28.2589   5.681748    35.2201     2.7638     0.1413          0     22.750 338.457115  1022.4743     -0.214      0.004  0.000e+00
     -0.226    28.2591   5.681588    35.2188     2.8210     0.1451          0     23.000 338.457118  1022.4732     -0.225     -0.002  0.000e+00
     -0.216    28.2597   5.681626    35.2186     2.7703     0.1802          0     23.250 338.457121  1022.4730     -0.214     -0.006  0.000e+00
     -0.194    28.2599   5.681908    35.2205     2.7318     0.1779          0     23.500 338.457124  1022.4743     -0.193     -0.001  0.000e+00
     -0.194    28.2603   5.682326    35.2231     2.6935     0.1787          0     23.750 338.457127  1022.4762     -0.193      0.006  0.000e+00
     -0.205    28.2608   5.682638    35.2249     2.7803     0.1764          0     24.000 338.457130  1022.4774     -0.204      0.010  0.000e+00
     -0.226    28.2614   5.682989    35.2269     2.7970     0.1474          0     24.250 338.457133  1022.4786     -0.225      0.008  0.000e+00
     -0.205    28.2617   5.683278    35.2287     2.7754     0.1459          0     24.500 338.457135  1022.4799     -0.204      0.002  0.000e+00
     -0.205    28.2618   5.683598    35.2309     2.7884     0.1436          0     24.750 338.457138  1022.4815     -0.204      0.005  0.000e+00
     -0.216    28.2617   5.683788    35.2323     2.7240     0.1406          0     25.000 338.457141  1022.4826     -0.214      0.001  0.000e+00
     -0.205    28.2609   5.683910    35.2337     2.7148     0.1459          0     25.250 338.457144  1022.4839     -0.204     -0.003  0.000e+00
     -0.205    28.2600   5.683910    35.2344     2.6658     0.1550          0     25.500 338.457147  1022.4847     -0.204     -0.005  0.000e+00
     -0.226    28.2598   5.683948    35.2348     2.6421     0.1581          0     25.750 338.457150  1022.4850     -0.225     -0.006  0.000e+00
     -0.216    28.2590   5.683910    35.2351     2.6770     0.1573          0     26.000 338.457153  1022.4856     -0.214     -0.003  0.000e+00
     -0.226    28.2590   5.683948    35.2354     2.7787     0.1642          0     26.250 338.457156  1022.4857     -0.225     -0.004  0.000e+00
     -0.237    28.2590   5.684100    35.2365     2.7953     0.1276          0     26.500 338.457159  1022.4865     -0.236     -0.014  0.000e+00
     -0.216    28.2589   5.684298    35.2379     2.7041     0.1344          0     26.750 338.457161  1022.4877     -0.214     -0.011  0.000e+00
     -0.216    28.2589   5.684420    35.2388     2.6804     0.1322          0     27.000 338.457164  1022.4883     -0.214     -0.006  0.000e+00
     -0.216    28.2589   5.684389    35.2385     2.6535     0.1375          0     27.250 338.457167  1022.4882     -0.214     -0.005  0.000e+00
     -0.205    28.2588   5.684329    35.2382     2.5422     0.1413          0     27.500 338.457170  1022.4880     -0.204      0.003  0.000e+00
