ctd_mafia/cnv/SBE19plus_01906740_2018_12_07_0075.cnv
* Sea-Bird SBE19plus  Data File:
* FileName = C:\Users\all user\Desktop\Patroba _ WWF Mapping Mafia\SBE19plus_01906740_2018_12_07_0075.hex
* Software version 2.6.3.104
* Temperature SN = 6740
* Conductivity SN = 6740
* System UpLoad Time = Dec 07 2018 14:30:02
* <ApplicationData>
* <Seaterm232>
# nquan = 13
# nvalues = 772                                   
# units = specified
# name 0 = prdM: Pressure, Strain Gauge [db]
# name 1 = tv290C: Temperature [ITS-90, deg C]
# name 2 = c0S/m: Conductivity [S/m]
# name 3 = sal00: Salinity, Practical [PSU]
# name 4 = sbeox0ML/L: Oxygen, SBE 43 [ml/l]
# name 5 = flECO-AFL: Fluorescence, WET Labs ECO-AFL/FL [mg/m^3]
# name 6 = nbf: Bottles Fired
# name 7 = timeS: Time, Elapsed [seconds]
# name 8 = timeJ: Julian Days
# name 9 = density00: Density [density, kg/m^3]
# name 10 = depSM: Depth [salt water, m], lat = 0.00
# name 11 = dz/dtM: Descent Rate [m/s]
# name 12 = flag:  0.000e+00
# span 0 =     -1.345,     13.422                 
# span 1 =    27.8210,    28.5977                 
# span 2 =   0.519060,   5.719911                 
# span 3 =     2.5857,    35.2359                 
# span 4 =     2.0370,     3.9861                 
# span 5 =    -0.3195,    48.6864                 
# span 6 =          0,          0                 
# span 7 =      0.000,    192.750                 
# span 8 = 337.336794, 337.339025                 
# span 9 =   997.9974,  1022.4294                 
# span 10 =     -1.338,     13.347                
# span 11 =     -1.259,      0.507                
# span 12 = 0.0000e+00, 0.0000e+00                
# interval = seconds: 0.25
# start_time = Dec 03 2018 08:04:59 [Instrument's time stamp, header]
# bad_flag = -9.990e-29
*END*
[from data line 223]
      0.406    28.5692   5.707863    35.1712     2.1110     0.0345          0     55.750 337.337439  1022.3378      0.403      0.099  0.000e+00
      0.460    28.5687   5.706711    35.1636     2.0914     0.0360          0     56.000 337.337442  1022.3325      0.457      0.058  0.000e+00
      0.611    28.5672   5.707215    35.1681     2.0906     0.0170          0     56.250 337.337445  1022.3370      0.608      0.046  0.000e+00
      0.730    28.5664   5.708885    35.1803     2.0935     0.0238          0     56.500 337.337448  1022.3469      0.726      0.072  0.000e+00
      0.784    28.5672   5.709778    35.1859     2.1022     0.0330          0     56.750 337.337451  1022.3511      0.780      0.120  0.000e+00
      0.751    28.5688   5.710456    35.1894     2.0888     0.0276          0     57.000 337.337454  1022.3531      0.747      0.161  0.000e+00
      0.654    28.5699   5.709686    35.1832     2.0812     0.0452          0     57.250 337.337457  1022.3476      0.651      0.177  0.000e+00
      0.579    28.5702   5.708244    35.1730     2.0738     0.0505          0     57.500 337.337459  1022.3395      0.575      0.141  0.000e+00
      0.535    28.5691   5.707092    35.1659     2.0658     0.0444          0     57.750 337.337462  1022.3344      0.532      0.066  0.000e+00
      0.568    28.5686   5.706322    35.1609     2.0696     0.0490          0     58.000 337.337465  1022.3310      0.565     -0.015  0.000e+00
      0.665    28.5689   5.706391    35.1612     2.0646     0.0574          0     58.250 337.337468  1022.3314      0.661     -0.063  0.000e+00
      0.784    28.5692   5.708374    35.1747     2.0664     0.0582          0     58.500 337.337471  1022.3420      0.780     -0.042  0.000e+00
      0.881    28.5695   5.709717    35.1838     2.0674     0.0574          0     58.750 337.337474  1022.3492      0.876      0.033  0.000e+00
      0.903    28.5703   5.710418    35.1880     2.0668     0.0559          0     59.000 337.337477  1022.3521      0.898      0.122  0.000e+00
      0.838    28.5716   5.710517    35.1877     2.0699     0.0559          0     59.250 337.337480  1022.3512      0.833      0.174  0.000e+00
      0.741    28.5726   5.710136    35.1844     2.0715     0.0475          0     59.500 337.337483  1022.3480      0.737      0.163  0.000e+00
      0.654    28.5727   5.708725    35.1745     2.0685     0.0444          0     59.750 337.337486  1022.3402      0.651      0.097  0.000e+00
      0.643    28.5717   5.708153    35.1713     2.0508     0.0536          0     60.000 337.337488  1022.3380      0.640      0.009  0.000e+00
      0.719    28.5707   5.714035    35.2128     2.0709     0.0543          0     60.250 337.337491  1022.3699      0.715     -0.055  0.000e+00
      0.849    28.5719   5.715767    35.2240     2.0729     0.0017          0     60.500 337.337494  1022.3784      0.844     -0.062  0.000e+00
      0.957    28.5739   5.715996    35.2241     2.0729     0.0131          0     60.750 337.337497  1022.3783      0.952     -0.013  0.000e+00
      1.011    28.5763   5.716118    35.2231     2.0570     0.0124          0     61.000 337.337500  1022.3770      1.005      0.071  0.000e+00
      0.957    28.5786   5.716172    35.2218     2.0599     0.0093          0     61.250 337.337503  1022.3750      0.952      0.140  0.000e+00
      0.881    28.5803   5.716278    35.2213     2.0696     0.0246          0     61.500 337.337506  1022.3737      0.876      0.163  0.000e+00
      0.806    28.5814   5.716378    35.2212     2.0801     0.0292          0     61.750 337.337509  1022.3730      0.801      0.131  0.000e+00
      0.784    28.5822   5.716408    35.2208     2.0712     0.0345          0     62.000 337.337512  1022.3723      0.780      0.059  0.000e+00
      0.881    28.5826   5.716469    35.2209     2.0829     0.0116          0     62.250 337.337514  1022.3727      0.876      0.002  0.000e+00
      0.946    28.5827   5.716507    35.2211     2.0994     0.0398          0     62.500 337.337517  1022.3731      0.941     -0.029  0.000e+00
      1.033    28.5829   5.716607    35.2216     2.0969     0.0391          0     62.750 337.337520  1022.3738      1.027     -0.009  0.000e+00
      1.033    28.5831   5.716599    35.2214     2.0994     0.0368          0     63.000 337.337523  1022.3736      1.027      0.035  0.000e+00
      1.011    28.5834   5.716668    35.2217     2.1219     0.0345          0     63.250 337.337526  1022.3736      1.006      0.086  0.000e+00
      0.957    28.5840   5.716790    35.2221     2.1365     0.0383          0     63.500 337.337529  1022.3735      0.952      0.105  0.000e+00
      0.946    28.5841   5.716889    35.2227     2.1505     0.0429          0     63.750 337.337532  1022.3738      0.941      0.095  0.000e+00
      1.011    28.5843   5.716889    35.2225     2.1652     0.0429          0     64.000 337.337535  1022.3739      1.006      0.074  0.000e+00
      1.087    28.5846   5.716881    35.2222     2.1806     0.0376          0     64.250 337.337538  1022.3739      1.081      0.051  0.000e+00
      1.195    28.5848   5.716920    35.2223     2.1996     0.0406          0     64.500 337.337541  1022.3744      1.188      0.070  0.000e+00
      1.314    28.5852   5.717019    35.2227     2.2384     0.0315          0     64.750 337.337543  1022.3751      1.306      0.121  0.000e+00
      1.346    28.5852   5.717049    35.2229     2.2380     0.0330          0     65.000 337.337546  1022.3753      1.339      0.185  0.000e+00
      1.379    28.5851   5.717240    35.2243     2.2336     0.0406          0     65.250 337.337549  1022.3766      1.371      0.237  0.000e+00
      1.389    28.5851   5.717240    35.2243     2.2320     0.0398          0     65.500 337.337552  1022.3766      1.382      0.262  0.000e+00
      1.454    28.5853   5.717217    35.2240     2.2334     0.0315          0     65.750 337.337555  1022.3766      1.446      0.260  0.000e+00
      1.552    28.5852   5.717271    35.2244     2.2343     0.0360          0     66.000 337.337558  1022.3773      1.543      0.248  0.000e+00
      1.616    28.5852   5.717271    35.2244     2.2332     0.0360          0     66.250 337.337561  1022.3776      1.608      0.234  0.000e+00
      1.692    28.5851   5.717401    35.2253     2.2258     0.0345          0     66.500 337.337564  1022.3787      1.683      0.226  0.000e+00
      1.724    28.5853   5.717401    35.2251     2.2166     0.0818          0     66.750 337.337567  1022.3786      1.715      0.221  0.000e+00
      1.725    28.5851   5.717370    35.2251     2.2142     0.0635          0     67.000 337.337569  1022.3786      1.715      0.221  0.000e+00
      1.681    28.5854   5.717378    35.2249     2.2135     0.0719          0     67.250 337.337572  1022.3782      1.672      0.193  0.000e+00
      1.649    28.5855   5.717370    35.2248     2.2164     0.0658          0     67.500 337.337575  1022.3780      1.640      0.145  0.000e+00
      1.660    28.5855   5.717469    35.2255     2.2272     0.0734          0     67.750 337.337578  1022.3785      1.651      0.085  0.000e+00
      1.714    28.5856   5.717431    35.2251     2.2300     0.0589          0     68.000 337.337581  1022.3785      1.704      0.043  0.000e+00
      1.822    28.5855   5.717469    35.2255     2.2289     0.0543          0     68.250 337.337584  1022.3792      1.812      0.045  0.000e+00
      1.919    28.5855   5.717431    35.2252     2.2429     0.0635          0     68.500 337.337587  1022.3794      1.909      0.077  0.000e+00
      2.006    28.5856   5.717439    35.2251     2.2631     0.0589          0     68.750 337.337590  1022.3797      1.995      0.137  0.000e+00
      2.071    28.5853   5.717531    35.2259     2.3139     0.0742          0     69.000 337.337593  1022.3807      2.059      0.204  0.000e+00
      2.146    28.5854   5.717531    35.2259     2.3377     0.0742          0     69.250 337.337595  1022.3809      2.134      0.268  0.000e+00
      2.125    28.5857   5.717561    35.2259     2.3401     0.0688          0     69.500 337.337598  1022.3807      2.113      0.284  0.000e+00
      2.103    28.5860   5.717592    35.2258     2.3219     0.0742          0     69.750 337.337601  1022.3805      2.091      0.254  0.000e+00
      2.125    28.5856   5.717561    35.2259     2.3078     0.0612          0     70.000 337.337604  1022.3808      2.113      0.203  0.000e+00
      2.211    28.5856   5.717622    35.2263     2.2928     0.0589          0     70.250 337.337607  1022.3815      2.199      0.161  0.000e+00
      2.341    28.5857   5.717630    35.2263     2.2766     0.0658          0     70.500 337.337610  1022.3820      2.328      0.158  0.000e+00
      2.460    28.5855   5.717561    35.2259     2.2576     0.0658          0     70.750 337.337613  1022.3823      2.446      0.184  0.000e+00
      2.449    28.5856   5.717531    35.2256     2.2522     0.0475          0     71.000 337.337616  1022.3820      2.435      0.200  0.000e+00
      2.373    28.5859   5.717531    35.2254     2.2465     0.0330          0     71.250 337.337619  1022.3814      2.360      0.187  0.000e+00
      2.276    28.5859   5.717561    35.2257     2.2709     0.0345          0     71.500 337.337622  1022.3812      2.263      0.154  0.000e+00
      2.168    28.5858   5.717561    35.2258     2.2912     0.0368          0     71.750 337.337624  1022.3808      2.156      0.076  0.000e+00
      2.157    28.5859   5.717561    35.2257     2.2913     0.0360          0     72.000 337.337627  1022.3807      2.145     -0.014  0.000e+00
      2.233    28.5855   5.717592    35.2262     2.2989     0.0521          0     72.250 337.337630  1022.3815      2.220     -0.081  0.000e+00
      2.352    28.5855   5.717630    35.2264     2.3044     0.0543          0     72.500 337.337633  1022.3822      2.339     -0.095  0.000e+00
      2.503    28.5856   5.717661    35.2265     2.3062     0.0543          0     72.750 337.337636  1022.3829      2.489     -0.035  0.000e+00
      2.633    28.5858   5.717691    35.2265     2.3397     0.0589          0     73.000 337.337639  1022.3834      2.618      0.089  0.000e+00
      2.719    28.5860   5.717775    35.2269     2.3873     0.0513          0     73.250 337.337642  1022.3840      2.704      0.221  0.000e+00
      2.762    28.5857   5.717722    35.2268     2.3997     0.0559          0     73.500 337.337645  1022.3842      2.747      0.321  0.000e+00
      2.697    28.5857   5.717722    35.2268     2.3821     0.0620          0     73.750 337.337648  1022.3839      2.683      0.346  0.000e+00
      2.676    28.5852   5.717722    35.2272     2.3738     0.0582          0     74.000 337.337650  1022.3842      2.661      0.301  0.000e+00
      2.730    28.5853   5.717722    35.2271     2.3545     0.0368          0     74.250 337.337653  1022.3844      2.715      0.232  0.000e+00
      2.881    28.5854   5.717752    35.2272     2.3522     0.0345          0     74.500 337.337656  1022.3851      2.865      0.191  0.000e+00
      2.979    28.5853   5.717775    35.2274     2.3187     0.0284          0     74.750 337.337659  1022.3857      2.962      0.172  0.000e+00
      3.065    28.5854   5.717722    35.2269     2.3014     0.0360          0     75.000 337.337662  1022.3857      3.048      0.185  0.000e+00
      3.065    28.5855   5.717722    35.2268     2.3017     0.0376          0     75.250 337.337665  1022.3856      3.048      0.204  0.000e+00
      3.000    28.5856   5.717691    35.2266     2.3254     0.0459          0     75.500 337.337668  1022.3851      2.984      0.205  0.000e+00
      2.881    28.5854   5.717691    35.2268     2.3413     0.0330          0     75.750 337.337671  1022.3847      2.865      0.171  0.000e+00
      2.795    28.5852   5.717684    35.2269     2.3515     0.0383          0     76.000 337.337674  1022.3845      2.779      0.084  0.000e+00
      2.784    28.5853   5.717691    35.2269     2.3486     0.0315          0     76.250 337.337677  1022.3844      2.769     -0.020  0.000e+00
      2.849    28.5849   5.717691    35.2271     2.3427     0.0452          0     76.500 337.337679  1022.3851      2.833     -0.096  0.000e+00
      2.946    28.5848   5.717722    35.2274     2.3392     0.0406          0     76.750 337.337682  1022.3857      2.930     -0.103  0.000e+00
      3.076    28.5851   5.717722    35.2271     2.3348     0.0467          0     77.000 337.337685  1022.3860      3.059     -0.048  0.000e+00
      3.162    28.5852   5.717692    35.2268     2.3305     0.0551          0     77.250 337.337688  1022.3861      3.145      0.053  0.000e+00
      3.184    28.5851   5.717714    35.2270     2.3347     0.0482          0     77.500 337.337691  1022.3864      3.166      0.154  0.000e+00
      3.119    28.5849   5.717692    35.2271     2.3306     0.0513          0     77.750 337.337694  1022.3862      3.102      0.207  0.000e+00
      3.065    28.5847   5.717722    35.2274     2.3288     0.0521          0     78.000 337.337697  1022.3863      3.048      0.198  0.000e+00
      3.000    28.5849   5.717691    35.2271     2.3220     0.0437          0     78.250 337.337700  1022.3857      2.984      0.131  0.000e+00
      3.043    28.5848   5.717691    35.2271     2.3271     0.0383          0     78.500 337.337703  1022.3859      3.027      0.058  0.000e+00
      3.076    28.5846   5.717692    35.2273     2.3317     0.0307          0     78.750 337.337705  1022.3862      3.059     -0.001  0.000e+00
      3.141    28.5846   5.717653    35.2270     2.3361     0.0307          0     79.000 337.337708  1022.3863      3.124     -0.027  0.000e+00
      3.173    28.5846   5.717753    35.2277     2.3344     0.0353          0     79.250 337.337711  1022.3870      3.156     -0.013  0.000e+00
      3.162    28.5845   5.717722    35.2275     2.3413     0.0292          0     79.500 337.337714  1022.3868      3.145      0.020  0.000e+00
      3.141    28.5846   5.717722    35.2275     2.3402     0.0238          0     79.750 337.337717  1022.3867      3.124      0.055  0.000e+00
      3.162    28.5848   5.717753    35.2275     2.3397     0.0223          0     80.000 337.337720  1022.3867      3.145      0.076  0.000e+00
      3.206    28.5849   5.717791    35.2277     2.3383     0.0307          0     80.250 337.337723  1022.3870      3.188      0.089  0.000e+00
      3.270    28.5851   5.717776    35.2274     2.3473     0.0231          0     80.500 337.337726  1022.3870      3.252      0.087  0.000e+00
      3.260    28.5851   5.717852    35.2280     2.3587     0.0459          0     80.750 337.337729  1022.3874      3.242      0.079  0.000e+00
      3.216    28.5855   5.717852    35.2277     2.3548     0.0437          0     81.000 337.337731  1022.3869      3.199      0.056  0.000e+00
      3.173    28.5855   5.717882    35.2279     2.3431     0.0482          0     81.250 337.337734  1022.3868      3.156      0.034  0.000e+00
      3.152    28.5857   5.717913    35.2280     2.3370     0.0490          0     81.500 337.337737  1022.3867      3.134      0.014  0.000e+00
      3.206    28.5859   5.717913    35.2278     2.3339     0.0688          0     81.750 337.337740  1022.3868      3.188      0.007  0.000e+00
      3.325    28.5858   5.717928    35.2280     2.3254     0.0589          0     82.000 337.337743  1022.3874      3.306      0.022  0.000e+00
      3.433    28.5858   5.717951    35.2281     2.3197     0.0528          0     82.250 337.337746  1022.3880      3.414      0.060  0.000e+00
      3.519    28.5860   5.717913    35.2277     2.3189     0.0597          0     82.500 337.337749  1022.3880      3.500      0.117  0.000e+00
      3.487    28.5863   5.717982    35.2279     2.3097     0.0376          0     82.750 337.337752  1022.3879      3.467      0.167  0.000e+00
      3.389    28.5860   5.717913    35.2277     2.3196     0.0414          0     83.000 337.337755  1022.3874      3.371      0.173  0.000e+00
