ctd_mafia/cnv/SBE19plus_01906740_2018_12_07_0092.cnv
* Sea-Bird SBE19plus  Data File:
* FileName = C:\Users\all user\Desktop\Patroba _ WWF Mapping Mafia\SBE19plus_01906740_2018_12_07_0092.hex
* Software version 2.6.3.104
* Temperature SN = 6740
* Conductivity SN = 6740
* System UpLoad Time = Dec 07 2018 14:33:46
* <ApplicationData>
* <Seaterm232>
# nquan = 13
# nvalues = 423                                   
# units = specified
# name 0 = prdM: Pressure, Strain Gauge [db]
# name 1 = tv290C: Temperature [ITS-90, deg C]
# name 2 = c0S/m: Conductivity [S/m]
# name 3 = sal00: Salinity, Practical [PSU]
# name 4 = sbeox0ML/L: Oxygen, SBE 43 [ml/l]
# name 5 = flECO-AFL: Fluorescence, WET Labs ECO-AFL/FL [mg/m^3]
# name 6 = nbf: Bottles Fired
# name 7 = timeS: Time, Elapsed [seconds]
# name 8 = timeJ: Julian Days
# name 9 = density00: Density [density, kg/m^3]
# name 10 = depSM: Depth [salt water, m], lat = 0.00
# name 11 = dz/dtM: Descent Rate [m/s]
# name 12 = flag:  0.000e+00
# span 0 =     -1.401,      2.707                 
# span 1 =    28.0229,    28.7007                 
# span 2 =   0.696538,   5.735897                 
# span 3 =     3.5803,    35.3038                 
# span 4 =     1.7470,     2.9925                 
# span 5 =    -0.0502,    48.6833                 
# span 6 =          0,          0                 
# span 7 =      0.000,    105.500                 
# span 8 = 338.337581, 338.338802                 
# span 9 =   998.9047,  1022.4250                 
# span 10 =     -1.393,      2.692                
# span 11 =     -0.526,      0.244                
# span 12 = 0.0000e+00, 0.0000e+00                
# interval = seconds: 0.25
# start_time = Dec 04 2018 08:06:07 [Instrument's time stamp, header]
# bad_flag = -9.990e-29
*END*
[from data line 223]
      0.458    28.5915   5.698499    35.0897     1.7715     0.1573          0     55.750 338.338226  1022.2693      0.456      0.049  0.000e+00
      0.491    28.5928   5.698210    35.0867     1.7666     0.1680          0     56.000 338.338229  1022.2668      0.488      0.056  0.000e+00
      0.491    28.5939   5.698034    35.0847     1.7725     0.1047          0     56.250 338.338232  1022.2649      0.488      0.052  0.000e+00
      0.502    28.5940   5.697539    35.0812     1.7660     0.1108          0     56.500 338.338235  1022.2623      0.499      0.053  0.000e+00
      0.523    28.5943   5.697699    35.0821     1.7678     0.1093          0     56.750 338.338238  1022.2630      0.520      0.059  0.000e+00
      0.545    28.5941   5.697608    35.0816     1.7685     0.1093          0     57.000 338.338241  1022.2628      0.542      0.057  0.000e+00
      0.523    28.5941   5.697387    35.0800     1.7652     0.1505          0     57.250 338.338244  1022.2615      0.521      0.050  0.000e+00
      0.556    28.5940   5.695565    35.0675     1.7675     0.1581          0     57.500 338.338247  1022.2522      0.553      0.048  0.000e+00
      0.556    28.5932   5.693462    35.0534     1.7634     0.1535          0     57.750 338.338249  1022.2420      0.553      0.046  0.000e+00
      0.556    28.5917   5.692533    35.0481     1.7650     0.1573          0     58.000 338.338252  1022.2385      0.553      0.038  0.000e+00
      0.567    28.5902   5.692358    35.0480     1.7602     0.1436          0     58.250 338.338255  1022.2389      0.564      0.036  0.000e+00
      0.577    28.5894   5.692381    35.0487     1.7622     0.1528          0     58.500 338.338258  1022.2398      0.574      0.032  0.000e+00
      0.599    28.5884   5.694514    35.0642     1.7621     0.1413          0     58.750 338.338261  1022.2518      0.596      0.032  0.000e+00
      0.621    28.5879   5.696488    35.0783     1.7666     0.1459          0     59.000 338.338264  1022.2627      0.617      0.039  0.000e+00
      0.653    28.5881   5.696907    35.0810     1.7570     0.1436          0     59.250 338.338267  1022.2648      0.650      0.055  0.000e+00
      0.653    28.5879   5.697318    35.0840     1.7575     0.1192          0     59.500 338.338270  1022.2671      0.650      0.056  0.000e+00
      0.664    28.5880   5.697448    35.0849     1.7537     0.1192          0     59.750 338.338273  1022.2678      0.660      0.063  0.000e+00
      0.686    28.5877   5.698629    35.0933     1.7509     0.1291          0     60.000 338.338275  1022.2743      0.682      0.068  0.000e+00
      0.707    28.5895   5.723080    35.2617     1.7633     0.1192          0     60.250 338.338278  1022.4004      0.703      0.070  0.000e+00
      0.707    28.6104   5.731367    35.3038     1.7606     0.1268          0     60.500 338.338281  1022.4250      0.703      0.066  0.000e+00
      0.686    28.6398   5.732460    35.2895     1.7550     0.1222          0     60.750 338.338284  1022.4045      0.682      0.050  0.000e+00
      0.707    28.6612   5.733002    35.2774     1.7526     0.1207          0     61.000 338.338287  1022.3883      0.703      0.040  0.000e+00
      0.750    28.6743   5.733613    35.2719     1.7470     0.1291          0     61.250 338.338290  1022.3800      0.746      0.041  0.000e+00
      0.761    28.6818   5.733888    35.2682     1.7569     0.1207          0     61.500 338.338293  1022.3748      0.757      0.048  0.000e+00
      0.805    28.6865   5.734385    35.2682     1.7582     0.1222          0     61.750 338.338296  1022.3734      0.800      0.058  0.000e+00
      0.837    28.6898   5.734644    35.2675     1.7797     0.1253          0     62.000 338.338299  1022.3720      0.832      0.071  0.000e+00
      0.859    28.6920   5.734866    35.2674     1.7890     0.1123          0     62.250 338.338302  1022.3713      0.854      0.086  0.000e+00
      0.880    28.6932   5.734866    35.2665     1.8038     0.1154          0     62.500 338.338304  1022.3702      0.875      0.102  0.000e+00
      0.913    28.6938   5.734912    35.2663     1.8224     0.1291          0     62.750 338.338307  1022.3701      0.908      0.115  0.000e+00
      0.913    28.6940   5.734965    35.2666     1.8428     0.1360          0     63.000 338.338310  1022.3702      0.908      0.107  0.000e+00
      0.923    28.6943   5.735027    35.2668     1.8569     0.1360          0     63.250 338.338313  1022.3703      0.918      0.094  0.000e+00
      0.956    28.6942   5.734996    35.2666     1.8669     0.1344          0     63.500 338.338316  1022.3703      0.951      0.089  0.000e+00
      0.967    28.6944   5.734996    35.2665     1.8772     0.1177          0     63.750 338.338319  1022.3702      0.961      0.078  0.000e+00
      0.977    28.6941   5.735034    35.2669     1.8881     0.1032          0     64.000 338.338322  1022.3707      0.972      0.070  0.000e+00
      0.977    28.6940   5.734904    35.2661     1.9031     0.1077          0     64.250 338.338325  1022.3701      0.972      0.061  0.000e+00
      0.977    28.6936   5.734836    35.2659     1.9091     0.1085          0     64.500 338.338328  1022.3701      0.972      0.050  0.000e+00
      1.010    28.6931   5.734965    35.2672     1.9171     0.1253          0     64.750 338.338330  1022.3714      1.004      0.048  0.000e+00
      1.010    28.6932   5.735157    35.2685     1.9248     0.1207          0     65.000 338.338333  1022.3723      1.004      0.047  0.000e+00
      1.021    28.6935   5.735187    35.2684     1.9335     0.1177          0     65.250 338.338336  1022.3722      1.015      0.042  0.000e+00
      1.042    28.6938   5.735286    35.2689     1.9430     0.1261          0     65.500 338.338339  1022.3725      1.037      0.040  0.000e+00
      1.064    28.6940   5.735256    35.2685     1.9502     0.1215          0     65.750 338.338342  1022.3723      1.058      0.047  0.000e+00
      1.075    28.6938   5.734935    35.2665     1.9547     0.1200          0     66.000 338.338345  1022.3708      1.069      0.053  0.000e+00
      1.096    28.6928   5.734881    35.2668     1.9606     0.1192          0     66.250 338.338348  1022.3715      1.090      0.061  0.000e+00
      1.129    28.6921   5.734935    35.2678     1.9712     0.1299          0     66.500 338.338351  1022.3727      1.123      0.069  0.000e+00
      1.129    28.6913   5.734805    35.2675     1.9761     0.1154          0     66.750 338.338354  1022.3727      1.123      0.068  0.000e+00
      1.161    28.6906   5.734706    35.2673     1.9846     0.1253          0     67.000 338.338356  1022.3729      1.155      0.076  0.000e+00
      1.172    28.6898   5.734645    35.2674     1.9929     0.1268          0     67.250 338.338359  1022.3733      1.166      0.076  0.000e+00
      1.194    28.6887   5.734538    35.2675     1.9945     0.1207          0     67.500 338.338362  1022.3738      1.187      0.076  0.000e+00
      1.194    28.6873   5.734255    35.2666     1.9971     0.1291          0     67.750 338.338365  1022.3736      1.187      0.071  0.000e+00
      1.204    28.6858   5.734194    35.2672     2.0033     0.1528          0     68.000 338.338368  1022.3747      1.198      0.066  0.000e+00
      1.248    28.6849   5.734255    35.2683     2.0125     0.1566          0     68.250 338.338371  1022.3759      1.241      0.066  0.000e+00
      1.248    28.6840   5.733972    35.2670     2.0118     0.1558          0     68.500 338.338374  1022.3753      1.241      0.063  0.000e+00
      1.269    28.6820   5.733208    35.2632     2.0136     0.1627          0     68.750 338.338377  1022.3731      1.262      0.066  0.000e+00
      1.291    28.6791   5.733361    35.2664     2.0136     0.1070          0     69.000 338.338380  1022.3767      1.284      0.065  0.000e+00
      1.302    28.6774   5.733231    35.2668     2.0105     0.1055          0     69.250 338.338383  1022.3775      1.295      0.067  0.000e+00
      1.302    28.6758   5.732910    35.2657     2.0153     0.1016          0     69.500 338.338385  1022.3773      1.295      0.064  0.000e+00
      1.302    28.6743   5.732872    35.2666     2.0169     0.1177          0     69.750 338.338388  1022.3784      1.295      0.058  0.000e+00
      1.269    28.6730   5.732872    35.2675     2.0146     0.1398          0     70.000 338.338391  1022.3794      1.262      0.038  0.000e+00
      1.323    28.6721   5.732941    35.2687     2.0164     0.1436          0     70.250 338.338394  1022.3808      1.316      0.030  0.000e+00
      1.313    28.6720   5.733033    35.2694     2.0201     0.1390          0     70.500 338.338397  1022.3813      1.306      0.025  0.000e+00
      1.356    28.6724   5.733231    35.2705     2.0266     0.1360          0     70.750 338.338400  1022.3822      1.349      0.028  0.000e+00
      1.345    28.6731   5.732712    35.2663     2.0293     0.1322          0     71.000 338.338403  1022.3788      1.338      0.028  0.000e+00
      1.356    28.6720   5.732650    35.2667     2.0315     0.1436          0     71.250 338.338406  1022.3795      1.349      0.033  0.000e+00
      1.378    28.6704   5.731718    35.2614     2.0323     0.1451          0     71.500 338.338409  1022.3761      1.370      0.043  0.000e+00
      1.399    28.6668   5.731237    35.2608     2.0346     0.1421          0     71.750 338.338411  1022.3770      1.392      0.054  0.000e+00
      1.410    28.6609   5.729434    35.2526     2.0387     0.1413          0     72.000 338.338414  1022.3728      1.402      0.061  0.000e+00
      1.410    28.6534   5.729243    35.2569     2.0408     0.1451          0     72.250 338.338417  1022.3785      1.402      0.050  0.000e+00
      1.432    28.6473   5.728792    35.2583     2.0425     0.1390          0     72.500 338.338420  1022.3817      1.424      0.054  0.000e+00
      1.453    28.6425   5.728640    35.2608     2.0590     0.1497          0     72.750 338.338423  1022.3853      1.445      0.053  0.000e+00
      1.464    28.6392   5.728372    35.2614     2.0572     0.1406          0     73.000 338.338426  1022.3868      1.456      0.059  0.000e+00
      1.486    28.6361   5.727929    35.2606     2.0630     0.1344          0     73.250 338.338429  1022.3873      1.477      0.061  0.000e+00
      1.507    28.6333   5.727830    35.2620     2.0624     0.1322          0     73.500 338.338432  1022.3895      1.499      0.062  0.000e+00
      1.496    28.6313   5.727700    35.2626     2.0627     0.1306          0     73.750 338.338435  1022.3905      1.488      0.058  0.000e+00
      1.518    28.6302   5.727830    35.2643     2.0597     0.1306          0     74.000 338.338438  1022.3922      1.510      0.058  0.000e+00
      1.540    28.6295   5.727700    35.2639     2.0540     0.1436          0     74.250 338.338440  1022.3923      1.531      0.061  0.000e+00
      1.551    28.6291   5.727670    35.2640     2.0547     0.1581          0     74.500 338.338443  1022.3925      1.542      0.057  0.000e+00
      1.572    28.6285   5.727540    35.2635     2.0491     0.1619          0     74.750 338.338446  1022.3924      1.564      0.057  0.000e+00
      1.605    28.6281   5.727540    35.2638     2.0551     0.1573          0     75.000 338.338449  1022.3929      1.596      0.063  0.000e+00
      1.637    28.6276   5.727525    35.2640     2.0607     0.1596          0     75.250 338.338452  1022.3934      1.628      0.072  0.000e+00
      1.637    28.6274   5.727540    35.2643     2.0619     0.1238          0     75.500 338.338455  1022.3937      1.628      0.076  0.000e+00
      1.669    28.6275   5.727510    35.2640     2.0630     0.1253          0     75.750 338.338458  1022.3936      1.660      0.087  0.000e+00
      1.659    28.6273   5.727571    35.2646     2.0640     0.1192          0     76.000 338.338461  1022.3940      1.650      0.079  0.000e+00
      1.702    28.6273   5.727609    35.2648     2.0747     0.1207          0     76.250 338.338464  1022.3944      1.693      0.080  0.000e+00
      1.734    28.6276   5.727510    35.2639     2.0751     0.1665          0     76.500 338.338466  1022.3937      1.725      0.084  0.000e+00
      1.767    28.6273   5.727311    35.2627     2.0808     0.1886          0     76.750 338.338469  1022.3931      1.757      0.088  0.000e+00
      1.788    28.6263   5.727120    35.2621     2.0867     0.1802          0     77.000 338.338472  1022.3931      1.779      0.090  0.000e+00
      1.810    28.6255   5.727189    35.2632     2.0709     0.1810          0     77.250 338.338475  1022.3942      1.800      0.094  0.000e+00
      1.821    28.6248   5.727189    35.2637     2.0771     0.1375          0     77.500 338.338478  1022.3949      1.811      0.099  0.000e+00
      1.832    28.6249   5.727349    35.2647     2.0756     0.1520          0     77.750 338.338481  1022.3957      1.822      0.094  0.000e+00
      1.842    28.6252   5.727464    35.2653     2.0768     0.1459          0     78.000 338.338484  1022.3961      1.832      0.089  0.000e+00
      1.864    28.6259   5.727540    35.2653     2.0723     0.1406          0     78.250 338.338487  1022.3959      1.854      0.076  0.000e+00
      1.918    28.6266   5.727640    35.2655     2.0876     0.1489          0     78.500 338.338490  1022.3960      1.908      0.077  0.000e+00
      1.918    28.6273   5.727701    35.2654     2.0861     0.1467          0     78.750 338.338492  1022.3957      1.908      0.075  0.000e+00
      1.929    28.6279   5.727892    35.2663     2.0871     0.1421          0     79.000 338.338495  1022.3963      1.918      0.074  0.000e+00
      1.940    28.6286   5.727831    35.2653     2.0946     0.1482          0     79.250 338.338498  1022.3954      1.929      0.073  0.000e+00
      1.961    28.6287   5.727510    35.2630     2.0896     0.1421          0     79.500 338.338501  1022.3937      1.951      0.074  0.000e+00
      1.961    28.6278   5.727158    35.2612     2.0901     0.1367          0     79.750 338.338504  1022.3927      1.951      0.069  0.000e+00
      2.016    28.6262   5.726899    35.2606     2.0907     0.1352          0     80.000 338.338507  1022.3929      2.004      0.073  0.000e+00
      2.026    28.6239   5.726288    35.2581     2.0862     0.1306          0     80.250 338.338510  1022.3919      2.015      0.071  0.000e+00
      2.059    28.6210   5.726448    35.2614     2.0906     0.1276          0     80.500 338.338513  1022.3954      2.047      0.072  0.000e+00
      2.070    28.6196   5.726479    35.2626     2.0964     0.1375          0     80.750 338.338516  1022.3969      2.058      0.082  0.000e+00
      2.113    28.6186   5.726066    35.2605     2.1017     0.1360          0     81.000 338.338519  1022.3958      2.101      0.092  0.000e+00
      2.145    28.6170   5.725807    35.2598     2.1007     0.1314          0     81.250 338.338521  1022.3959      2.134      0.102  0.000e+00
      2.134    28.6147   5.725356    35.2584     2.0947     0.1268          0     81.500 338.338524  1022.3956      2.123      0.099  0.000e+00
      2.167    28.6123   5.725387    35.2604     2.0947     0.1306          0     81.750 338.338527  1022.3981      2.155      0.098  0.000e+00
      2.178    28.6113   5.725456    35.2616     2.0964     0.1383          0     82.000 338.338530  1022.3994      2.166      0.087  0.000e+00
      2.221    28.6107   5.725387    35.2616     2.0970     0.1352          0     82.250 338.338533  1022.3997      2.209      0.090  0.000e+00
      2.253    28.6101   5.725295    35.2614     2.0931     0.1314          0     82.500 338.338536  1022.3999      2.241      0.092  0.000e+00
      2.243    28.6091   5.724906    35.2594     2.0910     0.1406          0     82.750 338.338539  1022.3987      2.230      0.087  0.000e+00
      2.275    28.6078   5.725066    35.2615     2.0995     0.1299          0     83.000 338.338542  1022.4008      2.263      0.082  0.000e+00
