ctd_mafia/cnv/SBE19plus_01906740_2018_12_07_0092.cnv
* Sea-Bird SBE19plus  Data File:
* FileName = C:\Users\all user\Desktop\Patroba _ WWF Mapping Mafia\SBE19plus_01906740_2018_12_07_0092.hex
* Software version 2.6.3.104
* Temperature SN = 6740
* Conductivity SN = 6740
* System UpLoad Time = Dec 07 2018 14:33:46
* <ApplicationData>
* <Seaterm232>
# nquan = 13
# nvalues = 423                                   
# units = specified
# name 0 = prdM: Pressure, Strain Gauge [db]
# name 1 = tv290C: Temperature [ITS-90, deg C]
# name 2 = c0S/m: Conductivity [S/m]
# name 3 = sal00: Salinity, Practical [PSU]
# name 4 = sbeox0ML/L: Oxygen, SBE 43 [ml/l]
# name 5 = flECO-AFL: Fluorescence, WET Labs ECO-AFL/FL [mg/m^3]
# name 6 = nbf: Bottles Fired
# name 7 = timeS: Time, Elapsed [seconds]
# name 8 = timeJ: Julian Days
# name 9 = density00: Density [density, kg/m^3]
# name 10 = depSM: Depth [salt water, m], lat = 0.00
# name 11 = dz/dtM: Descent Rate [m/s]
# name 12 = flag:  0.000e+00
# span 0 =     -1.401,      2.707                 
# span 1 =    28.0229,    28.7007                 
# span 2 =   0.696538,   5.735897                 
# span 3 =     3.5803,    35.3038                 
# span 4 =     1.7470,     2.9925                 
# span 5 =    -0.0502,    48.6833                 
# span 6 =          0,          0                 
# span 7 =      0.000,    105.500                 
# span 8 = 338.337581, 338.338802                 
# span 9 =   998.9047,  1022.4250                 
# span 10 =     -1.393,      2.692                
# span 11 =     -0.526,      0.244                
# span 12 = 0.0000e+00, 0.0000e+00                
# interval = seconds: 0.25
# start_time = Dec 04 2018 08:06:07 [Instrument's time stamp, header]
# bad_flag = -9.990e-29
*END*
[from data line 334]
      2.372    28.6099   5.725708    35.2644     2.1140     0.1283          0     83.500 338.338547  1022.4027      2.359      0.112  0.000e+00
      2.394    28.6110   5.725356    35.2611     2.1077     0.1390          0     83.750 338.338550  1022.4000      2.381      0.117  0.000e+00
      2.405    28.6104   5.725066    35.2595     2.1022     0.1245          0     84.000 338.338553  1022.3990      2.392      0.118  0.000e+00
      2.405    28.6094   5.725165    35.2610     2.1030     0.1131          0     84.250 338.338556  1022.4004      2.392      0.106  0.000e+00
      2.459    28.6092   5.725326    35.2622     2.1071     0.1146          0     84.500 338.338559  1022.4017      2.445      0.108  0.000e+00
      2.513    28.6093   5.725181    35.2611     2.1077     0.1131          0     84.750 338.338562  1022.4010      2.499      0.120  0.000e+00
      2.545    28.6093   5.724944    35.2594     2.1068     0.1299          0     85.000 338.338565  1022.3999      2.531      0.119  0.000e+00
      2.578    28.6085   5.724814    35.2591     2.1079     0.1360          0     85.250 338.338568  1022.4001      2.564      0.118  0.000e+00
      2.599    28.6076   5.724845    35.2600     2.1081     0.1329          0     85.500 338.338571  1022.4011      2.585      0.123  0.000e+00
      2.643    28.6077   5.725036    35.2612     2.1142     0.1215          0     85.750 338.338573  1022.4022      2.628      0.134  0.000e+00
      2.643    28.6085   5.725120    35.2612     2.1054     0.1886          0     86.000 338.338576  1022.4020      2.628      0.134  0.000e+00
      2.675    28.6091   5.725066    35.2604     2.0999     0.1764          0     86.250 338.338579  1022.4013      2.660      0.130  0.000e+00
      2.664    28.6095   5.725066    35.2601     2.0944     0.1810          0     86.500 338.338582  1022.4009      2.650      0.105  0.000e+00
      2.653    28.6096   5.725036    35.2598     2.0925     0.1871          0     86.750 338.338585  1022.4006      2.639      0.077  0.000e+00
      2.686    28.6097   5.725066    35.2600     2.0940     0.1360          0     87.000 338.338588  1022.4008      2.671      0.063  0.000e+00
      2.675    28.6099   5.725105    35.2601     2.0926     0.1375          0     87.250 338.338591  1022.4008      2.660      0.046  0.000e+00
      2.664    28.6098   5.725120    35.2603     2.0898     0.1360          0     87.500 338.338594  1022.4009      2.650      0.028  0.000e+00
      2.675    28.6102   5.725166    35.2603     2.0871     0.1406          0     87.750 338.338597  1022.4008      2.660      0.014  0.000e+00
      2.664    28.6104   5.725166    35.2601     2.0912     0.1344          0     88.000 338.338600  1022.4006      2.650      0.007  0.000e+00
      2.664    28.6105   5.725135    35.2599     2.0906     0.1413          0     88.250 338.338602  1022.4004      2.650     -0.001  0.000e+00
      2.697    28.6105   5.725135    35.2598     2.0911     0.1406          0     88.500 338.338605  1022.4005      2.682      0.008  0.000e+00
      2.675    28.6103   5.725120    35.2599     2.0891     0.1375          0     88.750 338.338608  1022.4005      2.660      0.006  0.000e+00
      2.707    28.6100   5.725105    35.2600     2.0909     0.1436          0     89.000 338.338611  1022.4008      2.692      0.009  0.000e+00
      2.675    28.6101   5.725105    35.2599     2.0969     0.1474          0     89.250 338.338614  1022.4006      2.660      0.011  0.000e+00
      2.697    28.6100   5.725135    35.2602     2.0954     0.1520          0     89.500 338.338617  1022.4009      2.682      0.015  0.000e+00
      2.675    28.6098   5.725105    35.2602     2.0958     0.1360          0     89.750 338.338620  1022.4009      2.660      0.009  0.000e+00
      2.686    28.6098   5.725135    35.2604     2.0965     0.1413          0     90.000 338.338623  1022.4011      2.671      0.008  0.000e+00
      2.686    28.6099   5.725120    35.2602     2.0962     0.1619          0     90.250 338.338626  1022.4009      2.671      0.003  0.000e+00
      2.675    28.6100   5.725166    35.2604     2.0972     0.1650          0     90.500 338.338628  1022.4010      2.660     -0.006  0.000e+00
      2.697    28.6098   5.725166    35.2606     2.0972     0.1665          0     90.750 338.338631  1022.4013      2.682      0.000  0.000e+00
      2.675    28.6100   5.725196    35.2606     2.0982     0.1734          0     91.000 338.338634  1022.4012      2.660     -0.006  0.000e+00
      2.653    28.6100   5.725196    35.2607     2.0999     0.1390          0     91.250 338.338637  1022.4011      2.639     -0.008  0.000e+00
      2.632    28.6103   5.725211    35.2605     2.0964     0.1421          0     91.500 338.338640  1022.4008      2.617     -0.022  0.000e+00
      2.653    28.6104   5.725227    35.2606     2.0995     0.1459          0     91.750 338.338643  1022.4009      2.639     -0.021  0.000e+00
      2.643    28.6106   5.725227    35.2604     2.1010     0.1444          0     92.000 338.338646  1022.4007      2.628     -0.027  0.000e+00
      2.545    28.6109   5.725227    35.2602     2.0977     0.1421          0     92.250 338.338649  1022.4000      2.531     -0.053  0.000e+00
      2.437    28.6107   5.725265    35.2607     2.0985     0.1360          0     92.500 338.338652  1022.3999      2.424     -0.098  0.000e+00
      2.286    28.6110   5.725456    35.2618     2.0977     0.1360          0     92.750 338.338655  1022.4001      2.273     -0.171  0.000e+00
      2.210    28.6119   5.725921    35.2644     2.0986     0.1322          0     93.000 338.338657  1022.4014      2.198     -0.231  0.000e+00
      2.145    28.6139   5.726319    35.2657     2.0967     0.1383          0     93.250 338.338660  1022.4014      2.133     -0.282  0.000e+00
      2.005    28.6164   5.726609    35.2659     2.0984     0.1436          0     93.500 338.338663  1022.4001      1.994     -0.344  0.000e+00
      1.843    28.6184   5.726738    35.2654     2.0949     0.1367          0     93.750 338.338666  1022.3983      1.832     -0.412  0.000e+00
      1.778    28.6203   5.726769    35.2642     2.0954     0.1413          0     94.000 338.338669  1022.3966      1.768     -0.438  0.000e+00
      1.691    28.6204   5.726257    35.2606     2.0975     0.1390          0     94.250 338.338672  1022.3935      1.682     -0.432  0.000e+00
      1.583    28.6193   5.726097    35.2603     2.0974     0.1474          0     94.500 338.338675  1022.3932      1.574     -0.425  0.000e+00
      1.475    28.6182   5.726158    35.2616     2.0971     0.1512          0     94.750 338.338678  1022.3940      1.467     -0.417  0.000e+00
      1.345    28.6177   5.726226    35.2625     2.0971     0.1589          0     95.000 338.338681  1022.3943      1.338     -0.431  0.000e+00
      1.194    28.6177   5.726257    35.2627     2.1003     0.1604          0     95.250 338.338683  1022.3938      1.187     -0.448  0.000e+00
      1.140    28.6178   5.726379    35.2635     2.0984     0.1535          0     95.500 338.338686  1022.3941      1.134     -0.432  0.000e+00
      1.053    28.6185   5.726738    35.2655     2.1026     0.1459          0     95.750 338.338689  1022.3951      1.048     -0.420  0.000e+00
      0.945    28.6202   5.726959    35.2658     2.1038     0.1566          0     96.000 338.338692  1022.3943      0.940     -0.427  0.000e+00
      0.924    28.6217   5.726959    35.2647     2.0988     0.1497          0     96.250 338.338695  1022.3929      0.919     -0.402  0.000e+00
      0.837    28.6228   5.727120    35.2651     2.1013     0.1474          0     96.500 338.338698  1022.3924      0.833     -0.372  0.000e+00
      0.686    28.6237   5.727249    35.2653     2.1011     0.1528          0     96.750 338.338701  1022.3916      0.682     -0.361  0.000e+00
      0.545    28.6245   5.727310    35.2651     2.1080     0.1482          0     97.000 338.338704  1022.3906      0.542     -0.364  0.000e+00
      0.437    28.6253   5.727410    35.2653     2.1159     0.1451          0     97.250 338.338707  1022.3900      0.435     -0.377  0.000e+00
      0.307    28.6263   5.727769    35.2671     2.1152     0.1390          0     97.500 338.338709  1022.3904      0.306     -0.414  0.000e+00
      0.167    28.6278   5.727929    35.2671     2.1119     0.1619          0     97.750 338.338712  1022.3894      0.166     -0.448  0.000e+00
      0.037    28.6297   5.728441    35.2693     2.1112     0.1451          0     98.000 338.338715  1022.3899      0.037     -0.481  0.000e+00
     -0.060    28.6335   5.729533    35.2741     2.1101     0.1619          0     98.250 338.338718  1022.3918     -0.060     -0.507  0.000e+00
     -0.255    28.6380   5.729663    35.2717     2.1056     0.1627          0     98.500 338.338721  1022.3876     -0.253     -0.526  0.000e+00
     -0.330    28.6424   5.730755    35.2761     2.0990     0.1451          0     98.750 338.338724  1022.3892     -0.328     -0.515  0.000e+00
     -0.438    28.6487   5.732260    35.2818     2.0962     0.1390          0     99.000 338.338727  1022.3909     -0.436     -0.506  0.000e+00
     -0.503    28.6565   5.732589    35.2783     2.0944     0.1436          0     99.250 338.338730  1022.3854     -0.500     -0.486  0.000e+00
     -0.579    28.6632   5.733337    35.2786     2.0964     0.1497          0     99.500 338.338733  1022.3831     -0.576     -0.452  0.000e+00
     -0.633    28.6693   5.733773    35.2771     2.0974     0.1306          0     99.750 338.338736  1022.3797     -0.630     -0.408  0.000e+00
     -0.676    28.6744   5.734644    35.2794     2.0966     0.1398          0    100.000 338.338738  1022.3795     -0.673     -0.360  0.000e+00
     -0.665    28.6806   5.735676    35.2819     2.0957     0.1306          0    100.250 338.338741  1022.3794     -0.662     -0.296  0.000e+00
     -0.676    28.6868   5.735706    35.2775     2.0944     0.1421          0    100.500 338.338744  1022.3740     -0.673     -0.220  0.000e+00
     -0.687    28.6897   5.734819    35.2693     2.0933     0.1375          0    100.750 338.338747  1022.3668     -0.683     -0.171  0.000e+00
     -0.655    28.6891   5.734705    35.2689     2.0938     0.1177          0    101.000 338.338750  1022.3669     -0.651     -0.110  0.000e+00
     -0.644    28.6878   5.735026    35.2721     2.0937     0.1116          0    101.250 338.338753  1022.3697     -0.640     -0.060  0.000e+00
     -0.644    28.6888   5.735737    35.2763     2.0926     0.1077          0    101.500 338.338756  1022.3725     -0.640     -0.018  0.000e+00
     -0.622    28.6912   5.735255    35.2712     2.0918     0.1093          0    101.750 338.338759  1022.3680     -0.619      0.014  0.000e+00
     -0.611    28.6910   5.734231    35.2642     2.0946     0.0887          0    102.000 338.338762  1022.3629     -0.608      0.033  0.000e+00
     -0.622    28.6869   5.734193    35.2670     2.0932     0.0765          0    102.250 338.338764  1022.3663     -0.619      0.034  0.000e+00
     -0.666    28.6851   5.734774    35.2723     2.0883     0.0810          0    102.500 338.338767  1022.3707     -0.662      0.023  0.000e+00
     -0.871    28.6847   5.734514    35.2709     2.0868     0.0879          0    102.750 338.338770  1022.3689     -0.866     -0.046  0.000e+00
     -1.087    28.6847   5.734544    35.2712     2.0915    -0.0410          0    103.000 338.338773  1022.3682     -1.081     -0.164  0.000e+00
     -1.293    28.6851   5.734911    35.2735     2.0898    -0.0479          0    103.250 338.338776  1022.3689     -1.285     -0.298  0.000e+00
     -1.379    28.6875   5.735897    35.2786     2.2665    -0.0395          0    103.500 338.338779  1022.3715     -1.371     -0.410  0.000e+00
     -1.379    28.6919   2.827629    16.0837     2.4441    -0.0502          0    103.750 338.338782  1008.0184     -1.371     -0.473  0.000e+00
     -1.390    28.6933   1.022879     5.3321     2.5868    48.6833          0    104.000 338.338785  1000.0141     -1.382     -0.482  0.000e+00
     -1.390    28.6912   0.986720     5.1299     2.5837    48.6810          0    104.250 338.338788   999.8641     -1.382     -0.437  0.000e+00
     -1.368    28.6863   0.927591     4.8007     2.5779    48.6757          0    104.500 338.338791   999.6203     -1.361     -0.337  0.000e+00
     -1.401    28.6773   1.168256     6.1546     2.5345    48.6810          0    104.750 338.338793  1000.6315     -1.393     -0.211  0.000e+00
     -1.379    28.6660   0.967444     5.0248     2.5312    48.6818          0    105.000 338.338796   999.7933     -1.371     -0.099  0.000e+00
     -1.368    28.6479   1.092303     5.7280     2.5061    -0.0227          0    105.250 338.338799  1000.3226     -1.361     -0.022  0.000e+00
     -1.368    28.6263   0.954215     4.9550     2.5007    -0.0281          0    105.500 338.338802   999.7531     -1.361      0.006  0.000e+00
