ctd_mafia/cnv/SBE19plus_01906740_2018_12_07_0080.cnv
* Sea-Bird SBE19plus  Data File:
* FileName = C:\Users\all user\Desktop\Patroba _ WWF Mapping Mafia\SBE19plus_01906740_2018_12_07_0080.hex
* Software version 2.6.3.104
* Temperature SN = 6740
* Conductivity SN = 6740
* System UpLoad Time = Dec 07 2018 14:31:06
* <ApplicationData>
* <Seaterm232>
# nquan = 13
# nvalues = 477                                   
# units = specified
# name 0 = prdM: Pressure, Strain Gauge [db]
# name 1 = tv290C: Temperature [ITS-90, deg C]
# name 2 = c0S/m: Conductivity [S/m]
# name 3 = sal00: Salinity, Practical [PSU]
# name 4 = sbeox0ML/L: Oxygen, SBE 43 [ml/l]
# name 5 = flECO-AFL: Fluorescence, WET Labs ECO-AFL/FL [mg/m^3]
# name 6 = nbf: Bottles Fired
# name 7 = timeS: Time, Elapsed [seconds]
# name 8 = timeJ: Julian Days
# name 9 = density00: Density [density, kg/m^3]
# name 10 = depSM: Depth [salt water, m], lat = 0.00
# name 11 = dz/dtM: Descent Rate [m/s]
# name 12 = flag:  0.000e+00
# span 0 =     -1.352,     12.821                 
# span 1 =    27.2008,    28.3008                 
# span 2 =   0.419699,   5.671903                 
# span 3 =     2.0761,    35.2542                 
# span 4 =     1.9342,     3.8191                 
# span 5 =    -0.4134,    48.6803                 
# span 6 =          0,          0                 
# span 7 =      0.000,    119.000                 
# span 8 = 337.375116, 337.376493                 
# span 9 =   997.7067,  1022.5873                 
# span 10 =     -1.345,     12.750                
# span 11 =     -1.101,      0.568                
# span 12 = 0.0000e+00, 0.0000e+00                
# interval = seconds: 0.25
# start_time = Dec 03 2018 09:00:10 [Instrument's time stamp, header]
# bad_flag = -9.990e-29
*END*
[from data line 445]
     -0.747    28.1132   5.667341    35.2282     2.0148     0.0109          0    111.250 337.376403  1022.5260     -0.743     -0.676  0.000e+00
     -0.790    28.1162   5.667151    35.2246     2.0191    -0.4103          0    111.500 337.376406  1022.5221     -0.786     -0.666  0.000e+00
     -0.790    28.1179   5.667531    35.2260     2.0220    -0.4080          0    111.750 337.376409  1022.5226     -0.786     -0.581  0.000e+00
     -0.801    28.1194   5.667531    35.2249     2.0196    -0.4134          0    112.000 337.376412  1022.5212     -0.796     -0.439  0.000e+00
     -0.844    28.1206   5.667401    35.2231     2.0302    -0.4065          0    112.250 337.376415  1022.5193     -0.839     -0.298  0.000e+00
     -0.822    28.1209   5.667531    35.2238     2.0140    -0.0494          0    112.500 337.376418  1022.5198     -0.818     -0.177  0.000e+00
     -0.801    28.1219   5.668732    35.2315     2.0107    -0.0494          0    112.750 337.376421  1022.5254     -0.796     -0.095  0.000e+00
     -0.833    28.1264   5.669302    35.2321     2.0017    -0.0609          0    113.000 337.376424  1022.5242     -0.829     -0.053  0.000e+00
     -0.822    28.1319   5.669911    35.2322     1.9902    -0.0525          0    113.250 337.376427  1022.5226     -0.818     -0.032  0.000e+00
     -0.779    28.1374   5.671082    35.2363     2.0242    -0.0540          0    113.500 337.376429  1022.5240     -0.775     -0.005  0.000e+00
     -0.747    28.1450   5.671903    35.2364     2.0275    -0.2714          0    113.750 337.376432  1022.5217     -0.743      0.018  0.000e+00
     -0.725    28.1527   5.671424    35.2273     2.0447    -0.2745          0    114.000 337.376435  1022.5124     -0.721      0.044  0.000e+00
     -0.758    28.1557   5.671173    35.2232     2.0650    -0.2753          0    114.250 337.376438  1022.5083     -0.753      0.053  0.000e+00
     -0.779    28.1559   5.671431    35.2249     2.0801    -0.2760          0    114.500 337.376441  1022.5094     -0.775      0.040  0.000e+00
     -0.801    28.1564   5.671272    35.2234     2.0817     0.0635          0    114.750 337.376444  1022.5080     -0.796      0.023  0.000e+00
     -0.812    28.1563   5.671241    35.2233     2.0705     0.0589          0    115.000 337.376447  1022.5079     -0.807      0.009  0.000e+00
     -0.887    28.1562   5.671112    35.2225     2.0575     0.0589          0    115.250 337.376450  1022.5070     -0.882     -0.035  0.000e+00
     -0.995    28.1554   5.671051    35.2228     2.0361     0.0696          0    115.500 337.376453  1022.5070     -0.990     -0.100  0.000e+00
     -1.125    28.1551   5.671173    35.2239     2.0472     1.4856          0    115.750 337.376455  1022.5074     -1.119     -0.174  0.000e+00
     -1.255    28.1549   5.670891    35.2221     2.0375     1.4940          0    116.000 337.376458  1022.5055     -1.248     -0.249  0.000e+00
     -1.320    28.1543   5.478379    33.8790     2.0454     1.4872          0    116.250 337.376461  1021.4959     -1.312     -0.301  0.000e+00
     -1.320    28.1528   1.458080     7.9047     2.3582     1.4940          0    116.500 337.376464  1002.0910     -1.313     -0.323  0.000e+00
     -1.331    28.1472   0.969784     5.0922     2.5586     0.0574          0    116.750 337.376467   999.9963     -1.323     -0.318  0.000e+00
     -1.309    28.1409   1.061830     5.6147     2.8643     0.0650          0    117.000 337.376470  1000.3878     -1.302     -0.277  0.000e+00
     -1.331    28.1299   1.042452     5.5057     3.3505     0.0704          0    117.250 337.376473  1000.3097     -1.323     -0.213  0.000e+00
     -1.309    28.1139   1.395936     7.5470     3.5241     0.0658          0    117.500 337.376476  1001.8359     -1.302     -0.133  0.000e+00
     -1.320    28.0949   1.049733     5.5511     3.6574     0.0597          0    117.750 337.376479  1000.3539     -1.313     -0.063  0.000e+00
     -1.320    28.0700   0.785388     4.0673     3.8191    -0.1395          0    118.000 337.376481   999.2541     -1.313     -0.016  0.000e+00
     -1.320    28.0439   1.054751     5.5856     3.7017    -0.1326          0    118.250 337.376484  1000.3945     -1.313      0.001  0.000e+00
     -1.352    28.0194   1.001053     5.2829     3.5526    -0.1326          0    118.500 337.376487  1000.1757     -1.345     -0.007  0.000e+00
     -1.320    27.9997   0.874499     4.5708     3.3100    -0.1349          0    118.750 337.376490   999.6503     -1.313     -0.005  0.000e+00
     -1.309    27.9842   1.001215     5.2877     3.0445    -0.0197          0    119.000 337.376493  1000.1897     -1.302     -0.004  0.000e+00
