ctd_mafia/cnv/SBE19plus_01906740_2018_12_07_0097.cnv
* Sea-Bird SBE19plus  Data File:
* FileName = C:\Users\all user\Desktop\Patroba _ WWF Mapping Mafia\SBE19plus_01906740_2018_12_07_0097.hex
* Software version 2.6.3.104
* Temperature SN = 6740
* Conductivity SN = 6740
* System UpLoad Time = Dec 07 2018 14:34:38
* <ApplicationData>
* <Seaterm232>
# nquan = 13
# nvalues = 332                                   
# units = specified
# name 0 = prdM: Pressure, Strain Gauge [db]
# name 1 = tv290C: Temperature [ITS-90, deg C]
# name 2 = c0S/m: Conductivity [S/m]
# name 3 = sal00: Salinity, Practical [PSU]
# name 4 = sbeox0ML/L: Oxygen, SBE 43 [ml/l]
# name 5 = flECO-AFL: Fluorescence, WET Labs ECO-AFL/FL [mg/m^3]
# name 6 = nbf: Bottles Fired
# name 7 = timeS: Time, Elapsed [seconds]
# name 8 = timeJ: Julian Days
# name 9 = density00: Density [density, kg/m^3]
# name 10 = depSM: Depth [salt water, m], lat = 0.00
# name 11 = dz/dtM: Descent Rate [m/s]
# name 12 = flag:  0.000e+00
# span 0 =     -1.418,      3.999                 
# span 1 =    28.1325,    28.3349                 
# span 2 =   0.501975,   5.684519                 
# span 3 =     2.5181,    35.2578                 
# span 4 =     1.3909,     5.5121                 
# span 5 =    -0.0876,     1.6512                 
# span 6 =          0,          0                 
# span 7 =      0.000,     82.750                 
# span 8 = 338.373056, 338.374013                 
# span 9 =   998.0761,  1022.5358                 
# span 10 =     -1.410,      3.977                
# span 11 =     -0.757,      0.367                
# span 12 = 0.0000e+00, 0.0000e+00                
# interval = seconds: 0.25
# start_time = Dec 04 2018 08:57:12 [Instrument's time stamp, header]
# bad_flag = -9.990e-29
*END*
[from data line 112]
     -0.336    28.2084   5.657777    35.0902     2.2978     0.0620          0     28.000 338.373380  1022.3927     -0.334     -0.005  0.000e+00
     -0.325    28.2074   5.656706    35.0834     2.2869     0.0612          0     28.250 338.373383  1022.3880     -0.323     -0.009  0.000e+00
     -0.304    28.2063   5.654807    35.0710     2.2382     0.0253          0     28.500 338.373385  1022.3792     -0.302     -0.001  0.000e+00
     -0.304    28.2051   5.653508    35.0628     2.2847     0.0284          0     28.750 338.373388  1022.3734     -0.302      0.002  0.000e+00
     -0.314    28.2040   5.652976    35.0599     2.2870     0.0231          0     29.000 338.373391  1022.3715     -0.313      0.005  0.000e+00
     -0.293    28.2028   5.653037    35.0612     2.2893     0.0139          0     29.250 338.373394  1022.3729     -0.291      0.014  0.000e+00
     -0.325    28.2019   5.653766    35.0670     2.2887     0.0124          0     29.500 338.373397  1022.3775     -0.323      0.016  0.000e+00
     -0.314    28.2006   5.654207    35.0710     2.2833     0.0215          0     29.750 338.373400  1022.3810     -0.313      0.012  0.000e+00
     -0.303    28.1996   5.654526    35.0740     2.3204     0.0299          0     30.000 338.373403  1022.3836     -0.302      0.009  0.000e+00
     -0.282    28.1984   5.654966    35.0780     2.2863     0.0231          0     30.250 338.373406  1022.3871     -0.280      0.009  0.000e+00
     -0.260    28.1972   5.653827    35.0709     2.2168     0.0284          0     30.500 338.373409  1022.3822     -0.259      0.016  0.000e+00
     -0.249    28.1961   5.652278    35.0609     2.1951     0.0192          0     30.750 338.373411  1022.3751     -0.248      0.028  0.000e+00
     -0.239    28.1946   5.650888    35.0523     2.1016     0.0231          0     31.000 338.373414  1022.3692     -0.237      0.040  0.000e+00
     -0.239    28.1934   5.650318    35.0492     2.1675     0.0200          0     31.250 338.373417  1022.3673     -0.237      0.043  0.000e+00
     -0.239    28.1922   5.651176    35.0561     2.2035     0.0238          0     31.500 338.373420  1022.3728     -0.237      0.049  0.000e+00
     -0.239    28.1908   5.651776    35.0613     2.1430     0.0582          0     31.750 338.373423  1022.3772     -0.237      0.040  0.000e+00
     -0.228    28.1894   5.651427    35.0599     2.1591     0.0521          0     32.000 338.373426  1022.3767     -0.227      0.032  0.000e+00
     -0.195    28.1883   5.651837    35.0636     2.2173     0.0612          0     32.250 338.373429  1022.3799     -0.194      0.031  0.000e+00
     -0.163    28.1871   5.652057    35.0660     2.2100     0.0582          0     32.500 338.373432  1022.3822     -0.162      0.038  0.000e+00
     -0.152    28.1861   5.651047    35.0597     2.2186     0.0543          0     32.750 338.373435  1022.3779     -0.151      0.048  0.000e+00
     -0.152    28.1848   5.650068    35.0538     2.1807     0.0559          0     33.000 338.373438  1022.3739     -0.151      0.053  0.000e+00
     -0.141    28.1831   5.649468    35.0508     2.1192     0.0711          0     33.250 338.373440  1022.3723     -0.141      0.059  0.000e+00
     -0.120    28.1818   5.649278    35.0505     2.0878     0.0589          0     33.500 338.373443  1022.3726     -0.119      0.064  0.000e+00
     -0.087    28.1803   5.650129    35.0575     2.1230     0.0650          0     33.750 338.373446  1022.3785     -0.087      0.070  0.000e+00
     -0.055    28.1789   5.655278    35.0946     1.3909     0.0009          0     34.000 338.373449  1022.4070     -0.055      0.074  0.000e+00
      0.010    28.1796   5.657618    35.1104     1.4969     0.0025          0     34.250 338.373452  1022.4188      0.010      0.087  0.000e+00
      0.021    28.1819   5.656957    35.1041     1.9002    -0.0082          0     34.500 338.373455  1022.4134      0.021      0.098  0.000e+00
      0.075    28.1831   5.659328    35.1197     1.9061    -0.0082          0     34.750 338.373458  1022.4250      0.074      0.120  0.000e+00
      0.129    28.1859   5.657998    35.1084     2.1263     0.0589          0     35.000 338.373461  1022.4158      0.128      0.143  0.000e+00
      0.161    28.1880   5.656357    35.0953     2.2042     0.0551          0     35.250 338.373464  1022.4054      0.160      0.157  0.000e+00
      0.226    28.1876   5.655248    35.0878     2.2091     0.0574          0     35.500 338.373466  1022.4002      0.225      0.171  0.000e+00
      0.259    28.1871   5.653288    35.0744     2.7162     0.0582          0     35.750 338.373469  1022.3904      0.257      0.176  0.000e+00
      0.269    28.1866   5.652187    35.0672     2.8236     0.0391          0     36.000 338.373472  1022.3852      0.268      0.169  0.000e+00
      0.291    28.1864   5.652878    35.0721     2.1291     0.0521          0     36.250 338.373475  1022.3891      0.289      0.156  0.000e+00
      0.313    28.1864   5.654868    35.0861     2.0136     0.0376          0     36.500 338.373478  1022.3996      0.311      0.146  0.000e+00
      0.323    28.1870   5.653638    35.0769     2.4420     0.0406          0     36.750 338.373481  1022.3926      0.322      0.123  0.000e+00
      0.356    28.1870   5.653387    35.0752     2.3986     0.0421          0     37.000 338.373484  1022.3914      0.354      0.107  0.000e+00
      0.345    28.1862   5.655757    35.0924     1.8415     0.0498          0     37.250 338.373487  1022.4046      0.343      0.086  0.000e+00
      0.399    28.1866   5.660407    35.1246     1.8425     0.0444          0     37.500 338.373490  1022.4289      0.397      0.077  0.000e+00
      0.486    28.1895   5.662779    35.1390     1.7739     0.0459          0     37.750 338.373492  1022.4392      0.483      0.097  0.000e+00
      0.518    28.1934   5.661608    35.1279     1.9112     0.0406          0     38.000 338.373495  1022.4297      0.515      0.118  0.000e+00
      0.594    28.1941   5.659298    35.1112     2.1722     0.0292          0     38.250 338.373498  1022.4172      0.590      0.146  0.000e+00
      0.648    28.1930   5.657877    35.1021     2.0060     0.0391          0     38.500 338.373501  1022.4109      0.644      0.174  0.000e+00
      0.680    28.1928   5.654428    35.0781     2.2021     0.0360          0     38.750 338.373504  1022.3931      0.677      0.195  0.000e+00
      0.691    28.1940   5.652848    35.0662     2.5911     0.0444          0     39.000 338.373507  1022.3838      0.687      0.197  0.000e+00
      0.702    28.1954   5.652787    35.0646     2.7016     0.0307          0     39.250 338.373510  1022.3822      0.698      0.188  0.000e+00
      0.680    28.1959   5.653698    35.0707     2.3394     0.0360          0     39.500 338.373513  1022.3865      0.677      0.147  0.000e+00
      0.713    28.1959   5.654587    35.0769     2.1945     0.0299          0     39.750 338.373516  1022.3913      0.709      0.110  0.000e+00
      0.745    28.1951   5.654207    35.0748     2.3376     0.0215          0     40.000 338.373519  1022.3901      0.741      0.090  0.000e+00
      0.788    28.1943   5.658781    35.1074     1.7285     0.0215          0     40.250 338.373521  1022.4151      0.784      0.075  0.000e+00
      0.832    28.1940   5.658728    35.1072     1.9154     0.0360          0     40.500 338.373524  1022.4153      0.827      0.079  0.000e+00
      0.886    28.1940   5.658067    35.1026     1.8055     0.0276          0     40.750 338.373527  1022.4120      0.881      0.099  0.000e+00
      0.951    28.1931   5.657368    35.0983     1.6705     0.0170          0     41.000 338.373530  1022.4094      0.945      0.131  0.000e+00
      0.983    28.1919   5.656547    35.0935     1.8832     0.0177          0     41.250 338.373533  1022.4063      0.978      0.158  0.000e+00
      1.037    28.1906   5.657277    35.0996     2.2840     0.0276          0     41.500 338.373536  1022.4115      1.031      0.183  0.000e+00
      1.091    28.1899   5.657117    35.0989     1.9994     0.0215          0     41.750 338.373539  1022.4115      1.085      0.193  0.000e+00
      1.145    28.1894   5.656228    35.0931     2.0854     0.0253          0     42.000 338.373542  1022.4075      1.139      0.201  0.000e+00
      1.167    28.1887   5.654147    35.0790     2.3266     0.0147          0     42.250 338.373545  1022.3972      1.160      0.197  0.000e+00
      1.167    28.1878   5.653509    35.0752     2.2628     0.0330          0     42.500 338.373547  1022.3947      1.160      0.179  0.000e+00
      1.177    28.1873   5.653038    35.0723     2.1753     0.0315          0     42.750 338.373550  1022.3927      1.171      0.153  0.000e+00
      1.188    28.1866   5.653957    35.0793     2.1870     0.0315          0     43.000 338.373553  1022.3982      1.182      0.125  0.000e+00
      1.199    28.1858   5.654838    35.0860     2.3226     0.0398          0     43.250 338.373556  1022.4036      1.192      0.101  0.000e+00
      1.221    28.1853   5.653828    35.0793     2.3524     0.0353          0     43.500 338.373559  1022.3988      1.214      0.077  0.000e+00
      1.231    28.1843   5.655249    35.0900     2.1155     0.0330          0     43.750 338.373562  1022.4072      1.225      0.058  0.000e+00
      1.275    28.1837   5.659359    35.1191     2.0052     0.0315          0     44.000 338.373565  1022.4295      1.268      0.056  0.000e+00
      1.361    28.1860   5.662870    35.1420     1.8461     0.0284          0     44.250 338.373568  1022.4463      1.354      0.083  0.000e+00
      1.491    28.1902   5.667211    35.1692     1.8278     0.0459          0     44.500 338.373571  1022.4659      1.483      0.137  0.000e+00
      1.588    28.1954   5.669371    35.1803     1.9357     0.0589          0     44.750 338.373573  1022.4730      1.579      0.195  0.000e+00
      1.696    28.1995   5.670131    35.1826     2.0369     0.0475          0     45.000 338.373576  1022.4738      1.687      0.258  0.000e+00
      1.794    28.2015   5.669378    35.1758     2.4296     0.0521          0     45.250 338.373579  1022.4685      1.784      0.316  0.000e+00
      1.858    28.2011   5.668991    35.1734     2.2497     0.0589          0     45.500 338.373582  1022.4671      1.848      0.354  0.000e+00
      1.902    28.2010   5.668352    35.1690     2.4611     0.0620          0     45.750 338.373585  1022.4640      1.891      0.367  0.000e+00
      1.923    28.2015   5.665759    35.1505     2.6567     0.0627          0     46.000 338.373588  1022.4500      1.913      0.344  0.000e+00
      1.934    28.2014   5.668702    35.1711     2.2568     0.0688          0     46.250 338.373591  1022.4656      1.923      0.292  0.000e+00
      1.977    28.2031   5.667242    35.1596     2.3270     0.0589          0     46.500 338.373594  1022.4565      1.966      0.236  0.000e+00
      1.999    28.2045   5.668641    35.1684     2.0650     0.0360          0     46.750 338.373597  1022.4628      1.988      0.189  0.000e+00
      1.999    28.2059   5.668261    35.1647     2.2680     0.0368          0     47.000 338.373600  1022.4596      1.988      0.140  0.000e+00
      2.031    28.2073   5.668010    35.1618     2.0465     0.0406          0     47.250 338.373602  1022.4571      2.020      0.108  0.000e+00
      2.075    28.2079   5.669462    35.1715     1.9789     0.0391          0     47.500 338.373605  1022.4644      2.063      0.098  0.000e+00
      2.118    28.2091   5.670983    35.1813     1.7619     0.0543          0     47.750 338.373608  1022.4715      2.106      0.102  0.000e+00
      2.183    28.2109   5.672763    35.1924     2.1273     0.0559          0     48.000 338.373611  1022.4796      2.171      0.121  0.000e+00
      2.258    28.2127   5.673684    35.1974     2.1720     0.0505          0     48.250 338.373614  1022.4830      2.246      0.148  0.000e+00
      2.334    28.2141   5.674163    35.1997     2.4134     0.0551          0     48.500 338.373617  1022.4847      2.321      0.177  0.000e+00
      2.410    28.2151   5.674597    35.2020     2.4538     0.0574          0     48.750 338.373620  1022.4864      2.397      0.214  0.000e+00
      2.464    28.2162   5.674254    35.1987     2.3027     0.0543          0     49.000 338.373623  1022.4838      2.450      0.244  0.000e+00
      2.507    28.2162   5.670641    35.1735     2.6673     0.0582          0     49.250 338.373626  1022.4649      2.493      0.254  0.000e+00
      2.507    28.2149   5.670702    35.1749     2.7746     0.0528          0     49.500 338.373628  1022.4665      2.493      0.241  0.000e+00
      2.518    28.2141   5.673083    35.1921     2.1513     0.0078          0     49.750 338.373631  1022.4797      2.504      0.213  0.000e+00
      2.572    28.2147   5.674224    35.1997     2.1372     0.0139          0     50.000 338.373634  1022.4854      2.558      0.185  0.000e+00
      2.637    28.2160   5.674125    35.1979     2.0026     0.0223          0     50.250 338.373637  1022.4840      2.622      0.166  0.000e+00
      2.713    28.2161   5.673494    35.1934     2.0776     0.0147          0     50.500 338.373640  1022.4809      2.698      0.161  0.000e+00
      2.745    28.2152   5.673555    35.1945     2.1031    -0.0006          0     50.750 338.373643  1022.4821      2.730      0.161  0.000e+00
      2.777    28.2139   5.673555    35.1955     2.0546     0.0391          0     51.000 338.373646  1022.4834      2.762      0.167  0.000e+00
      2.831    28.2136   5.673395    35.1946     2.0891     0.0253          0     51.250 338.373649  1022.4831      2.816      0.180  0.000e+00
      2.864    28.2137   5.671333    35.1801     2.3017     0.0307          0     51.500 338.373652  1022.4723      2.848      0.192  0.000e+00
      2.885    28.2132   5.670482    35.1745     2.5092     0.0353          0     51.750 338.373655  1022.4683      2.870      0.187  0.000e+00
      2.907    28.2123   5.671524    35.1824     2.4037     0.0246          0     52.000 338.373657  1022.4747      2.891      0.165  0.000e+00
      2.929    28.2122   5.673935    35.1994     2.1434     0.0162          0     52.250 338.373660  1022.4875      2.913      0.141  0.000e+00
      3.004    28.2132   5.675586    35.2101     2.2267     0.0276          0     52.500 338.373663  1022.4956      2.988      0.136  0.000e+00
      3.091    28.2142   5.675845    35.2112     2.3072     0.0238          0     52.750 338.373666  1022.4965      3.074      0.154  0.000e+00
      3.167    28.2140   5.674574    35.2024     2.2664     0.0398          0     53.000 338.373669  1022.4903      3.149      0.177  0.000e+00
      3.188    28.2122   5.671212    35.1802     2.5625     0.0368          0     53.250 338.373672  1022.4743      3.171      0.190  0.000e+00
      3.221    28.2110   5.673365    35.1962     2.1134     0.0330          0     53.500 338.373675  1022.4868      3.203      0.201  0.000e+00
      3.264    28.2112   5.674605    35.2047     2.1459     0.0360          0     53.750 338.373678  1022.4933      3.246      0.209  0.000e+00
      3.329    28.2120   5.674856    35.2058     2.2400     0.0467          0     54.000 338.373681  1022.4942      3.310      0.215  0.000e+00
      3.394    28.2129   5.674765    35.2045     2.2469     0.0429          0     54.250 338.373683  1022.4932      3.375      0.215  0.000e+00
      3.448    28.2135   5.673273    35.1936     2.0991     0.0490          0     54.500 338.373686  1022.4850      3.429      0.205  0.000e+00
      3.458    28.2129   5.671653    35.1827     2.2230     0.0360          0     54.750 338.373689  1022.4771      3.439      0.189  0.000e+00
      3.469    28.2116   5.673502    35.1966     2.1354     0.0406          0     55.000 338.373692  1022.4880      3.450      0.174  0.000e+00
      3.502    28.2110   5.672132    35.1874     2.3177     0.0459          0     55.250 338.373695  1022.4814      3.482      0.167  0.000e+00
