ctd_mafia/cnv/SBE19plus_01906740_2018_12_07_0096.cnv
* Sea-Bird SBE19plus  Data File:
* FileName = C:\Users\all user\Desktop\Patroba _ WWF Mapping Mafia\SBE19plus_01906740_2018_12_07_0096.hex
* Software version 2.6.3.104
* Temperature SN = 6740
* Conductivity SN = 6740
* System UpLoad Time = Dec 07 2018 14:34:29
* <ApplicationData>
* <Seaterm232>
# nquan = 13
# nvalues = 462                                   
# units = specified
# name 0 = prdM: Pressure, Strain Gauge [db]
# name 1 = tv290C: Temperature [ITS-90, deg C]
# name 2 = c0S/m: Conductivity [S/m]
# name 3 = sal00: Salinity, Practical [PSU]
# name 4 = sbeox0ML/L: Oxygen, SBE 43 [ml/l]
# name 5 = flECO-AFL: Fluorescence, WET Labs ECO-AFL/FL [mg/m^3]
# name 6 = nbf: Bottles Fired
# name 7 = timeS: Time, Elapsed [seconds]
# name 8 = timeJ: Julian Days
# name 9 = density00: Density [density, kg/m^3]
# name 10 = depSM: Depth [salt water, m], lat = 0.00
# name 11 = dz/dtM: Descent Rate [m/s]
# name 12 = flag:  0.000e+00
# span 0 =     -1.372,      4.163                 
# span 1 =    27.6852,    28.6022                 
# span 2 =   0.367425,   5.707481                 
# span 3 =     1.8093,    35.2908                 
# span 4 =     1.4553,     2.7635                 
# span 5 =    -0.4332,     0.2924                 
# span 6 =          0,          0                 
# span 7 =      0.000,    115.250                 
# span 8 = 338.368125, 338.369459                 
# span 9 =   997.5569,  1022.5460                 
# span 10 =     -1.365,      4.140                
# span 11 =     -0.832,      0.297                
# span 12 = 0.0000e+00, 0.0000e+00                
# interval = seconds: 0.25
# start_time = Dec 04 2018 08:50:06 [Instrument's time stamp, header]
# bad_flag = -9.990e-29
*END*
[from data line 334]
      3.352    28.2030   5.682520    35.2661     1.6907     0.0749          0     83.500 338.369091  1022.5426      3.334      0.135  0.000e+00
      3.331    28.2028   5.682520    35.2663     1.6930     0.0673          0     83.750 338.369094  1022.5427      3.312      0.130  0.000e+00
      3.352    28.2027   5.682550    35.2666     1.6874     0.0734          0     84.000 338.369097  1022.5431      3.334      0.117  0.000e+00
      3.352    28.2028   5.682710    35.2676     1.6918     0.0719          0     84.250 338.369100  1022.5437      3.334      0.096  0.000e+00
      3.406    28.2037   5.682771    35.2673     1.6891     0.0711          0     84.500 338.369103  1022.5435      3.387      0.081  0.000e+00
      3.460    28.2043   5.682725    35.2666     1.6891     0.0704          0     84.750 338.369106  1022.5429      3.441      0.076  0.000e+00
      3.449    28.2043   5.682672    35.2662     1.6902     0.0620          0     85.000 338.369109  1022.5426      3.430      0.074  0.000e+00
      3.536    28.2040   5.682611    35.2660     1.6947     0.0719          0     85.250 338.369112  1022.5429      3.516      0.098  0.000e+00
      3.558    28.2034   5.682482    35.2655     1.6890     0.0734          0     85.500 338.369115  1022.5428      3.538      0.116  0.000e+00
      3.558    28.2031   5.682550    35.2662     1.6920     0.0772          0     85.750 338.369117  1022.5435      3.538      0.129  0.000e+00
      3.579    28.2028   5.682520    35.2663     1.6918     0.0566          0     86.000 338.369120  1022.5437      3.559      0.127  0.000e+00
      3.622    28.2026   5.682482    35.2661     1.6895     0.0620          0     86.250 338.369123  1022.5439      3.602      0.127  0.000e+00
      3.644    28.2024   5.682520    35.2665     1.6880     0.0620          0     86.500 338.369126  1022.5443      3.624      0.115  0.000e+00
      3.644    28.2025   5.682550    35.2667     1.6866     0.0582          0     86.750 338.369129  1022.5444      3.624      0.101  0.000e+00
      3.644    28.2024   5.682520    35.2665     1.6806     0.0978          0     87.000 338.369132  1022.5443      3.624      0.089  0.000e+00
      3.644    28.2024   5.682543    35.2667     1.6790     0.1009          0     87.250 338.369135  1022.5445      3.624      0.062  0.000e+00
      3.655    28.2026   5.682611    35.2670     1.6796     0.0963          0     87.500 338.369138  1022.5447      3.635      0.053  0.000e+00
      3.655    28.2031   5.682642    35.2668     1.6826     0.0902          0     87.750 338.369141  1022.5443      3.635      0.044  0.000e+00
      3.709    28.2031   5.682741    35.2675     1.6797     0.0940          0     88.000 338.369144  1022.5451      3.689      0.043  0.000e+00
      3.731    28.2041   5.683022    35.2687     1.6876     0.0383          0     88.250 338.369146  1022.5458      3.710      0.044  0.000e+00
      3.731    28.2067   5.683502    35.2702     1.6875     0.0475          0     88.500 338.369149  1022.5460      3.710      0.050  0.000e+00
      3.720    28.2094   5.683410    35.2675     1.6860     0.0459          0     88.750 338.369152  1022.5431      3.700      0.053  0.000e+00
      3.709    28.2106   5.683372    35.2664     1.6887     0.0429          0     89.000 338.369155  1022.5418      3.689      0.048  0.000e+00
      3.698    28.2109   5.683250    35.2653     1.6846     0.0726          0     89.250 338.369158  1022.5408      3.678      0.035  0.000e+00
      3.720    28.2106   5.683281    35.2657     1.6846     0.0673          0     89.500 338.369161  1022.5414      3.700      0.025  0.000e+00
      3.763    28.2104   5.683243    35.2656     1.6999     0.0749          0     89.750 338.369164  1022.5415      3.742      0.025  0.000e+00
      3.774    28.2101   5.683410    35.2670     1.6897     0.0780          0     90.000 338.369167  1022.5427      3.753      0.021  0.000e+00
      3.796    28.2109   5.683852    35.2695     1.6880     0.0788          0     90.250 338.369170  1022.5444      3.775      0.032  0.000e+00
      3.828    28.2135   5.684263    35.2704     1.6864     0.0894          0     90.500 338.369172  1022.5444      3.807      0.054  0.000e+00
      3.839    28.2168   5.684301    35.2681     1.6841     0.0826          0     90.750 338.369175  1022.5416      3.818      0.072  0.000e+00
      3.839    28.2187   5.684172    35.2659     1.6869     0.0902          0     91.000 338.369178  1022.5393      3.818      0.079  0.000e+00
      3.839    28.2191   5.683882    35.2635     1.6801     0.0963          0     91.250 338.369181  1022.5374      3.818      0.075  0.000e+00
      3.839    28.2180   5.683722    35.2632     1.6821     0.1016          0     91.500 338.369184  1022.5376      3.818      0.058  0.000e+00
      3.893    28.2166   5.683791    35.2647     1.6866     0.1016          0     91.750 338.369187  1022.5394      3.871      0.054  0.000e+00
      3.936    28.2157   5.683662    35.2644     1.6927     0.0978          0     92.000 338.369190  1022.5396      3.914      0.064  0.000e+00
      3.968    28.2147   5.683212    35.2621     1.6902     0.0887          0     92.250 338.369193  1022.5384      3.947      0.075  0.000e+00
      3.990    28.2127   5.683251    35.2638     1.6930     0.0772          0     92.500 338.369196  1022.5404      3.968      0.086  0.000e+00
      4.023    28.2113   5.683182    35.2643     1.6944     0.0772          0     92.750 338.369198  1022.5414      4.000      0.103  0.000e+00
      4.044    28.2105   5.683372    35.2663     1.6928     0.0719          0     93.000 338.369201  1022.5432      4.022      0.117  0.000e+00
      4.077    28.2112   5.683662    35.2678     1.6993     0.0726          0     93.250 338.369204  1022.5442      4.054      0.125  0.000e+00
      4.109    28.2124   5.683662    35.2669     1.7085     0.0742          0     93.500 338.369207  1022.5433      4.086      0.127  0.000e+00
      4.120    28.2136   5.683982    35.2682     1.7015     0.0658          0     93.750 338.369210  1022.5440      4.097      0.113  0.000e+00
      4.131    28.2154   5.684103    35.2677     1.7012     0.0742          0     94.000 338.369213  1022.5430      4.108      0.102  0.000e+00
      4.142    28.2169   5.684012    35.2660     1.7003     0.0765          0     94.250 338.369216  1022.5413      4.119      0.092  0.000e+00
      4.142    28.2169   5.683951    35.2655     1.6968     0.0833          0     94.500 338.369219  1022.5409      4.119      0.079  0.000e+00
      4.131    28.2171   5.683890    35.2650     1.6970     0.0917          0     94.750 338.369222  1022.5404      4.108      0.058  0.000e+00
      4.098    28.2168   5.683913    35.2654     1.6987     0.0788          0     95.000 338.369225  1022.5407      4.076      0.031  0.000e+00
      4.142    28.2167   5.683913    35.2654     1.6958     0.0902          0     95.250 338.369227  1022.5409      4.119      0.017  0.000e+00
      4.142    28.2168   5.683951    35.2656     1.6959     0.0971          0     95.500 338.369230  1022.5410      4.119      0.008  0.000e+00
      4.131    28.2166   5.683981    35.2660     1.6975     0.1016          0     95.750 338.369233  1022.5413      4.108      0.002  0.000e+00
      4.142    28.2166   5.683951    35.2658     1.6964     0.1055          0     96.000 338.369236  1022.5412      4.119      0.001  0.000e+00
      4.131    28.2167   5.683951    35.2657     1.6976     0.0978          0     96.250 338.369239  1022.5411      4.108      0.000  0.000e+00
      4.131    28.2165   5.683951    35.2658     1.6994     0.0986          0     96.500 338.369242  1022.5412      4.108      0.002  0.000e+00
      4.120    28.2168   5.683951    35.2656     1.6969     0.1016          0     96.750 338.369245  1022.5409      4.097      0.002  0.000e+00
      4.142    28.2168   5.683981    35.2658     1.7009     0.0948          0     97.000 338.369248  1022.5412      4.119      0.006  0.000e+00
      4.163    28.2170   5.684012    35.2659     1.7008     0.0978          0     97.250 338.369251  1022.5413      4.140      0.004  0.000e+00
      4.152    28.2174   5.683981    35.2654     1.7026     0.1001          0     97.500 338.369253  1022.5407      4.130      0.009  0.000e+00
      4.142    28.2175   5.683951    35.2651     1.7036     0.0955          0     97.750 338.369256  1022.5404      4.119      0.010  0.000e+00
      4.152    28.2169   5.683913    35.2653     1.7037     0.0917          0     98.000 338.369259  1022.5408      4.130      0.011  0.000e+00
      4.131    28.2167   5.683883    35.2652     1.7002     0.0963          0     98.250 338.369262  1022.5407      4.108      0.008  0.000e+00
      4.120    28.2164   5.683852    35.2652     1.7001     0.1001          0     98.500 338.369265  1022.5408      4.097     -0.001  0.000e+00
      4.109    28.2159   5.683852    35.2656     1.6969     0.1398          0     98.750 338.369268  1022.5412      4.086     -0.012  0.000e+00
      4.109    28.2156   5.683753    35.2651     1.6965     0.1467          0     99.000 338.369271  1022.5409      4.087     -0.025  0.000e+00
      3.947    28.2150   5.683662    35.2650     1.6970     0.1406          0     99.250 338.369274  1022.5404      3.925     -0.073  0.000e+00
      3.806    28.2144   5.683601    35.2651     1.7004     0.1474          0     99.500 338.369277  1022.5400      3.786     -0.138  0.000e+00
      3.731    28.2142   5.683677    35.2658     1.7025     0.0726          0     99.750 338.369280  1022.5403      3.710     -0.204  0.000e+00
      3.579    28.2143   5.683692    35.2659     1.7057     0.0650          0    100.000 338.369282  1022.5396      3.560     -0.285  0.000e+00
      3.309    28.2141   5.683661    35.2659     1.7085     0.0749          0    100.250 338.369285  1022.5386      3.291     -0.398  0.000e+00
      3.104    28.2143   5.683722    35.2662     1.7054     0.0749          0    100.500 338.369288  1022.5379      3.087     -0.516  0.000e+00
      2.963    28.2143   5.683532    35.2649     1.7054     0.0704          0    100.750 338.369291  1022.5363      2.947     -0.607  0.000e+00
      2.790    28.2136   5.683311    35.2639     1.7061     0.0932          0    101.000 338.369294  1022.5350      2.775     -0.670  0.000e+00
      2.466    28.2121   5.683120    35.2638     1.7074     0.0894          0    101.250 338.369297  1022.5340      2.452     -0.732  0.000e+00
      2.250    28.2108   5.683021    35.2642     1.7053     0.1016          0    101.500 338.369300  1022.5338      2.237     -0.796  0.000e+00
      2.109    28.2091   5.682930    35.2648     1.7058     0.0978          0    101.750 338.369303  1022.5343      2.097     -0.832  0.000e+00
      1.936    28.2079   5.682770    35.2646     1.7049     0.0719          0    102.000 338.369306  1022.5338      1.925     -0.825  0.000e+00
      1.698    28.2065   5.682663    35.2651     1.7050     0.0688          0    102.250 338.369308  1022.5336      1.689     -0.813  0.000e+00
      1.493    28.2053   5.682671    35.2660     1.7027     0.0658          0    102.500 338.369311  1022.5338      1.485     -0.820  0.000e+00
      1.428    28.2048   5.682671    35.2664     1.7023     0.0696          0    102.750 338.369314  1022.5340      1.420     -0.792  0.000e+00
      1.309    28.2044   5.682671    35.2668     1.7028     0.1062          0    103.000 338.369317  1022.5338      1.302     -0.731  0.000e+00
      1.125    28.2045   5.682709    35.2670     1.7005     0.0910          0    103.250 338.369320  1022.5332      1.119     -0.666  0.000e+00
      0.931    28.2046   5.682709    35.2670     1.7028     0.1001          0    103.500 338.369323  1022.5323      0.925     -0.650  0.000e+00
      0.855    28.2047   5.682769    35.2674     1.7031     0.0978          0    103.750 338.369326  1022.5323      0.850     -0.624  0.000e+00
      0.758    28.2048   5.682739    35.2671     1.7052     0.0490          0    104.000 338.369329  1022.5316      0.753     -0.578  0.000e+00
      0.574    28.2054   5.682739    35.2667     1.7115     0.0444          0    104.250 338.369332  1022.5303      0.571     -0.549  0.000e+00
      0.368    28.2053   5.682800    35.2673     1.7192     0.0391          0    104.500 338.369334  1022.5299      0.366     -0.562  0.000e+00
      0.271    28.2060   5.683028    35.2684     1.7132     0.0459          0    104.750 338.369337  1022.5301      0.270     -0.582  0.000e+00
      0.228    28.2072   5.683370    35.2699     1.7086     0.0475          0    105.000 338.369340  1022.5306      0.227     -0.553  0.000e+00
      0.120    28.2093   5.683469    35.2691     1.7087     0.0437          0    105.250 338.369343  1022.5289      0.119     -0.512  0.000e+00
     -0.010    28.2108   5.683819    35.2704     1.7015     0.0406          0    105.500 338.369346  1022.5289     -0.010     -0.489  0.000e+00
     -0.021    28.2130   5.684261    35.2719     1.7000     0.0536          0    105.750 338.369349  1022.5292     -0.021     -0.457  0.000e+00
     -0.010    28.2161   5.684581    35.2718     1.6968     0.0444          0    106.000 338.369352  1022.5281     -0.010     -0.384  0.000e+00
      0.001    28.2187   5.684200    35.2672     1.6962     0.0765          0    106.250 338.369355  1022.5239      0.001     -0.283  0.000e+00
     -0.064    28.2190   5.684101    35.2663     1.6927     0.0696          0    106.500 338.369358  1022.5228     -0.064     -0.210  0.000e+00
     -0.205    28.2190   5.684299    35.2677     1.6895     0.0757          0    106.750 338.369361  1022.5233     -0.203     -0.201  0.000e+00
     -0.388    28.2190   5.684070    35.2662     1.6929     0.0643          0    107.000 338.369363  1022.5214     -0.386     -0.235  0.000e+00
     -0.529    28.2189   5.684223    35.2674     1.6941     0.1116          0    107.250 338.369366  1022.5217     -0.526     -0.277  0.000e+00
     -0.594    28.2192   5.684611    35.2698     1.6909     0.1077          0    107.500 338.369369  1022.5231     -0.590     -0.321  0.000e+00
     -0.702    28.2214   5.685060    35.2714     1.6898     0.1093          0    107.750 338.369372  1022.5231     -0.698     -0.391  0.000e+00
     -0.788    28.2238   5.685380    35.2718     1.7079     0.1123          0    108.000 338.369375  1022.5223     -0.784     -0.440  0.000e+00
     -0.810    28.2280   5.686712    35.2780     1.7037    -0.0471          0    108.250 338.369378  1022.5254     -0.805     -0.441  0.000e+00
     -0.821    28.2332   5.685882    35.2683     1.6996    -0.0456          0    108.500 338.369381  1022.5164     -0.816     -0.388  0.000e+00
     -0.810    28.2345   5.685852    35.2672     1.6972    -0.0471          0    108.750 338.369384  1022.5152     -0.806     -0.298  0.000e+00
     -0.788    28.2350   5.686331    35.2702     1.6905    -0.0525          0    109.000 338.369387  1022.5174     -0.784     -0.200  0.000e+00
     -0.788    28.2385   5.689035    35.2864     1.6871    -0.0555          0    109.250 338.369389  1022.5284     -0.784     -0.125  0.000e+00
     -0.756    28.2500   5.690131    35.2855     1.6795    -0.0242          0    109.500 338.369392  1022.5241     -0.752     -0.061  0.000e+00
     -0.734    28.2622   5.691556    35.2863     1.6798    -0.0311          0    109.750 338.369395  1022.5207     -0.730      0.003  0.000e+00
     -0.734    28.2746   5.693048    35.2875     1.6733    -0.0296          0    110.000 338.369398  1022.5176     -0.730      0.040  0.000e+00
     -0.734    28.2885   5.694999    35.2908     1.6785    -0.0242          0    110.250 338.369401  1022.5155     -0.730      0.050  0.000e+00
     -0.734    28.3033   5.695570    35.2837     1.6815     0.0635          0    110.500 338.369404  1022.5053     -0.730      0.049  0.000e+00
     -0.734    28.3113   5.693467    35.2630     1.6750     0.0620          0    110.750 338.369407  1022.4871     -0.730      0.040  0.000e+00
