ctd_mafia/cnv/SBE19plus_01906740_2018_12_07_0106.cnv
* Sea-Bird SBE19plus  Data File:
* FileName = C:\Users\all user\Desktop\Patroba _ WWF Mapping Mafia\SBE19plus_01906740_2018_12_07_0106.hex
* Software version 2.6.3.104
* Temperature SN = 6740
* Conductivity SN = 6740
* System UpLoad Time = Dec 07 2018 14:37:12
* <ApplicationData>
* <Seaterm232>
# nquan = 13
# nvalues = 369                                   
# units = specified
# name 0 = prdM: Pressure, Strain Gauge [db]
# name 1 = tv290C: Temperature [ITS-90, deg C]
# name 2 = c0S/m: Conductivity [S/m]
# name 3 = sal00: Salinity, Practical [PSU]
# name 4 = sbeox0ML/L: Oxygen, SBE 43 [ml/l]
# name 5 = flECO-AFL: Fluorescence, WET Labs ECO-AFL/FL [mg/m^3]
# name 6 = nbf: Bottles Fired
# name 7 = timeS: Time, Elapsed [seconds]
# name 8 = timeJ: Julian Days
# name 9 = density00: Density [density, kg/m^3]
# name 10 = depSM: Depth [salt water, m], lat = 0.00
# name 11 = dz/dtM: Descent Rate [m/s]
# name 12 = flag:  0.000e+00
# span 0 =     -1.412,      6.416                 
# span 1 =    27.4763,    27.7845                 
# span 2 =   0.363687,   5.635481                 
# span 3 =     1.8133,    35.2821                 
# span 4 =     1.2931,     7.1328                 
# span 5 =    -0.1707,     1.4513                 
# span 6 =          0,          0                 
# span 7 =      0.000,     92.000                 
# span 8 = 338.439039, 338.440104                 
# span 9 =   997.7396,  1022.7357                 
# span 10 =     -1.404,      6.380                
# span 11 =     -0.584,      0.567                
# span 12 = 0.0000e+00, 0.0000e+00                
# interval = seconds: 0.25
# start_time = Dec 04 2018 10:32:13 [Instrument's time stamp, header]
# bad_flag = -9.990e-29
*END*
[from data line 112]
     -0.168    27.7224   5.622290    35.2039     2.1525     0.0513          0     28.000 338.439363  1022.6378     -0.167     -0.008  0.000e+00
     -0.157    27.7220   5.622070    35.2026     2.1536     0.0612          0     28.250 338.439366  1022.6370     -0.156     -0.009  0.000e+00
     -0.168    27.7215   5.621472    35.1988     2.1522     0.0475          0     28.500 338.439369  1022.6343     -0.167     -0.006  0.000e+00
     -0.168    27.7211   5.620941    35.1954     2.1474     0.0490          0     28.750 338.439372  1022.6318     -0.167     -0.004  0.000e+00
     -0.157    27.7204   5.620911    35.1957     2.1506     0.0521          0     29.000 338.439375  1022.6323     -0.156      0.010  0.000e+00
     -0.157    27.7200   5.621063    35.1970     2.1417     0.0459          0     29.250 338.439378  1022.6334     -0.156      0.014  0.000e+00
     -0.168    27.7195   5.620911    35.1964     2.1404     0.0475          0     29.500 338.439381  1022.6331     -0.167      0.008  0.000e+00
     -0.179    27.7191   5.620472    35.1936     2.1329     0.0734          0     29.750 338.439384  1022.6311     -0.178      0.001  0.000e+00
     -0.190    27.7185   5.620032    35.1909     2.1329     0.0688          0     30.000 338.439387  1022.6292     -0.188     -0.009  0.000e+00
     -0.168    27.7182   5.620002    35.1909     2.1257     0.0772          0     30.250 338.439389  1022.6294     -0.167     -0.009  0.000e+00
     -0.179    27.7177   5.620260    35.1931     2.1265     0.0742          0     30.500 338.439392  1022.6311     -0.178     -0.009  0.000e+00
     -0.190    27.7172   5.620313    35.1938     2.1204     0.0482          0     30.750 338.439395  1022.6318     -0.189     -0.013  0.000e+00
     -0.179    27.7167   5.619934    35.1916     2.1166     0.0459          0     31.000 338.439398  1022.6303     -0.178     -0.013  0.000e+00
     -0.179    27.7162   5.619275    35.1873     2.1124     0.0482          0     31.250 338.439401  1022.6273     -0.178     -0.009  0.000e+00
     -0.179    27.7159   5.618904    35.1849     2.1070     0.0505          0     31.500 338.439404  1022.6255     -0.178     -0.003  0.000e+00
     -0.179    27.7155   5.618843    35.1847     2.1069     0.0360          0     31.750 338.439407  1022.6256     -0.178      0.001  0.000e+00
     -0.168    27.7147   5.618775    35.1849     2.1015     0.0482          0     32.000 338.439410  1022.6260     -0.167      0.004  0.000e+00
     -0.179    27.7144   5.618654    35.1843     2.0962     0.0513          0     32.250 338.439413  1022.6256     -0.178      0.001  0.000e+00
     -0.179    27.7137   5.618495    35.1837     2.0895     0.0459          0     32.500 338.439416  1022.6253     -0.178      0.004  0.000e+00
     -0.190    27.7131   5.618464    35.1839     2.0890     0.0467          0     32.750 338.439418  1022.6256     -0.189      0.001  0.000e+00
     -0.190    27.7125   5.618335    35.1834     2.0831     0.0505          0     33.000 338.439421  1022.6255     -0.189     -0.005  0.000e+00
     -0.168    27.7121   5.618245    35.1831     2.0767     0.0482          0     33.250 338.439424  1022.6255     -0.167     -0.001  0.000e+00
     -0.146    27.7115   5.618245    35.1835     2.0731     0.0475          0     33.500 338.439427  1022.6261     -0.146      0.007  0.000e+00
     -0.157    27.7110   5.618245    35.1839     2.0745     0.0505          0     33.750 338.439430  1022.6265     -0.156      0.011  0.000e+00
     -0.179    27.7104   5.617714    35.1806     2.0743     0.0406          0     34.000 338.439433  1022.6241     -0.178      0.007  0.000e+00
     -0.168    27.7101   5.617305    35.1780     2.0729     0.0429          0     34.250 338.439436  1022.6223     -0.167      0.010  0.000e+00
     -0.168    27.7097   5.617237    35.1778     2.0812     0.0315          0     34.500 338.439439  1022.6223     -0.167      0.009  0.000e+00
     -0.168    27.7091   5.617646    35.1811     2.0755     0.0299          0     34.750 338.439442  1022.6250     -0.167      0.008  0.000e+00
     -0.157    27.7085   5.617836    35.1829     2.0662     0.0627          0     35.000 338.439444  1022.6265     -0.156      0.005  0.000e+00
     -0.179    27.7080   5.617525    35.1811     2.0582     0.0604          0     35.250 338.439447  1022.6252     -0.178     -0.006  0.000e+00
     -0.179    27.7077   5.617116    35.1784     2.0529     0.0582          0     35.500 338.439450  1022.6233     -0.178     -0.010  0.000e+00
     -0.168    27.7072   5.616836    35.1768     2.0444     0.0589          0     35.750 338.439453  1022.6224     -0.167     -0.004  0.000e+00
     -0.125    27.7066   5.617305    35.1806     2.0516     0.0475          0     36.000 338.439456  1022.6256     -0.124      0.012  0.000e+00
     -0.146    27.7062   5.617646    35.1833     2.0573     0.0459          0     36.250 338.439459  1022.6276     -0.146      0.013  0.000e+00
     -0.157    27.7059   5.617237    35.1806     2.0558     0.0459          0     36.500 338.439462  1022.6257     -0.156      0.012  0.000e+00
     -0.136    27.7055   5.616836    35.1781     2.1204     0.0498          0     36.750 338.439465  1022.6240     -0.135      0.017  0.000e+00
     -0.146    27.7052   5.616457    35.1757     2.1845     0.0749          0     37.000 338.439468  1022.6222     -0.146      0.016  0.000e+00
     -0.146    27.7044   5.616768    35.1784     2.2655     0.0726          0     37.250 338.439470  1022.6246     -0.146      0.017  0.000e+00
     -0.136    27.7041   5.617056    35.1807     2.2634     0.0719          0     37.500 338.439473  1022.6264     -0.135      0.014  0.000e+00
     -0.157    27.7036   5.616866    35.1797     2.3437     0.0658          0     37.750 338.439476  1022.6257     -0.156      0.001  0.000e+00
     -0.146    27.7032   5.616457    35.1771     2.8756     0.0719          0     38.000 338.439479  1022.6240     -0.146     -0.006  0.000e+00
     -0.125    27.7027   5.616207    35.1758     2.9801     0.0521          0     38.250 338.439482  1022.6232     -0.124      0.006  0.000e+00
     -0.136    27.7023   5.616298    35.1767     2.9579     0.0414          0     38.500 338.439485  1022.6240     -0.135      0.007  0.000e+00
     -0.146    27.7018   5.616487    35.1784     2.9409     0.0482          0     38.750 338.439488  1022.6254     -0.146      0.001  0.000e+00
     -0.125    27.7012   5.616518    35.1791     2.7279     0.0490          0     39.000 338.439491  1022.6262     -0.124      0.008  0.000e+00
     -0.157    27.7008   5.616238    35.1774     2.8813     0.0589          0     39.250 338.439494  1022.6249     -0.156      0.001  0.000e+00
     -0.146    27.7004   5.615927    35.1755     2.7276     0.0665          0     39.500 338.439497  1022.6237     -0.146     -0.001  0.000e+00
     -0.157    27.7000   5.615829    35.1751     2.5951     0.0574          0     39.750 338.439499  1022.6235     -0.156     -0.004  0.000e+00
     -0.146    27.6993   5.615988    35.1768     2.4550     0.0566          0     40.000 338.439502  1022.6250     -0.146     -0.009  0.000e+00
     -0.136    27.6988   5.616018    35.1773     2.4241     0.0574          0     40.250 338.439505  1022.6256     -0.135     -0.008  0.000e+00
     -0.146    27.6983   5.615897    35.1768     2.4729     0.0604          0     40.500 338.439508  1022.6253     -0.146     -0.004  0.000e+00
     -0.125    27.6980   5.615609    35.1751     2.5087     0.0604          0     40.750 338.439511  1022.6242     -0.124      0.004  0.000e+00
     -0.136    27.6976   5.615458    35.1743     2.4976     0.0589          0     41.000 338.439514  1022.6237     -0.135      0.005  0.000e+00
     -0.146    27.6971   5.615677    35.1762     2.4309     0.0459          0     41.250 338.439517  1022.6253     -0.146      0.009  0.000e+00
     -0.146    27.6967   5.616018    35.1789     2.5185     0.0429          0     41.500 338.439520  1022.6274     -0.146      0.004  0.000e+00
     -0.146    27.6963   5.616116    35.1799     2.5002     0.0482          0     41.750 338.439523  1022.6283     -0.146      0.002  0.000e+00
     -0.146    27.6960   5.615647    35.1768     2.4444     0.0429          0     42.000 338.439525  1022.6260     -0.146     -0.004  0.000e+00
     -0.146    27.6959   5.615238    35.1741     2.3349     0.0406          0     42.250 338.439528  1022.6240     -0.146     -0.006  0.000e+00
     -0.136    27.6953   5.615109    35.1736     2.4085     0.0597          0     42.500 338.439531  1022.6239     -0.135     -0.003  0.000e+00
     -0.136    27.6951   5.615359    35.1755     2.2916     0.0582          0     42.750 338.439534  1022.6254     -0.135     -0.003  0.000e+00
     -0.125    27.6944   5.615647    35.1780     2.2378     0.0589          0     43.000 338.439537  1022.6276     -0.124      0.006  0.000e+00
     -0.092    27.6941   5.615488    35.1771     2.4224     0.0604          0     43.250 338.439540  1022.6271     -0.092      0.021  0.000e+00
     -0.114    27.6938   5.615140    35.1749     2.5890     0.0559          0     43.500 338.439543  1022.6254     -0.113      0.023  0.000e+00
     -0.125    27.6933   5.615170    35.1755     2.4070     0.0589          0     43.750 338.439546  1022.6261     -0.124      0.020  0.000e+00
     -0.071    27.6930   5.615458    35.1777     2.3692     0.0627          0     44.000 338.439549  1022.6281     -0.070      0.030  0.000e+00
     -0.060    27.6928   5.616836    35.1876     3.0582     0.0574          0     44.250 338.439552  1022.6356     -0.060      0.038  0.000e+00
     -0.017    27.6927   5.617616    35.1932     2.7095     0.0536          0     44.500 338.439554  1022.6400     -0.017      0.052  0.000e+00
      0.027    27.6934   5.619056    35.2028     2.9888     0.0360          0     44.750 338.439557  1022.6472      0.026      0.072  0.000e+00
      0.091    27.6944   5.619245    35.2033     2.8751     0.0414          0     45.000 338.439560  1022.6476      0.091      0.099  0.000e+00
      0.145    27.6953   5.619624    35.2054     2.9267     0.0414          0     45.250 338.439563  1022.6490      0.145      0.128  0.000e+00
      0.189    27.6965   5.619904    35.2064     2.6185     0.0475          0     45.500 338.439566  1022.6496      0.188      0.162  0.000e+00
      0.210    27.6983   5.619594    35.2028     3.2009     0.0444          0     45.750 338.439569  1022.6464      0.209      0.176  0.000e+00
      0.275    27.6997   5.620222    35.2062     2.8596     0.0521          0     46.000 338.439572  1022.6488      0.274      0.182  0.000e+00
      0.340    27.7016   5.619465    35.1994     2.4543     0.0498          0     46.250 338.439575  1022.6434      0.338      0.196  0.000e+00
      0.405    27.7025   5.620033    35.2028     2.4990     0.0467          0     46.500 338.439578  1022.6459      0.403      0.204  0.000e+00
      0.448    27.7038   5.620184    35.2028     2.2421     0.0582          0     46.750 338.439580  1022.6456      0.446      0.207  0.000e+00
      0.502    27.7053   5.620722    35.2054     2.3921     0.0650          0     47.000 338.439583  1022.6474      0.500      0.208  0.000e+00
      0.556    27.7072   5.620624    35.2034     2.3235     0.0574          0     47.250 338.439586  1022.6454      0.553      0.213  0.000e+00
      0.632    27.7089   5.620783    35.2032     2.7849     0.0551          0     47.500 338.439589  1022.6450      0.629      0.225  0.000e+00
      0.708    27.7101   5.621063    35.2042     2.7964     0.0673          0     47.750 338.439592  1022.6457      0.704      0.239  0.000e+00
      0.805    27.7115   5.621473    35.2060     2.7257     0.0582          0     48.000 338.439595  1022.6471      0.801      0.252  0.000e+00
      0.891    27.7131   5.621882    35.2077     2.6929     0.0521          0     48.250 338.439598  1022.6482      0.886      0.270  0.000e+00
      0.924    27.7148   5.622511    35.2109     3.0306     0.0620          0     48.500 338.439601  1022.6502      0.919      0.277  0.000e+00
      0.989    27.7168   5.622882    35.2120     2.8798     0.0719          0     48.750 338.439604  1022.6506      0.983      0.285  0.000e+00
      1.010    27.7183   5.623231    35.2133     2.2216     0.0757          0     49.000 338.439606  1022.6512      1.005      0.273  0.000e+00
      1.032    27.7195   5.623579    35.2149     2.0101     0.0742          0     49.250 338.439609  1022.6521      1.026      0.248  0.000e+00
      1.032    27.7202   5.623700    35.2151     2.6304     0.0864          0     49.500 338.439612  1022.6521      1.026      0.205  0.000e+00
      1.032    27.7209   5.623609    35.2140     2.5700     0.0620          0     49.750 338.439615  1022.6510      1.026      0.156  0.000e+00
      1.053    27.7212   5.623481    35.2129     2.7937     0.0604          0     50.000 338.439618  1022.6502      1.048      0.112  0.000e+00
      1.075    27.7213   5.623890    35.2157     2.8296     0.0620          0     50.250 338.439621  1022.6523      1.069      0.082  0.000e+00
      1.129    27.7217   5.623950    35.2158     2.8660     0.0597          0     50.500 338.439624  1022.6525      1.123      0.078  0.000e+00
      1.194    27.7221   5.624201    35.2172     2.9699     0.0597          0     50.750 338.439627  1022.6537      1.187      0.086  0.000e+00
      1.259    27.7226   5.624489    35.2188     2.7756     0.0498          0     51.000 338.439630  1022.6551      1.252      0.115  0.000e+00
      1.291    27.7232   5.625588    35.2261     2.5525     0.0498          0     51.250 338.439633  1022.6605      1.284      0.141  0.000e+00
      1.345    27.7238   5.625739    35.2268     2.3132     0.0559          0     51.500 338.439635  1022.6610      1.338      0.171  0.000e+00
      1.410    27.7241   5.625989    35.2283     2.0397     0.0475          0     51.750 338.439638  1022.6624      1.402      0.197  0.000e+00
      1.486    27.7244   5.626277    35.2301     1.7689     0.0490          0     52.000 338.439641  1022.6639      1.478      0.218  0.000e+00
      1.475    27.7247   5.626808    35.2335     2.0314     0.0429          0     52.250 338.439644  1022.6664      1.467      0.213  0.000e+00
      1.497    27.7250   5.626838    35.2335     2.5079     0.0452          0     52.500 338.439647  1022.6664      1.488      0.192  0.000e+00
      1.529    27.7250   5.626717    35.2327     2.5551     0.0475          0     52.750 338.439650  1022.6658      1.521      0.171  0.000e+00
      1.572    27.7251   5.626399    35.2303     2.3542     0.0589          0     53.000 338.439653  1022.6642      1.564      0.156  0.000e+00
      1.659    27.7251   5.626308    35.2297     2.6951     0.0574          0     53.250 338.439656  1022.6641      1.650      0.160  0.000e+00
      1.745    27.7248   5.626528    35.2314     2.6698     0.0597          0     53.500 338.439659  1022.6659      1.736      0.172  0.000e+00
      1.832    27.7247   5.626687    35.2326     2.8570     0.0620          0     53.750 338.439661  1022.6672      1.822      0.194  0.000e+00
      1.886    27.7250   5.626869    35.2336     2.5745     0.0475          0     54.000 338.439664  1022.6681      1.875      0.220  0.000e+00
      1.940    27.7252   5.626967    35.2342     2.7697     0.0398          0     54.250 338.439667  1022.6687      1.929      0.254  0.000e+00
      1.972    27.7255   5.627127    35.2351     2.7132     0.0444          0     54.500 338.439670  1022.6694      1.961      0.262  0.000e+00
      2.016    27.7257   5.627597    35.2382     2.7014     0.0543          0     54.750 338.439673  1022.6719      2.004      0.257  0.000e+00
      2.070    27.7259   5.627498    35.2374     2.4440     0.0459          0     55.000 338.439676  1022.6714      2.058      0.241  0.000e+00
      2.145    27.7260   5.627597    35.2380     2.4449     0.0574          0     55.250 338.439679  1022.6722      2.134      0.225  0.000e+00
