ctd_mafia/cnv/SBE19plus_01906740_2018_12_07_0077.cnv
* Sea-Bird SBE19plus  Data File:
* FileName = C:\Users\all user\Desktop\Patroba _ WWF Mapping Mafia\SBE19plus_01906740_2018_12_07_0077.hex
* Software version 2.6.3.104
* Temperature SN = 6740
* Conductivity SN = 6740
* System UpLoad Time = Dec 07 2018 14:30:32
* <ApplicationData>
* <Seaterm232>
# nquan = 13
# nvalues = 577                                   
# units = specified
# name 0 = prdM: Pressure, Strain Gauge [db]
# name 1 = tv290C: Temperature [ITS-90, deg C]
# name 2 = c0S/m: Conductivity [S/m]
# name 3 = sal00: Salinity, Practical [PSU]
# name 4 = sbeox0ML/L: Oxygen, SBE 43 [ml/l]
# name 5 = flECO-AFL: Fluorescence, WET Labs ECO-AFL/FL [mg/m^3]
# name 6 = nbf: Bottles Fired
# name 7 = timeS: Time, Elapsed [seconds]
# name 8 = timeJ: Julian Days
# name 9 = density00: Density [density, kg/m^3]
# name 10 = depSM: Depth [salt water, m], lat = 0.00
# name 11 = dz/dtM: Descent Rate [m/s]
# name 12 = flag:  0.000e+00
# span 0 =     -1.361,     12.909                 
# span 1 =    28.5437,    29.2872                 
# span 2 =   0.876326,   5.759733                 
# span 3 =     4.5297,    35.2527                 
# span 4 =     1.8362,     2.8692                 
# span 5 =    -0.3569,    48.6833                 
# span 6 =          0,          0                 
# span 7 =      0.000,    144.000                 
# span 8 = 337.353322, 337.354988                 
# span 9 =   999.4606,  1022.4078                 
# span 10 =     -1.354,     12.838                
# span 11 =     -0.707,      0.667                
# span 12 = 0.0000e+00, 0.0000e+00                
# interval = seconds: 0.25
# start_time = Dec 03 2018 08:28:47 [Instrument's time stamp, header]
# bad_flag = -9.990e-29
*END*
[from data line 556]
     -0.680    28.6780   5.728860    35.2366     2.1614    -0.0944          0    139.000 337.354931  1022.3462     -0.676      0.001  0.000e+00
     -0.745    28.6781   5.728791    35.2361     2.1657     0.1047          0    139.250 337.354933  1022.3455     -0.741      0.011  0.000e+00
     -0.842    28.6775   5.728760    35.2363     2.1652     0.1100          0    139.500 337.354936  1022.3455     -0.838     -0.003  0.000e+00
     -0.929    28.6776   5.728859    35.2370     2.1677     0.1116          0    139.750 337.354939  1022.3455     -0.924     -0.034  0.000e+00
     -1.037    28.6779   5.728859    35.2368     2.1646     0.1108          0    140.000 337.354942  1022.3448     -1.031     -0.101  0.000e+00
     -1.177    28.6780   5.728821    35.2365     2.1958    -0.3477          0    140.250 337.354945  1022.3440     -1.171     -0.203  0.000e+00
     -1.275    28.6779   5.728821    35.2366     2.2179    -0.3432          0    140.500 337.354948  1022.3437     -1.268     -0.299  0.000e+00
     -1.340    28.6779   5.728821    35.2366     2.2123    -0.3432          0    140.750 337.354951  1022.3434     -1.332     -0.360  0.000e+00
     -1.350    28.6781   4.332349    25.7723     2.3241    -0.3569          0    141.000 337.354954  1015.2510     -1.343     -0.372  0.000e+00
     -1.361    28.6760   1.063934     5.5647     2.6027     1.4338          0    141.250 337.354957  1000.1927     -1.354     -0.337  0.000e+00
     -1.361    28.6696   1.102772     5.7845     2.5966     1.4277          0    141.500 337.354959  1000.3583     -1.354     -0.277  0.000e+00
     -1.361    28.6638   1.047464     5.4734     2.6529     1.4277          0    141.750 337.354962  1000.1283     -1.354     -0.210  0.000e+00
     -1.350    28.6579   1.095071     5.7424     2.7049     1.4330          0    142.000 337.354965  1000.3305     -1.343     -0.133  0.000e+00
     -1.361    28.6455   0.892122     4.6078     2.7336    48.6826          0    142.250 337.354968   999.4886     -1.354     -0.068  0.000e+00
     -1.350    28.6282   1.081178     5.6675     2.7588    48.6780          0    142.500 337.354971  1000.2835     -1.343     -0.024  0.000e+00
     -1.340    28.6084   1.060735     5.5545     2.8324    48.6833          0    142.750 337.354974  1000.2052     -1.332      0.001  0.000e+00
     -1.340    28.5873   1.122079     5.9037     2.8320    48.6803          0    143.000 337.354977  1000.4716     -1.332      0.009  0.000e+00
     -1.350    28.5693   1.367454     7.3112     2.8655    48.6787          0    143.250 337.354980  1001.5252     -1.343      0.010  0.000e+00
     -1.340    28.5557   1.038513     5.4352     2.8625     0.0650          0    143.500 337.354983  1000.1319     -1.332      0.011  0.000e+00
     -1.340    28.5508   0.939089     4.8783     2.8187     0.0696          0    143.750 337.354986   999.7183     -1.332      0.010  0.000e+00
     -1.339    28.5437   0.876326     4.5297     2.7636     0.0704          0    144.000 337.354988   999.4606     -1.332      0.008  0.000e+00
