ctd_mafia/cnv/SBE19plus_01906740_2018_12_07_0088.cnv
* Sea-Bird SBE19plus  Data File:
* FileName = C:\Users\all user\Desktop\Patroba _ WWF Mapping Mafia\SBE19plus_01906740_2018_12_07_0088.hex
* Software version 2.6.3.104
* Temperature SN = 6740
* Conductivity SN = 6740
* System UpLoad Time = Dec 07 2018 14:33:06
* <ApplicationData>
* <Seaterm232>
# nquan = 13
# nvalues = 385                                   
# units = specified
# name 0 = prdM: Pressure, Strain Gauge [db]
# name 1 = tv290C: Temperature [ITS-90, deg C]
# name 2 = c0S/m: Conductivity [S/m]
# name 3 = sal00: Salinity, Practical [PSU]
# name 4 = sbeox0ML/L: Oxygen, SBE 43 [ml/l]
# name 5 = flECO-AFL: Fluorescence, WET Labs ECO-AFL/FL [mg/m^3]
# name 6 = nbf: Bottles Fired
# name 7 = timeS: Time, Elapsed [seconds]
# name 8 = timeJ: Julian Days
# name 9 = density00: Density [density, kg/m^3]
# name 10 = depSM: Depth [salt water, m], lat = 0.00
# name 11 = dz/dtM: Descent Rate [m/s]
# name 12 = flag:  0.000e+00
# span 0 =     -1.365,      4.529                 
# span 1 =    28.2284,    29.3005                 
# span 2 =   0.102578,   5.717271                 
# span 3 =     0.4650,    35.3735                 
# span 4 =     1.6954,     2.9022                 
# span 5 =    -0.1204,    48.6826                 
# span 6 =          0,          0                 
# span 7 =      0.000,     96.000                 
# span 8 = 337.447882, 337.448993                 
# span 9 =   996.2416,  1022.5829                 
# span 10 =     -1.357,      4.504                
# span 11 =     -0.759,      0.327                
# span 12 = 0.0000e+00, 0.0000e+00                
# interval = seconds: 0.25
# start_time = Dec 03 2018 10:44:57 [Instrument's time stamp, header]
# bad_flag = -9.990e-29
*END*
     -1.333    29.3001   0.143824     0.6588     2.3946     4.0041          0      0.000 337.447882   996.3466     -1.325 -4.211e-16  0.000e+00
     -1.343    29.3005   0.159259     0.7328     2.4036     4.0072          0      0.250 337.447885   996.4019     -1.336     -0.003  0.000e+00
     -1.365    29.2983   0.169406     0.7817     2.3984     4.0072          0      0.500 337.447888   996.4390     -1.357     -0.011  0.000e+00
     -1.332    29.2931   0.159402     0.7336     2.4105     4.0087          0      0.750 337.447891   996.4047     -1.325     -0.008  0.000e+00
     -1.322    29.2888   0.147616     0.6771     2.4179    48.6681          0      1.000 337.447894   996.3637     -1.314     -0.002  0.000e+00
     -1.354    29.2887   0.139295     0.6374     2.4151    48.6665          0      1.250 337.447896   996.3339     -1.347     -0.006  0.000e+00
     -1.365    29.2901   0.132389     0.6045     2.4099    48.6818          0      1.500 337.447899   996.3087     -1.357     -0.011  0.000e+00
     -1.343    29.2742   0.127662     0.5822     2.4066    48.6696          0      1.750 337.447902   996.2969     -1.336     -0.008  0.000e+00
     -1.354    29.2257   0.127954     0.5842     2.4273     2.4042          0      2.000 337.447905   996.3126     -1.346     -0.007  0.000e+00
     -1.343    29.1868   0.126931     0.5798     2.4356     2.3958          0      2.250 337.447908   996.3209     -1.336     -0.002  0.000e+00
     -1.321    29.1708   0.124871     0.5702     2.4418     2.3974          0      2.500 337.447911   996.3185     -1.314      0.006  0.000e+00
     -1.289    29.1653   0.121379     0.5537     2.4305     2.4088          0      2.750 337.447914   996.3079     -1.282      0.014  0.000e+00
     -1.267    29.1653   0.113557     0.5167     2.4280     0.9256          0      3.000 337.447917   996.2803     -1.260      0.033  0.000e+00
     -1.224    29.1682   0.105615     0.4792     2.4357     0.9325          0      3.250 337.447920   996.2515     -1.217      0.064  0.000e+00
     -1.180    29.1664   0.102578     0.4650     2.6039     0.9325          0      3.500 337.447922   996.2416     -1.174      0.088  0.000e+00
     -1.061    29.0593   0.104469     0.4749     2.9022     0.9317          0      3.750 337.447925   996.2811     -1.056      0.129  0.000e+00
     -0.888    28.8759   3.831925    22.3975     2.6293     0.9264          0      4.000 337.447928  1012.6693     -0.883      0.204  0.000e+00
     -0.780    28.7104   5.519822    33.7689     2.4712     2.4210          0      4.250 337.447931  1021.2328     -0.776      0.273  0.000e+00
     -0.759    28.6039   5.380709    32.8871     2.4525     2.4248          0      4.500 337.447934  1020.6062     -0.754      0.313  0.000e+00
     -0.737    28.5508   5.671135    34.9301     2.3729     2.4157          0      4.750 337.447937  1022.1578     -0.733      0.327  0.000e+00
     -0.737    28.5255   5.265910    32.1532     2.3363     2.4141          0      5.000 337.447940  1020.0813     -0.733      0.314  0.000e+00
     -0.769    28.5099   5.567402    34.2408     2.2307     0.6655          0      5.250 337.447943  1021.6534     -0.765      0.262  0.000e+00
     -0.802    28.4994   5.717271    35.2888     2.1286     0.6678          0      5.500 337.447946  1022.4441     -0.797      0.183  0.000e+00
     -0.769    28.4901   5.715401    35.2827     2.0723     0.6670          0      5.750 337.447948  1022.4427     -0.765      0.098  0.000e+00
     -0.780    28.4792   5.714326    35.2834     2.0764     0.6624          0      6.000 337.447951  1022.4468     -0.776      0.023  0.000e+00
     -0.758    28.4677   5.713593    35.2868     2.0937    -0.1127          0      6.250 337.447954  1022.4532     -0.754     -0.007  0.000e+00
     -0.758    28.4576   5.711610    35.2805     2.1090    -0.1028          0      6.500 337.447957  1022.4519     -0.754     -0.010  0.000e+00
     -0.726    28.4459   5.710488    35.2814     2.1167    -0.1166          0      6.750 337.447960  1022.4566     -0.722      0.002  0.000e+00
     -0.737    28.4351   5.710069    35.2866     2.1209    -0.1204          0      7.000 337.447963  1022.4640     -0.733      0.015  0.000e+00
     -0.683    28.4267   5.708567    35.2823     2.1172     0.3137          0      7.250 337.447966  1022.4637     -0.679      0.043  0.000e+00
     -0.683    28.4192   5.707339    35.2793     2.1177     0.3145          0      7.500 337.447969  1022.4640     -0.679      0.057  0.000e+00
     -0.650    28.4143   5.707095    35.2813     2.1040     0.3252          0      7.750 337.447972  1022.4672     -0.647      0.063  0.000e+00
     -0.628    28.4111   5.706073    35.2766     2.1004     0.3191          0      8.000 337.447975  1022.4648     -0.625      0.075  0.000e+00
     -0.628    28.4086   5.705852    35.2769     2.1056     0.3206          0      8.250 337.447977  1022.4659     -0.625      0.074  0.000e+00
     -0.607    28.4089   5.705242    35.2724     2.1125    -0.0212          0      8.500 337.447980  1022.4625     -0.603      0.077  0.000e+00
     -0.639    28.4097   5.705371    35.2727     2.1073    -0.0296          0      8.750 337.447983  1022.4623     -0.636      0.060  0.000e+00
     -0.618    28.4094   5.704609    35.2676     2.1019    -0.0273          0      9.000 337.447986  1022.4587     -0.614      0.052  0.000e+00
     -0.596    28.4070   5.704510    35.2687     2.0984    -0.0319          0      9.250 337.447989  1022.4604     -0.593      0.039  0.000e+00
     -0.585    28.4032   5.703168    35.2622     2.1046     0.0627          0      9.500 337.447992  1022.4568     -0.582      0.038  0.000e+00
     -0.564    28.3982   5.702817    35.2634     2.1112     0.0543          0      9.750 337.447995  1022.4595     -0.561      0.035  0.000e+00
     -0.564    28.3921   5.702588    35.2664     2.1138     0.0627          0     10.000 337.447998  1022.4637     -0.561      0.036  0.000e+00
     -0.531    28.3872   5.703008    35.2730     2.1120     0.0543          0     10.250 337.448001  1022.4704     -0.528      0.047  0.000e+00
     -0.488    28.3842   5.704670    35.2868     2.1069     0.0261          0     10.500 337.448003  1022.4820     -0.485      0.063  0.000e+00
     -0.455    28.3822   5.702688    35.2744     2.1208     0.0276          0     10.750 337.448006  1022.4735     -0.453      0.085  0.000e+00
     -0.423    28.3805   5.702856    35.2768     2.1297     0.0208          0     11.000 337.448009  1022.4760     -0.421      0.095  0.000e+00
     -0.412    28.3806   5.702238    35.2725     2.1264     0.0208          0     11.250 337.448012  1022.4727     -0.410      0.101  0.000e+00
     -0.401    28.3803   5.702307    35.2732     2.1208     0.0162          0     11.500 337.448015  1022.4734     -0.399      0.103  0.000e+00
     -0.423    28.3807   5.701666    35.2684     2.1251     0.0231          0     11.750 337.448018  1022.4696     -0.421      0.090  0.000e+00
     -0.412    28.3788   5.701247    35.2669     2.1277     0.0269          0     12.000 337.448021  1022.4692     -0.410      0.076  0.000e+00
     -0.391    28.3773   5.700805    35.2649     2.1306     0.0223          0     12.250 337.448024  1022.4683     -0.388      0.058  0.000e+00
     -0.358    28.3761   5.699944    35.2598     2.2672     0.0292          0     12.500 337.448027  1022.4649     -0.356      0.048  0.000e+00
     -0.326    28.3749   5.699143    35.2551     2.3646    -0.0174          0     12.750 337.448030  1022.4619     -0.324      0.050  0.000e+00
     -0.326    28.3710   5.698663    35.2547     2.3707    -0.0250          0     13.000 337.448032  1022.4629     -0.324      0.051  0.000e+00
     -0.358    28.3656   5.698793    35.2596     2.3624    -0.0296          0     13.250 337.448035  1022.4682     -0.356      0.046  0.000e+00
     -0.390    28.3602   5.699044    35.2654     2.3172    -0.0311          0     13.500 337.448038  1022.4742     -0.388      0.032  0.000e+00
     -0.390    28.3567   5.697932    35.2603     2.2779     0.0292          0     13.750 337.448041  1022.4715     -0.388      0.020  0.000e+00
     -0.369    28.3559   5.697612    35.2586     2.2285     0.0376          0     14.000 337.448044  1022.4707     -0.367      0.005  0.000e+00
     -0.336    28.3592   5.698122    35.2597     2.1850     0.0368          0     14.250 337.448047  1022.4705     -0.334     -0.001  0.000e+00
     -0.326    28.3630   5.698922    35.2624     2.1250     0.0414          0     14.500 337.448050  1022.4713     -0.324     -0.001  0.000e+00
     -0.347    28.3659   5.699570    35.2648     2.0772    -0.0715          0     14.750 337.448053  1022.4721     -0.345     -0.001  0.000e+00
     -0.347    28.3682   5.699875    35.2653     2.0760    -0.0693          0     15.000 337.448056  1022.4717     -0.345      0.009  0.000e+00
     -0.380    28.3700   5.700325    35.2670     2.0742    -0.0586          0     15.250 337.448058  1022.4723     -0.378      0.012  0.000e+00
     -0.380    28.3706   5.700576    35.2683     2.0886    -0.0601          0     15.500 337.448061  1022.4731     -0.378      0.007  0.000e+00
     -0.390    28.3701   5.700614    35.2690     2.0838     0.0231          0     15.750 337.448064  1022.4736     -0.388     -0.009  0.000e+00
     -0.401    28.3683   5.700645    35.2705     2.0715     0.0200          0     16.000 337.448067  1022.4753     -0.399     -0.029  0.000e+00
     -0.380    28.3662   5.700195    35.2690     2.0630     0.0208          0     16.250 337.448070  1022.4750     -0.377     -0.035  0.000e+00
     -0.304    28.3622   5.699631    35.2680     2.0590     0.0093          0     16.500 337.448073  1022.4759     -0.302     -0.009  0.000e+00
     -0.207    28.3564   5.699464    35.2711     2.0554     0.0315          0     16.750 337.448076  1022.4806     -0.205      0.045  0.000e+00
     -0.185    28.3502   5.699304    35.2746     2.0427    -0.0181          0     17.000 337.448079  1022.4853     -0.184      0.089  0.000e+00
     -0.153    28.3450   5.701949    35.2969     2.0356    -0.0189          0     17.250 337.448082  1022.5040     -0.152      0.130  0.000e+00
     -0.153    28.3422   5.700676    35.2902     2.0228    -0.0151          0     17.500 337.448084  1022.4998     -0.152      0.148  0.000e+00
     -0.142    28.3395   5.699944    35.2870     2.0065    -0.0212          0     17.750 337.448087  1022.4984     -0.141      0.154  0.000e+00
     -0.163    28.3366   5.699845    35.2885     1.9924     0.0170          0     18.000 337.448090  1022.5004     -0.162      0.135  0.000e+00
     -0.163    28.3341   5.702849    35.3113     1.9774     0.0238          0     18.250 337.448093  1022.5183     -0.162      0.097  0.000e+00
     -0.185    28.3337   5.703444    35.3158     1.9674     0.0253          0     18.500 337.448096  1022.5217     -0.184      0.044  0.000e+00
     -0.196    28.3345   5.701477    35.3015     1.9655     0.0261          0     18.750 337.448099  1022.5107     -0.195      0.001  0.000e+00
     -0.196    28.3350   5.699716    35.2888     1.9539    -0.0166          0     19.000 337.448102  1022.5010     -0.195     -0.017  0.000e+00
     -0.142    28.3335   5.698923    35.2844     1.9610    -0.0181          0     19.250 337.448105  1022.4984     -0.141     -0.014  0.000e+00
     -0.109    28.3307   5.698763    35.2854     1.9625    -0.0189          0     19.500 337.448108  1022.5002     -0.109      0.005  0.000e+00
     -0.088    28.3280   5.698664    35.2866     1.9555    -0.0143          0     19.750 337.448111  1022.5021     -0.087      0.027  0.000e+00
     -0.077    28.3266   5.699525    35.2937     1.9615     0.0192          0     20.000 337.448113  1022.5080     -0.076      0.052  0.000e+00
     -0.088    28.3274   5.700615    35.3007     1.9744     0.0116          0     20.250 337.448116  1022.5129     -0.087      0.062  0.000e+00
     -0.142    28.3312   5.699655    35.2912     1.9637     0.0200          0     20.500 337.448119  1022.5043     -0.141      0.053  0.000e+00
     -0.109    28.3329   5.698633    35.2828     1.9603     0.0238          0     20.750 337.448122  1022.4975     -0.109      0.043  0.000e+00
     -0.131    28.3328   5.697932    35.2780     1.9651     0.0177          0     21.000 337.448125  1022.4938     -0.130      0.019  0.000e+00
     -0.109    28.3317   5.697582    35.2764     1.9531     0.0032          0     21.250 337.448128  1022.4931     -0.109     -0.003  0.000e+00
     -0.077    28.3305   5.697833    35.2790     1.9638     0.0101          0     21.500 337.448131  1022.4956     -0.076     -0.004  0.000e+00
     -0.044    28.3306   5.698214    35.2816     1.9609     0.0192          0     21.750 337.448134  1022.4977     -0.044      0.009  0.000e+00
     -0.055    28.3317   5.698252    35.2810     1.9533     0.0078          0     22.000 337.448137  1022.4969     -0.055      0.023  0.000e+00
     -0.066    28.3322   5.700768    35.2982     1.9532    -0.0014          0     22.250 337.448139  1022.5096     -0.066      0.035  0.000e+00
     -0.120    28.3344   5.699396    35.2870     1.9577    -0.0067          0     22.500 337.448142  1022.5001     -0.119      0.029  0.000e+00
     -0.131    28.3355   5.697833    35.2753     1.9519    -0.0014          0     22.750 337.448145  1022.4909     -0.130      0.004  0.000e+00
     -0.120    28.3319   5.697452    35.2753     1.9510    -0.0014          0     23.000 337.448148  1022.4922     -0.119     -0.009  0.000e+00
     -0.077    28.3261   5.697673    35.2812     1.9331     0.0345          0     23.250 337.448151  1022.4987     -0.076     -0.016  0.000e+00
     -0.077    28.3222   5.697963    35.2861     1.9299     0.0238          0     23.500 337.448154  1022.5037     -0.076     -0.019  0.000e+00
     -0.034    28.3204   5.697993    35.2876     1.9373     0.0315          0     23.750 337.448157  1022.5056     -0.033     -0.003  0.000e+00
     -0.088    28.3179   5.697826    35.2883     1.9330     0.0185          0     24.000 337.448160  1022.5067     -0.087      0.007  0.000e+00
     -0.077    28.3148   5.697643    35.2894     1.9342    -0.0166          0     24.250 337.448163  1022.5086     -0.076      0.019  0.000e+00
     -0.088    28.3118   5.697392    35.2899     1.9495    -0.0166          0     24.500 337.448166  1022.5099     -0.087      0.027  0.000e+00
     -0.098    28.3084   5.696812    35.2883     1.9483    -0.0097          0     24.750 337.448168  1022.5098     -0.098      0.014  0.000e+00
     -0.120    28.3045   5.696431    35.2886     1.9399    -0.0052          0     25.000 337.448171  1022.5112     -0.119     -0.009  0.000e+00
     -0.066    28.3002   5.696111    35.2896     1.9488    -0.0197          0     25.250 337.448174  1022.5136     -0.066     -0.014  0.000e+00
     -0.077    28.2971   5.695951    35.2908     1.9573     0.0055          0     25.500 337.448177  1022.5155     -0.076     -0.012  0.000e+00
     -0.034    28.2949   5.696432    35.2957     1.9428     0.0032          0     25.750 337.448180  1022.5201     -0.033      0.001  0.000e+00
     -0.034    28.2951   5.696630    35.2970     1.9382    -0.0044          0     26.000 337.448183  1022.5210     -0.033      0.027  0.000e+00
     -0.044    28.2968   5.696051    35.2917     1.9195    -0.0014          0     26.250 337.448186  1022.5164     -0.044      0.031  0.000e+00
     -0.055    28.2972   5.695761    35.2894     1.9043     0.0131          0     26.500 337.448189  1022.5145     -0.055      0.033  0.000e+00
     -0.044    28.2961   5.695860    35.2909     1.9045     0.0124          0     26.750 337.448192  1022.5160     -0.044      0.033  0.000e+00
     -0.066    28.2949   5.696211    35.2942     1.9019     0.0192          0     27.000 337.448194  1022.5188     -0.066      0.021  0.000e+00
     -0.077    28.2944   5.700006    35.3211     1.9013     0.0215          0     27.250 337.448197  1022.5391     -0.076     -0.004  0.000e+00
     -0.077    28.2962   5.701279    35.3287     1.8885     0.0116          0     27.500 337.448200  1022.5442     -0.076     -0.013  0.000e+00
