ctd_mafia/cnv/SBE19plus_01906740_2018_12_07_0089.cnv
* Sea-Bird SBE19plus  Data File:
* FileName = C:\Users\all user\Desktop\Patroba _ WWF Mapping Mafia\SBE19plus_01906740_2018_12_07_0089.hex
* Software version 2.6.3.104
* Temperature SN = 6740
* Conductivity SN = 6740
* System UpLoad Time = Dec 07 2018 14:33:13
* <ApplicationData>
* <Seaterm232>
# nquan = 13
# nvalues = 200                                   
# units = specified
# name 0 = prdM: Pressure, Strain Gauge [db]
# name 1 = tv290C: Temperature [ITS-90, deg C]
# name 2 = c0S/m: Conductivity [S/m]
# name 3 = sal00: Salinity, Practical [PSU]
# name 4 = sbeox0ML/L: Oxygen, SBE 43 [ml/l]
# name 5 = flECO-AFL: Fluorescence, WET Labs ECO-AFL/FL [mg/m^3]
# name 6 = nbf: Bottles Fired
# name 7 = timeS: Time, Elapsed [seconds]
# name 8 = timeJ: Julian Days
# name 9 = density00: Density [density, kg/m^3]
# name 10 = depSM: Depth [salt water, m], lat = 0.00
# name 11 = dz/dtM: Descent Rate [m/s]
# name 12 = flag:  0.000e+00
# span 0 =     -1.351,      1.060                 
# span 1 =    28.7302,    28.9574                 
# span 2 =   0.489575,   5.783908                 
# span 3 =     2.4163,    35.5602                 
# span 4 =     1.7565,     2.6446                 
# span 5 =    -0.1494,    48.6810                 
# span 6 =          0,          0                 
# span 7 =      0.000,     49.750                 
# span 8 = 337.452650, 337.453226                 
# span 9 =   997.7918,  1022.5638                 
# span 10 =     -1.344,      1.054                
# span 11 =     -0.618,      0.205                
# span 12 = 0.0000e+00, 0.0000e+00                
# interval = seconds: 0.25
# start_time = Dec 03 2018 10:51:49 [Instrument's time stamp, header]
# bad_flag = -9.990e-29
*END*
     -1.038    28.9574   2.562278    14.3579     2.5405    -0.1456          0      0.000 337.452650  1006.6528     -1.032      0.000  0.000e+00
     -0.908    28.8729   2.386741    13.3087     2.6446    -0.1494          0      0.250 337.452653  1005.8987     -0.903      0.035  0.000e+00
     -0.843    28.8250   1.878822    10.2632     2.6337    -0.1433          0      0.500 337.452656  1003.6476     -0.839      0.078  0.000e+00
     -0.811    28.7965   2.208798    12.2484     2.6163    -0.1471          0      0.750 337.452659  1005.1335     -0.807      0.117  0.000e+00
     -0.789    28.7907   2.854035    16.2153     2.5420    48.6696          0      1.000 337.452662  1008.0884     -0.785      0.146  0.000e+00
     -0.768    28.7909   4.480248    26.6905     2.3574    48.6810          0      1.250 337.452665  1015.9037     -0.764      0.165  0.000e+00
     -0.671    28.7828   5.759696    35.3725     2.1993    48.6658          0      1.500 337.452668  1022.4134     -0.667      0.192  0.000e+00
     -0.627    28.7703   5.761067    35.3913     2.1619    48.6803          0      1.750 337.452671  1022.4319     -0.624      0.205  0.000e+00
     -0.584    28.7609   5.765923    35.4319     2.1390     0.0879          0      2.000 337.452674  1022.4657     -0.581      0.203  0.000e+00
     -0.584    28.7546   5.775495    35.5029     2.1146     0.0864          0      2.250 337.452677  1022.5212     -0.581      0.171  0.000e+00
     -0.595    28.7501   5.780932    35.5440     2.1180     0.0856          0      2.500 337.452679  1022.5536     -0.592      0.148  0.000e+00
     -0.584    28.7560   5.783908    35.5602     2.1196     0.0879          0      2.750 337.452682  1022.5638     -0.581      0.130  0.000e+00
     -0.606    28.7863   5.783224    35.5329     2.1333     0.0467          0      3.000 337.452685  1022.5331     -0.602      0.099  0.000e+00
     -0.541    28.8062   5.777771    35.4802     2.1482     0.0521          0      3.250 337.452688  1022.4871     -0.538      0.079  0.000e+00
     -0.530    28.8089   5.775946    35.4656     2.1604     0.0437          0      3.500 337.452691  1022.4753     -0.527      0.052  0.000e+00
     -0.487    28.8052   5.775716    35.4667     2.1373     0.0505          0      3.750 337.452694  1022.4775     -0.484      0.053  0.000e+00
     -0.444    28.7988   5.773808    35.4582     2.1307     0.0414          0      4.000 337.452697  1022.4735     -0.441      0.068  0.000e+00
     -0.400    28.7884   5.768574    35.4297     2.1227     0.0566          0      4.250 337.452700  1022.4558     -0.398      0.097  0.000e+00
     -0.368    28.7747   5.761105    35.3881     2.1259     0.0604          0      4.500 337.452703  1022.4292     -0.366      0.123  0.000e+00
     -0.357    28.7611   5.755478    35.3593     2.1227     0.0574          0      4.750 337.452705  1022.4121     -0.355      0.133  0.000e+00
     -0.389    28.7513   5.751368    35.3381     2.1285     0.0589          0      5.000 337.452708  1022.3993     -0.387      0.122  0.000e+00
     -0.411    28.7437   5.750787    35.3397     2.1323     0.0620          0      5.250 337.452711  1022.4030     -0.409      0.085  0.000e+00
     -0.443    28.7387   5.747787    35.3227     2.1516     0.0582          0      5.500 337.452714  1022.3916     -0.441      0.048  0.000e+00
     -0.400    28.7356   5.746242    35.3142     2.1575     0.0559          0      5.750 337.452717  1022.3865     -0.398      0.020  0.000e+00
     -0.378    28.7351   5.746625    35.3173     2.1629     0.0589          0      6.000 337.452720  1022.3891     -0.376      0.004  0.000e+00
     -0.324    28.7351   5.746059    35.3134     2.1666     0.0383          0      6.250 337.452723  1022.3864     -0.323      0.009  0.000e+00
     -0.324    28.7353   5.745852    35.3118     2.1682     0.0330          0      6.500 337.452726  1022.3852     -0.323      0.020  0.000e+00
     -0.313    28.7353   5.746143    35.3137     2.1684     0.0330          0      6.750 337.452729  1022.3866     -0.312      0.040  0.000e+00
     -0.357    28.7356   5.745661    35.3102     2.1792     0.0406          0      7.000 337.452731  1022.3837     -0.355      0.049  0.000e+00
     -0.367    28.7361   5.745225    35.3068     2.1792     0.0360          0      7.250 337.452734  1022.3809     -0.365      0.044  0.000e+00
     -0.357    28.7358   5.745883    35.3116     2.1759     0.0322          0      7.500 337.452737  1022.3847     -0.355      0.033  0.000e+00
     -0.357    28.7356   5.746242    35.3142     2.1884     0.0292          0      7.750 337.452740  1022.3867     -0.355      0.008  0.000e+00
     -0.346    28.7353   5.746043    35.3131     2.1899     0.0376          0      8.000 337.452743  1022.3860     -0.344     -0.006  0.000e+00
     -0.335    28.7351   5.745561    35.3099     2.1834     0.0292          0      8.250 337.452746  1022.3838     -0.333     -0.013  0.000e+00
     -0.302    28.7345   5.745500    35.3099     2.1955     0.0475          0      8.500 337.452749  1022.3841     -0.301      0.004  0.000e+00
     -0.292    28.7339   5.745110    35.3077     2.1848     0.0459          0      8.750 337.452752  1022.3827     -0.290      0.022  0.000e+00
     -0.281    28.7333   5.744980    35.3072     2.1914     0.0444          0      9.000 337.452755  1022.3826     -0.279      0.044  0.000e+00
     -0.281    28.7327   5.744820    35.3065     2.2432     0.0498          0      9.250 337.452758  1022.3823     -0.279      0.050  0.000e+00
     -0.324    28.7321   5.744972    35.3081     2.2622     0.0376          0      9.500 337.452760  1022.3834     -0.322      0.035  0.000e+00
     -0.324    28.7317   5.745049    35.3089     2.2508     0.0383          0      9.750 337.452763  1022.3842     -0.322      0.022  0.000e+00
     -0.335    28.7313   5.745011    35.3089     2.2393     0.0315          0     10.000 337.452766  1022.3843     -0.333      0.003  0.000e+00
     -0.335    28.7307   5.744850    35.3083     2.2233     0.0307          0     10.250 337.452769  1022.3840     -0.333     -0.014  0.000e+00
     -0.281    28.7305   5.744820    35.3082     2.2002     0.0597          0     10.500 337.452772  1022.3842     -0.279     -0.013  0.000e+00
     -0.259    28.7303   5.745072    35.3101     2.1854     0.0566          0     10.750 337.452775  1022.3858     -0.258      0.001  0.000e+00
     -0.270    28.7302   5.745561    35.3135     2.1638     0.0543          0     11.000 337.452778  1022.3884     -0.268      0.012  0.000e+00
     -0.281    28.7306   5.745883    35.3155     2.1526     0.0574          0     11.250 337.452781  1022.3897     -0.279      0.023  0.000e+00
     -0.313    28.7309   5.744850    35.3081     2.1425     0.0482          0     11.500 337.452784  1022.3839     -0.311      0.025  0.000e+00
     -0.313    28.7311   5.744881    35.3082     2.1394     0.0521          0     11.750 337.452786  1022.3839     -0.311      0.015  0.000e+00
     -0.313    28.7310   5.745500    35.3125     2.1344     0.0383          0     12.000 337.452789  1022.3872     -0.311      0.004  0.000e+00
     -0.292    28.7313   5.746372    35.3183     2.1337     0.0505          0     12.250 337.452792  1022.3915     -0.290     -0.005  0.000e+00
     -0.292    28.7312   5.746946    35.3224     2.1301     0.0505          0     12.500 337.452795  1022.3946     -0.290     -0.017  0.000e+00
     -0.281    28.7316   5.747206    35.3239     2.1238     0.0269          0     12.750 337.452798  1022.3957     -0.279     -0.012  0.000e+00
     -0.259    28.7316   5.747550    35.3263     2.1081     0.0086          0     13.000 337.452801  1022.3975     -0.258      0.007  0.000e+00
     -0.270    28.7317   5.748270    35.3312     2.1038     0.0215          0     13.250 337.452804  1022.4011     -0.269      0.019  0.000e+00
     -0.270    28.7317   5.748920    35.3357     2.1046     0.0200          0     13.500 337.452807  1022.4045     -0.269      0.028  0.000e+00
     -0.292    28.7319   5.749341    35.3385     2.0935     0.0604          0     13.750 337.452810  1022.4065     -0.290      0.019  0.000e+00
     -0.313    28.7320   5.748637    35.3335     2.0857     0.0635          0     14.000 337.452812  1022.4026     -0.312      0.004  0.000e+00
     -0.303    28.7324   5.747596    35.3260     2.0819     0.0574          0     14.250 337.452815  1022.3969     -0.301     -0.009  0.000e+00
     -0.281    28.7327   5.747818    35.3273     2.0658     0.0604          0     14.500 337.452818  1022.3979     -0.279     -0.010  0.000e+00
     -0.292    28.7332   5.748208    35.3297     2.0671     0.0597          0     14.750 337.452821  1022.3994     -0.290     -0.015  0.000e+00
     -0.281    28.7333   5.748231    35.3297     2.0666     0.0574          0     15.000 337.452824  1022.3995     -0.279     -0.012  0.000e+00
     -0.281    28.7335   5.747527    35.3247     2.0738     0.0612          0     15.250 337.452827  1022.3956     -0.279     -0.003  0.000e+00
     -0.259    28.7335   5.747145    35.3221     2.0658     0.0574          0     15.500 337.452830  1022.3937     -0.258      0.010  0.000e+00
     -0.249    28.7339   5.747657    35.3253     2.0533     0.0749          0     15.750 337.452833  1022.3961     -0.247      0.025  0.000e+00
     -0.238    28.7338   5.748338    35.3301     2.0374     0.0765          0     16.000 337.452836  1022.3998     -0.236      0.035  0.000e+00
     -0.281    28.7339   5.748790    35.3332     2.0332     0.0658          0     16.250 337.452839  1022.4019     -0.279      0.022  0.000e+00
     -0.281    28.7340   5.749563    35.3385     2.0353     0.0726          0     16.500 337.452841  1022.4058     -0.279      0.010  0.000e+00
     -0.292    28.7342   5.748560    35.3314     2.0391     0.0788          0     16.750 337.452844  1022.4004     -0.290      0.001  0.000e+00
     -0.303    28.7345   5.746946    35.3200     2.0249     0.0368          0     17.000 337.452847  1022.3916     -0.301     -0.013  0.000e+00
     -0.303    28.7349   5.746089    35.3137     2.0042     0.0315          0     17.250 337.452850  1022.3868     -0.301     -0.023  0.000e+00
     -0.259    28.7353   5.745883    35.3120     1.9910     0.0322          0     17.500 337.452853  1022.3856     -0.258     -0.020  0.000e+00
     -0.216    28.7354   5.747015    35.3197     1.9932     0.0406          0     17.750 337.452856  1022.3915     -0.215      0.000  0.000e+00
     -0.205    28.7354   5.752570    35.3582     1.9961     0.0459          0     18.000 337.452859  1022.4204     -0.204      0.024  0.000e+00
     -0.205    28.7351   5.754414    35.3713     1.9960     0.0574          0     18.250 337.452862  1022.4304     -0.204      0.048  0.000e+00
     -0.227    28.7353   5.750244    35.3422     1.9961     0.0406          0     18.500 337.452865  1022.4084     -0.226      0.051  0.000e+00
     -0.270    28.7352   5.749080    35.3342     1.9958     0.0421          0     18.750 337.452867  1022.4023     -0.269      0.038  0.000e+00
     -0.248    28.7347   5.748530    35.3308     1.9943     0.0505          0     19.000 337.452870  1022.3999     -0.247      0.026  0.000e+00
     -0.259    28.7349   5.748629    35.3313     1.9989     0.0406          0     19.250 337.452873  1022.4002     -0.258      0.005  0.000e+00
     -0.248    28.7351   5.747765    35.3252     1.9998     0.0391          0     19.500 337.452876  1022.3956     -0.247     -0.016  0.000e+00
     -0.248    28.7353   5.746303    35.3149     2.0045     0.0482          0     19.750 337.452879  1022.3878     -0.247     -0.026  0.000e+00
     -0.184    28.7357   5.745431    35.3085     2.0001     0.0368          0     20.000 337.452882  1022.3831     -0.183     -0.005  0.000e+00
     -0.119    28.7358   5.746242    35.3140     1.9935     0.0261          0     20.250 337.452885  1022.3875     -0.118      0.035  0.000e+00
     -0.086    28.7357   5.751368    35.3496     1.9992     0.0330          0     20.500 337.452888  1022.4144     -0.086      0.077  0.000e+00
     -0.086    28.7354   5.754215    35.3695     1.9833     0.0398          0     20.750 337.452891  1022.4295     -0.086      0.105  0.000e+00
     -0.043    28.7355   5.751988    35.3540     1.9825     0.0284          0     21.000 337.452894  1022.4180     -0.043      0.120  0.000e+00
     -0.032    28.7357   5.751598    35.3512     1.9761     0.0559          0     21.250 337.452896  1022.4158     -0.032      0.130  0.000e+00
      0.000    28.7356   5.751522    35.3507     1.9655     0.0589          0     21.500 337.452899  1022.4156      0.000      0.130  0.000e+00
      0.011    28.7353   5.750213    35.3418     1.9580     0.0604          0     21.750 337.452902  1022.4091      0.011      0.120  0.000e+00
      0.054    28.7354   5.749433    35.3364     1.9567     0.0543          0     22.000 337.452905  1022.4052      0.054      0.104  0.000e+00
      0.087    28.7354   5.749272    35.3352     1.9560     0.0719          0     22.250 337.452908  1022.4045      0.086      0.099  0.000e+00
      0.108    28.7356   5.749371    35.3358     1.9541     0.0673          0     22.500 337.452911  1022.4049      0.108      0.102  0.000e+00
      0.184    28.7358   5.748262    35.3279     1.9621     0.0673          0     22.750 337.452914  1022.3992      0.183      0.122  0.000e+00
      0.206    28.7361   5.747566    35.3229     1.9600     0.0734          0     23.000 337.452917  1022.3954      0.205      0.129  0.000e+00
      0.270    28.7363   5.747145    35.3198     1.9542     0.0215          0     23.250 337.452920  1022.3933      0.269      0.148  0.000e+00
      0.314    28.7365   5.750274    35.3413     1.9534     0.0162          0     23.500 337.452922  1022.4096      0.312      0.162  0.000e+00
      0.325    28.7364   5.751958    35.3530     1.9467     0.0299          0     23.750 337.452925  1022.4185      0.323      0.166  0.000e+00
      0.357    28.7365   5.750726    35.3444     1.9534     0.0177          0     24.000 337.452928  1022.4121      0.355      0.161  0.000e+00
      0.379    28.7363   5.750083    35.3401     1.9472     0.0177          0     24.250 337.452931  1022.4091      0.377      0.154  0.000e+00
      0.400    28.7367   5.748790    35.3308     1.9413     0.0147          0     24.500 337.452934  1022.4021      0.398      0.141  0.000e+00
      0.444    28.7364   5.746992    35.3186     1.9344     0.0253          0     24.750 337.452937  1022.3931      0.441      0.125  0.000e+00
      0.530    28.7365   5.746663    35.3162     1.9353     0.0116          0     25.000 337.452940  1022.3917      0.527      0.136  0.000e+00
      0.595    28.7365   5.749792    35.3379     1.9305     0.0208          0     25.250 337.452943  1022.4082      0.592      0.149  0.000e+00
      0.617    28.7362   5.752953    35.3600     1.9496     0.0505          0     25.500 337.452946  1022.4251      0.613      0.162  0.000e+00
      0.617    28.7364   5.753313    35.3623     1.9343     0.0521          0     25.750 337.452948  1022.4268      0.613      0.167  0.000e+00
      0.627    28.7365   5.753757    35.3653     1.9184     0.0475          0     26.000 337.452951  1022.4290      0.624      0.159  0.000e+00
      0.660    28.7363   5.753986    35.3671     1.9193     0.0368          0     26.250 337.452954  1022.4305      0.656      0.149  0.000e+00
      0.692    28.7362   5.752180    35.3546     1.9204     0.0482          0     26.500 337.452957  1022.4213      0.688      0.136  0.000e+00
      0.714    28.7361   5.750856    35.3455     1.9225     0.0467          0     26.750 337.452960  1022.4146      0.710      0.114  0.000e+00
      0.736    28.7362   5.749877    35.3386     1.9230     0.0437          0     27.000 337.452963  1022.4095      0.731      0.092  0.000e+00
      0.746    28.7358   5.751407    35.3495     1.9143     0.0528          0     27.250 337.452966  1022.4179      0.742      0.081  0.000e+00
      0.790    28.7356   5.749594    35.3371     1.9056     0.0643          0     27.500 337.452969  1022.4088      0.785      0.090  0.000e+00
