ctd_mafia/cnv/SBE19plus_01906740_2018_12_07_0100.cnv
* Sea-Bird SBE19plus  Data File:
* FileName = C:\Users\all user\Desktop\Patroba _ WWF Mapping Mafia\SBE19plus_01906740_2018_12_07_0100.hex
* Software version 2.6.3.104
* Temperature SN = 6740
* Conductivity SN = 6740
* System UpLoad Time = Dec 07 2018 14:35:20
* <ApplicationData>
* <Seaterm232>
# nquan = 13
# nvalues = 543                                   
# units = specified
# name 0 = prdM: Pressure, Strain Gauge [db]
# name 1 = tv290C: Temperature [ITS-90, deg C]
# name 2 = c0S/m: Conductivity [S/m]
# name 3 = sal00: Salinity, Practical [PSU]
# name 4 = sbeox0ML/L: Oxygen, SBE 43 [ml/l]
# name 5 = flECO-AFL: Fluorescence, WET Labs ECO-AFL/FL [mg/m^3]
# name 6 = nbf: Bottles Fired
# name 7 = timeS: Time, Elapsed [seconds]
# name 8 = timeJ: Julian Days
# name 9 = density00: Density [density, kg/m^3]
# name 10 = depSM: Depth [salt water, m], lat = 0.00
# name 11 = dz/dtM: Descent Rate [m/s]
# name 12 = flag:  0.000e+00
# span 0 =     -1.355,      7.045                 
# span 1 =    28.0987,    28.4409                 
# span 2 =   0.483836,   5.707164                 
# span 3 =     2.4181,    35.3282                 
# span 4 =     1.8151,     2.9098                 
# span 5 =    -0.4317,     2.0777                 
# span 6 =          0,          0                 
# span 7 =      0.000,    135.500                 
# span 8 = 338.393600, 338.395168                 
# span 9 =   997.9823,  1022.5912                 
# span 10 =     -1.348,      7.006                
# span 11 =     -0.958,      0.178                
# span 12 = 0.0000e+00, 0.0000e+00                
# interval = seconds: 0.25
# start_time = Dec 04 2018 09:26:47 [Instrument's time stamp, header]
# bad_flag = -9.990e-29
*END*
[from data line 112]
     -0.015    28.3121   5.672129    35.1133     2.0008     0.0063          0     28.000 338.393924  1022.3774     -0.015      0.089  0.000e+00
      0.018    28.3101   5.672760    35.1192     1.9988     0.0047          0     28.250 338.393927  1022.3826      0.018      0.089  0.000e+00
      0.039    28.3071   5.670570    35.1061     1.9934     0.0063          0     28.500 338.393929  1022.3739      0.039      0.094  0.000e+00
      0.050    28.3047   5.670098    35.1046     1.9920     0.0086          0     28.750 338.393932  1022.3735      0.050      0.095  0.000e+00
      0.061    28.3026   5.670699    35.1104     1.9897     0.0131          0     29.000 338.393935  1022.3786      0.061      0.090  0.000e+00
      0.061    28.3007   5.675263    35.1436     1.9893     0.0040          0     29.250 338.393938  1022.4042      0.061      0.079  0.000e+00
      0.104    28.2986   5.676192    35.1516     1.9858     0.0032          0     29.500 338.393941  1022.4111      0.104      0.079  0.000e+00
      0.137    28.2986   5.673582    35.1335     1.9813    -0.0082          0     29.750 338.393944  1022.3976      0.136      0.083  0.000e+00
      0.158    28.2973   5.670098    35.1101     1.9816    -0.0220          0     30.000 338.393947  1022.3806      0.157      0.079  0.000e+00
      0.202    28.2941   5.668859    35.1037     1.9824    -0.0151          0     30.250 338.393950  1022.3770      0.200      0.087  0.000e+00
      0.191    28.2922   5.668638    35.1037     1.9777    -0.0166          0     30.500 338.393953  1022.3776      0.190      0.089  0.000e+00
      0.234    28.2811   5.668479    35.1108     1.9715    -0.0326          0     30.750 338.393955  1022.3867      0.233      0.097  0.000e+00
      0.245    28.2585   5.669148    35.1322     1.9704    -0.0242          0     31.000 338.393958  1022.4103      0.243      0.099  0.000e+00
      0.234    28.2435   5.671050    35.1567     1.9706    -0.0242          0     31.250 338.393961  1022.4336      0.233      0.089  0.000e+00
      0.266    28.2411   5.671712    35.1631     1.9674    -0.0181          0     31.500 338.393964  1022.4393      0.265      0.076  0.000e+00
      0.277    28.2421   5.671210    35.1588     1.9629    -0.0311          0     31.750 338.393967  1022.4359      0.276      0.067  0.000e+00
      0.266    28.2411   5.671780    35.1635     1.9612    -0.0296          0     32.000 338.393970  1022.4397      0.265      0.054  0.000e+00
      0.299    28.2419   5.672762    35.1698     1.9611    -0.0303          0     32.250 338.393973  1022.4443      0.297      0.048  0.000e+00
      0.331    28.2456   5.672921    35.1682     1.9608    -0.0227          0     32.500 338.393976  1022.4420      0.329      0.056  0.000e+00
      0.374    28.2488   5.671666    35.1570     1.9568     0.0063          0     32.750 338.393979  1022.4328      0.372      0.063  0.000e+00
      0.385    28.2493   5.669080    35.1385     1.9549     0.0109          0     33.000 338.393981  1022.4187      0.383      0.076  0.000e+00
      0.385    28.2463   5.667940    35.1328     1.9499     0.0093          0     33.250 338.393984  1022.4154      0.383      0.081  0.000e+00
      0.418    28.2427   5.669111    35.1437     1.9487     0.0093          0     33.500 338.393987  1022.4249      0.415      0.083  0.000e+00
      0.418    28.2423   5.671141    35.1582     1.9485     0.0047          0     33.750 338.393990  1022.4359      0.415      0.083  0.000e+00
      0.450    28.2436   5.670259    35.1510     1.9474     0.0086          0     34.000 338.393993  1022.4303      0.448      0.085  0.000e+00
      0.493    28.2440   5.670860    35.1549     1.9523    -0.0097          0     34.250 338.393996  1022.4333      0.491      0.084  0.000e+00
      0.526    28.2448   5.669841    35.1472     1.9490    -0.0006          0     34.500 338.393999  1022.4273      0.523      0.086  0.000e+00
      0.547    28.2456   5.668008    35.1338     1.9425     0.0032          0     34.750 338.394002  1022.4170      0.544      0.091  0.000e+00
      0.547    28.2451   5.667088    35.1277     1.9395    -0.0052          0     35.000 338.394005  1022.4126      0.544      0.095  0.000e+00
      0.569    28.2432   5.666419    35.1245     1.9367    -0.0052          0     35.250 338.394008  1022.4109      0.566      0.097  0.000e+00
      0.580    28.2400   5.666419    35.1269     1.9297     0.0025          0     35.500 338.394010  1022.4139      0.577      0.090  0.000e+00
      0.601    28.2367   5.669050    35.1476     1.9253    -0.0006          0     35.750 338.394013  1022.4306      0.598      0.086  0.000e+00
      0.623    28.2372   5.671050    35.1612     1.9241     0.0131          0     36.000 338.394016  1022.4408      0.620      0.076  0.000e+00
      0.666    28.2384   5.671484    35.1634     1.9187     0.0017          0     36.250 338.394019  1022.4422      0.663      0.075  0.000e+00
      0.710    28.2396   5.670450    35.1553     1.9179     0.0086          0     36.500 338.394022  1022.4359      0.706      0.085  0.000e+00
      0.731    28.2407   5.667468    35.1336     1.9175     0.0192          0     36.750 338.394025  1022.4193      0.727      0.097  0.000e+00
      0.742    28.2408   5.667088    35.1308     1.9158     0.0032          0     37.000 338.394028  1022.4172      0.738      0.106  0.000e+00
      0.764    28.2416   5.667180    35.1309     1.9130     0.0025          0     37.250 338.394031  1022.4171      0.759      0.107  0.000e+00
      0.774    28.2426   5.668670    35.1406     1.9114     0.0070          0     37.500 338.394034  1022.4241      0.770      0.105  0.000e+00
      0.785    28.2432   5.670259    35.1512     1.9093     0.0162          0     37.750 338.394036  1022.4320      0.781      0.095  0.000e+00
      0.807    28.2438   5.669339    35.1444     1.9066     0.0131          0     38.000 338.394039  1022.4267      0.802      0.084  0.000e+00
      0.818    28.2436   5.668480    35.1385     1.9046     0.0246          0     38.250 338.394042  1022.4224      0.813      0.069  0.000e+00
      0.861    28.2432   5.667529    35.1321     1.9032     0.0246          0     38.500 338.394045  1022.4180      0.856      0.068  0.000e+00
      0.850    28.2428   5.665499    35.1183     1.9022     0.0261          0     38.750 338.394048  1022.4076      0.845      0.065  0.000e+00
      0.861    28.2421   5.665378    35.1179     1.8990     0.0200          0     39.000 338.394051  1022.4076      0.856      0.063  0.000e+00
      0.861    28.2367   5.666168    35.1274     1.8990     0.0139          0     39.250 338.394054  1022.4165      0.856      0.056  0.000e+00
      0.861    28.2148   5.667401    35.1524     1.8934     0.0086          0     39.500 338.394057  1022.4425      0.856      0.048  0.000e+00
      0.861    28.1955   5.667675    35.1686     1.8958     0.0047          0     39.750 338.394060  1022.4611      0.856      0.037  0.000e+00
      0.872    28.1864   5.667500    35.1742     1.8952     0.0131          0     40.000 338.394063  1022.4683      0.867      0.027  0.000e+00
      0.883    28.1819   5.667211    35.1755     1.8950    -0.0075          0     40.250 338.394065  1022.4708      0.878      0.021  0.000e+00
      0.893    28.1794   5.667880    35.1820     1.8935    -0.0151          0     40.500 338.394068  1022.4766      0.888      0.017  0.000e+00
      0.937    28.1812   5.670702    35.2005     1.8899    -0.0166          0     40.750 338.394071  1022.4900      0.931      0.033  0.000e+00
      0.958    28.1888   5.672253    35.2056     1.8845    -0.0090          0     41.000 338.394074  1022.4915      0.953      0.047  0.000e+00
      0.991    28.1969   5.672093    35.1985     1.8824     0.0009          0     41.250 338.394077  1022.4836      0.985      0.066  0.000e+00
      1.045    28.2029   5.672983    35.2002     1.8829    -0.0021          0     41.500 338.394080  1022.4831      1.039      0.090  0.000e+00
      1.066    28.2110   5.671051    35.1807     1.8743     0.0025          0     41.750 338.394083  1022.4659      1.060      0.108  0.000e+00
      1.120    28.2192   5.668039    35.1535     1.8720    -0.0082          0     42.000 338.394086  1022.4430      1.114      0.127  0.000e+00
      1.142    28.2261   5.667720    35.1461     1.8723    -0.0006          0     42.250 338.394089  1022.4353      1.136      0.138  0.000e+00
      1.164    28.2312   5.669180    35.1525     1.8753    -0.0166          0     42.500 338.394091  1022.4385      1.157      0.140  0.000e+00
      1.196    28.2306   5.668511    35.1483     1.8756    -0.0036          0     42.750 338.394094  1022.4357      1.190      0.136  0.000e+00
      1.207    28.2272   5.669051    35.1546     1.8773    -0.0120          0     43.000 338.394097  1022.4416      1.200      0.128  0.000e+00
      1.250    28.2263   5.668708    35.1528     1.8768    -0.0082          0     43.250 338.394100  1022.4407      1.243      0.122  0.000e+00
      1.272    28.2261   5.667781    35.1465     1.8735    -0.0189          0     43.500 338.394103  1022.4361      1.265      0.112  0.000e+00
      1.304    28.2253   5.667439    35.1447     1.8772    -0.0189          0     43.750 338.394106  1022.4352      1.297      0.111  0.000e+00
      1.358    28.2241   5.669051    35.1568     1.8708    -0.0166          0     44.000 338.394109  1022.4449      1.351      0.114  0.000e+00
      1.391    28.2246   5.669211    35.1575     1.8626    -0.0082          0     44.250 338.394112  1022.4454      1.383      0.124  0.000e+00
      1.423    28.2251   5.667279    35.1437     1.8652     0.0116          0     44.500 338.394115  1022.4350      1.415      0.132  0.000e+00
      1.445    28.2239   5.666861    35.1416     1.8585     0.0040          0     44.750 338.394117  1022.4339      1.437      0.134  0.000e+00
      1.499    28.2223   5.666800    35.1424     1.8592     0.0147          0     45.000 338.394120  1022.4353      1.491      0.143  0.000e+00
      1.499    28.2215   5.668351    35.1538     1.8620     0.0109          0     45.250 338.394123  1022.4441      1.491      0.135  0.000e+00
      1.542    28.2216   5.669560    35.1622     1.8565     0.0025          0     45.500 338.394126  1022.4506      1.534      0.133  0.000e+00
      1.564    28.2221   5.668009    35.1510     1.8566     0.0009          0     45.750 338.394129  1022.4421      1.555      0.125  0.000e+00
      1.596    28.2217   5.667370    35.1468     1.8574    -0.0036          0     46.000 338.394132  1022.4392      1.587      0.117  0.000e+00
      1.618    28.2211   5.666610    35.1419     1.8552    -0.0059          0     46.250 338.394135  1022.4358      1.609      0.114  0.000e+00
      1.607    28.2203   5.667971    35.1520     1.8508    -0.0082          0     46.500 338.394138  1022.4436      1.598      0.101  0.000e+00
      1.629    28.2204   5.668321    35.1544     1.8530    -0.0128          0     46.750 338.394141  1022.4455      1.620      0.090  0.000e+00
      1.639    28.2208   5.668161    35.1530     1.8511    -0.0136          0     47.000 338.394144  1022.4443      1.630      0.076  0.000e+00
      1.672    28.2208   5.667819    35.1506     1.8492    -0.0136          0     47.250 338.394146  1022.4426      1.663      0.075  0.000e+00
      1.704    28.2208   5.666359    35.1404     1.8488    -0.0174          0     47.500 338.394149  1022.4351      1.695      0.071  0.000e+00
      1.693    28.2203   5.666260    35.1400     1.8466    -0.0090          0     47.750 338.394152  1022.4350      1.684      0.066  0.000e+00
      1.726    28.2194   5.668389    35.1556     1.8456    -0.0097          0     48.000 338.394155  1022.4471      1.716      0.066  0.000e+00
      1.737    28.2197   5.668481    35.1560     1.8438    -0.0082          0     48.250 338.394158  1022.4473      1.727      0.068  0.000e+00
      1.769    28.2200   5.667819    35.1511     1.8411    -0.0105          0     48.500 338.394161  1022.4437      1.759      0.078  0.000e+00
      1.823    28.2197   5.667660    35.1502     1.8408     0.0070          0     48.750 338.394164  1022.4434      1.813      0.088  0.000e+00
      1.856    28.2195   5.667021    35.1459     1.8392     0.0116          0     49.000 338.394167  1022.4403      1.845      0.099  0.000e+00
      1.899    28.2192   5.667530    35.1496     1.8419     0.0147          0     49.250 338.394170  1022.4434      1.888      0.111  0.000e+00
      1.931    28.2192   5.667690    35.1508     1.8407     0.0093          0     49.500 338.394172  1022.4444      1.921      0.125  0.000e+00
      1.975    28.2193   5.666831    35.1447     1.8421    -0.0204          0     49.750 338.394175  1022.4400      1.964      0.143  0.000e+00
      1.985    28.2194   5.666991    35.1457     1.8406    -0.0212          0     50.000 338.394178  1022.4408      1.974      0.143  0.000e+00
      1.985    28.2194   5.667120    35.1466     1.8340    -0.0220          0     50.250 338.394181  1022.4415      1.974      0.135  0.000e+00
      2.029    28.2196   5.667127    35.1465     1.8329    -0.0143          0     50.500 338.394184  1022.4415      2.017      0.124  0.000e+00
      2.039    28.2198   5.667911    35.1518     1.8329    -0.0029          0     50.750 338.394187  1022.4455      2.028      0.107  0.000e+00
      2.050    28.2201   5.668580    35.1563     1.8331    -0.0044          0     51.000 338.394190  1022.4488      2.039      0.094  0.000e+00
      2.115    28.2209   5.669272    35.1605     1.8300    -0.0059          0     51.250 338.394193  1022.4520      2.103      0.093  0.000e+00
      2.137    28.2225   5.668732    35.1556     1.8298    -0.0014          0     51.500 338.394196  1022.4479      2.125      0.095  0.000e+00
      2.169    28.2238   5.665911    35.1348     1.8284    -0.0067          0     51.750 338.394198  1022.4319      2.157      0.101  0.000e+00
      2.180    28.2235   5.665880    35.1348     1.8309     0.0009          0     52.000 338.394201  1022.4321      2.168      0.108  0.000e+00
      2.180    28.2102   5.669052    35.1670     1.8314    -0.0059          0     52.250 338.394204  1022.4606      2.168      0.105  0.000e+00
      2.212    28.1899   5.671972    35.2025     1.8299    -0.0067          0     52.500 338.394207  1022.4942      2.200      0.098  0.000e+00
      2.234    28.1827   5.673083    35.2156     1.8301    -0.0014          0     52.750 338.394210  1022.5065      2.222      0.096  0.000e+00
      2.245    28.1839   5.671402    35.2029     1.8305     0.0009          0     53.000 338.394213  1022.4966      2.232      0.087  0.000e+00
      2.266    28.1869   5.669622    35.1882     1.8283    -0.0006          0     53.250 338.394216  1022.4846      2.254      0.073  0.000e+00
      2.277    28.1877   5.670132    35.1912     1.8249    -0.0067          0     53.500 338.394219  1022.4867      2.265      0.069  0.000e+00
      2.299    28.1897   5.670322    35.1911     1.8253     0.0017          0     53.750 338.394222  1022.4860      2.286      0.068  0.000e+00
      2.320    28.1923   5.670877    35.1930     1.8210    -0.0036          0     54.000 338.394225  1022.4867      2.308      0.072  0.000e+00
      2.342    28.1948   5.671493    35.1955     1.8236     0.0017          0     54.250 338.394227  1022.4878      2.329      0.076  0.000e+00
      2.374    28.1971   5.670512    35.1869     1.8216    -0.0029          0     54.500 338.394230  1022.4807      2.361      0.077  0.000e+00
      2.407    28.1987   5.669592    35.1792     1.8198    -0.0021          0     54.750 338.394233  1022.4746      2.394      0.085  0.000e+00
      2.450    28.1995   5.670413    35.1843     1.8184     0.0063          0     55.000 338.394236  1022.4783      2.437      0.099  0.000e+00
      2.483    28.2007   5.670862    35.1866     1.8200     0.0345          0     55.250 338.394239  1022.4798      2.469      0.110  0.000e+00
