ctd_mafia/cnv/SBE19plus_01906740_2018_12_07_0088.cnv
* Sea-Bird SBE19plus  Data File:
* FileName = C:\Users\all user\Desktop\Patroba _ WWF Mapping Mafia\SBE19plus_01906740_2018_12_07_0088.hex
* Software version 2.6.3.104
* Temperature SN = 6740
* Conductivity SN = 6740
* System UpLoad Time = Dec 07 2018 14:33:06
* <ApplicationData>
* <Seaterm232>
# nquan = 13
# nvalues = 385                                   
# units = specified
# name 0 = prdM: Pressure, Strain Gauge [db]
# name 1 = tv290C: Temperature [ITS-90, deg C]
# name 2 = c0S/m: Conductivity [S/m]
# name 3 = sal00: Salinity, Practical [PSU]
# name 4 = sbeox0ML/L: Oxygen, SBE 43 [ml/l]
# name 5 = flECO-AFL: Fluorescence, WET Labs ECO-AFL/FL [mg/m^3]
# name 6 = nbf: Bottles Fired
# name 7 = timeS: Time, Elapsed [seconds]
# name 8 = timeJ: Julian Days
# name 9 = density00: Density [density, kg/m^3]
# name 10 = depSM: Depth [salt water, m], lat = 0.00
# name 11 = dz/dtM: Descent Rate [m/s]
# name 12 = flag:  0.000e+00
# span 0 =     -1.365,      4.529                 
# span 1 =    28.2284,    29.3005                 
# span 2 =   0.102578,   5.717271                 
# span 3 =     0.4650,    35.3735                 
# span 4 =     1.6954,     2.9022                 
# span 5 =    -0.1204,    48.6826                 
# span 6 =          0,          0                 
# span 7 =      0.000,     96.000                 
# span 8 = 337.447882, 337.448993                 
# span 9 =   996.2416,  1022.5829                 
# span 10 =     -1.357,      4.504                
# span 11 =     -0.759,      0.327                
# span 12 = 0.0000e+00, 0.0000e+00                
# interval = seconds: 0.25
# start_time = Dec 03 2018 10:44:57 [Instrument's time stamp, header]
# bad_flag = -9.990e-29
*END*
[from data line 334]
      1.394    28.2286   5.681338    35.2393     1.9334     0.0406          0     83.500 337.448848  1022.5056      1.387     -0.480  0.000e+00
      1.200    28.2285   5.681338    35.2395     1.9345     0.0292          0     83.750 337.448851  1022.5049      1.193     -0.520  0.000e+00
      1.027    28.2287   5.681368    35.2396     1.9384     0.0261          0     84.000 337.448854  1022.5042      1.021     -0.561  0.000e+00
      0.854    28.2288   5.681399    35.2398     1.9357     0.0261          0     84.250 337.448857  1022.5036      0.849     -0.608  0.000e+00
      0.713    28.2290   5.681368    35.2395     1.9313     0.0177          0     84.500 337.448860  1022.5027      0.709     -0.661  0.000e+00
      0.562    28.2293   5.681399    35.2395     1.9272     0.0154          0     84.750 337.448863  1022.5020      0.559     -0.697  0.000e+00
      0.443    28.2294   5.681467    35.2399     1.9253    -0.0021          0     85.000 337.448866  1022.5017      0.440     -0.685  0.000e+00
      0.324    28.2301   5.681558    35.2401     1.9216    -0.0029          0     85.250 337.448869  1022.5011      0.322     -0.636  0.000e+00
      0.227    28.2310   5.681657    35.2402     1.9234    -0.0014          0     85.500 337.448872  1022.5005      0.225     -0.584  0.000e+00
      0.162    28.2318   5.681718    35.2400     1.9176    -0.0052          0     85.750 337.448874  1022.4997      0.161     -0.525  0.000e+00
      0.140    28.2328   5.681870    35.2403     1.9224     0.0070          0     86.000 337.448877  1022.4996      0.139     -0.456  0.000e+00
      0.140    28.2338   5.681878    35.2396     1.9201     0.0063          0     86.250 337.448880  1022.4988      0.139     -0.373  0.000e+00
      0.129    28.2348   5.682007    35.2398     1.9200     0.0078          0     86.500 337.448883  1022.4985      0.129     -0.291  0.000e+00
      0.075    28.2359   5.682167    35.2401     1.9289     0.0116          0     86.750 337.448886  1022.4982      0.075     -0.223  0.000e+00
     -0.109    28.2374   5.682357    35.2403     1.9181     0.0200          0     87.000 337.448889  1022.4971     -0.108     -0.211  0.000e+00
     -0.325    28.2389   5.682388    35.2395     1.9170     0.0139          0     87.250 337.448892  1022.4950     -0.323     -0.252  0.000e+00
     -0.487    28.2393   5.682319    35.2388     1.9269     0.0131          0     87.500 337.448895  1022.4937     -0.484     -0.325  0.000e+00
     -0.563    28.2397   5.682418    35.2392     1.9272     0.0177          0     87.750 337.448898  1022.4935     -0.559     -0.396  0.000e+00
     -0.638    28.2412   5.682829    35.2410     1.9183     0.0147          0     88.000 337.448900  1022.4940     -0.635     -0.457  0.000e+00
     -0.671    28.2435   5.683149    35.2415     1.9204     0.0368          0     88.250 337.448903  1022.4935     -0.667     -0.480  0.000e+00
     -0.660    28.2474   5.683978    35.2444     1.9162     0.0406          0     88.500 337.448906  1022.4945     -0.656     -0.446  0.000e+00
     -0.584    28.2526   5.684709    35.2456     1.9102     0.0353          0     88.750 337.448909  1022.4940     -0.581     -0.342  0.000e+00
     -0.519    28.2592   5.685691    35.2475     1.9121     0.0337          0     89.000 337.448912  1022.4935     -0.516     -0.192  0.000e+00
     -0.498    28.2699   5.687412    35.2516     1.9091     0.0063          0     89.250 337.448915  1022.4931     -0.495     -0.057  0.000e+00
     -0.476    28.2789   5.687222    35.2435     1.9105     0.0047          0     89.500 337.448918  1022.4842     -0.473      0.037  0.000e+00
     -0.498    28.2816   5.686300    35.2350     1.9044     0.0101          0     89.750 337.448921  1022.4769     -0.495      0.082  0.000e+00
     -0.530    28.2812   5.686171    35.2344     1.9016     0.0093          0     90.000 337.448924  1022.4764     -0.527      0.094  0.000e+00
     -0.552    28.2797   5.685919    35.2339     1.8959    -0.0014          0     90.250 337.448927  1022.4764     -0.549      0.072  0.000e+00
     -0.530    28.2784   5.686041    35.2357     1.8958     0.0070          0     90.500 337.448929  1022.4782     -0.527      0.040  0.000e+00
     -0.508    28.2789   5.686757    35.2403     1.9012     0.0078          0     90.750 337.448932  1022.4817     -0.506      0.007  0.000e+00
     -0.508    28.2829   5.687572    35.2430     1.8966     0.0116          0     91.000 337.448935  1022.4824     -0.506     -0.010  0.000e+00
     -0.530    28.2878   5.688112    35.2431     1.9072     0.0215          0     91.250 337.448938  1022.4808     -0.527     -0.017  0.000e+00
     -0.530    28.2923   5.688303    35.2411     1.9096     0.0231          0     91.500 337.448941  1022.4778     -0.527     -0.015  0.000e+00
     -0.563    28.2952   5.688303    35.2389     1.9153     0.0253          0     91.750 337.448944  1022.4750     -0.559     -0.013  0.000e+00
     -0.638    28.2971   5.688333    35.2378     1.9046     0.0215          0     92.000 337.448947  1022.4732     -0.635     -0.033  0.000e+00
     -0.768    28.2980   5.688302    35.2369     1.9059     0.0192          0     92.250 337.448950  1022.4717     -0.764     -0.088  0.000e+00
     -0.930    28.2986   5.688302    35.2365     1.9069     0.0093          0     92.500 337.448953  1022.4705     -0.925     -0.178  0.000e+00
     -1.092    28.2989   5.688462    35.2374     1.9182    -0.0052          0     92.750 337.448955  1022.4704     -1.086     -0.279  0.000e+00
     -1.265    28.2991   5.688447    35.2372     1.9174    -0.0021          0     93.000 337.448958  1022.4694     -1.258     -0.381  0.000e+00
     -1.341    28.2984   5.688081    35.2353     1.9085    -0.0006          0     93.250 337.448961  1022.4679     -1.334     -0.453  0.000e+00
     -1.352    28.2977   4.972505    30.2971     1.9607    48.6780          0     93.500 337.448964  1018.7609     -1.344     -0.480  0.000e+00
     -1.341    28.2964   1.262415     6.7444     2.2334    48.6757          0     93.750 337.448967  1001.1840     -1.334     -0.449  0.000e+00
     -1.341    28.2911   0.890421     4.6321     2.2718    48.6757          0     94.000 337.448970   999.6111     -1.334     -0.375  0.000e+00
     -1.352    28.2851   1.150535     6.1033     2.2473    48.6810          0     94.250 337.448973  1000.7095     -1.344     -0.277  0.000e+00
     -1.352    28.2786   0.957159     5.0073     2.2950    48.6803          0     94.500 337.448976   999.8945     -1.344     -0.174  0.000e+00
     -1.341    28.2740   1.281054     6.8551     2.4427    48.6772          0     94.750 337.448979  1001.2731     -1.334     -0.084  0.000e+00
     -1.352    28.2662   0.813544     4.2066     2.5464    48.6810          0     95.000 337.448981   999.3009     -1.344     -0.024  0.000e+00
     -1.330    28.2591   1.107676     5.8618     2.5249    48.6826          0     95.250 337.448984  1000.5373     -1.323      0.002  0.000e+00
     -1.341    28.2491   1.224774     6.5340     2.5637    -0.0204          0     95.500 337.448987  1001.0411     -1.334      0.004  0.000e+00
     -1.330    28.2395   0.842801     4.3714     2.5633    -0.0273          0     95.750 337.448990   999.4318     -1.323      0.006  0.000e+00
     -1.341    28.2296   0.821506     4.2540     2.5072    -0.0311          0     96.000 337.448993   999.3470     -1.333      0.007  0.000e+00
