ctd_mafia/cnv/SBE19plus_01906740_2018_12_07_0072.cnv
* Sea-Bird SBE19plus  Data File:
* FileName = C:\Users\all user\Desktop\Patroba _ WWF Mapping Mafia\SBE19plus_01906740_2018_12_07_0072.hex
* Software version 2.6.3.104
* Temperature SN = 6740
* Conductivity SN = 6740
* System UpLoad Time = Dec 07 2018 14:29:14
* <ApplicationData>
* <Seaterm232>
# nquan = 13
# nvalues = 761                                   
# units = specified
# name 0 = prdM: Pressure, Strain Gauge [db]
# name 1 = tv290C: Temperature [ITS-90, deg C]
# name 2 = c0S/m: Conductivity [S/m]
# name 3 = sal00: Salinity, Practical [PSU]
# name 4 = sbeox0ML/L: Oxygen, SBE 43 [ml/l]
# name 5 = flECO-AFL: Fluorescence, WET Labs ECO-AFL/FL [mg/m^3]
# name 6 = nbf: Bottles Fired
# name 7 = timeS: Time, Elapsed [seconds]
# name 8 = timeJ: Julian Days
# name 9 = density00: Density [density, kg/m^3]
# name 10 = depSM: Depth [salt water, m], lat = 0.00
# name 11 = dz/dtM: Descent Rate [m/s]
# name 12 = flag:  0.000e+00
# span 0 =     -1.388,     12.082                 
# span 1 =    28.2556,    28.4732                 
# span 2 =   0.009090,   5.695987                 
# span 3 =     0.0458,    35.2304                 
# span 4 =     2.0390,     4.6091                 
# span 5 =    -0.1707,     0.8669                 
# span 6 =          0,          0                 
# span 7 =      0.000,    190.000                 
# span 8 = 337.311435, 337.313634                 
# span 9 =   996.1816,  1022.4960                 
# span 10 =     -1.381,     12.016                
# span 11 =     -0.631,      0.223                
# span 12 = 0.0000e+00, 0.0000e+00                
# interval = seconds: 0.25
# start_time = Dec 03 2018 07:28:28 [Instrument's time stamp, header]
# bad_flag = -9.990e-29
*END*
[from data line 223]
      0.883    28.3722   5.632740    34.7942     2.7190     0.0177          0     55.750 337.312080  1022.1216      0.878      0.097  0.000e+00
      0.883    28.3723   5.626894    34.7535     2.7233     0.0246          0     56.000 337.312083  1022.0909      0.878      0.102  0.000e+00
      0.883    28.3727   5.627046    34.7542     2.7294     0.0673          0     56.250 337.312086  1022.0914      0.878      0.099  0.000e+00
      0.894    28.3735   5.638368    34.8324     2.7318     0.0559          0     56.500 337.312089  1022.1499      0.889      0.084  0.000e+00
      0.915    28.3738   5.650543    34.9169     2.7386     0.0635          0     56.750 337.312092  1022.2134      0.910      0.071  0.000e+00
      0.959    28.3748   5.650824    34.9181     2.7425     0.0574          0     57.000 337.312095  1022.2142      0.953      0.063  0.000e+00
      0.959    28.3757   5.648934    34.9043     2.7485     0.0360          0     57.250 337.312098  1022.2035      0.953      0.053  0.000e+00
      0.991    28.3765   5.641328    34.8508     2.7609     0.0337          0     57.500 337.312101  1022.1631      0.986      0.062  0.000e+00
      1.002    28.3770   5.636699    34.8182     2.7686     0.0398          0     57.750 337.312104  1022.1385      0.996      0.068  0.000e+00
      1.056    28.3777   5.645084    34.8760     2.7712     0.0246          0     58.000 337.312106  1022.1820      1.050      0.086  0.000e+00
      1.099    28.3784   5.657585    34.9625     2.7750     0.0345          0     58.250 337.312109  1022.2470      1.093      0.104  0.000e+00
      1.121    28.3792   5.660085    34.9793     2.7899     0.0315          0     58.500 337.312112  1022.2594      1.115      0.113  0.000e+00
      1.110    28.3800   5.656225    34.9518     2.7925     0.0444          0     58.750 337.312115  1022.2384      1.104      0.107  0.000e+00
      1.110    28.3802   5.645844    34.8794     2.7891     0.0330          0     59.000 337.312118  1022.1839      1.104      0.094  0.000e+00
      1.110    28.3806   5.643855    34.8653     2.7825     0.0376          0     59.250 337.312121  1022.1732      1.104      0.083  0.000e+00
      1.153    28.3805   5.649685    34.9059     2.7786     0.0261          0     59.500 337.312124  1022.2040      1.147      0.073  0.000e+00
      1.207    28.3807   5.663057    34.9989     2.7769     0.0261          0     59.750 337.312127  1022.2740      1.201      0.075  0.000e+00
      1.272    28.3814   5.668067    35.0332     2.7880     0.0299          0     60.000 337.312130  1022.2999      1.265      0.084  0.000e+00
      1.272    28.3821   5.671299    35.0552     2.7911     0.0208          0     60.250 337.312133  1022.3162      1.265      0.092  0.000e+00
      1.261    28.3831   5.668477    35.0349     2.8086     0.0452          0     60.500 337.312135  1022.3005      1.254      0.098  0.000e+00
      1.261    28.3836   5.651705    34.9177     2.8220     0.0452          0     60.750 337.312138  1022.2123      1.254      0.100  0.000e+00
      1.272    28.3841   5.646944    34.8842     2.8339     0.0452          0     61.000 337.312141  1022.1870      1.265      0.092  0.000e+00
      1.294    28.3844   5.647574    34.8884     2.8343     0.0475          0     61.250 337.312144  1022.1901      1.287      0.079  0.000e+00
      1.326    28.3850   5.660906    34.9807     2.8334     0.0566          0     61.500 337.312147  1022.2594      1.319      0.063  0.000e+00
      1.380    28.3854   5.672090    35.0582     2.8338     0.0620          0     61.750 337.312150  1022.3178      1.373      0.061  0.000e+00
      1.413    28.3859   5.673999    35.0712     2.8329     0.0543          0     62.000 337.312153  1022.3275      1.405      0.070  0.000e+00
      1.445    28.3870   5.673619    35.0677     2.8334     0.0658          0     62.250 337.312156  1022.3247      1.437      0.096  0.000e+00
      1.488    28.3879   5.667527    35.0246     2.8333     0.0406          0     62.500 337.312159  1022.2922      1.480      0.122  0.000e+00
      1.499    28.3879   5.665877    35.0131     2.8386     0.0406          0     62.750 337.312161  1022.2836      1.491      0.133  0.000e+00
      1.510    28.3881   5.664547    35.0037     2.8412     0.0299          0     63.000 337.312164  1022.2765      1.502      0.130  0.000e+00
      1.532    28.3887   5.672760    35.0605     2.8352     0.0330          0     63.250 337.312167  1022.3190      1.523      0.121  0.000e+00
      1.586    28.3891   5.677987    35.0966     2.8402     0.0345          0     63.500 337.312170  1022.3463      1.577      0.116  0.000e+00
      1.607    28.3893   5.679775    35.1089     2.8566     0.0223          0     63.750 337.312173  1022.3556      1.598      0.108  0.000e+00
      1.586    28.3904   5.679303    35.1047     2.8666     0.0276          0     64.000 337.312176  1022.3519      1.577      0.094  0.000e+00
      1.629    28.3906   5.677713    35.0935     2.8653     0.0208          0     64.250 337.312179  1022.3436      1.620      0.088  0.000e+00
      1.650    28.3906   5.674060    35.0680     2.8722     0.0223          0     64.500 337.312182  1022.3246      1.641      0.084  0.000e+00
      1.661    28.3907   5.677012    35.0885     2.8669     0.0360          0     64.750 337.312185  1022.3400      1.652      0.084  0.000e+00
      1.704    28.3911   5.680445    35.1121     2.8756     0.0376          0     65.000 337.312187  1022.3578      1.695      0.088  0.000e+00
      1.726    28.3911   5.680856    35.1150     2.8828     0.0330          0     65.250 337.312190  1022.3600      1.717      0.087  0.000e+00
      1.737    28.3912   5.680795    35.1145     2.8916     0.0383          0     65.500 337.312193  1022.3597      1.727      0.082  0.000e+00
      1.737    28.3911   5.681046    35.1163     2.8890     0.0711          0     65.750 337.312196  1022.3611      1.727      0.081  0.000e+00
      1.758    28.3911   5.681625    35.1203     2.8896     0.0780          0     66.000 337.312199  1022.3642      1.749      0.084  0.000e+00
      1.791    28.3910   5.683056    35.1304     2.8955     0.0711          0     66.250 337.312202  1022.3719      1.781      0.077  0.000e+00
      1.823    28.3911   5.683406    35.1327     2.9075     0.0757          0     66.500 337.312205  1022.3738      1.813      0.080  0.000e+00
      1.867    28.3910   5.685759    35.1492     2.9048     0.0574          0     66.750 337.312208  1022.3864      1.856      0.089  0.000e+00
      1.899    28.3912   5.686810    35.1563     2.9218     0.0582          0     67.000 337.312211  1022.3918      1.889      0.095  0.000e+00
      1.921    28.3910   5.686299    35.1529     2.9208     0.0551          0     67.250 337.312214  1022.3894      1.910      0.106  0.000e+00
      1.931    28.3908   5.686010    35.1510     2.9271     0.0635          0     67.500 337.312216  1022.3881      1.921      0.112  0.000e+00
      1.953    28.3906   5.686871    35.1572     2.9310     0.0604          0     67.750 337.312219  1022.3929      1.942      0.115  0.000e+00
      2.039    28.3907   5.687762    35.1633     2.9344     0.0131          0     68.000 337.312222  1022.3978      2.028      0.125  0.000e+00
      2.072    28.3907   5.688942    35.1715     2.9288     0.0215          0     68.250 337.312225  1022.4041      2.061      0.132  0.000e+00
      2.094    28.3908   5.690008    35.1789     2.9307     0.0299          0     68.500 337.312228  1022.4097      2.082      0.134  0.000e+00
      2.050    28.3910   5.686520    35.1544     2.9312     0.0177          0     68.750 337.312231  1022.3911      2.039      0.115  0.000e+00
      2.050    28.3906   5.680475    35.1126     2.9308     0.0627          0     69.000 337.312234  1022.3598      2.039      0.096  0.000e+00
      2.083    28.3903   5.680856    35.1155     2.9434     0.0681          0     69.250 337.312237  1022.3622      2.071      0.084  0.000e+00
      2.148    28.3903   5.688942    35.1718     2.9431     0.0543          0     69.500 337.312240  1022.4048      2.136      0.084  0.000e+00
      2.202    28.3904   5.690184    35.1803     2.9521     0.0589          0     69.750 337.312242  1022.4114      2.190      0.087  0.000e+00
      2.213    28.3906   5.689704    35.1769     2.9579     0.0376          0     70.000 337.312245  1022.4088      2.200      0.081  0.000e+00
      2.159    28.3904   5.682987    35.1302     2.9736     0.0299          0     70.250 337.312248  1022.3736      2.147      0.074  0.000e+00
      2.169    28.3902   5.675232    35.0763     2.9799     0.0383          0     70.500 337.312251  1022.3332      2.157      0.071  0.000e+00
      2.234    28.3899   5.676381    35.0845     2.9814     0.0345          0     70.750 337.312254  1022.3397      2.222      0.087  0.000e+00
      2.277    28.3899   5.687922    35.1649     2.9882     0.0170          0     71.000 337.312257  1022.4003      2.265      0.091  0.000e+00
      2.321    28.3899   5.690085    35.1800     2.9804     0.0231          0     71.250 337.312260  1022.4118      2.308      0.091  0.000e+00
      2.332    28.3899   5.689864    35.1784     2.9927     0.0330          0     71.500 337.312263  1022.4107      2.319      0.086  0.000e+00
      2.386    28.3896   5.689734    35.1778     2.9963     0.0116          0     71.750 337.312266  1022.4106      2.372      0.102  0.000e+00
      2.418    28.3892   5.688303    35.1681     3.0046     0.0231          0     72.000 337.312269  1022.4036      2.405      0.128  0.000e+00
      2.440    28.3888   5.684708    35.1434     3.0067     0.0360          0     72.250 337.312271  1022.3852      2.426      0.148  0.000e+00
      2.440    28.3888   5.684419    35.1413     3.0088     0.0284          0     72.500 337.312274  1022.3837      2.426      0.136  0.000e+00
      2.472    28.3890   5.688874    35.1722     3.0198     0.0337          0     72.750 337.312277  1022.4070      2.458      0.117  0.000e+00
      2.504    28.3887   5.690946    35.1869     3.0201     0.0269          0     73.000 337.312280  1022.4182      2.491      0.109  0.000e+00
      2.537    28.3884   5.691258    35.1893     3.0258     0.0498          0     73.250 337.312283  1022.4203      2.523      0.105  0.000e+00
      2.569    28.3881   5.691875    35.1938     3.0215     0.0559          0     73.500 337.312286  1022.4239      2.555      0.107  0.000e+00
      2.613    28.3879   5.691905    35.1941     3.0243     0.0475          0     73.750 337.312289  1022.4244      2.598      0.108  0.000e+00
      2.623    28.3875   5.689864    35.1802     3.0363     0.0536          0     74.000 337.312292  1022.4141      2.609      0.111  0.000e+00
      2.645    28.3869   5.688021    35.1678     3.0525     0.0574          0     74.250 337.312295  1022.4050      2.630      0.115  0.000e+00
      2.645    28.3869   5.686330    35.1560     3.0496     0.0673          0     74.500 337.312297  1022.3962      2.630      0.110  0.000e+00
      2.667    28.3867   5.686010    35.1539     3.0674     0.0513          0     74.750 337.312300  1022.3948      2.652      0.098  0.000e+00
      2.710    28.3866   5.690435    35.1848     3.0732     0.0604          0     75.000 337.312303  1022.4182      2.695      0.093  0.000e+00
      2.710    28.3866   5.691746    35.1939     3.0678     0.0444          0     75.250 337.312306  1022.4251      2.695      0.083  0.000e+00
      2.753    28.3864   5.692180    35.1971     3.0794     0.0429          0     75.500 337.312309  1022.4277      2.738      0.081  0.000e+00
      2.775    28.3863   5.691426    35.1919     3.0826     0.0414          0     75.750 337.312312  1022.4239      2.759      0.082  0.000e+00
      2.829    28.3861   5.691746    35.1943     3.0784     0.0490          0     76.000 337.312315  1022.4260      2.813      0.098  0.000e+00
      2.883    28.3858   5.692066    35.1967     3.0814     0.0467          0     76.250 337.312318  1022.4282      2.867      0.117  0.000e+00
      2.883    28.3857   5.692066    35.1968     3.0864     0.0238          0     76.500 337.312321  1022.4282      2.867      0.127  0.000e+00
      2.872    28.3858   5.691967    35.1960     3.0842     0.0261          0     76.750 337.312323  1022.4276      2.856      0.117  0.000e+00
      2.894    28.3858   5.690755    35.1876     3.0944     0.0238          0     77.000 337.312326  1022.4213      2.878      0.106  0.000e+00
      2.948    28.3856   5.691395    35.1921     3.1059     0.0154          0     77.250 337.312329  1022.4251      2.931      0.108  0.000e+00
      3.002    28.3853   5.692416    35.1995     3.1115     0.0200          0     77.500 337.312332  1022.4309      2.985      0.109  0.000e+00
      3.045    28.3852   5.692698    35.2015     3.1112     0.0307          0     77.750 337.312335  1022.4327      3.028      0.116  0.000e+00
      3.067    28.3850   5.692226    35.1983     3.1196     0.0253          0     78.000 337.312338  1022.4304      3.050      0.117  0.000e+00
      3.088    28.3849   5.691555    35.1937     3.1089     0.0307          0     78.250 337.312341  1022.4271      3.071      0.122  0.000e+00
      3.110    28.3848   5.689514    35.1796     3.1169     0.0139          0     78.500 337.312344  1022.4166      3.093      0.133  0.000e+00
      3.153    28.3847   5.689484    35.1794     3.1192     0.0162          0     78.750 337.312347  1022.4167      3.136      0.141  0.000e+00
      3.185    28.3847   5.692538    35.2007     3.1119     0.0276          0     79.000 337.312350  1022.4328      3.168      0.136  0.000e+00
      3.240    28.3847   5.693338    35.2063     3.1154     0.0345          0     79.250 337.312352  1022.4372      3.222      0.132  0.000e+00
      3.229    28.3846   5.693437    35.2070     3.1185     0.0383          0     79.500 337.312355  1022.4378      3.211      0.120  0.000e+00
      3.240    28.3848   5.692950    35.2035     3.1304     0.0498          0     79.750 337.312358  1022.4351      3.222      0.110  0.000e+00
      3.229    28.3844   5.692188    35.1985     3.1422     0.0505          0     80.000 337.312361  1022.4314      3.211      0.095  0.000e+00
      3.283    28.3844   5.692538    35.2010     3.1537     0.0475          0     80.250 337.312364  1022.4336      3.265      0.090  0.000e+00
      3.348    28.3841   5.694009    35.2114     3.1749     0.0437          0     80.500 337.312367  1022.4418      3.329      0.095  0.000e+00
      3.402    28.3844   5.694009    35.2112     3.1807     0.0543          0     80.750 337.312370  1022.4418      3.383      0.104  0.000e+00
      3.423    28.3840   5.692828    35.2032     3.1938     0.0543          0     81.000 337.312373  1022.4360      3.404      0.115  0.000e+00
      3.391    28.3841   5.691776    35.1958     3.1937     0.0521          0     81.250 337.312376  1022.4303      3.372      0.109  0.000e+00
      3.369    28.3837   5.691426    35.1937     3.2045     0.0521          0     81.500 337.312378  1022.4287      3.351      0.102  0.000e+00
      3.380    28.3837   5.692386    35.2004     3.2166     0.0490          0     81.750 337.312381  1022.4338      3.361      0.085  0.000e+00
      3.434    28.3838   5.694016    35.2117     3.2064     0.0528          0     82.000 337.312384  1022.4424      3.415      0.076  0.000e+00
      3.477    28.3839   5.694070    35.2119     3.2021     0.0398          0     82.250 337.312387  1022.4428      3.458      0.063  0.000e+00
      3.531    28.3836   5.693849    35.2106     3.2003     0.0566          0     82.500 337.312390  1022.4421      3.512      0.065  0.000e+00
      3.596    28.3837   5.693590    35.2087     3.2269     0.0345          0     82.750 337.312393  1022.4410      3.576      0.089  0.000e+00
      3.629    28.3836   5.693879    35.2108     3.2141     0.0315          0     83.000 337.312396  1022.4427      3.609      0.124  0.000e+00
