ctd_mafia/cnv/SBE19plus_01906740_2018_12_07_0074.cnv
* Sea-Bird SBE19plus  Data File:
* FileName = C:\Users\all user\Desktop\Patroba _ WWF Mapping Mafia\SBE19plus_01906740_2018_12_07_0074.hex
* Software version 2.6.3.104
* Temperature SN = 6740
* Conductivity SN = 6740
* System UpLoad Time = Dec 07 2018 14:29:45
* <ApplicationData>
* <Seaterm232>
# nquan = 13
# nvalues = 928                                   
# units = specified
# name 0 = prdM: Pressure, Strain Gauge [db]
# name 1 = tv290C: Temperature [ITS-90, deg C]
# name 2 = c0S/m: Conductivity [S/m]
# name 3 = sal00: Salinity, Practical [PSU]
# name 4 = sbeox0ML/L: Oxygen, SBE 43 [ml/l]
# name 5 = flECO-AFL: Fluorescence, WET Labs ECO-AFL/FL [mg/m^3]
# name 6 = nbf: Bottles Fired
# name 7 = timeS: Time, Elapsed [seconds]
# name 8 = timeJ: Julian Days
# name 9 = density00: Density [density, kg/m^3]
# name 10 = depSM: Depth [salt water, m], lat = 0.00
# name 11 = dz/dtM: Descent Rate [m/s]
# name 12 = flag:  0.000e+00
# span 0 =     -1.402,     12.219                 
# span 1 =    27.3196,    28.4406                 
# span 2 =   0.065579,   5.701886                 
# span 3 =     0.3044,    35.3221                 
# span 4 =     2.1187,     4.5630                 
# span 5 =    -0.3294,     0.4236                 
# span 6 =          0,          0                 
# span 7 =      0.000,    231.750                 
# span 8 = 337.328148, 337.330830                 
# span 9 =   996.6495,  1022.5618                 
# span 10 =     -1.394,     12.152                
# span 11 =     -0.656,      0.269                
# span 12 = 0.0000e+00, 0.0000e+00                
# interval = seconds: 0.25
# start_time = Dec 03 2018 07:52:32 [Instrument's time stamp, header]
# bad_flag = -9.990e-29
*END*
[from data line 889]
     -0.083    28.4250   5.700255    35.2255     3.8667     0.0185          0    222.250 337.330720  1022.4241     -0.082     -0.435  0.000e+00
     -0.213    28.4263   5.700324    35.2250     3.8372     0.0253          0    222.500 337.330723  1022.4228     -0.211     -0.298  0.000e+00
     -0.472    28.4273   5.700415    35.2250     3.8201     0.0185          0    222.750 337.330726  1022.4214     -0.469     -0.243  0.000e+00
     -0.731    28.4282   5.700430    35.2245     3.8447    -0.0616          0    223.000 337.330729  1022.4196     -0.727     -0.288  0.000e+00
     -0.807    28.4290   5.700514    35.2246     3.8104    -0.1135          0    223.250 337.330732  1022.4191     -0.803     -0.366  0.000e+00
     -0.807    28.4296   5.700613    35.2248     3.7850    -0.1150          0    223.500 337.330735  1022.4191     -0.803     -0.435  0.000e+00
     -0.764    28.4305   5.700766    35.2251     3.7544    -0.1074          0    223.750 337.330738  1022.4192     -0.760     -0.452  0.000e+00
     -0.721    28.4322   5.701025    35.2257     3.7350    -0.1257          0    224.000 337.330741  1022.4192     -0.717     -0.408  0.000e+00
     -0.753    28.4336   5.701086    35.2251     3.7441    -0.2875          0    224.250 337.330744  1022.4182     -0.749     -0.324  0.000e+00
     -0.764    28.4340   5.700964    35.2240     3.7161    -0.2890          0    224.500 337.330747  1022.4171     -0.760     -0.199  0.000e+00
     -0.785    28.4340   5.700926    35.2237     3.7026    -0.2836          0    224.750 337.330749  1022.4168     -0.781     -0.077  0.000e+00
     -0.807    28.4343   5.701040    35.2243     3.6937    -0.2829          0    225.000 337.330752  1022.4171     -0.803     -0.009  0.000e+00
     -0.807    28.4350   5.701246    35.2252     3.6780     0.4114          0    225.250 337.330755  1022.4176     -0.803     -0.006  0.000e+00
     -0.742    28.4357   5.701345    35.2254     3.6245     0.4038          0    225.500 337.330758  1022.4177     -0.738     -0.005  0.000e+00
     -0.710    28.4363   5.701566    35.2264     3.5611     0.4091          0    225.750 337.330761  1022.4184     -0.706      0.000  0.000e+00
     -0.775    28.4379   5.701886    35.2275     3.5431     0.4061          0    226.000 337.330764  1022.4184     -0.770     -0.004  0.000e+00
     -0.937    28.4396   5.701787    35.2256     3.5933    -0.2447          0    226.250 337.330767  1022.4158     -0.932     -0.037  0.000e+00
     -1.175    28.4404   5.701756    35.2248     3.6328    -0.2501          0    226.500 337.330770  1022.4139     -1.168     -0.129  0.000e+00
     -1.358    28.4406   5.701627    35.2238     3.7081    -0.2508          0    226.750 337.330773  1022.4123     -1.351     -0.246  0.000e+00
     -1.369    28.4402   5.701245    35.2215     3.7911    -0.2486          0    227.000 337.330775  1022.4106     -1.362     -0.333  0.000e+00
     -1.358    28.4400   4.401645    26.3625     4.0716    -0.1944          0    227.250 337.330778  1015.7686     -1.351     -0.386  0.000e+00
     -1.358    28.4401   1.015300     5.3173     4.5630     0.1947          0    227.500 337.330781  1000.0781     -1.351     -0.401  0.000e+00
     -1.358    28.4366   0.866869     4.4872     4.5169     0.1924          0    227.750 337.330784   999.4603     -1.351     -0.359  0.000e+00
     -1.358    28.4231   0.855577     4.4257     4.4742     0.2001          0    228.000 337.330787   999.4184     -1.351     -0.265  0.000e+00
     -1.358    28.3898   0.753125     3.8629     4.2926     0.1940          0    228.250 337.330790   999.0084     -1.351     -0.148  0.000e+00
     -1.380    28.3406   0.662267     3.3701     4.0374    -0.0227          0    228.500 337.330793   998.6548     -1.372     -0.053  0.000e+00
     -1.380    28.2898   0.691984     3.5357     3.7986    -0.0258          0    228.750 337.330796   998.7932     -1.372     -0.008  0.000e+00
     -1.358    28.2446   0.871625     4.5316     3.5494    -0.0281          0    229.000 337.330799   999.5496     -1.351     -0.004  0.000e+00
     -1.358    28.2036   0.856783     4.4526     3.3771    -0.0204          0    229.250 337.330802   999.5027     -1.351     -0.004  0.000e+00
     -1.369    28.1592   0.747467     3.8502     3.2581    -0.0258          0    229.500 337.330804   999.0660     -1.362     -0.004  0.000e+00
     -1.358    28.1217   0.798206     4.1340     3.1458    -0.0250          0    229.750 337.330807   999.2888     -1.351     -0.001  0.000e+00
     -1.337    28.0899   0.493655     2.4764     3.1410    -0.0242          0    230.000 337.330810   998.0601     -1.329      0.009  0.000e+00
     -1.358    28.0439   0.544178     2.7497     3.0923    -0.0242          0    230.250 337.330813   998.2775     -1.351      0.011  0.000e+00
     -1.369    27.9894   0.700093     3.6023     3.0966    -0.0258          0    230.500 337.330816   998.9301     -1.362      0.010  0.000e+00
     -1.347    27.9225   0.923175     4.8523     3.0337    -0.0311          0    230.750 337.330819   999.8826     -1.340      0.009  0.000e+00
     -1.337    27.8936   1.115619     5.9521     2.9955    -0.0250          0    231.000 337.330822  1000.7114     -1.329      0.008  0.000e+00
     -1.369    27.9133   1.139288     6.0858     2.9647    -0.0197          0    231.250 337.330825  1000.8053     -1.362      0.003  0.000e+00
     -1.369    27.9496   1.146419     6.1223     2.9865    -0.0326          0    231.500 337.330828  1000.8219     -1.361     -0.001  0.000e+00
     -1.358    27.9865   0.953617     5.0177     2.9698    -0.0242          0    231.750 337.330830   999.9874     -1.351     -0.006  0.000e+00
