ctd_mafia/cnv/SBE19plus_01906740_2018_12_07_0099.cnv
* Sea-Bird SBE19plus  Data File:
* FileName = C:\Users\all user\Desktop\Patroba _ WWF Mapping Mafia\SBE19plus_01906740_2018_12_07_0099.hex
* Software version 2.6.3.104
* Temperature SN = 6740
* Conductivity SN = 6740
* System UpLoad Time = Dec 07 2018 14:35:07
* <ApplicationData>
* <Seaterm232>
# nquan = 13
# nvalues = 730                                   
# units = specified
# name 0 = prdM: Pressure, Strain Gauge [db]
# name 1 = tv290C: Temperature [ITS-90, deg C]
# name 2 = c0S/m: Conductivity [S/m]
# name 3 = sal00: Salinity, Practical [PSU]
# name 4 = sbeox0ML/L: Oxygen, SBE 43 [ml/l]
# name 5 = flECO-AFL: Fluorescence, WET Labs ECO-AFL/FL [mg/m^3]
# name 6 = nbf: Bottles Fired
# name 7 = timeS: Time, Elapsed [seconds]
# name 8 = timeJ: Julian Days
# name 9 = density00: Density [density, kg/m^3]
# name 10 = depSM: Depth [salt water, m], lat = 0.00
# name 11 = dz/dtM: Descent Rate [m/s]
# name 12 = flag:  0.000e+00
# span 0 =     -1.419,     12.483                 
# span 1 =    27.8750,    28.2248                 
# span 2 =   0.512628,   5.672825                 
# span 3 =     2.5811,    35.3217                 
# span 4 =     1.8654,     3.0772                 
# span 5 =    -0.3630,    48.6848                 
# span 6 =          0,          0                 
# span 7 =      0.000,    182.250                 
# span 8 = 338.387118, 338.389227                 
# span 9 =   998.1560,  1022.6917                 
# span 10 =     -1.412,     12.414                
# span 11 =     -0.697,      0.355                
# span 12 = 0.0000e+00, 0.0000e+00                
# interval = seconds: 0.25
# start_time = Dec 04 2018 09:17:27 [Instrument's time stamp, header]
# bad_flag = -9.990e-29
*END*
[from data line 112]
     -0.252    28.0606   5.658190    35.2032     2.1969     0.0116          0     28.000 338.387442  1022.5265     -0.251      0.019  0.000e+00
     -0.285    28.0606   5.657020    35.1950     2.1915     0.0070          0     28.250 338.387445  1022.5202     -0.283      0.012  0.000e+00
     -0.263    28.0610   5.656139    35.1885     2.1874     0.0101          0     28.500 338.387448  1022.5153     -0.262      0.009  0.000e+00
     -0.274    28.0609   5.655881    35.1868     2.1832     0.0200          0     28.750 338.387451  1022.5140     -0.273     -0.001  0.000e+00
     -0.274    28.0612   5.655979    35.1873     2.1836     0.0101          0     29.000 338.387454  1022.5143     -0.273     -0.012  0.000e+00
     -0.263    28.0614   5.655949    35.1869     2.1758     0.0131          0     29.250 338.387457  1022.5140     -0.262     -0.013  0.000e+00
     -0.252    28.0616   5.656108    35.1879     2.1705     0.0192          0     29.500 338.387459  1022.5147     -0.251     -0.012  0.000e+00
     -0.252    28.0618   5.655630    35.1844     2.1655     0.0063          0     29.750 338.387462  1022.5120     -0.251     -0.004  0.000e+00
     -0.263    28.0619   5.655531    35.1836     2.1615     0.0109          0     30.000 338.387465  1022.5113     -0.262      0.006  0.000e+00
     -0.263    28.0621   5.655159    35.1808     2.1589     0.0200          0     30.250 338.387468  1022.5092     -0.262      0.010  0.000e+00
     -0.263    28.0624   5.655060    35.1799     2.1532     0.0147          0     30.500 338.387471  1022.5084     -0.262      0.004  0.000e+00
     -0.242    28.0624   5.654338    35.1749     2.1484     0.0246          0     30.750 338.387474  1022.5047     -0.240      0.010  0.000e+00
     -0.242    28.0625   5.653829    35.1712     2.1462     0.0177          0     31.000 338.387477  1022.5019     -0.240      0.011  0.000e+00
     -0.263    28.0627   5.653670    35.1699     2.1435     0.0200          0     31.250 338.387480  1022.5008     -0.262      0.004  0.000e+00
     -0.274    28.0629   5.653640    35.1695     2.1377     0.0208          0     31.500 338.387483  1022.5004     -0.273     -0.004  0.000e+00
     -0.252    28.0629   5.653548    35.1689     2.1340     0.0284          0     31.750 338.387486  1022.5000     -0.251     -0.001  0.000e+00
     -0.252    28.0629   5.653928    35.1716     2.1300     0.0215          0     32.000 338.387488  1022.5020     -0.251      0.002  0.000e+00
     -0.263    28.0632   5.653890    35.1711     2.1256     0.0200          0     32.250 338.387491  1022.5015     -0.262     -0.001  0.000e+00
     -0.274    28.0633   5.653579    35.1688     2.1222     0.0246          0     32.500 338.387494  1022.4997     -0.273     -0.008  0.000e+00
     -0.274    28.0635   5.653419    35.1676     2.1184     0.0231          0     32.750 338.387497  1022.4987     -0.273     -0.014  0.000e+00
     -0.274    28.0636   5.653510    35.1681     2.1141     0.0261          0     33.000 338.387500  1022.4991     -0.273     -0.011  0.000e+00
     -0.274    28.0637   5.653640    35.1690     2.1135     0.0276          0     33.250 338.387503  1022.4997     -0.273     -0.007  0.000e+00
     -0.263    28.0639   5.652629    35.1617     2.1069     0.0215          0     33.500 338.387506  1022.4942     -0.262     -0.005  0.000e+00
     -0.274    28.0640   5.652500    35.1608     2.1054     0.0200          0     33.750 338.387509  1022.4934     -0.273     -0.009  0.000e+00
     -0.274    28.0640   5.652158    35.1584     2.0975     0.0116          0     34.000 338.387512  1022.4916     -0.273     -0.006  0.000e+00
     -0.274    28.0642   5.652189    35.1584     2.0933     0.0078          0     34.250 338.387514  1022.4916     -0.273     -0.002  0.000e+00
     -0.252    28.0643   5.651900    35.1563     2.0908     0.0078          0     34.500 338.387517  1022.4901     -0.251      0.006  0.000e+00
     -0.242    28.0643   5.651809    35.1557     2.0895     0.0147          0     34.750 338.387520  1022.4897     -0.240      0.012  0.000e+00
     -0.252    28.0644   5.651839    35.1558     2.0825     0.0116          0     35.000 338.387523  1022.4897     -0.251      0.014  0.000e+00
     -0.231    28.0645   5.651900    35.1562     2.0807     0.0154          0     35.250 338.387526  1022.4900     -0.230      0.019  0.000e+00
     -0.231    28.0648   5.651900    35.1560     2.0790     0.0101          0     35.500 338.387529  1022.4897     -0.229      0.022  0.000e+00
     -0.231    28.0651   5.651779    35.1549     2.0772     0.0078          0     35.750 338.387532  1022.4888     -0.229      0.026  0.000e+00
     -0.252    28.0652   5.651520    35.1530     2.0715     0.0299          0     36.000 338.387535  1022.4873     -0.251      0.018  0.000e+00
     -0.242    28.0652   5.651179    35.1506     2.0685     0.0345          0     36.250 338.387538  1022.4856     -0.240      0.012  0.000e+00
     -0.274    28.0654   5.651095    35.1499     2.0615     0.0307          0     36.500 338.387541  1022.4848     -0.273     -0.006  0.000e+00
     -0.252    28.0656   5.651050    35.1494     2.0585     0.0315          0     36.750 338.387543  1022.4845     -0.251     -0.010  0.000e+00
     -0.252    28.0655   5.650989    35.1491     2.0527     0.0315          0     37.000 338.387546  1022.4842     -0.251     -0.011  0.000e+00
     -0.242    28.0655   5.651080    35.1497     2.0500     0.0276          0     37.250 338.387549  1022.4848     -0.240     -0.012  0.000e+00
     -0.242    28.0657   5.651179    35.1503     2.0493     0.0429          0     37.500 338.387552  1022.4851     -0.240     -0.006  0.000e+00
     -0.263    28.0657   5.651179    35.1503     2.0456     0.0284          0     37.750 338.387555  1022.4850     -0.262     -0.005  0.000e+00
     -0.252    28.0659   5.650670    35.1466     2.0402     0.0376          0     38.000 338.387558  1022.4822     -0.251      0.001  0.000e+00
     -0.274    28.0660   5.650359    35.1443     2.0385     0.0658          0     38.250 338.387561  1022.4804     -0.273     -0.005  0.000e+00
     -0.242    28.0660   5.650229    35.1433     2.0369     0.0543          0     38.500 338.387564  1022.4798     -0.240      0.003  0.000e+00
     -0.252    28.0660   5.650290    35.1437     2.0281     0.0620          0     38.750 338.387567  1022.4800     -0.251     -0.003  0.000e+00
     -0.231    28.0659   5.650321    35.1441     2.0274     0.0536          0     39.000 338.387569  1022.4805     -0.229      0.003  0.000e+00
     -0.231    28.0661   5.650450    35.1448     2.0242     0.0101          0     39.250 338.387572  1022.4809     -0.229      0.007  0.000e+00
     -0.252    28.0663   5.650450    35.1446     2.0217     0.0215          0     39.500 338.387575  1022.4806     -0.251      0.008  0.000e+00
     -0.252    28.0662   5.650321    35.1438     2.0184     0.0063          0     39.750 338.387578  1022.4800     -0.251      0.009  0.000e+00
     -0.252    28.0664   5.650100    35.1421     2.0166     0.0116          0     40.000 338.387581  1022.4787     -0.251      0.004  0.000e+00
     -0.242    28.0665   5.650009    35.1414     2.0144    -0.0181          0     40.250 338.387584  1022.4782     -0.240      0.005  0.000e+00
     -0.252    28.0666   5.649948    35.1409     2.0074    -0.0296          0     40.500 338.387587  1022.4777     -0.251     -0.005  0.000e+00
     -0.242    28.0666   5.650169    35.1425     2.0067    -0.0357          0     40.750 338.387590  1022.4789     -0.240     -0.003  0.000e+00
     -0.242    28.0668   5.650229    35.1427     2.0039    -0.0212          0     41.000 338.387593  1022.4791     -0.240     -0.004  0.000e+00
     -0.263    28.0670   5.649850    35.1399     1.9982     0.0490          0     41.250 338.387595  1022.4768     -0.262     -0.005  0.000e+00
     -0.263    28.0668   5.649500    35.1376     1.9963     0.0459          0     41.500 338.387598  1022.4752     -0.262     -0.004  0.000e+00
     -0.274    28.0670   5.649470    35.1373     1.9946     0.0459          0     41.750 338.387601  1022.4748     -0.272     -0.010  0.000e+00
     -0.252    28.0669   5.649630    35.1385     1.9920     0.0498          0     42.000 338.387604  1022.4758     -0.251     -0.009  0.000e+00
     -0.242    28.0667   5.649819    35.1399     1.9905     0.0391          0     42.250 338.387607  1022.4770     -0.240     -0.006  0.000e+00
     -0.198    28.0670   5.649911    35.1403     1.9881    -0.0311          0     42.500 338.387610  1022.4774     -0.197      0.012  0.000e+00
     -0.220    28.0672   5.649819    35.1396     1.9867    -0.0181          0     42.750 338.387613  1022.4767     -0.219      0.018  0.000e+00
     -0.241    28.0675   5.649660    35.1382     1.9833    -0.0342          0     43.000 338.387616  1022.4755     -0.240      0.019  0.000e+00
     -0.252    28.0674   5.649440    35.1368     1.9794    -0.0311          0     43.250 338.387619  1022.4744     -0.251      0.018  0.000e+00
     -0.263    28.0675   5.649250    35.1354     1.9748    -0.0036          0     43.500 338.387622  1022.4732     -0.262      0.007  0.000e+00
     -0.252    28.0674   5.649219    35.1352     1.9705     0.0017          0     43.750 338.387624  1022.4732     -0.251     -0.001  0.000e+00
     -0.274    28.0674   5.649333    35.1360     1.9718    -0.0090          0     44.000 338.387627  1022.4737     -0.272     -0.019  0.000e+00
     -0.242    28.0673   5.649630    35.1382     1.9668    -0.0082          0     44.250 338.387630  1022.4755     -0.240     -0.021  0.000e+00
     -0.242    28.0675   5.649850    35.1396     1.9652    -0.0372          0     44.500 338.387633  1022.4765     -0.240     -0.020  0.000e+00
     -0.220    28.0677   5.649721    35.1385     1.9636    -0.0319          0     44.750 338.387636  1022.4757     -0.219      0.001  0.000e+00
     -0.220    28.0678   5.649569    35.1374     1.9603    -0.0227          0     45.000 338.387639  1022.4748     -0.219      0.016  0.000e+00
     -0.220    28.0681   5.649409    35.1360     1.9609    -0.0273          0     45.250 338.387642  1022.4737     -0.219      0.024  0.000e+00
     -0.242    28.0680   5.649219    35.1348     1.9604     0.0063          0     45.500 338.387645  1022.4727     -0.240      0.021  0.000e+00
     -0.263    28.0679   5.649030    35.1335     1.9556     0.0215          0     45.750 338.387648  1022.4717     -0.262      0.008  0.000e+00
     -0.252    28.0682   5.648939    35.1327     1.9530     0.0017          0     46.000 338.387650  1022.4710     -0.251      0.001  0.000e+00
     -0.252    28.0680   5.648901    35.1326     1.9479     0.0093          0     46.250 338.387653  1022.4710     -0.251     -0.012  0.000e+00
     -0.220    28.0678   5.649060    35.1338     1.9473     0.0215          0     46.500 338.387656  1022.4721     -0.219     -0.008  0.000e+00
     -0.220    28.0680   5.649219    35.1348     1.9426    -0.0082          0     46.750 338.387659  1022.4728     -0.219     -0.005  0.000e+00
     -0.220    28.0682   5.649379    35.1358     1.9426    -0.0029          0     47.000 338.387662  1022.4735     -0.219      0.004  0.000e+00
     -0.241    28.0683   5.649379    35.1357     1.9398    -0.0067          0     47.250 338.387665  1022.4733     -0.240      0.007  0.000e+00
     -0.231    28.0683   5.649250    35.1348     1.9371     0.0009          0     47.500 338.387668  1022.4727     -0.229      0.014  0.000e+00
     -0.242    28.0687   5.649090    35.1334     1.9378     0.0017          0     47.750 338.387671  1022.4714     -0.240      0.012  0.000e+00
     -0.241    28.0686   5.648999    35.1328     1.9350    -0.0105          0     48.000 338.387674  1022.4710     -0.240      0.002  0.000e+00
     -0.252    28.0685   5.649030    35.1331     1.9319    -0.0014          0     48.250 338.387677  1022.4712     -0.251     -0.008  0.000e+00
     -0.252    28.0687   5.649090    35.1334     1.9301    -0.0067          0     48.500 338.387679  1022.4714     -0.251     -0.018  0.000e+00
     -0.242    28.0685   5.649280    35.1349     1.9296     0.0192          0     48.750 338.387682  1022.4726     -0.240     -0.014  0.000e+00
     -0.231    28.0688   5.649189    35.1340     1.9247     0.0208          0     49.000 338.387685  1022.4719     -0.229     -0.007  0.000e+00
     -0.231    28.0689   5.648870    35.1317     1.9244     0.0238          0     49.250 338.387688  1022.4701     -0.229      0.002  0.000e+00
     -0.242    28.0688   5.648680    35.1304     1.9206     0.0253          0     49.500 338.387691  1022.4692     -0.240      0.001  0.000e+00
     -0.242    28.0689   5.648711    35.1306     1.9186     0.0330          0     49.750 338.387694  1022.4693     -0.240      0.004  0.000e+00
     -0.242    28.0690   5.648939    35.1321     1.9173     0.0276          0     50.000 338.387697  1022.4704     -0.240      0.004  0.000e+00
     -0.209    28.0688   5.649189    35.1340     1.9134     0.0322          0     50.250 338.387700  1022.4720     -0.208      0.013  0.000e+00
     -0.252    28.0689   5.649250    35.1344     1.9126     0.0414          0     50.500 338.387703  1022.4721     -0.251      0.004  0.000e+00
     -0.263    28.0692   5.649060    35.1328     1.9119     0.0360          0     50.750 338.387705  1022.4708     -0.262     -0.007  0.000e+00
     -0.242    28.0691   5.648938    35.1320     1.9090     0.0078          0     51.000 338.387708  1022.4703     -0.240     -0.009  0.000e+00
     -0.252    28.0692   5.648779    35.1308     1.9061     0.0200          0     51.250 338.387711  1022.4693     -0.251     -0.009  0.000e+00
     -0.252    28.0691   5.648749    35.1307     1.9045     0.0101          0     51.500 338.387714  1022.4692     -0.251     -0.009  0.000e+00
     -0.252    28.0690   5.648870    35.1316     1.9029     0.0192          0     51.750 338.387717  1022.4700     -0.251     -0.010  0.000e+00
     -0.220    28.0690   5.649121    35.1334     1.9018     0.0086          0     52.000 338.387720  1022.4714     -0.219     -0.002  0.000e+00
     -0.231    28.0690   5.649379    35.1352     1.8996     0.0017          0     52.250 338.387723  1022.4727     -0.229      0.001  0.000e+00
     -0.252    28.0691   5.649311    35.1346     1.8979     0.0093          0     52.500 338.387726  1022.4722     -0.251      0.009  0.000e+00
     -0.263    28.0694   5.648999    35.1322     1.8967     0.0109          0     52.750 338.387729  1022.4703     -0.262      0.003  0.000e+00
     -0.242    28.0695   5.648840    35.1310     1.8979     0.0017          0     53.000 338.387731  1022.4693     -0.240     -0.001  0.000e+00
     -0.252    28.0694   5.648870    35.1313     1.8939    -0.0021          0     53.250 338.387734  1022.4695     -0.251     -0.001  0.000e+00
     -0.263    28.0694   5.648840    35.1311     1.8911    -0.0052          0     53.500 338.387737  1022.4694     -0.262     -0.008  0.000e+00
     -0.263    28.0694   5.648999    35.1322     1.8935    -0.0090          0     53.750 338.387740  1022.4703     -0.262     -0.014  0.000e+00
     -0.252    28.0694   5.649090    35.1329     1.8918     0.0131          0     54.000 338.387743  1022.4708     -0.251     -0.016  0.000e+00
     -0.274    28.0694   5.648999    35.1322     1.8869     0.0177          0     54.250 338.387746  1022.4702     -0.272     -0.013  0.000e+00
     -0.263    28.0694   5.648680    35.1299     1.8875     0.0116          0     54.500 338.387749  1022.4685     -0.262     -0.007  0.000e+00
     -0.274    28.0694   5.648650    35.1297     1.8846     0.0162          0     54.750 338.387752  1022.4683     -0.272     -0.009  0.000e+00
     -0.241    28.0692   5.648840    35.1313     1.8870     0.0093          0     55.000 338.387755  1022.4697     -0.240     -0.005  0.000e+00
     -0.231    28.0691   5.649440    35.1355     1.8832     0.0131          0     55.250 338.387758  1022.4730     -0.229      0.008  0.000e+00
