ctd_mafia/cnv/SBE19plus_01906740_2018_12_07_0095.cnv
* Sea-Bird SBE19plus  Data File:
* FileName = C:\Users\all user\Desktop\Patroba _ WWF Mapping Mafia\SBE19plus_01906740_2018_12_07_0095.hex
* Software version 2.6.3.104
* Temperature SN = 6740
* Conductivity SN = 6740
* System UpLoad Time = Dec 07 2018 14:34:17
* <ApplicationData>
* <Seaterm232>
# nquan = 13
# nvalues = 345                                   
# units = specified
# name 0 = prdM: Pressure, Strain Gauge [db]
# name 1 = tv290C: Temperature [ITS-90, deg C]
# name 2 = c0S/m: Conductivity [S/m]
# name 3 = sal00: Salinity, Practical [PSU]
# name 4 = sbeox0ML/L: Oxygen, SBE 43 [ml/l]
# name 5 = flECO-AFL: Fluorescence, WET Labs ECO-AFL/FL [mg/m^3]
# name 6 = nbf: Bottles Fired
# name 7 = timeS: Time, Elapsed [seconds]
# name 8 = timeJ: Julian Days
# name 9 = density00: Density [density, kg/m^3]
# name 10 = depSM: Depth [salt water, m], lat = 0.00
# name 11 = dz/dtM: Descent Rate [m/s]
# name 12 = flag:  0.000e+00
# span 0 =     -1.399,      2.839                 
# span 1 =    28.3077,    30.0031                 
# span 2 =   0.348910,   5.734255                 
# span 3 =     1.6579,    35.3245                 
# span 4 =     1.7242,     2.6205                 
# span 5 =    -0.1990,    48.6787                 
# span 6 =          0,          0                 
# span 7 =      0.000,     86.000                 
# span 8 = 338.360058, 338.361053                 
# span 9 =   996.9716,  1022.4692                 
# span 10 =     -1.392,      2.823                
# span 11 =     -0.923,      0.221                
# span 12 = 0.0000e+00, 0.0000e+00                
# interval = seconds: 0.25
# start_time = Dec 04 2018 08:38:29 [Instrument's time stamp, header]
# bad_flag = -9.990e-29
*END*
[from data line 223]
      2.179    28.3966   5.701827    35.2569     1.7597     0.0932          0     55.750 338.360703  1022.4668      2.167      0.049  0.000e+00
      2.190    28.3964   5.701827    35.2570     1.7573     0.0788          0     56.000 338.360706  1022.4671      2.178      0.063  0.000e+00
      2.244    28.3966   5.701789    35.2566     1.7578     0.0803          0     56.250 338.360709  1022.4669      2.232      0.081  0.000e+00
      2.276    28.3966   5.701667    35.2558     1.7555     0.0681          0     56.500 338.360712  1022.4664      2.264      0.093  0.000e+00
      2.276    28.3965   5.701637    35.2556     1.7537     0.0704          0     56.750 338.360715  1022.4663      2.264      0.095  0.000e+00
      2.287    28.3963   5.701538    35.2551     1.7472     0.0788          0     57.000 338.360718  1022.4660      2.275      0.094  0.000e+00
      2.287    28.3960   5.701538    35.2553     1.7469     0.0521          0     57.250 338.360720  1022.4663      2.275      0.085  0.000e+00
      2.320    28.3957   5.701637    35.2562     1.7453     0.0498          0     57.500 338.360723  1022.4672      2.307      0.080  0.000e+00
      2.320    28.3956   5.701637    35.2563     1.7465     0.0391          0     57.750 338.360726  1022.4673      2.307      0.070  0.000e+00
      2.341    28.3958   5.701728    35.2567     1.7442     0.0429          0     58.000 338.360729  1022.4677      2.328      0.062  0.000e+00
      2.374    28.3959   5.701728    35.2567     1.7430     0.0704          0     58.250 338.360732  1022.4677      2.361      0.055  0.000e+00
      2.374    28.3959   5.701698    35.2565     1.7437     0.0719          0     58.500 338.360735  1022.4676      2.361      0.055  0.000e+00
      2.395    28.3960   5.701751    35.2567     1.7446     0.0734          0     58.750 338.360738  1022.4678      2.382      0.062  0.000e+00
      2.428    28.3959   5.701637    35.2560     1.7407     0.0742          0     59.000 338.360741  1022.4675      2.414      0.070  0.000e+00
      2.417    28.3962   5.701568    35.2553     1.7456     0.0719          0     59.250 338.360744  1022.4668      2.404      0.068  0.000e+00
      2.460    28.3960   5.701568    35.2555     1.7393     0.0444          0     59.500 338.360747  1022.4671      2.447      0.070  0.000e+00
      2.449    28.3959   5.701507    35.2551     1.7363     0.0528          0     59.750 338.360749  1022.4669      2.436      0.068  0.000e+00
      2.471    28.3957   5.701538    35.2555     1.7400     0.0528          0     60.000 338.360752  1022.4673      2.457      0.063  0.000e+00
      2.493    28.3957   5.701378    35.2543     1.7378     0.0398          0     60.250 338.360755  1022.4665      2.479      0.061  0.000e+00
      2.503    28.3954   5.700166    35.2462     1.7370     0.0551          0     60.500 338.360758  1022.4606      2.490      0.062  0.000e+00
      2.547    28.3947   5.699998    35.2455     1.7345     0.0665          0     60.750 338.360761  1022.4605      2.533      0.066  0.000e+00
      2.601    28.3938   5.700135    35.2471     1.7303     0.0559          0     61.000 338.360764  1022.4622      2.586      0.081  0.000e+00
      2.633    28.3939   5.700387    35.2488     1.7297     0.0551          0     61.250 338.360767  1022.4636      2.619      0.101  0.000e+00
      2.655    28.3950   5.700517    35.2489     1.7242     0.0482          0     61.500 338.360770  1022.4634      2.640      0.110  0.000e+00
      2.709    28.3963   5.700806    35.2498     1.7274     0.0437          0     61.750 338.360773  1022.4639      2.694      0.131  0.000e+00
      2.741    28.3979   5.700578    35.2471     1.7254     0.0505          0     62.000 338.360775  1022.4614      2.726      0.141  0.000e+00
      2.763    28.3988   5.700806    35.2480     1.7349     0.0467          0     62.250 338.360778  1022.4619      2.748      0.145  0.000e+00
      2.795    28.3995   5.700890    35.2481     1.7396     0.1047          0     62.500 338.360781  1022.4619      2.780      0.145  0.000e+00
      2.806    28.4002   5.700997    35.2483     1.7549     0.0978          0     62.750 338.360784  1022.4619      2.791      0.131  0.000e+00
      2.806    28.4008   5.700997    35.2479     1.7698     0.0971          0     63.000 338.360787  1022.4614      2.791      0.112  0.000e+00
      2.817    28.4012   5.700966    35.2473     1.7911     0.0955          0     63.250 338.360790  1022.4608      2.802      0.096  0.000e+00
      2.806    28.4014   5.700928    35.2469     1.8112     0.0994          0     63.500 338.360793  1022.4604      2.791      0.074  0.000e+00
      2.785    28.4016   5.700898    35.2465     1.8292     0.0734          0     63.750 338.360796  1022.4600      2.769      0.041  0.000e+00
      2.785    28.4015   5.700928    35.2468     1.8480     0.0681          0     64.000 338.360799  1022.4602      2.769      0.018  0.000e+00
      2.806    28.4015   5.700898    35.2466     1.8614     0.0711          0     64.250 338.360802  1022.4601      2.791      0.006  0.000e+00
      2.795    28.4014   5.700951    35.2470     1.8787     0.0788          0     64.500 338.360804  1022.4605      2.780     -0.005  0.000e+00
      2.795    28.4014   5.700966    35.2471     1.8883     0.0971          0     64.750 338.360807  1022.4605      2.780     -0.008  0.000e+00
      2.817    28.4016   5.700928    35.2467     1.9029     0.0894          0     65.000 338.360810  1022.4603      2.801     -0.001  0.000e+00
      2.806    28.4016   5.700966    35.2470     1.9174     0.1032          0     65.250 338.360813  1022.4604      2.791      0.001  0.000e+00
      2.817    28.4019   5.701058    35.2474     1.9249     0.0978          0     65.500 338.360816  1022.4607      2.802      0.011  0.000e+00
      2.806    28.4020   5.701027    35.2471     1.9351     0.0665          0     65.750 338.360819  1022.4604      2.791      0.014  0.000e+00
      2.806    28.4024   5.701058    35.2470     1.9436     0.0749          0     66.000 338.360822  1022.4602      2.791      0.009  0.000e+00
      2.795    28.4028   5.701073    35.2469     1.9509     0.0719          0     66.250 338.360825  1022.4599      2.780      0.001  0.000e+00
      2.839    28.4031   5.701126    35.2470     1.9539     0.0688          0     66.500 338.360828  1022.4601      2.823      0.010  0.000e+00
      2.806    28.4031   5.701058    35.2465     1.9616     0.1055          0     66.750 338.360830  1022.4596      2.791      0.005  0.000e+00
      2.806    28.4032   5.701027    35.2462     1.9701     0.1001          0     67.000 338.360833  1022.4593      2.791     -0.001  0.000e+00
      2.817    28.4033   5.700997    35.2459     1.9724     0.1009          0     67.250 338.360836  1022.4591      2.801      0.003  0.000e+00
      2.709    28.4032   5.700997    35.2461     1.9784     0.0948          0     67.500 338.360839  1022.4588      2.694     -0.026  0.000e+00
      2.460    28.4027   5.700867    35.2456     1.9839     0.0932          0     67.750 338.360842  1022.4575      2.447     -0.111  0.000e+00
      2.125    28.4019   5.700890    35.2464     1.9900     0.1085          0     68.000 338.360845  1022.4570      2.113     -0.265  0.000e+00
      1.844    28.4015   5.700737    35.2457     2.0020     0.1077          0     68.250 338.360848  1022.4554      1.834     -0.449  0.000e+00
      1.736    28.4009   5.700455    35.2443     2.0056     0.1108          0     68.500 338.360851  1022.4541      1.726     -0.601  0.000e+00
      1.671    28.3991   5.700257    35.2443     2.0065     0.1161          0     68.750 338.360854  1022.4544      1.662     -0.685  0.000e+00
      1.725    28.3972   5.700196    35.2452     2.0085     0.0658          0     69.000 338.360856  1022.4559      1.716     -0.688  0.000e+00
      1.779    28.3960   5.700196    35.2461     2.0170     0.0818          0     69.250 338.360859  1022.4572      1.769     -0.605  0.000e+00
      1.801    28.3953   5.700226    35.2469     2.0175     0.0803          0     69.500 338.360862  1022.4581      1.791     -0.443  0.000e+00
      1.758    28.3953   5.700226    35.2469     2.0203     0.0788          0     69.750 338.360865  1022.4580      1.748     -0.262  0.000e+00
      1.476    28.3953   5.700188    35.2467     2.0165     0.0391          0     70.000 338.360868  1022.4566      1.468     -0.174  0.000e+00
      1.044    28.3953   5.700165    35.2467     2.0219     0.0414          0     70.250 338.360871  1022.4547      1.038     -0.249  0.000e+00
      0.655    28.3951   5.700066    35.2462     2.0336     0.0467          0     70.500 338.360874  1022.4528      0.651     -0.448  0.000e+00
      0.428    28.3947   5.700005    35.2462     2.0399     0.0521          0     70.750 338.360877  1022.4519      0.425     -0.665  0.000e+00
      0.309    28.3941   5.699783    35.2451     2.0400     0.0994          0     71.000 338.360880  1022.4508      0.307     -0.848  0.000e+00
      0.309    28.3927   5.699585    35.2448     2.0433     0.0940          0     71.250 338.360883  1022.4510      0.307     -0.923  0.000e+00
      0.341    28.3911   5.699555    35.2457     2.0509     0.0986          0     71.500 338.360885  1022.4524      0.339     -0.876  0.000e+00
      0.385    28.3901   5.699601    35.2467     2.0482     0.0948          0     71.750 338.360888  1022.4537      0.382     -0.714  0.000e+00
      0.406    28.3897   5.699585    35.2470     2.0511     0.0932          0     72.000 338.360891  1022.4541      0.404     -0.467  0.000e+00
      0.287    28.3897   5.699555    35.2468     2.0434     0.0726          0     72.250 338.360894  1022.4535      0.286     -0.255  0.000e+00
     -0.048    28.3894   5.699555    35.2471     2.0413     0.0635          0     72.500 338.360897  1022.4524     -0.048     -0.197  0.000e+00
     -0.448    28.3894   5.699585    35.2475     2.0401     0.0719          0     72.750 338.360900  1022.4509     -0.445     -0.303  0.000e+00
     -0.794    28.3897   5.699653    35.2478     2.0811     0.0780          0     73.000 338.360903  1022.4496     -0.789     -0.504  0.000e+00
     -0.870    28.3901   5.699714    35.2479     2.0859     0.6067          0     73.250 338.360906  1022.4492     -0.865     -0.683  0.000e+00
     -0.880    28.3909   5.699714    35.2473     2.0816     0.6014          0     73.500 338.360909  1022.4484     -0.875     -0.786  0.000e+00
     -0.837    28.3908   5.699722    35.2474     2.0819     0.6067          0     73.750 338.360911  1022.4487     -0.832     -0.787  0.000e+00
     -0.794    28.3913   5.699684    35.2468     2.0752     0.6113          0     74.000 338.360914  1022.4483     -0.789     -0.684  0.000e+00
     -0.740    28.3910   5.699874    35.2483     2.0725     1.8854          0     74.250 338.360917  1022.4497     -0.736     -0.481  0.000e+00
     -0.675    28.3922   5.700355    35.2508     2.0658     1.8869          0     74.500 338.360920  1022.4515     -0.671     -0.223  0.000e+00
     -0.621    28.3940   5.699844    35.2459     2.0566     1.8831          0     74.750 338.360923  1022.4474     -0.617      0.001  0.000e+00
     -0.621    28.3933   5.699783    35.2460     2.0543     1.8953          0     75.000 338.360926  1022.4477     -0.617      0.130  0.000e+00
     -0.686    28.3926   5.699783    35.2465     2.0603     1.4238          0     75.250 338.360929  1022.4481     -0.682      0.138  0.000e+00
     -0.740    28.3921   5.699783    35.2469     2.0627    -0.1311          0     75.500 338.360932  1022.4483     -0.736      0.099  0.000e+00
     -0.751    28.3918   5.699813    35.2473     2.0624    -0.1417          0     75.750 338.360935  1022.4487     -0.747      0.045  0.000e+00
     -0.751    28.3918   5.699783    35.2471     2.0632    -0.1364          0     76.000 338.360937  1022.4485     -0.746     -0.004  0.000e+00
     -0.718    28.3919   5.699745    35.2468     2.0604    -0.1410          0     76.250 338.360940  1022.4484     -0.714     -0.035  0.000e+00
     -0.729    28.3918   5.699714    35.2466     2.0570     0.3862          0     76.500 338.360943  1022.4482     -0.725     -0.056  0.000e+00
     -0.751    28.3914   5.699745    35.2471     2.0563     0.3900          0     76.750 338.360946  1022.4487     -0.747     -0.061  0.000e+00
     -0.740    28.3915   5.699783    35.2473     2.0600     0.3855          0     77.000 338.360949  1022.4488     -0.736     -0.041  0.000e+00
     -0.805    28.3916   5.699844    35.2477     2.0626     0.3816          0     77.250 338.360952  1022.4488     -0.800     -0.030  0.000e+00
     -0.924    28.3921   5.699935    35.2480     2.0612    -0.1860          0     77.500 338.360955  1022.4483     -0.919     -0.061  0.000e+00
     -1.064    28.3926   5.699874    35.2472     2.0647    -0.1990          0     77.750 338.360958  1022.4470     -1.058     -0.130  0.000e+00
     -1.194    28.3929   5.699973    35.2478     2.0536    -0.1845          0     78.000 338.360961  1022.4468     -1.187     -0.217  0.000e+00
     -1.324    28.3936   5.700095    35.2481     2.0594    -0.1967          0     78.250 338.360964  1022.4463     -1.316     -0.308  0.000e+00
     -1.378    28.3944   5.700095    35.2476     2.0816    48.6764          0     78.500 338.360966  1022.4453     -1.370     -0.365  0.000e+00
     -1.378    28.3954   3.463288    20.2295     2.2617    48.6719          0     78.750 338.360969  1011.2011     -1.370     -0.382  0.000e+00
     -1.356    28.3954   1.134283     5.9967     2.4522    48.6726          0     79.000 338.360972  1000.5976     -1.349     -0.357  0.000e+00
     -1.378    28.3918   1.007318     5.2776     2.4648    48.6764          0     79.250 338.360975  1000.0627     -1.370     -0.293  0.000e+00
     -1.367    28.3833   0.939495     4.8975     2.4710    48.6734          0     79.500 338.360978   999.7818     -1.359     -0.206  0.000e+00
     -1.378    28.3740   0.947039     4.9407     2.4714    -0.0181          0     79.750 338.360981   999.8167     -1.370     -0.124  0.000e+00
     -1.388    28.3663   1.088659     5.7407     2.4580    -0.0189          0     80.000 338.360984  1000.4153     -1.381     -0.061  0.000e+00
     -1.378    28.3606   1.041733     5.4754     2.4604    -0.0174          0     80.250 338.360987  1000.2193     -1.370     -0.017  0.000e+00
     -1.367    28.3558   0.993056     5.2012     2.4749    -0.0174          0     80.500 338.360990  1000.0163     -1.359     -0.001  0.000e+00
     -1.378    28.3473   1.033557     5.4307     2.5002    -0.0273          0     80.750 338.360992  1000.1898     -1.370     -0.004  0.000e+00
     -1.388    28.3389   0.840096     4.3475     2.5364    -0.0212          0     81.000 338.360995   999.3846     -1.381     -0.009  0.000e+00
     -1.367    28.3329   0.799504     4.1231     2.5449    -0.0212          0     81.250 338.360998   999.2191     -1.359      0.000  0.000e+00
     -1.378    28.3264   0.753596     3.8706     2.5389    -0.0227          0     81.500 338.361001   999.0325     -1.370     -0.001  0.000e+00
     -1.367    28.3215   0.749602     3.8490     2.6083    -0.0311          0     81.750 338.361004   999.0179     -1.359      0.005  0.000e+00
     -1.378    28.3192   0.864805     4.4866     2.6205    -0.0273          0     82.000 338.361007   999.4942     -1.370      0.004  0.000e+00
     -1.367    28.3198   0.831565     4.3018     2.6024    -0.0265          0     82.250 338.361010   999.3562     -1.359      0.003  0.000e+00
     -1.388    28.3231   0.944116     4.9295     2.5583    -0.0204          0     82.500 338.361013   999.8232     -1.381     -0.002  0.000e+00
     -1.378    28.3274   1.313324     7.0341     2.5130    -0.0220          0     82.750 338.361016  1001.3905     -1.370      0.000  0.000e+00
     -1.378    28.3316   0.804976     4.1535     2.5382    -0.0212          0     83.000 338.361019   999.2421     -1.370     -0.001  0.000e+00
