ctd_mafia/cnv/SBE19plus_01906740_2018_12_07_0084.cnv
* Sea-Bird SBE19plus  Data File:
* FileName = C:\Users\all user\Desktop\Patroba _ WWF Mapping Mafia\SBE19plus_01906740_2018_12_07_0084.hex
* Software version 2.6.3.104
* Temperature SN = 6740
* Conductivity SN = 6740
* System UpLoad Time = Dec 07 2018 14:32:11
* <ApplicationData>
* <Seaterm232>
# nquan = 13
# nvalues = 772                                   
# units = specified
# name 0 = prdM: Pressure, Strain Gauge [db]
# name 1 = tv290C: Temperature [ITS-90, deg C]
# name 2 = c0S/m: Conductivity [S/m]
# name 3 = sal00: Salinity, Practical [PSU]
# name 4 = sbeox0ML/L: Oxygen, SBE 43 [ml/l]
# name 5 = flECO-AFL: Fluorescence, WET Labs ECO-AFL/FL [mg/m^3]
# name 6 = nbf: Bottles Fired
# name 7 = timeS: Time, Elapsed [seconds]
# name 8 = timeJ: Julian Days
# name 9 = density00: Density [density, kg/m^3]
# name 10 = depSM: Depth [salt water, m], lat = 0.00
# name 11 = dz/dtM: Descent Rate [m/s]
# name 12 = flag:  0.000e+00
# span 0 =     -1.368,     16.103                 
# span 1 =    28.0658,    28.8430                 
# span 2 =   0.112145,   5.769980                 
# span 3 =     0.5151,    35.6930                 
# span 4 =     1.8585,     2.9770                 
# span 5 =    -0.4393,    48.6795                 
# span 6 =          0,          0                 
# span 7 =      0.000,    192.750                 
# span 8 = 337.415706, 337.417937                 
# span 9 =   996.4126,  1022.8208                 
# span 10 =     -1.361,     16.013                
# span 11 =     -0.948,      0.358                
# span 12 = 0.0000e+00, 0.0000e+00                
# interval = seconds: 0.25
# start_time = Dec 03 2018 09:58:37 [Instrument's time stamp, header]
# bad_flag = -9.990e-29
*END*
     -1.358    28.8421   0.173277     0.8078     2.4308    -0.0204          0      0.000 337.415706   996.5931     -1.350 8.4212e-16  0.000e+00
     -1.358    28.8430   0.178552     0.8335     2.4307    -0.0250          0      0.250 337.415709   996.6121     -1.350      0.000  0.000e+00
     -1.347    28.8428   0.182717     0.8539     2.4363    -0.0242          0      0.500 337.415712   996.6274     -1.339      0.003  0.000e+00
     -1.325    28.8419   0.179613     0.8387     2.4365    -0.0258          0      0.750 337.415715   996.6164     -1.318      0.011  0.000e+00
     -1.347    28.8405   0.171912     0.8011     2.4403    -0.0204          0      1.000 337.415718   996.5886     -1.339      0.011  0.000e+00
     -1.358    28.8386   0.168018     0.7822     2.4437    -0.0265          0      1.250 337.415720   996.5749     -1.350      0.007  0.000e+00
     -1.368    28.8366   0.169515     0.7895     2.4443    -0.0242          0      1.500 337.415723   996.5809     -1.361      0.001  0.000e+00
     -1.368    28.8344   0.172379     0.8035     2.4411    -0.0227          0      1.750 337.415726   996.5921     -1.361     -0.005  0.000e+00
     -1.358    28.8319   0.166623     0.7755     2.4413    -0.0204          0      2.000 337.415729   996.5719     -1.350     -0.007  0.000e+00
     -1.368    28.8292   0.158372     0.7355     2.4423    -0.0242          0      2.250 337.415732   996.5426     -1.361     -0.012  0.000e+00
     -1.347    28.8266   0.150906     0.6993     2.4428    -0.0273          0      2.500 337.415735   996.5164     -1.339     -0.011  0.000e+00
     -1.347    28.8239   0.147252     0.6817     2.4469    -0.0258          0      2.750 337.415738   996.5039     -1.339     -0.007  0.000e+00
     -1.347    28.8208   0.144592     0.6689     2.4502    -0.0220          0      3.000 337.415741   996.4952     -1.339      0.005  0.000e+00
     -1.368    28.8182   0.144659     0.6693     2.4514    -0.0296          0      3.250 337.415744   996.4962     -1.361      0.005  0.000e+00
     -1.358    28.8152   0.140134     0.6475     2.4493    -0.0212          0      3.500 337.415747   996.4808     -1.350      0.006  0.000e+00
     -1.336    28.8122   0.136707     0.6310     2.4560    -0.0212          0      3.750 337.415749   996.4694     -1.329      0.009  0.000e+00
     -1.368    28.8091   0.133132     0.6139     2.4557    -0.0220          0      4.000 337.415752   996.4573     -1.361      0.001  0.000e+00
     -1.336    28.8058   0.128560     0.5920     2.4536    -0.0242          0      4.250 337.415755   996.4420     -1.328      0.005  0.000e+00
     -1.357    28.8024   0.127135     0.5852     2.4589    -0.0189          0      4.500 337.415758   996.4378     -1.350     -0.001  0.000e+00
     -1.347    28.7993   0.124580     0.5730     2.4576    -0.0212          0      4.750 337.415761   996.4296     -1.339      0.001  0.000e+00
     -1.336    28.7961   0.122879     0.5649     2.4548    -0.0181          0      5.000 337.415764   996.4245     -1.329      0.007  0.000e+00
     -1.336    28.7929   0.120741     0.5548     2.4558    -0.0227          0      5.250 337.415767   996.4178     -1.328      0.012  0.000e+00
     -1.357    28.7897   0.119493     0.5488     2.4592    -0.0204          0      5.500 337.415770   996.4143     -1.350      0.004  0.000e+00
     -1.357    28.7819   0.118387     0.5436     2.4581    -0.0181          0      5.750 337.415773   996.4126     -1.350     -0.002  0.000e+00
     -1.368    28.7631   0.118324     0.5435     2.4629    -0.0273          0      6.000 337.415775   996.4180     -1.361     -0.004  0.000e+00
     -1.357    28.7305   0.119115     0.5477     2.4596    -0.0273          0      6.250 337.415778   996.4307     -1.350     -0.011  0.000e+00
     -1.357    28.7014   0.118993     0.5474     2.4592    -0.0220          0      6.500 337.415781   996.4389     -1.350     -0.008  0.000e+00
     -1.368    28.6833   0.117930     0.5425     2.4583    -0.0258          0      6.750 337.415784   996.4405     -1.361     -0.014  0.000e+00
     -1.325    28.6733   0.116007     0.5335     2.4607    -0.0197          0      7.000 337.415787   996.4368     -1.318     -0.004  0.000e+00
     -1.346    28.6683   0.114396     0.5258     2.4564    -0.0181          0      7.250 337.415790   996.4324     -1.339      0.003  0.000e+00
     -1.346    28.6647   0.112145     0.5151     2.4560    -0.0197          0      7.500 337.415793   996.4254     -1.339      0.010  0.000e+00
     -1.346    28.6489   0.117718     0.5419     2.4600    -0.0242          0      7.750 337.415796   996.4501     -1.339      0.011  0.000e+00
     -1.336    28.6207   0.120697     0.5565     2.4580    -0.0174          0      8.000 337.415799   996.4693     -1.328      0.014  0.000e+00
     -1.347    28.6008   0.118977     0.5484     2.4598    -0.0235          0      8.250 337.415802   996.4690     -1.339      0.009  0.000e+00
     -1.368    28.5903   0.117471     0.5413     2.4613    -0.0258          0      8.500 337.415804   996.4666     -1.361      0.000  0.000e+00
     -1.346    28.5857   0.130249     0.6028     2.4626    -0.0212          0      8.750 337.415807   996.5141     -1.339     -0.002  0.000e+00
     -1.357    28.5888   0.134176     0.6217     2.4672    -0.0181          0      9.000 337.415810   996.5273     -1.350     -0.012  0.000e+00
     -1.368    28.6039   0.135898     0.6298     2.4653    -0.0242          0      9.250 337.415813   996.5290     -1.361     -0.010  0.000e+00
     -1.346    28.6214   0.146958     0.6831     2.4672    -0.0273          0      9.500 337.415816   996.5640     -1.339     -0.007  0.000e+00
     -1.357    28.6352   0.153748     0.7158     2.4589    -0.0242          0      9.750 337.415819   996.5845     -1.350     -0.007  0.000e+00
     -1.346    28.6450   0.167051     0.7805     2.4543    -0.0166          0     10.000 337.415822   996.6302     -1.339     -0.004  0.000e+00
     -1.357    28.6522   0.168749     0.7887     2.4537    -0.0227          0     10.250 337.415825   996.6342     -1.350      0.001  0.000e+00
     -1.336    28.6571   0.164621     0.7685     2.4441    -0.0227          0     10.500 337.415828   996.6177     -1.328      0.009  0.000e+00
     -1.357    28.6608   0.163040     0.7607     2.4463    -0.0227          0     10.750 337.415830   996.6107     -1.350      0.003  0.000e+00
     -1.357    28.6630   0.172213     0.8055     2.4388    -0.0265          0     11.000 337.415833   996.6436     -1.350      0.004  0.000e+00
     -1.368    28.6641   0.159704     0.7444     2.4412    -0.0235          0     11.250 337.415836   996.5975     -1.360     -0.001  0.000e+00
     -1.346    28.6650   0.152346     0.7086     2.4398    -0.1356          0     11.500 337.415839   996.5705     -1.339     -0.004  0.000e+00
     -1.357    28.6648   0.145073     0.6733     2.4452    -0.1387          0     11.750 337.415842   996.5440     -1.350     -0.003  0.000e+00
     -1.346    28.6647   0.142867     0.6627     2.4446    -0.1387          0     12.000 337.415845   996.5361     -1.339     -0.002  0.000e+00
     -1.357    28.6645   0.141529     0.6562     2.4460    -0.1326          0     12.250 337.415848   996.5313     -1.350     -0.001  0.000e+00
     -1.325    28.6640   0.139904     0.6483     2.4454    -0.1387          0     12.500 337.415851   996.5257     -1.317      0.005  0.000e+00
     -1.346    28.6636   0.135407     0.6267     2.4451    -0.3401          0     12.750 337.415854   996.5094     -1.339      0.011  0.000e+00
     -1.346    28.6628   0.128990     0.5958     2.4482    -0.3310          0     13.000 337.415856   996.4865     -1.339      0.010  0.000e+00
     -1.357    28.6619   0.124154     0.5726     2.4480    -0.3454          0     13.250 337.415859   996.4693     -1.350      0.006  0.000e+00
     -1.357    28.6609   0.119309     0.5494     2.4568    -0.3447          0     13.500 337.415862   996.4522     -1.350     -0.002  0.000e+00
     -1.368    28.6598   0.114608     0.5269     2.4591     0.8501          0     13.750 337.415865   996.4356     -1.360     -0.006  0.000e+00
     -1.346    28.6584   0.120213     0.5537     2.4627     0.8501          0     14.000 337.415868   996.4562     -1.339     -0.007  0.000e+00
     -1.368    28.6571   0.129954     0.6005     2.4592     0.8524          0     14.250 337.415871   996.4916     -1.360     -0.011  0.000e+00
     -1.357    28.6559   0.125109     0.5772     2.4545     0.8486          0     14.500 337.415874   996.4745     -1.350     -0.014  0.000e+00
     -1.346    28.6544   0.131296     0.6070     2.4681     2.5103          0     14.750 337.415877   996.4973     -1.339     -0.003  0.000e+00
     -1.368    28.6532   0.127829     0.5903     2.5321     2.5194          0     15.000 337.415880   996.4851     -1.360     -0.004  0.000e+00
     -1.346    28.6529   0.141466     0.6560     2.5111     2.5141          0     15.250 337.415883   996.5346     -1.339      0.003  0.000e+00
     -1.303    28.6372   1.317917     7.0155     2.4209     2.5156          0     15.500 337.415885  1001.2850     -1.296      0.017  0.000e+00
     -1.270    28.4978   0.376654     1.8427     2.4875     0.7463          0     15.750 337.415888   997.4685     -1.263      0.037  0.000e+00
     -1.227    28.3700   2.345329    13.1936     2.3367     0.7517          0     16.000 337.415891  1005.9653     -1.220      0.058  0.000e+00
     -1.162    28.2910   3.249125    18.8956     2.3841     0.7471          0     16.250 337.415894  1010.2394     -1.156      0.095  0.000e+00
     -1.043    28.2335   5.683438    35.2511     2.2617     0.7440          0     16.500 337.415897  1022.5024     -1.038      0.144  0.000e+00
     -0.989    28.1881   5.680196    35.2623     2.2326     0.7402          0     16.750 337.415900  1022.5260     -0.984      0.190  0.000e+00
     -0.924    28.1560   5.676156    35.2580     2.2560    48.6749          0     17.000 337.415903  1022.5335     -0.919      0.231  0.000e+00
     -0.870    28.1399   5.675395    35.2647     2.3044    48.6696          0     17.250 337.415906  1022.5442     -0.866      0.252  0.000e+00
     -0.773    28.1345   5.673174    35.2531     2.2655    48.6734          0     17.500 337.415909  1022.5376     -0.769      0.273  0.000e+00
     -0.665    28.1293   5.672824    35.2546     2.1833    48.6795          0     17.750 337.415911  1022.5409     -0.661      0.299  0.000e+00
     -0.633    28.1233   5.672702    35.2581     2.0981     0.0078          0     18.000 337.415914  1022.5457     -0.629      0.302  0.000e+00
     -0.622    28.1196   5.673227    35.2646     2.0076     0.0078          0     18.250 337.415917  1022.5518     -0.618      0.280  0.000e+00
     -0.578    28.1176   5.672672    35.2622     1.9497     0.0170          0     18.500 337.415920  1022.5509     -0.575      0.250  0.000e+00
     -0.481    28.1174   5.672893    35.2639     1.9304     0.0162          0     18.750 337.415923  1022.5526     -0.478      0.247  0.000e+00
     -0.438    28.1169   5.672474    35.2613     1.9304    48.6757          0     19.000 337.415926  1022.5510     -0.436      0.236  0.000e+00
     -0.416    28.1161   5.672763    35.2639     1.9189    48.6742          0     19.250 337.415929  1022.5533     -0.414      0.216  0.000e+00
     -0.395    28.1157   5.673905    35.2722     1.9242    48.6764          0     19.500 337.415932  1022.5597     -0.392      0.186  0.000e+00
     -0.384    28.1159   5.674574    35.2767     1.9364    48.6734          0     19.750 337.415935  1022.5631     -0.382      0.159  0.000e+00
     -0.384    28.1165   5.679178    35.3085     1.9411    -0.4393          0     20.000 337.415937  1022.5869     -0.382      0.143  0.000e+00
     -0.395    28.1177   5.686623    35.3599     1.9479    -0.4294          0     20.250 337.415940  1022.6250     -0.392      0.115  0.000e+00
     -0.384    28.1192   5.690248    35.3841     1.9509    -0.4271          0     20.500 337.415943  1022.6428     -0.382      0.079  0.000e+00
     -0.373    28.1257   5.692800    35.3972     1.9522    -0.4385          0     20.750 337.415946  1022.6506     -0.371      0.043  0.000e+00
     -0.319    28.1474   5.696907    35.4096     1.9500    -0.4332          0     21.000 337.415949  1022.6530     -0.317      0.041  0.000e+00
     -0.308    28.1684   5.698957    35.4082     1.9541     0.2344          0     21.250 337.415952  1022.6451     -0.306      0.045  0.000e+00
     -0.286    28.1812   5.703454    35.4301     1.9571     0.2390          0     21.500 337.415955  1022.6575     -0.285      0.054  0.000e+00
     -0.308    28.1881   5.705147    35.4368     1.9600     0.2397          0     21.750 337.415958  1022.6601     -0.306      0.056  0.000e+00
     -0.330    28.1971   5.700869    35.4001     1.9615     0.2397          0     22.000 337.415961  1022.6295     -0.328      0.049  0.000e+00
     -0.341    28.2330   5.699786    35.3656     1.9579     0.0818          0     22.250 337.415964  1022.5917     -0.339      0.036  0.000e+00
     -0.341    28.2670   5.705054    35.3769     1.9552     0.0864          0     22.500 337.415966  1022.5890     -0.339      0.017  0.000e+00
     -0.319    28.3016   5.709957    35.3853     1.9537     0.0856          0     22.750 337.415969  1022.5840     -0.317      0.003  0.000e+00
     -0.276    28.3303   5.707485    35.3466     1.9509     0.0849          0     23.000 337.415972  1022.5456     -0.274     -0.000  0.000e+00
     -0.178    28.3424   5.702369    35.3018     1.9444    -0.1990          0     23.250 337.415975  1022.5083     -0.177      0.035  0.000e+00
     -0.168    28.3267   5.696111    35.2699     1.9416    -0.2028          0     23.500 337.415978  1022.4896     -0.167      0.066  0.000e+00
     -0.178    28.2781   5.697232    35.3140     1.9390    -0.2074          0     23.750 337.415981  1022.5387     -0.177      0.093  0.000e+00
     -0.265    28.2338   5.708761    35.4278     1.9342    -0.2020          0     24.000 337.415984  1022.6385     -0.263      0.082  0.000e+00
     -0.308    28.2101   5.715231    35.4909     1.9320    -0.1753          0     24.250 337.415987  1022.6936     -0.306      0.050  0.000e+00
     -0.341    28.2504   5.715223    35.4605     1.9285    -0.1997          0     24.500 337.415990  1022.6573     -0.339      0.004  0.000e+00
     -0.341    28.3426   5.721351    35.4342     1.9260    -0.1906          0     24.750 337.415992  1022.6071     -0.339     -0.043  0.000e+00
     -0.297    28.4114   5.721220    35.3818     1.9232    -0.1799          0     25.000 337.415995  1022.5453     -0.296     -0.070  0.000e+00
     -0.222    28.4494   5.711381    35.2849     1.9252    -0.1944          0     25.250 337.415998  1022.4601     -0.220     -0.064  0.000e+00
     -0.168    28.4582   5.710099    35.2694     1.9230     0.0604          0     25.500 337.416001  1022.4458     -0.167     -0.015  0.000e+00
     -0.146    28.4202   5.705371    35.2647     1.9220     0.0559          0     25.750 337.416004  1022.4550     -0.145      0.043  0.000e+00
     -0.178    28.3598   5.702117    35.2871     1.9249     0.0589          0     26.000 337.416007  1022.4916     -0.177      0.086  0.000e+00
     -0.211    28.3069   5.702270    35.3277     1.9240     0.0665          0     26.250 337.416010  1022.5394     -0.210      0.093  0.000e+00
     -0.232    28.2676   5.711964    35.4248     1.9232     0.1886          0     26.500 337.416013  1022.6253     -0.231      0.076  0.000e+00
     -0.265    28.2446   5.721895    35.5116     1.9211     0.1993          0     26.750 337.416016  1022.6980     -0.263      0.034  0.000e+00
     -0.254    28.2285   5.723789    35.5369     1.9166     0.1932          0     27.000 337.416019  1022.7223     -0.253     -0.010  0.000e+00
     -0.243    28.2489   5.725553    35.5340     1.9155     0.1978          0     27.250 337.416021  1022.7135     -0.242     -0.043  0.000e+00
     -0.222    28.3225   5.722710    35.4588     1.9142    -0.1097          0     27.500 337.416024  1022.6328     -0.220     -0.048  0.000e+00
