ctd_mafia/cnv/SBE19plus_01906740_2018_12_07_0086.cnv
* Sea-Bird SBE19plus  Data File:
* FileName = C:\Users\all user\Desktop\Patroba _ WWF Mapping Mafia\SBE19plus_01906740_2018_12_07_0086.hex
* Software version 2.6.3.104
* Temperature SN = 6740
* Conductivity SN = 6740
* System UpLoad Time = Dec 07 2018 14:32:43
* <ApplicationData>
* <Seaterm232>
# nquan = 13
# nvalues = 642                                   
# units = specified
# name 0 = prdM: Pressure, Strain Gauge [db]
# name 1 = tv290C: Temperature [ITS-90, deg C]
# name 2 = c0S/m: Conductivity [S/m]
# name 3 = sal00: Salinity, Practical [PSU]
# name 4 = sbeox0ML/L: Oxygen, SBE 43 [ml/l]
# name 5 = flECO-AFL: Fluorescence, WET Labs ECO-AFL/FL [mg/m^3]
# name 6 = nbf: Bottles Fired
# name 7 = timeS: Time, Elapsed [seconds]
# name 8 = timeJ: Julian Days
# name 9 = density00: Density [density, kg/m^3]
# name 10 = depSM: Depth [salt water, m], lat = 0.00
# name 11 = dz/dtM: Descent Rate [m/s]
# name 12 = flag:  0.000e+00
# span 0 =     -1.400,     16.267                 
# span 1 =    27.7298,    28.2115                 
# span 2 =   0.144078,   5.677204                 
# span 3 =     0.6810,    35.2297                 
# span 4 =     1.8495,     2.7684                 
# span 5 =    -0.0456,    48.6864                 
# span 6 =          0,          0                 
# span 7 =      0.000,    160.250                 
# span 8 = 337.436296, 337.438151                 
# span 9 =   996.8113,  1022.5936                 
# span 10 =     -1.392,     16.177                
# span 11 =     -0.938,      0.373                
# span 12 = 0.0000e+00, 0.0000e+00                
# interval = seconds: 0.25
# start_time = Dec 03 2018 10:28:16 [Instrument's time stamp, header]
# bad_flag = -9.990e-29
*END*
[from data line 556]
      5.586    28.1286   5.668865    35.2255     1.9927     0.0208          0    139.000 337.437905  1022.5460      5.556     -0.795  0.000e+00
      5.554    28.1287   5.668895    35.2256     2.0034     0.0368          0    139.250 337.437908  1022.5460      5.523     -0.681  0.000e+00
      5.403    28.1291   5.668895    35.2254     2.0211     0.0376          0    139.500 337.437911  1022.5450      5.373     -0.594  0.000e+00
      5.154    28.1293   5.668925    35.2255     2.0242     0.0360          0    139.750 337.437914  1022.5440      5.126     -0.541  0.000e+00
      4.851    28.1295   5.668895    35.2253     2.0357     0.0391          0    140.000 337.437917  1022.5424      4.825     -0.540  0.000e+00
      4.570    28.1295   5.668925    35.2255     2.0352     0.0231          0    140.250 337.437920  1022.5414      4.545     -0.587  0.000e+00
      4.441    28.1298   5.668963    35.2256     2.0430     0.0238          0    140.500 337.437922  1022.5408      4.416     -0.654  0.000e+00
      4.268    28.1302   5.669115    35.2264     2.0406     0.0177          0    140.750 337.437925  1022.5405      4.244     -0.749  0.000e+00
      4.073    28.1314   5.669275    35.2267     2.0474     0.0208          0    141.000 337.437928  1022.5395      4.051     -0.828  0.000e+00
      3.922    28.1324   5.669320    35.2263     2.0515     0.0315          0    141.250 337.437931  1022.5383      3.900     -0.847  0.000e+00
      3.868    28.1334   5.669465    35.2266     2.0456     0.0307          0    141.500 337.437934  1022.5379      3.846     -0.780  0.000e+00
      3.781    28.1347   5.669594    35.2265     2.0507     0.0391          0    141.750 337.437937  1022.5371      3.760     -0.674  0.000e+00
      3.662    28.1362   5.669753    35.2266     2.0541     0.0391          0    142.000 337.437940  1022.5361      3.642     -0.574  0.000e+00
      3.489    28.1378   5.669913    35.2265     2.0494     0.0246          0    142.250 337.437943  1022.5348      3.470     -0.522  0.000e+00
      3.208    28.1391   5.669913    35.2257     2.0458     0.0215          0    142.500 337.437946  1022.5325      3.191     -0.548  0.000e+00
      3.024    28.1398   5.669973    35.2257     2.0470     0.0170          0    142.750 337.437948  1022.5315      3.008     -0.576  0.000e+00
      2.895    28.1404   5.670072    35.2259     2.0405     0.0253          0    143.000 337.437951  1022.5310      2.879     -0.601  0.000e+00
      2.873    28.1414   5.670293    35.2267     2.0413     0.0192          0    143.250 337.437954  1022.5311      2.857     -0.605  0.000e+00
      2.841    28.1435   5.670703    35.2281     2.0532     0.0345          0    143.500 337.437957  1022.5313      2.825     -0.589  0.000e+00
      2.733    28.1470   5.671304    35.2297     2.0482     0.0322          0    143.750 337.437960  1022.5309      2.718     -0.547  0.000e+00
      2.516    28.1509   5.671654    35.2293     2.0535     0.0406          0    144.000 337.437963  1022.5284      2.503     -0.516  0.000e+00
      2.246    28.1544   5.671813    35.2279     2.0645     0.0345          0    144.250 337.437966  1022.5250      2.234     -0.512  0.000e+00
      2.073    28.1566   5.671844    35.2264     2.0629     0.0047          0    144.500 337.437969  1022.5225      2.062     -0.518  0.000e+00
      1.998    28.1591   5.672277    35.2277     2.0680     0.0116          0    144.750 337.437972  1022.5223      1.987     -0.543  0.000e+00
      1.933    28.1621   5.672825    35.2293     2.0738     0.0032          0    145.000 337.437975  1022.5222      1.922     -0.566  0.000e+00
      1.803    28.1661   5.672863    35.2266     2.0816     0.0101          0    145.250 337.437977  1022.5184      1.793     -0.595  0.000e+00
      1.608    28.1692   5.673015    35.2254     2.0922     0.0063          0    145.500 337.437980  1022.5156      1.600     -0.609  0.000e+00
      1.425    28.1716   5.673334    35.2259     2.0937     0.0047          0    145.750 337.437983  1022.5144      1.417     -0.599  0.000e+00
      1.230    28.1733   5.673273    35.2243     2.0924     0.0101          0    146.000 337.437986  1022.5118      1.223     -0.582  0.000e+00
      1.079    28.1738   5.673364    35.2246     2.0880     0.0063          0    146.250 337.437989  1022.5112      1.073     -0.578  0.000e+00
      0.992    28.1750   5.673653    35.2257     2.0791     0.0063          0    146.500 337.437992  1022.5112      0.987     -0.591  0.000e+00
      0.884    28.1769   5.673973    35.2266     2.0726     0.0009          0    146.750 337.437995  1022.5108      0.879     -0.607  0.000e+00
      0.722    28.1789   5.674125    35.2261     2.0705     0.0047          0    147.000 337.437998  1022.5092      0.718     -0.612  0.000e+00
      0.538    28.1808   5.674223    35.2255     2.0650     0.0116          0    147.250 337.438001  1022.5073      0.535     -0.603  0.000e+00
      0.365    28.1822   5.674254    35.2248     2.0614     0.0047          0    147.500 337.438003  1022.5055      0.363     -0.590  0.000e+00
      0.246    28.1831   5.674353    35.2248     2.0611     0.0192          0    147.750 337.438006  1022.5047      0.245     -0.577  0.000e+00
      0.192    28.1835   5.674314    35.2242     2.0625     0.0185          0    148.000 337.438009  1022.5039      0.191     -0.550  0.000e+00
      0.073    28.1838   5.674352    35.2243     2.0693     0.0192          0    148.250 337.438012  1022.5034      0.073     -0.537  0.000e+00
     -0.100    28.1844   5.674383    35.2241     2.0619     0.0292          0    148.500 337.438015  1022.5023     -0.099     -0.543  0.000e+00
     -0.305    28.1847   5.674413    35.2242     2.0620    -0.0029          0    148.750 337.438018  1022.5014     -0.304     -0.555  0.000e+00
     -0.521    28.1854   5.674474    35.2242     2.0642    -0.0036          0    149.000 337.438021  1022.5002     -0.519     -0.574  0.000e+00
     -0.651    28.1859   5.674702    35.2254     2.0654    -0.0036          0    149.250 337.438024  1022.5005     -0.648     -0.587  0.000e+00
     -0.705    28.1870   5.674824    35.2254     2.0647     0.0047          0    149.500 337.438027  1022.4998     -0.701     -0.585  0.000e+00
     -0.694    28.1884   5.675082    35.2262     2.0672     0.0246          0    149.750 337.438030  1022.5000     -0.691     -0.555  0.000e+00
     -0.694    28.1910   5.675554    35.2275     2.0688     0.0215          0    150.000 337.438032  1022.5002     -0.691     -0.494  0.000e+00
     -0.662    28.1948   5.676033    35.2281     2.0707     0.0215          0    150.250 337.438035  1022.4995     -0.658     -0.379  0.000e+00
     -0.651    28.1983   5.676315    35.2275     2.0768     0.0231          0    150.500 337.438038  1022.4979     -0.648     -0.244  0.000e+00
     -0.651    28.2010   5.676368    35.2258     2.0843     0.0017          0    150.750 337.438041  1022.4958     -0.648     -0.119  0.000e+00
     -0.640    28.2025   5.676444    35.2252     2.0734     0.0032          0    151.000 337.438044  1022.4949     -0.637     -0.022  0.000e+00
     -0.630    28.2037   5.676383    35.2239     2.0771     0.0154          0    151.250 337.438047  1022.4935     -0.626      0.027  0.000e+00
     -0.608    28.2039   5.676315    35.2232     2.0732     0.0093          0    151.500 337.438050  1022.4931     -0.605      0.047  0.000e+00
     -0.629    28.2036   5.676223    35.2228     2.0662     0.0124          0    151.750 337.438053  1022.4928     -0.626      0.040  0.000e+00
     -0.640    28.2034   5.676414    35.2243     2.0652     0.0147          0    152.000 337.438056  1022.4939     -0.637      0.028  0.000e+00
     -0.662    28.2048   5.676984    35.2273     2.0592     0.0208          0    152.250 337.438058  1022.4956     -0.658      0.007  0.000e+00
     -0.662    28.2071   5.677174    35.2269     2.0659     0.0223          0    152.500 337.438061  1022.4945     -0.658     -0.005  0.000e+00
     -0.694    28.2086   5.677045    35.2249     2.0599     0.0208          0    152.750 337.438064  1022.4924     -0.691     -0.022  0.000e+00
     -0.684    28.2090   5.676984    35.2241     2.0632     0.0345          0    153.000 337.438067  1022.4918     -0.680     -0.034  0.000e+00
     -0.629    28.2091   5.676923    35.2236     2.0635     0.0383          0    153.250 337.438070  1022.4916     -0.626     -0.025  0.000e+00
     -0.586    28.2092   5.676954    35.2238     2.0649     0.0292          0    153.500 337.438073  1022.4918     -0.583     -0.002  0.000e+00
     -0.511    28.2087   5.676855    35.2234     2.0677     0.0398          0    153.750 337.438076  1022.4920     -0.508      0.045  0.000e+00
     -0.521    28.2075   5.676414    35.2212     2.0703    -0.0059          0    154.000 337.438079  1022.4907     -0.518      0.076  0.000e+00
     -0.554    28.2040   5.675714    35.2189     2.0767    -0.0059          0    154.250 337.438082  1022.4900     -0.551      0.088  0.000e+00
     -0.640    28.2010   5.675904    35.2226     2.0670    -0.0052          0    154.500 337.438084  1022.4934     -0.637      0.063  0.000e+00
     -0.705    28.2006   5.676383    35.2262     2.0705    -0.0067          0    154.750 337.438087  1022.4960     -0.701      0.020  0.000e+00
     -0.792    28.2023   5.676733    35.2274     2.1170     0.0177          0    155.000 337.438090  1022.4960     -0.787     -0.054  0.000e+00
     -0.911    28.2042   5.676885    35.2271     2.1463     0.0131          0    155.250 337.438093  1022.4946     -0.906     -0.150  0.000e+00
     -1.051    28.2061   5.677045    35.2269     2.1249     0.0162          0    155.500 337.438096  1022.4932     -1.045     -0.250  0.000e+00
     -1.148    28.2077   5.677113    35.2261     2.1799     0.0215          0    155.750 337.438099  1022.4917     -1.142     -0.334  0.000e+00
     -1.300    28.2092   5.677204    35.2257     2.1679     0.0147          0    156.000 337.438102  1022.4902     -1.293     -0.395  0.000e+00
     -1.365    28.2105   5.522372    34.1447     2.1601    48.6681          0    156.250 337.438105  1021.6770     -1.357     -0.425  0.000e+00
     -1.365    28.2115   2.141352    11.9858     2.4336    48.6780          0    156.500 337.438108  1005.1131     -1.357     -0.409  0.000e+00
     -1.365    28.2093   1.106832     5.8630     2.4846    48.6864          0    156.750 337.438111  1000.5527     -1.357     -0.368  0.000e+00
     -1.386    28.2046   0.901586     4.7029     2.4642    48.6719          0    157.000 337.438113   999.6889     -1.379     -0.306  0.000e+00
     -1.375    28.1994   1.321618     7.1009     2.4310     0.7921          0    157.250 337.438116  1001.4781     -1.368     -0.224  0.000e+00
     -1.375    28.1941   0.950015     4.9759     2.5953     0.7975          0    157.500 337.438119   999.8957     -1.368     -0.143  0.000e+00
     -1.365    28.1887   0.964923     5.0604     2.6459     0.7921          0    157.750 337.438122   999.9603     -1.357     -0.076  0.000e+00
     -1.375    28.1820   1.138870     6.0495     2.6266     0.7936          0    158.000 337.438125  1000.6997     -1.368     -0.022  0.000e+00
     -1.375    28.1754   0.990423     5.2057     2.6342     1.0431          0    158.250 337.438128  1000.0725     -1.368     -0.004  0.000e+00
     -1.375    28.1700   0.778344     4.0199     2.6280     1.0546          0    158.500 337.438131   999.1895     -1.368     -0.003  0.000e+00
     -1.375    28.1660   0.841353     4.3700     2.5827     1.0446          0    158.750 337.438134   999.4520     -1.368     -0.001  0.000e+00
     -1.365    28.1628   0.918656     4.8027     2.5498     1.0408          0    159.000 337.438137   999.7757     -1.357      0.005  0.000e+00
     -1.375    28.1566   1.214389     6.4867     2.5893     0.2405          0    159.250 337.438139  1001.0329     -1.368      0.001  0.000e+00
     -1.375    28.1498   0.915863     4.7883     2.5781     0.2405          0    159.500 337.438142   999.7687     -1.368     -0.001  0.000e+00
     -1.386    28.1432   0.865528     4.5070     2.5598     0.2352          0    159.750 337.438145   999.5607     -1.379     -0.005  0.000e+00
     -1.354    28.1363   0.886962     4.6276     2.5478     0.2359          0    160.000 337.438148   999.6528     -1.346      0.004  0.000e+00
     -1.365    28.1295   0.827520     4.2963     2.5441     0.2451          0    160.250 337.438151   999.4076     -1.357      0.005  0.000e+00
