ctd_mafia/cnv/SBE19plus_01906740_2018_12_07_0097.cnv
* Sea-Bird SBE19plus  Data File:
* FileName = C:\Users\all user\Desktop\Patroba _ WWF Mapping Mafia\SBE19plus_01906740_2018_12_07_0097.hex
* Software version 2.6.3.104
* Temperature SN = 6740
* Conductivity SN = 6740
* System UpLoad Time = Dec 07 2018 14:34:38
* <ApplicationData>
* <Seaterm232>
# nquan = 13
# nvalues = 332                                   
# units = specified
# name 0 = prdM: Pressure, Strain Gauge [db]
# name 1 = tv290C: Temperature [ITS-90, deg C]
# name 2 = c0S/m: Conductivity [S/m]
# name 3 = sal00: Salinity, Practical [PSU]
# name 4 = sbeox0ML/L: Oxygen, SBE 43 [ml/l]
# name 5 = flECO-AFL: Fluorescence, WET Labs ECO-AFL/FL [mg/m^3]
# name 6 = nbf: Bottles Fired
# name 7 = timeS: Time, Elapsed [seconds]
# name 8 = timeJ: Julian Days
# name 9 = density00: Density [density, kg/m^3]
# name 10 = depSM: Depth [salt water, m], lat = 0.00
# name 11 = dz/dtM: Descent Rate [m/s]
# name 12 = flag:  0.000e+00
# span 0 =     -1.418,      3.999                 
# span 1 =    28.1325,    28.3349                 
# span 2 =   0.501975,   5.684519                 
# span 3 =     2.5181,    35.2578                 
# span 4 =     1.3909,     5.5121                 
# span 5 =    -0.0876,     1.6512                 
# span 6 =          0,          0                 
# span 7 =      0.000,     82.750                 
# span 8 = 338.373056, 338.374013                 
# span 9 =   998.0761,  1022.5358                 
# span 10 =     -1.410,      3.977                
# span 11 =     -0.757,      0.367                
# span 12 = 0.0000e+00, 0.0000e+00                
# interval = seconds: 0.25
# start_time = Dec 04 2018 08:57:12 [Instrument's time stamp, header]
# bad_flag = -9.990e-29
*END*
     -1.201    28.2326   4.188171    25.0532     2.4252    -0.0265          0      0.000 338.373056  1014.8560     -1.194      0.000  0.000e+00
     -1.082    28.2839   5.640509    34.9140     5.5121    -0.0159          0      0.250 338.373058  1022.2322     -1.076      0.032  0.000e+00
     -1.006    28.3111   5.660427    35.0327     4.2848    -0.0220          0      0.500 338.373061  1022.3129     -1.001      0.076  0.000e+00
     -0.952    28.3271   5.677461    35.1397     5.0391    -0.0242          0      0.750 338.373064  1022.3882     -0.947      0.121  0.000e+00
     -0.898    28.3349   5.679813    35.1502     5.3031     0.2550          0      1.000 338.373067  1022.3938     -0.893      0.164  0.000e+00
     -0.877    28.3324   5.678443    35.1425     5.4407     0.2565          0      1.250 338.373070  1022.3889     -0.872      0.193  0.000e+00
     -0.855    28.3294   5.675042    35.1210     4.8952     0.2580          0      1.500 338.373073  1022.3739     -0.850      0.206  0.000e+00
     -0.844    28.3263   5.673490    35.1125     4.3435     0.2603          0      1.750 338.373076  1022.3686     -0.840      0.199  0.000e+00
     -0.866    28.3238   5.671869    35.1030     3.8076     1.6489          0      2.000 338.373079  1022.3621     -0.861      0.162  0.000e+00
     -0.855    28.3221   5.671208    35.0997     3.0837     1.6489          0      2.250 338.373082  1022.3603     -0.850      0.106  0.000e+00
     -0.844    28.3198   5.671398    35.1027     3.4797     1.6512          0      2.500 338.373084  1022.3633     -0.839      0.069  0.000e+00
     -0.823    28.3167   5.670729    35.1004     3.4148     1.6504          0      2.750 338.373087  1022.3627     -0.818      0.048  0.000e+00
     -0.822    28.3124   5.667687    35.0824     3.3947     0.2909          0      3.000 338.373090  1022.3506     -0.818      0.032  0.000e+00
     -0.801    28.3067   5.661256    35.0417     3.2368     0.2863          0      3.250 338.373093  1022.3220     -0.796      0.031  0.000e+00
     -0.801    28.2993   5.654265    34.9984     3.4111     0.2924          0      3.500 338.373096  1022.2918     -0.796      0.031  0.000e+00
     -0.822    28.2947   5.654744    35.0051     3.4540     0.2893          0      3.750 338.373099  1022.2983     -0.818      0.027  0.000e+00
     -0.801    28.2919   5.661431    35.0539     3.4607     0.2863          0      4.000 338.373102  1022.3360     -0.796      0.031  0.000e+00
     -0.812    28.2871   5.662335    35.0638     3.2349     0.6098          0      4.250 338.373105  1022.3449     -0.807      0.022  0.000e+00
     -0.790    28.2818   5.665118    35.0871     3.2525     0.6212          0      4.500 338.373108  1022.3643     -0.786      0.018  0.000e+00
     -0.758    28.2766   5.666258    35.0989     3.0165     0.6243          0      4.750 338.373111  1022.3750     -0.753      0.022  0.000e+00
     -0.725    28.2683   5.667209    35.1117     2.9891     0.6197          0      5.000 338.373113  1022.3875     -0.721      0.037  0.000e+00
     -0.693    28.2584   5.666448    35.1137     2.7278     0.1802          0      5.250 338.373116  1022.3924     -0.689      0.053  0.000e+00
     -0.682    28.2486   5.666738    35.1231     2.6740     0.1619          0      5.500 338.373119  1022.4028     -0.678      0.071  0.000e+00
     -0.671    28.2419   5.670510    35.1544     2.6937     0.1703          0      5.750 338.373122  1022.4285     -0.667      0.084  0.000e+00
     -0.649    28.2364   5.671841    35.1677     2.7846     0.1673          0      6.000 338.373125  1022.4405     -0.646      0.087  0.000e+00
     -0.606    28.2290   5.672031    35.1746     2.8554     0.0086          0      6.250 338.373128  1022.4482     -0.603      0.097  0.000e+00
     -0.617    28.2234   5.672472    35.1818     2.9528     0.0055          0      6.500 338.373131  1022.4555     -0.614      0.088  0.000e+00
     -0.606    28.2215   5.674252    35.1957     2.9798     0.0131          0      6.750 338.373134  1022.4666     -0.603      0.076  0.000e+00
     -0.563    28.2202   5.673081    35.1884     3.1771     0.0086          0      7.000 338.373137  1022.4617     -0.560      0.074  0.000e+00
     -0.509    28.2203   5.666548    35.1427     3.2029     0.0116          0      7.250 338.373139  1022.4275     -0.506      0.084  0.000e+00
     -0.520    28.2198   5.664716    35.1303     2.9701     0.0139          0      7.500 338.373142  1022.4183     -0.517      0.087  0.000e+00
     -0.509    28.2201   5.670381    35.1696     3.2741     0.0147          0      7.750 338.373145  1022.4479     -0.506      0.086  0.000e+00
     -0.498    28.2206   5.672412    35.1835     3.3952     0.0101          0      8.000 338.373148  1022.4581     -0.495      0.079  0.000e+00
     -0.498    28.2203   5.672541    35.1846     3.1757     0.0086          0      8.250 338.373151  1022.4591     -0.495      0.068  0.000e+00
     -0.531    28.2200   5.672921    35.1875     2.4105    -0.0052          0      8.500 338.373154  1022.4612     -0.528      0.053  0.000e+00
     -0.520    28.2205   5.673492    35.1911     2.2291    -0.0014          0      8.750 338.373157  1022.4638     -0.517      0.032  0.000e+00
     -0.498    28.2215   5.673971    35.1937     2.0501    -0.0029          0      9.000 338.373160  1022.4656     -0.495      0.014  0.000e+00
     -0.509    28.2226   5.674062    35.1935     2.1666     0.0017          0      9.250 338.373163  1022.4650     -0.506      0.001  0.000e+00
     -0.509    28.2233   5.673492    35.1890     2.0643     0.0215          0      9.500 338.373166  1022.4614     -0.506      0.001  0.000e+00
     -0.487    28.2243   5.673271    35.1867     2.1183     0.0231          0      9.750 338.373168  1022.4594     -0.485      0.004  0.000e+00
     -0.476    28.2251   5.673203    35.1856     2.3169     0.0185          0     10.000 338.373171  1022.4584     -0.474      0.012  0.000e+00
     -0.477    28.2257   5.673081    35.1843     2.5865     0.0231          0     10.250 338.373174  1022.4572     -0.474      0.020  0.000e+00
     -0.487    28.2263   5.673431    35.1864     2.7287     0.0086          0     10.500 338.373177  1022.4585     -0.485      0.024  0.000e+00
     -0.498    28.2263   5.673651    35.1879     2.7188     0.0093          0     10.750 338.373180  1022.4596     -0.495      0.014  0.000e+00
     -0.455    28.2262   5.673872    35.1895     2.6897     0.0116          0     11.000 338.373183  1022.4610     -0.452      0.017  0.000e+00
     -0.422    28.2251   5.673553    35.1881     2.6439     0.0047          0     11.250 338.373186  1022.4605     -0.420      0.032  0.000e+00
     -0.412    28.2240   5.673781    35.1905     2.6103     0.0200          0     11.500 338.373189  1022.4627     -0.409      0.040  0.000e+00
     -0.433    28.2234   5.673712    35.1905     2.5361     0.0231          0     11.750 338.373192  1022.4628     -0.431      0.037  0.000e+00
     -0.401    28.2218   5.674351    35.1961     2.4906     0.0215          0     12.000 338.373194  1022.4677     -0.399      0.044  0.000e+00
     -0.390    28.2206   5.674633    35.1990     2.4861     0.0215          0     12.250 338.373197  1022.4703     -0.388      0.052  0.000e+00
     -0.401    28.2202   5.674412    35.1977     2.4658     0.0246          0     12.500 338.373200  1022.4694     -0.399      0.051  0.000e+00
     -0.390    28.2202   5.673872    35.1939     2.4356     0.0330          0     12.750 338.373203  1022.4666     -0.388      0.045  0.000e+00
     -0.390    28.2211   5.673332    35.1895     2.4614     0.0292          0     13.000 338.373206  1022.4630     -0.388      0.028  0.000e+00
     -0.390    28.2216   5.672701    35.1847     2.4754     0.0391          0     13.250 338.373209  1022.4592     -0.388      0.019  0.000e+00
     -0.390    28.2221   5.672130    35.1804     2.4930     0.0353          0     13.500 338.373212  1022.4558     -0.388      0.016  0.000e+00
     -0.390    28.2225   5.671666    35.1768     2.5121     0.0459          0     13.750 338.373215  1022.4530     -0.388      0.014  0.000e+00
     -0.390    28.2227   5.671210    35.1735     2.4749     0.0482          0     14.000 338.373218  1022.4504     -0.388      0.004  0.000e+00
     -0.390    28.2226   5.671081    35.1727     2.4832     0.0490          0     14.250 338.373220  1022.4498     -0.388      0.002  0.000e+00
     -0.390    28.2224   5.670791    35.1708     2.4733     0.0490          0     14.500 338.373223  1022.4485     -0.388      0.003  0.000e+00
     -0.390    28.2223   5.670449    35.1685     2.5341     0.0459          0     14.750 338.373226  1022.4468     -0.388      0.000  0.000e+00
     -0.379    28.2224   5.670191    35.1666     2.4752     0.0421          0     15.000 338.373229  1022.4454     -0.377      0.003  0.000e+00
     -0.358    28.2224   5.670221    35.1668     2.5010     0.0391          0     15.250 338.373232  1022.4456     -0.356      0.011  0.000e+00
     -0.358    28.2226   5.670350    35.1676     2.3344     0.0490          0     15.500 338.373235  1022.4461     -0.356      0.017  0.000e+00
     -0.368    28.2227   5.670480    35.1684     2.3632     0.0116          0     15.750 338.373238  1022.4467     -0.366      0.017  0.000e+00
     -0.358    28.2231   5.670571    35.1687     2.2823     0.0086          0     16.000 338.373241  1022.4469     -0.356      0.019  0.000e+00
     -0.368    28.2229   5.670639    35.1694     2.2616     0.0078          0     16.250 338.373244  1022.4474     -0.366      0.017  0.000e+00
     -0.358    28.2230   5.671271    35.1737     2.2619     0.0032          0     16.500 338.373247  1022.4506     -0.356      0.015  0.000e+00
     -0.358    28.2234   5.671902    35.1778     2.3151     0.0086          0     16.750 338.373249  1022.4536     -0.356      0.012  0.000e+00
     -0.379    28.2234   5.672092    35.1792     2.4250     0.0131          0     17.000 338.373252  1022.4545     -0.377      0.000  0.000e+00
     -0.357    28.2233   5.671818    35.1773     2.4978     0.0101          0     17.250 338.373255  1022.4533     -0.356     -0.003  0.000e+00
     -0.347    28.2232   5.671491    35.1751     2.5769     0.0101          0     17.500 338.373258  1022.4517     -0.345      0.003  0.000e+00
     -0.368    28.2226   5.671210    35.1736     2.5701     0.0101          0     17.750 338.373261  1022.4506     -0.366      0.002  0.000e+00
     -0.368    28.2228   5.671240    35.1736     2.6304     0.0612          0     18.000 338.373264  1022.4506     -0.366     -0.001  0.000e+00
     -0.358    28.2228   5.671430    35.1750     2.5831     0.0589          0     18.250 338.373267  1022.4516     -0.356      0.001  0.000e+00
     -0.358    28.2231   5.671332    35.1740     2.6126     0.0589          0     18.500 338.373270  1022.4509     -0.356      0.001  0.000e+00
     -0.358    28.2231   5.671050    35.1721     2.4599     0.0597          0     18.750 338.373273  1022.4494     -0.356      0.003  0.000e+00
     -0.347    28.2234   5.671362    35.1740     2.4962     0.0429          0     19.000 338.373275  1022.4507     -0.345      0.008  0.000e+00
     -0.358    28.2240   5.671681    35.1758     2.4564     0.0498          0     19.250 338.373278  1022.4518     -0.356      0.002  0.000e+00
     -0.358    28.2246   5.671811    35.1762     2.4525     0.0444          0     19.500 338.373281  1022.4520     -0.356      0.002  0.000e+00
     -0.358    28.2250   5.671940    35.1768     2.5272     0.0429          0     19.750 338.373284  1022.4523     -0.356      0.006  0.000e+00
     -0.347    28.2253   5.672062    35.1775     2.5156     0.0276          0     20.000 338.373287  1022.4528     -0.345      0.006  0.000e+00
     -0.358    28.2256   5.672130    35.1777     2.5273     0.0276          0     20.250 338.373290  1022.4528     -0.356      0.001  0.000e+00
     -0.347    28.2257   5.672092    35.1774     2.5271     0.0315          0     20.500 338.373293  1022.4526     -0.345      0.003  0.000e+00
     -0.336    28.2259   5.671780    35.1751     2.4870     0.0330          0     20.750 338.373296  1022.4508     -0.334      0.006  0.000e+00
     -0.347    28.2259   5.671430    35.1726     2.4036     0.0353          0     21.000 338.373299  1022.4489     -0.345      0.006  0.000e+00
     -0.368    28.2258   5.671271    35.1716     2.3079     0.0398          0     21.250 338.373302  1022.4481     -0.366      0.002  0.000e+00
     -0.358    28.2262   5.671240    35.1711     2.2810     0.0429          0     21.500 338.373304  1022.4476     -0.356     -0.001  0.000e+00
     -0.347    28.2264   5.671331    35.1716     2.3105     0.0444          0     21.750 338.373307  1022.4480     -0.345     -0.001  0.000e+00
     -0.336    28.2265   5.671400    35.1720     2.3340     0.0490          0     22.000 338.373310  1022.4483     -0.334      0.001  0.000e+00
     -0.357    28.2269   5.671301    35.1710     2.3300     0.0406          0     22.250 338.373313  1022.4473     -0.356      0.000  0.000e+00
     -0.336    28.2269   5.671271    35.1708     2.3455     0.0475          0     22.500 338.373316  1022.4472     -0.334      0.001  0.000e+00
     -0.347    28.2266   5.671172    35.1703     2.3800     0.0513          0     22.750 338.373319  1022.4469     -0.345      0.002  0.000e+00
     -0.347    28.2266   5.671172    35.1703     2.4118     0.0429          0     23.000 338.373322  1022.4469     -0.345      0.007  0.000e+00
     -0.336    28.2266   5.671080    35.1697     2.4055     0.0147          0     23.250 338.373325  1022.4465     -0.334      0.011  0.000e+00
     -0.336    28.2264   5.670890    35.1685     2.3600     0.0208          0     23.500 338.373328  1022.4457     -0.334      0.007  0.000e+00
     -0.358    28.2262   5.670723    35.1675     2.3169     0.0292          0     23.750 338.373330  1022.4449     -0.356     -0.001  0.000e+00
     -0.347    28.2262   5.670601    35.1666     2.2764     0.0307          0     24.000 338.373333  1022.4443     -0.345     -0.002  0.000e+00
     -0.336    28.2257   5.670381    35.1654     2.2779     0.0162          0     24.250 338.373336  1022.4436     -0.334      0.003  0.000e+00
     -0.336    28.2256   5.670130    35.1638     2.3285     0.0223          0     24.500 338.373339  1022.4424     -0.334      0.001  0.000e+00
     -0.314    28.2251   5.669339    35.1586     2.3047     0.0299          0     24.750 338.373342  1022.4387     -0.313      0.010  0.000e+00
     -0.336    28.2242   5.666229    35.1375     2.3108     0.0246          0     25.000 338.373345  1022.4231     -0.334      0.009  0.000e+00
     -0.314    28.2230   5.663059    35.1163     2.3113     0.0139          0     25.250 338.373348  1022.4077     -0.313      0.012  0.000e+00
     -0.325    28.2205   5.661767    35.1091     2.3376     0.0055          0     25.500 338.373351  1022.4030     -0.323      0.014  0.000e+00
     -0.336    28.2183   5.661668    35.1101     2.3238     0.0047          0     25.750 338.373354  1022.4044     -0.334      0.013  0.000e+00
     -0.336    28.2166   5.662367    35.1162     2.3661    -0.0151          0     26.000 338.373356  1022.4096     -0.334      0.004  0.000e+00
     -0.314    28.2154   5.662458    35.1177     2.3417    -0.0044          0     26.250 338.373359  1022.4112     -0.313      0.004  0.000e+00
     -0.325    28.2150   5.660878    35.1070     2.3142     0.0170          0     26.500 338.373362  1022.4033     -0.323      0.001  0.000e+00
     -0.314    28.2140   5.658666    35.0923     2.3161     0.0192          0     26.750 338.373365  1022.3925     -0.313      0.001  0.000e+00
     -0.314    28.2128   5.657496    35.0850     2.3245     0.0246          0     27.000 338.373368  1022.3874     -0.313      0.007  0.000e+00
     -0.304    28.2116   5.656987    35.0823     2.3269     0.0192          0     27.250 338.373371  1022.3858     -0.302      0.009  0.000e+00
     -0.336    28.2107   5.657048    35.0834     2.3116     0.0528          0     27.500 338.373374  1022.3869     -0.334      0.006  0.000e+00
