ctd_mafia/cnv/SBE19plus_01906740_2018_12_07_0109.cnv
* Sea-Bird SBE19plus  Data File:
* FileName = C:\Users\all user\Desktop\Patroba _ WWF Mapping Mafia\SBE19plus_01906740_2018_12_07_0109.hex
* Software version 2.6.3.104
* Temperature SN = 6740
* Conductivity SN = 6740
* System UpLoad Time = Dec 07 2018 14:37:40
* <ApplicationData>
* <Seaterm232>
# nquan = 13
# nvalues = 361                                   
# units = specified
# name 0 = prdM: Pressure, Strain Gauge [db]
# name 1 = tv290C: Temperature [ITS-90, deg C]
# name 2 = c0S/m: Conductivity [S/m]
# name 3 = sal00: Salinity, Practical [PSU]
# name 4 = sbeox0ML/L: Oxygen, SBE 43 [ml/l]
# name 5 = flECO-AFL: Fluorescence, WET Labs ECO-AFL/FL [mg/m^3]
# name 6 = nbf: Bottles Fired
# name 7 = timeS: Time, Elapsed [seconds]
# name 8 = timeJ: Julian Days
# name 9 = density00: Density [density, kg/m^3]
# name 10 = depSM: Depth [salt water, m], lat = 0.00
# name 11 = dz/dtM: Descent Rate [m/s]
# name 12 = flag:  0.000e+00
# span 0 =     -1.393,      5.807                 
# span 1 =    27.1130,    28.5272                 
# span 2 =   0.574311,   5.723669                 
# span 3 =     2.8934,    35.3471                 
# span 4 =     2.1072,     3.5202                 
# span 5 =    -0.3287,     0.6662                 
# span 6 =          0,          0                 
# span 7 =      0.000,     90.000                 
# span 8 = 338.459225, 338.460266                 
# span 9 =   998.2932,  1022.5579                 
# span 10 =     -1.386,      5.775                
# span 11 =     -0.989,      0.333                
# span 12 = 0.0000e+00, 0.0000e+00                
# interval = seconds: 0.25
# start_time = Dec 04 2018 11:01:17 [Instrument's time stamp, header]
# bad_flag = -9.990e-29
*END*
[from data line 334]
     -0.918    28.4384   5.711351    35.2931     2.3264     0.0849          0     83.500 338.460191  1022.4670     -0.912     -0.081  0.000e+00
     -0.982    28.4443   5.709428    35.2753     2.3213     0.0818          0     83.750 338.460194  1022.4514     -0.977     -0.128  0.000e+00
     -1.069    28.4403   5.712922    35.3027     2.3536     0.6662          0     84.000 338.460197  1022.4729     -1.063     -0.169  0.000e+00
     -1.188    28.4524   5.720356    35.3455     2.3323     0.6609          0     84.250 338.460200  1022.5006     -1.181     -0.227  0.000e+00
     -1.285    28.4910   5.723669    35.3398     2.5097     0.6601          0     84.500 338.460203  1022.4831     -1.278     -0.284  0.000e+00
     -1.382    28.5232   5.719194    35.2846     2.3676     0.6502          0     84.750 338.460205  1022.4306     -1.375     -0.337  0.000e+00
     -1.382    28.5272   3.229088    18.6750     2.5738    -0.3203          0     85.000 338.460208  1010.0006     -1.375     -0.345  0.000e+00
     -1.393    28.5226   1.095152     5.7589     2.7817    -0.3264          0     85.250 338.460211  1000.3827     -1.386     -0.313  0.000e+00
     -1.382    28.5120   0.706566     3.5989     2.8240    -0.3203          0     85.500 338.460214   998.7755     -1.375     -0.261  0.000e+00
     -1.361    28.5001   0.623248     3.1481     2.8747    -0.3287          0     85.750 338.460217   998.4426     -1.353     -0.197  0.000e+00
     -1.372    28.4896   0.874743     4.5260     3.0609    -0.0342          0     86.000 338.460220   999.4736     -1.364     -0.129  0.000e+00
     -1.382    28.4771   0.868259     4.4912     3.1790    -0.0273          0     86.250 338.460223   999.4512     -1.375     -0.066  0.000e+00
     -1.382    28.4623   0.782118     4.0164     3.3605    -0.0334          0     86.500 338.460226   999.1015     -1.375     -0.022  0.000e+00
     -1.350    28.4468   0.875517     4.5343     3.4564    -0.0242          0     86.750 338.460229   999.4925     -1.343      0.011  0.000e+00
     -1.372    28.4320   0.822883     4.2438     3.5202    -0.0311          0     87.000 338.460231   999.2801     -1.364      0.010  0.000e+00
     -1.372    28.4154   0.802760     4.1341     3.4778    -0.0258          0     87.250 338.460234   999.2031     -1.364      0.009  0.000e+00
     -1.361    28.3989   0.818395     4.2219     3.4540    -0.0235          0     87.500 338.460237   999.2735     -1.353      0.006  0.000e+00
     -1.372    28.3887   0.857400     4.4390     3.3189    -0.0334          0     87.750 338.460240   999.4384     -1.364      0.001  0.000e+00
     -1.372    28.3862   0.688346     3.5088     3.1525    -0.0250          0     88.000 338.460243   998.7451     -1.364      0.004  0.000e+00
     -1.350    28.3876   0.935375     4.8739     2.9941    -0.0212          0     88.250 338.460246   999.7631     -1.343      0.009  0.000e+00
     -1.361    28.3899   1.050986     5.5244     2.8696    -0.0357          0     88.500 338.460249  1000.2473     -1.353      0.006  0.000e+00
     -1.361    28.3914   0.859276     4.4492     2.8305    -0.0258          0     88.750 338.460252   999.4452     -1.353      0.001  0.000e+00
     -1.372    28.3927   0.966810     5.0497     2.7823    -0.0349          0     89.000 338.460255   999.8925     -1.364      0.004  0.000e+00
     -1.372    28.3925   0.859111     4.4482     2.9307    -0.1044          0     89.250 338.460258   999.4441     -1.364     -0.000  0.000e+00
     -1.372    28.3885   0.691390     3.5252     2.9935    -0.1074          0     89.500 338.460260   998.7567     -1.364     -0.004  0.000e+00
     -1.361    28.3760   0.627639     3.1799     3.0217    -0.0975          0     89.750 338.460263   998.5026     -1.353     -0.001  0.000e+00
     -1.361    28.3604   0.574311     2.8934     3.0171    -0.1059          0     90.000 338.460266   998.2932     -1.353     -0.001  0.000e+00
