ctd_mafia/cnv/SBE19plus_01906740_2018_12_07_0093.cnv
* Sea-Bird SBE19plus  Data File:
* FileName = C:\Users\all user\Desktop\Patroba _ WWF Mapping Mafia\SBE19plus_01906740_2018_12_07_0093.hex
* Software version 2.6.3.104
* Temperature SN = 6740
* Conductivity SN = 6740
* System UpLoad Time = Dec 07 2018 14:33:55
* <ApplicationData>
* <Seaterm232>
# nquan = 13
# nvalues = 287                                   
# units = specified
# name 0 = prdM: Pressure, Strain Gauge [db]
# name 1 = tv290C: Temperature [ITS-90, deg C]
# name 2 = c0S/m: Conductivity [S/m]
# name 3 = sal00: Salinity, Practical [PSU]
# name 4 = sbeox0ML/L: Oxygen, SBE 43 [ml/l]
# name 5 = flECO-AFL: Fluorescence, WET Labs ECO-AFL/FL [mg/m^3]
# name 6 = nbf: Bottles Fired
# name 7 = timeS: Time, Elapsed [seconds]
# name 8 = timeJ: Julian Days
# name 9 = density00: Density [density, kg/m^3]
# name 10 = depSM: Depth [salt water, m], lat = 0.00
# name 11 = dz/dtM: Descent Rate [m/s]
# name 12 = flag:  0.000e+00
# span 0 =     -1.390,      1.151                 
# span 1 =    27.6981,    28.4545                 
# span 2 =   0.268926,   5.706880                 
# span 3 =     1.3121,    35.2707                 
# span 4 =     0.9432,     7.7566                 
# span 5 =    -0.1433,     1.2735                 
# span 6 =          0,          0                 
# span 7 =      0.000,     71.500                 
# span 8 = 338.346597, 338.347425                 
# span 9 =   997.3011,  1022.4626                 
# span 10 =     -1.382,      1.145                
# span 11 =     -0.407,      0.268                
# span 12 = 0.0000e+00, 0.0000e+00                
# interval = seconds: 0.25
# start_time = Dec 04 2018 08:19:06 [Instrument's time stamp, header]
# bad_flag = -9.990e-29
*END*
[from data line 112]
     -0.319    28.4262   5.698151    35.2100     1.9244     0.1459          0     28.000 338.346921  1022.4111     -0.318      0.014  0.000e+00
     -0.352    28.4250   5.698098    35.2105     1.9211     0.1474          0     28.250 338.346924  1022.4118     -0.350      0.006  0.000e+00
     -0.330    28.4241   5.698121    35.2114     1.9188     0.1177          0     28.500 338.346927  1022.4128     -0.328      0.007  0.000e+00
     -0.341    28.4231   5.698212    35.2128     1.9132     0.1261          0     28.750 338.346930  1022.4142     -0.339      0.001  0.000e+00
     -0.341    28.4223   5.698091    35.2125     1.9120     0.1261          0     29.000 338.346933  1022.4142     -0.339     -0.001  0.000e+00
     -0.341    28.4215   5.697831    35.2113     1.9086     0.1161          0     29.250 338.346936  1022.4136     -0.339     -0.008  0.000e+00
     -0.341    28.4203   5.697801    35.2120     1.9023     0.1161          0     29.500 338.346939  1022.4144     -0.339     -0.008  0.000e+00
     -0.352    28.4194   5.697801    35.2126     1.8998     0.1535          0     29.750 338.346942  1022.4152     -0.350     -0.007  0.000e+00
     -0.330    28.4188   5.697603    35.2117     1.8951     0.1535          0     30.000 338.346944  1022.4148     -0.328     -0.004  0.000e+00
     -0.308    28.4181   5.697321    35.2103     1.8909     0.1550          0     30.250 338.346947  1022.4141     -0.307      0.010  0.000e+00
     -0.319    28.4170   5.697389    35.2116     1.8914     0.1550          0     30.500 338.346950  1022.4154     -0.318      0.010  0.000e+00
     -0.341    28.4160   5.697229    35.2112     1.8876     0.1520          0     30.750 338.346953  1022.4153     -0.339      0.009  0.000e+00
     -0.330    28.4151   5.697069    35.2107     1.8797     0.1505          0     31.000 338.346956  1022.4153     -0.328      0.009  0.000e+00
     -0.363    28.4139   5.696940    35.2107     1.8817     0.1520          0     31.250 338.346959  1022.4155     -0.361     -0.001  0.000e+00
     -0.341    28.4132   5.696970    35.2114     1.8791     0.1497          0     31.500 338.346962  1022.4164     -0.339     -0.004  0.000e+00
     -0.352    28.4123   5.697069    35.2129     1.8749     0.1276          0     31.750 338.346965  1022.4177     -0.350     -0.010  0.000e+00
     -0.330    28.4113   5.697115    35.2139     1.8712     0.1291          0     32.000 338.346968  1022.4189     -0.328     -0.013  0.000e+00
     -0.341    28.4103   5.697069    35.2143     1.8696     0.1131          0     32.250 338.346970  1022.4195     -0.339     -0.013  0.000e+00
     -0.341    28.4097   5.696620    35.2116     1.8632     0.1299          0     32.500 338.346973  1022.4177     -0.339     -0.005  0.000e+00
     -0.341    28.4090   5.696208    35.2093     1.8614     0.1322          0     32.750 338.346976  1022.4162     -0.339      0.001  0.000e+00
     -0.330    28.4080   5.695980    35.2084     1.8546     0.1222          0     33.000 338.346979  1022.4159     -0.328      0.005  0.000e+00
     -0.330    28.4069   5.696109    35.2101     1.8526     0.1406          0     33.250 338.346982  1022.4175     -0.328      0.012  0.000e+00
     -0.319    28.4061   5.696399    35.2128     1.8484     0.1276          0     33.500 338.346985  1022.4199     -0.318      0.010  0.000e+00
     -0.330    28.4051   5.696460    35.2139     1.8482     0.1390          0     33.750 338.346988  1022.4210     -0.328      0.010  0.000e+00
     -0.352    28.4044   5.696315    35.2135     1.8462     0.1291          0     34.000 338.346991  1022.4208     -0.350     -0.000  0.000e+00
     -0.319    28.4037   5.696589    35.2159     1.8412     0.1291          0     34.250 338.346994  1022.4230     -0.318      0.006  0.000e+00
     -0.287    28.4031   5.696910    35.2185     1.8367     0.1215          0     34.500 338.346997  1022.4253     -0.285      0.016  0.000e+00
     -0.254    28.4035   5.697100    35.2196     1.8352     0.1146          0     34.750 338.346999  1022.4261     -0.253      0.031  0.000e+00
     -0.254    28.4043   5.696879    35.2174     1.8285     0.1535          0     35.000 338.347002  1022.4242     -0.253      0.040  0.000e+00
     -0.233    28.4049   5.696460    35.2141     1.8263     0.1573          0     35.250 338.347005  1022.4216     -0.232      0.053  0.000e+00
     -0.211    28.4041   5.696140    35.2124     1.8215     0.1505          0     35.500 338.347008  1022.4207     -0.210      0.066  0.000e+00
     -0.200    28.4024   5.695980    35.2125     1.8192     0.1505          0     35.750 338.347011  1022.4214     -0.199      0.076  0.000e+00
     -0.189    28.4010   5.695919    35.2131     1.8141     0.1116          0     36.000 338.347014  1022.4223     -0.188      0.079  0.000e+00
     -0.168    28.3997   5.695980    35.2146     1.8122     0.1154          0     36.250 338.347017  1022.4240     -0.167      0.070  0.000e+00
     -0.157    28.3987   5.696239    35.2171     1.8144     0.1032          0     36.500 338.347020  1022.4262     -0.156      0.063  0.000e+00
     -0.114    28.3979   5.696460    35.2192     1.8128     0.1016          0     36.750 338.347023  1022.4283     -0.113      0.067  0.000e+00
     -0.071    28.3978   5.696430    35.2191     1.8075     0.1245          0     37.000 338.347025  1022.4284     -0.070      0.082  0.000e+00
     -0.049    28.3977   5.696369    35.2187     1.8046     0.1306          0     37.250 338.347028  1022.4282     -0.049      0.091  0.000e+00
     -0.038    28.3973   5.696270    35.2183     1.8000     0.1200          0     37.500 338.347031  1022.4281     -0.038      0.096  0.000e+00
     -0.027    28.3968   5.695820    35.2155     1.8012     0.1261          0     37.750 338.347034  1022.4262     -0.027      0.098  0.000e+00
     -0.006    28.3956   5.695584    35.2148     1.7981     0.1283          0     38.000 338.347037  1022.4261     -0.006      0.097  0.000e+00
      0.037    28.3941   5.695470    35.2151     1.8086     0.1245          0     38.250 338.347040  1022.4271      0.037      0.099  0.000e+00
      0.059    28.3929   5.696110    35.2205     1.8041     0.1146          0     38.500 338.347043  1022.4316      0.059      0.098  0.000e+00
      0.059    28.3925   5.696171    35.2212     1.8046     0.1306          0     38.750 338.347046  1022.4323      0.059      0.086  0.000e+00
      0.102    28.3928   5.695950    35.2194     1.8007     0.1268          0     39.000 338.347049  1022.4310      0.102      0.085  0.000e+00
      0.102    28.3922   5.695630    35.2176     1.8010     0.1520          0     39.250 338.347052  1022.4299      0.102      0.084  0.000e+00
      0.113    28.3913   5.695538    35.2176     1.7975     0.1589          0     39.500 338.347054  1022.4302      0.112      0.082  0.000e+00
      0.135    28.3901   5.695508    35.2183     1.7903     0.1550          0     39.750 338.347057  1022.4312      0.134      0.078  0.000e+00
      0.145    28.3890   5.695523    35.2193     1.7885     0.1589          0     40.000 338.347060  1022.4324      0.145      0.070  0.000e+00
      0.156    28.3877   5.695470    35.2198     1.7843     0.1108          0     40.250 338.347063  1022.4333      0.155      0.060  0.000e+00
      0.156    28.3867   5.695470    35.2206     1.7803     0.1108          0     40.500 338.347066  1022.4341      0.155      0.053  0.000e+00
      0.199    28.3852   5.695470    35.2217     1.7808     0.1177          0     40.750 338.347069  1022.4356      0.198      0.058  0.000e+00
      0.221    28.3844   5.695599    35.2231     1.7788     0.1039          0     41.000 338.347072  1022.4371      0.220      0.058  0.000e+00
      0.243    28.3836   5.695699    35.2245     1.7751     0.1505          0     41.250 338.347075  1022.4385      0.241      0.068  0.000e+00
      0.243    28.3829   5.695699    35.2250     1.7770     0.1505          0     41.500 338.347078  1022.4391      0.241      0.069  0.000e+00
      0.243    28.3828   5.695600    35.2244     1.7758     0.1505          0     41.750 338.347080  1022.4387      0.241      0.064  0.000e+00
      0.264    28.3824   5.695462    35.2237     1.7764     0.1512          0     42.000 338.347083  1022.4384      0.263      0.063  0.000e+00
      0.297    28.3816   5.695409    35.2239     1.7704     0.1550          0     42.250 338.347086  1022.4389      0.295      0.066  0.000e+00
      0.297    28.3809   5.695508    35.2251     1.7707     0.1543          0     42.500 338.347089  1022.4401      0.295      0.063  0.000e+00
      0.329    28.3801   5.695508    35.2257     1.7672     0.1604          0     42.750 338.347092  1022.4409      0.327      0.058  0.000e+00
      0.351    28.3794   5.695539    35.2264     1.7783     0.1581          0     43.000 338.347095  1022.4418      0.349      0.063  0.000e+00
      0.416    28.3791   5.695699    35.2277     1.7815     0.1612          0     43.250 338.347098  1022.4431      0.413      0.081  0.000e+00
      0.427    28.3789   5.695790    35.2285     1.7798     0.1421          0     43.500 338.347101  1022.4438      0.424      0.097  0.000e+00
      0.437    28.3793   5.695821    35.2284     1.7752     0.1383          0     43.750 338.347104  1022.4437      0.435      0.104  0.000e+00
      0.481    28.3801   5.695737    35.2272     1.7746     0.1459          0     44.000 338.347106  1022.4427      0.478      0.109  0.000e+00
      0.502    28.3802   5.696049    35.2293     1.7735     0.1459          0     44.250 338.347109  1022.4443      0.499      0.111  0.000e+00
      0.524    28.3810   5.696141    35.2294     1.7740     0.1673          0     44.500 338.347112  1022.4442      0.521      0.114  0.000e+00
      0.524    28.3823   5.696400    35.2302     1.7671     0.1734          0     44.750 338.347115  1022.4444      0.521      0.102  0.000e+00
      0.535    28.3839   5.696209    35.2277     1.7608     0.1573          0     45.000 338.347118  1022.4421      0.532      0.088  0.000e+00
      0.589    28.3851   5.696301    35.2274     1.7608     0.1703          0     45.250 338.347121  1022.4416      0.586      0.082  0.000e+00
      0.654    28.3858   5.696682    35.2295     1.7569     0.1444          0     45.500 338.347124  1022.4433      0.650      0.099  0.000e+00
      0.719    28.3881   5.696910    35.2294     1.7832     0.1550          0     45.750 338.347127  1022.4427      0.715      0.122  0.000e+00
      0.751    28.3918   5.697208    35.2287     1.7867     0.1344          0     46.000 338.347130  1022.4411      0.747      0.137  0.000e+00
      0.805    28.3961   5.697322    35.2263     1.7889     0.1360          0     46.250 338.347133  1022.4381      0.801      0.160  0.000e+00
      0.848    28.3997   5.697512    35.2250     1.7783     0.1474          0     46.500 338.347135  1022.4361      0.844      0.180  0.000e+00
      0.848    28.4030   5.697543    35.2227     1.7732     0.1375          0     46.750 338.347138  1022.4333      0.844      0.185  0.000e+00
      0.870    28.4051   5.697512    35.2209     1.7678     0.1451          0     47.000 338.347141  1022.4314      0.865      0.173  0.000e+00
      0.913    28.4075   5.697543    35.2193     1.7635     0.1390          0     47.250 338.347144  1022.4295      0.908      0.154  0.000e+00
      0.978    28.4093   5.697611    35.2184     1.7733     0.1489          0     47.500 338.347147  1022.4286      0.973      0.144  0.000e+00
      1.064    28.4104   5.697802    35.2189     1.7947     0.1505          0     47.750 338.347150  1022.4290      1.059      0.154  0.000e+00
      1.097    28.4125   5.698282    35.2207     1.7810     0.1428          0     48.000 338.347153  1022.4297      1.091      0.166  0.000e+00
      1.097    28.4167   5.698282    35.2176     1.7735     0.1451          0     48.250 338.347156  1022.4260      1.091      0.164  0.000e+00
      1.108    28.4210   5.698282    35.2144     1.7632     0.1436          0     48.500 338.347159  1022.4222      1.102      0.159  0.000e+00
      1.108    28.4238   5.698213    35.2118     1.7558     0.1787          0     48.750 338.347161  1022.4194      1.102      0.149  0.000e+00
      1.097    28.4256   5.697863    35.2080     1.7445     0.1749          0     49.000 338.347164  1022.4159      1.091      0.119  0.000e+00
      1.097    28.4265   5.697512    35.2049     1.7348     0.1734          0     49.250 338.347167  1022.4133      1.091      0.079  0.000e+00
      1.118    28.4262   5.697230    35.2032     1.7279     0.1802          0     49.500 338.347170  1022.4121      1.112      0.045  0.000e+00
      1.118    28.4252   5.697070    35.2028     1.7218     0.1688          0     49.750 338.347173  1022.4122      1.112      0.018  0.000e+00
      1.108    28.4241   5.697024    35.2033     1.7238     0.1619          0     50.000 338.347176  1022.4129      1.102      0.008  0.000e+00
      1.108    28.4230   5.696940    35.2036     1.7230     0.1650          0     50.250 338.347179  1022.4135      1.102      0.006  0.000e+00
      1.108    28.4218   5.696841    35.2038     1.7238     0.1573          0     50.500 338.347182  1022.4140      1.102      0.003  0.000e+00
      1.119    28.4207   5.696811    35.2043     1.7239     0.1673          0     50.750 338.347185  1022.4148      1.112      0.006  0.000e+00
      1.108    28.4198   5.696841    35.2052     1.7231     0.1062          0     51.000 338.347188  1022.4157      1.102      0.005  0.000e+00
      1.108    28.4187   5.696841    35.2060     1.7234     0.1093          0     51.250 338.347190  1022.4167      1.102      0.001  0.000e+00
      1.108    28.4179   5.696971    35.2076     1.7195     0.1062          0     51.500 338.347193  1022.4182      1.102     -0.004  0.000e+00
      1.097    28.4172   5.697192    35.2096     1.7185     0.1047          0     51.750 338.347196  1022.4199      1.091     -0.006  0.000e+00
      1.108    28.4166   5.697451    35.2119     1.7179     0.1650          0     52.000 338.347199  1022.4218      1.102     -0.003  0.000e+00
      1.119    28.4166   5.697802    35.2143     1.7157     0.1695          0     52.250 338.347202  1022.4237      1.112      0.000  0.000e+00
      1.097    28.4174   5.698251    35.2169     1.7161     0.1612          0     52.500 338.347205  1022.4253      1.091     -0.004  0.000e+00
      1.097    28.4192   5.698503    35.2172     1.7233     0.1558          0     52.750 338.347208  1022.4249      1.091     -0.006  0.000e+00
      1.119    28.4212   5.698411    35.2151     1.7244     0.1482          0     53.000 338.347211  1022.4228      1.112      0.001  0.000e+00
      1.097    28.4224   5.697832    35.2102     1.7260     0.1390          0     53.250 338.347214  1022.4186      1.091     -0.001  0.000e+00
      1.097    28.4216   5.697421    35.2079     1.7294     0.1489          0     53.500 338.347216  1022.4172      1.091     -0.003  0.000e+00
      1.097    28.4208   5.697268    35.2075     1.7347     0.1497          0     53.750 338.347219  1022.4171      1.091     -0.004  0.000e+00
      1.097    28.4206   5.696941    35.2053     1.7347     0.1802          0     54.000 338.347222  1022.4155      1.091     -0.007  0.000e+00
      1.108    28.4204   5.696720    35.2039     1.7346     0.1795          0     54.250 338.347225  1022.4146      1.102     -0.004  0.000e+00
      1.119    28.4204   5.696651    35.2034     1.7374     0.1749          0     54.500 338.347228  1022.4143      1.112      0.005  0.000e+00
      1.119    28.4197   5.696681    35.2042     1.7349     0.1741          0     54.750 338.347231  1022.4150      1.112      0.007  0.000e+00
      1.108    28.4188   5.696941    35.2066     1.7372     0.1848          0     55.000 338.347234  1022.4171      1.102      0.005  0.000e+00
      1.151    28.4174   5.697451    35.2113     1.7367     0.1550          0     55.250 338.347237  1022.4213      1.145      0.021  0.000e+00
