ctd_mafia/cnv/SBE19plus_01906740_2018_12_07_0094.cnv
* Sea-Bird SBE19plus  Data File:
* FileName = C:\Users\all user\Desktop\Patroba _ WWF Mapping Mafia\SBE19plus_01906740_2018_12_07_0094.hex
* Software version 2.6.3.104
* Temperature SN = 6740
* Conductivity SN = 6740
* System UpLoad Time = Dec 07 2018 14:34:08
* <ApplicationData>
* <Seaterm232>
# nquan = 13
# nvalues = 560                                   
# units = specified
# name 0 = prdM: Pressure, Strain Gauge [db]
# name 1 = tv290C: Temperature [ITS-90, deg C]
# name 2 = c0S/m: Conductivity [S/m]
# name 3 = sal00: Salinity, Practical [PSU]
# name 4 = sbeox0ML/L: Oxygen, SBE 43 [ml/l]
# name 5 = flECO-AFL: Fluorescence, WET Labs ECO-AFL/FL [mg/m^3]
# name 6 = nbf: Bottles Fired
# name 7 = timeS: Time, Elapsed [seconds]
# name 8 = timeJ: Julian Days
# name 9 = density00: Density [density, kg/m^3]
# name 10 = depSM: Depth [salt water, m], lat = 0.00
# name 11 = dz/dtM: Descent Rate [m/s]
# name 12 = flag:  0.000e+00
# span 0 =     -1.368,     10.471                 
# span 1 =    27.8392,    28.4064                 
# span 2 =   0.230222,   5.700918                 
# span 3 =     1.1102,    35.2614                 
# span 4 =     1.6961,     2.8335                 
# span 5 =    -0.3744,    48.6818                 
# span 6 =          0,          0                 
# span 7 =      0.000,    139.750                 
# span 8 = 338.351053, 338.352671                 
# span 9 =   997.1021,  1022.5117                 
# span 10 =     -1.361,     10.413                
# span 11 =     -1.133,      0.306                
# span 12 = 0.0000e+00, 0.0000e+00                
# interval = seconds: 0.25
# start_time = Dec 04 2018 08:25:31 [Instrument's time stamp, header]
# bad_flag = -9.990e-29
*END*
[from data line 334]
      6.893    28.3423   5.694453    35.2446     2.1199     0.1123          0     83.500 338.352020  1022.4957      6.855      0.159  0.000e+00
      6.936    28.3422   5.694522    35.2451     2.1267     0.1146          0     83.750 338.352023  1022.4963      6.898      0.157  0.000e+00
      6.979    28.3424   5.694552    35.2451     2.1246     0.1077          0     84.000 338.352025  1022.4964      6.941      0.149  0.000e+00
      7.033    28.3429   5.694583    35.2449     2.1216     0.1001          0     84.250 338.352028  1022.4963      6.994      0.155  0.000e+00
      7.087    28.3430   5.694613    35.2451     2.1243     0.1032          0     84.500 338.352031  1022.4966      7.048      0.172  0.000e+00
      7.131    28.3431   5.694652    35.2452     2.1248     0.1070          0     84.750 338.352034  1022.4969      7.091      0.181  0.000e+00
      7.185    28.3436   5.694652    35.2449     2.1243     0.1001          0     85.000 338.352037  1022.4967      7.145      0.189  0.000e+00
      7.217    28.3437   5.694545    35.2440     2.1206     0.0986          0     85.250 338.352040  1022.4962      7.177      0.193  0.000e+00
      7.293    28.3432   5.694553    35.2444     2.1239     0.0963          0     85.500 338.352043  1022.4970      7.252      0.197  0.000e+00
      7.347    28.3430   5.694522    35.2443     2.1265     0.1016          0     85.750 338.352046  1022.4972      7.306      0.203  0.000e+00
      7.401    28.3428   5.694393    35.2436     2.1273     0.1367          0     86.000 338.352049  1022.4969      7.360      0.208  0.000e+00
      7.444    28.3424   5.694454    35.2443     2.1291     0.1329          0     86.250 338.352052  1022.4978      7.403      0.208  0.000e+00
      7.476    28.3422   5.694393    35.2441     2.1252     0.1306          0     86.500 338.352054  1022.4978      7.435      0.204  0.000e+00
      7.541    28.3417   5.694362    35.2442     2.1258     0.1306          0     86.750 338.352057  1022.4984      7.500      0.205  0.000e+00
      7.563    28.3414   5.694332    35.2442     2.1278     0.0917          0     87.000 338.352060  1022.4986      7.521      0.197  0.000e+00
      7.628    28.3411   5.694332    35.2444     2.1240     0.0978          0     87.250 338.352063  1022.4991      7.586      0.195  0.000e+00
      7.671    28.3409   5.694332    35.2445     2.1249     0.1001          0     87.500 338.352066  1022.4994      7.629      0.185  0.000e+00
      7.693    28.3410   5.694332    35.2444     2.1248     0.0948          0     87.750 338.352069  1022.4994      7.650      0.177  0.000e+00
      7.736    28.3409   5.694362    35.2447     2.1243     0.0932          0     88.000 338.352072  1022.4999      7.693      0.171  0.000e+00
      7.801    28.3410   5.694332    35.2444     2.1271     0.0833          0     88.250 338.352075  1022.4999      7.758      0.174  0.000e+00
      7.833    28.3408   5.694362    35.2448     2.1267     0.0856          0     88.500 338.352078  1022.5003      7.790      0.174  0.000e+00
      7.855    28.3409   5.694362    35.2447     2.1228     0.0902          0     88.750 338.352080  1022.5003      7.811      0.165  0.000e+00
      7.909    28.3410   5.694362    35.2446     2.1217     0.0818          0     89.000 338.352083  1022.5005      7.865      0.166  0.000e+00
      7.984    28.3410   5.694393    35.2448     2.1231     0.1032          0     89.250 338.352086  1022.5009      7.940      0.171  0.000e+00
      8.006    28.3409   5.694393    35.2449     2.1239     0.0986          0     89.500 338.352089  1022.5011      7.962      0.174  0.000e+00
      8.049    28.3409   5.694393    35.2448     2.1244     0.1016          0     89.750 338.352092  1022.5013      8.005      0.179  0.000e+00
      8.103    28.3410   5.694393    35.2448     2.1237     0.0963          0     90.000 338.352095  1022.5014      8.059      0.179  0.000e+00
      8.136    28.3410   5.694363    35.2445     2.1280     0.1077          0     90.250 338.352098  1022.5014      8.091      0.176  0.000e+00
      8.190    28.3409   5.694393    35.2448     2.1288     0.1077          0     90.500 338.352101  1022.5019      8.145      0.182  0.000e+00
      8.244    28.3410   5.694424    35.2449     2.1293     0.1138          0     90.750 338.352104  1022.5022      8.199      0.187  0.000e+00
      8.255    28.3412   5.694454    35.2450     2.1294     0.1032          0     91.000 338.352106  1022.5022      8.209      0.174  0.000e+00
      8.298    28.3414   5.694492    35.2451     2.1257     0.1116          0     91.250 338.352109  1022.5024      8.252      0.165  0.000e+00
      8.352    28.3416   5.694485    35.2449     2.1323     0.1146          0     91.500 338.352112  1022.5024      8.306      0.169  0.000e+00
      8.385    28.3418   5.694492    35.2448     2.1318     0.1131          0     91.750 338.352115  1022.5024      8.338      0.165  0.000e+00
      8.439    28.3417   5.694492    35.2448     2.1329     0.1123          0     92.000 338.352118  1022.5027      8.392      0.164  0.000e+00
      8.471    28.3418   5.694523    35.2450     2.1302     0.1108          0     92.250 338.352121  1022.5029      8.424      0.164  0.000e+00
      8.514    28.3419   5.694492    35.2447     2.1274     0.1238          0     92.500 338.352124  1022.5028      8.467      0.162  0.000e+00
      8.558    28.3420   5.694523    35.2448     2.1322     0.1169          0     92.750 338.352127  1022.5031      8.510      0.164  0.000e+00
      8.590    28.3419   5.694523    35.2449     2.1301     0.1261          0     93.000 338.352130  1022.5033      8.543      0.169  0.000e+00
      8.644    28.3423   5.694584    35.2450     2.1319     0.1131          0     93.250 338.352133  1022.5035      8.596      0.168  0.000e+00
      8.687    28.3425   5.694637    35.2451     2.1301     0.1047          0     93.500 338.352135  1022.5037      8.639      0.167  0.000e+00
      8.730    28.3428   5.694652    35.2450     2.1287     0.1016          0     93.750 338.352138  1022.5037      8.682      0.170  0.000e+00
      8.774    28.3430   5.694614    35.2446     2.1281     0.1085          0     94.000 338.352141  1022.5035      8.725      0.170  0.000e+00
      8.795    28.3429   5.694584    35.2444     2.1321     0.1077          0     94.250 338.352144  1022.5035      8.747      0.168  0.000e+00
      8.828    28.3424   5.694553    35.2446     2.1302     0.1001          0     94.500 338.352147  1022.5039      8.779      0.161  0.000e+00
      8.849    28.3424   5.694523    35.2443     2.1311     0.1108          0     94.750 338.352150  1022.5038      8.801      0.151  0.000e+00
      8.882    28.3423   5.694584    35.2449     2.1291     0.1085          0     95.000 338.352153  1022.5045      8.833      0.142  0.000e+00
      8.936    28.3424   5.694584    35.2448     2.1299     0.1062          0     95.250 338.352156  1022.5046      8.887      0.136  0.000e+00
      8.979    28.3424   5.694454    35.2438     2.1279     0.0994          0     95.500 338.352159  1022.5040      8.930      0.137  0.000e+00
      9.012    28.3421   5.694454    35.2441     2.1297     0.1016          0     95.750 338.352161  1022.5045      8.962      0.138  0.000e+00
      9.055    28.3417   5.694454    35.2444     2.1299     0.0932          0     96.000 338.352164  1022.5050      9.005      0.144  0.000e+00
      9.109    28.3415   5.694424    35.2443     2.1320     0.1085          0     96.250 338.352167  1022.5052      9.059      0.157  0.000e+00
      9.163    28.3412   5.694424    35.2445     2.1353     0.0932          0     96.500 338.352170  1022.5057      9.112      0.169  0.000e+00
      9.228    28.3410   5.694424    35.2446     2.1360     0.1039          0     96.750 338.352173  1022.5062      9.177      0.185  0.000e+00
      9.249    28.3410   5.694424    35.2446     2.1376     0.1077          0     97.000 338.352176  1022.5062      9.198      0.187  0.000e+00
      9.293    28.3408   5.694424    35.2448     2.1328     0.1024          0     97.250 338.352179  1022.5066      9.241      0.185  0.000e+00
      9.314    28.3410   5.694424    35.2446     2.1345     0.1100          0     97.500 338.352182  1022.5065      9.263      0.179  0.000e+00
      9.379    28.3411   5.694424    35.2445     2.1314     0.1047          0     97.750 338.352185  1022.5067      9.327      0.180  0.000e+00
      9.368    28.3410   5.694455    35.2448     2.1285     0.0978          0     98.000 338.352188  1022.5069      9.317      0.162  0.000e+00
      9.358    28.3409   5.694424    35.2447     2.1318     0.0940          0     98.250 338.352190  1022.5068      9.306      0.132  0.000e+00
      9.379    28.3410   5.694424    35.2446     2.1293     0.0940          0     98.500 338.352193  1022.5068      9.327      0.105  0.000e+00
      9.422    28.3408   5.694424    35.2447     2.1300     0.1207          0     98.750 338.352196  1022.5071      9.370      0.090  0.000e+00
      9.455    28.3410   5.694455    35.2448     2.1264     0.1253          0     99.000 338.352199  1022.5072      9.403      0.088  0.000e+00
      9.498    28.3410   5.694455    35.2448     2.1279     0.1268          0     99.250 338.352202  1022.5074      9.446      0.089  0.000e+00
      9.574    28.3410   5.694493    35.2450     2.1256     0.1169          0     99.500 338.352205  1022.5079      9.521      0.109  0.000e+00
      9.595    28.3411   5.694485    35.2449     2.1297     0.0978          0     99.750 338.352208  1022.5079      9.542      0.122  0.000e+00
      9.617    28.3412   5.694523    35.2451     2.1303     0.1047          0    100.000 338.352211  1022.5081      9.564      0.145  0.000e+00
      9.671    28.3414   5.694523    35.2449     2.1337     0.0978          0    100.250 338.352214  1022.5081      9.618      0.162  0.000e+00
      9.714    28.3417   5.694584    35.2451     2.1413     0.1001          0    100.500 338.352216  1022.5084      9.661      0.167  0.000e+00
      9.768    28.3418   5.694584    35.2450     2.1398     0.1009          0    100.750 338.352219  1022.5085      9.714      0.170  0.000e+00
      9.855    28.3420   5.694653    35.2453     2.1363     0.1291          0    101.000 338.352222  1022.5090      9.800      0.185  0.000e+00
      9.887    28.3423   5.694615    35.2448     2.1414     0.1222          0    101.250 338.352225  1022.5087      9.833      0.190  0.000e+00
      9.930    28.3424   5.694554    35.2443     2.1405     0.1322          0    101.500 338.352228  1022.5085      9.876      0.192  0.000e+00
      9.985    28.3423   5.694516    35.2441     2.1348     0.1406          0    101.750 338.352231  1022.5086      9.929      0.205  0.000e+00
     10.017    28.3420   5.694524    35.2444     2.1310     0.1161          0    102.000 338.352234  1022.5090      9.962      0.206  0.000e+00
     10.114    28.3417   5.694493    35.2443     2.1317     0.1207          0    102.250 338.352237  1022.5095     10.058      0.213  0.000e+00
     10.125    28.3414   5.694493    35.2446     2.1347     0.1161          0    102.500 338.352240  1022.5098     10.069      0.207  0.000e+00
     10.201    28.3412   5.694554    35.2451     2.1362     0.1230          0    102.750 338.352242  1022.5106     10.144      0.205  0.000e+00
     10.222    28.3416   5.694524    35.2446     2.1325     0.1108          0    103.000 338.352245  1022.5102     10.166      0.195  0.000e+00
     10.255    28.3413   5.694554    35.2450     2.1307     0.1123          0    103.250 338.352248  1022.5107     10.198      0.192  0.000e+00
     10.276    28.3415   5.694585    35.2451     2.1312     0.1131          0    103.500 338.352251  1022.5108     10.220      0.179  0.000e+00
     10.287    28.3415   5.694638    35.2454     2.1351     0.1123          0    103.750 338.352254  1022.5111     10.230      0.158  0.000e+00
     10.320    28.3419   5.694684    35.2455     2.1364     0.1329          0    104.000 338.352257  1022.5112     10.263      0.139  0.000e+00
     10.363    28.3424   5.694844    35.2461     2.1333     0.1383          0    104.250 338.352260  1022.5117     10.306      0.120  0.000e+00
     10.406    28.3431   5.694935    35.2462     2.1414     0.1329          0    104.500 338.352263  1022.5117     10.349      0.122  0.000e+00
     10.449    28.3441   5.694966    35.2457     2.1404     0.1344          0    104.750 338.352266  1022.5112     10.392      0.120  0.000e+00
     10.449    28.3447   5.694966    35.2453     2.1414     0.1291          0    105.000 338.352269  1022.5106     10.392      0.122  0.000e+00
     10.449    28.3452   5.694935    35.2447     2.1411     0.1131          0    105.250 338.352271  1022.5100     10.392      0.114  0.000e+00
     10.428    28.3452   5.694874    35.2443     2.1426     0.1184          0    105.500 338.352274  1022.5096     10.370      0.096  0.000e+00
     10.438    28.3450   5.694851    35.2443     2.1432     0.1200          0    105.750 338.352277  1022.5097     10.381      0.076  0.000e+00
     10.428    28.3446   5.694844    35.2445     2.1381     0.1177          0    106.000 338.352280  1022.5100     10.370      0.047  0.000e+00
     10.449    28.3446   5.694844    35.2445     2.1400     0.1032          0    106.250 338.352283  1022.5101     10.392      0.024  0.000e+00
     10.438    28.3446   5.694844    35.2445     2.1343     0.1116          0    106.500 338.352286  1022.5100     10.381      0.005  0.000e+00
     10.449    28.3445   5.694813    35.2444     2.1358     0.1123          0    106.750 338.352289  1022.5100     10.392     -0.002  0.000e+00
     10.449    28.3440   5.694775    35.2445     2.1335     0.1146          0    107.000 338.352292  1022.5102     10.392      0.002  0.000e+00
     10.428    28.3439   5.694745    35.2443     2.1333     0.1024          0    107.250 338.352295  1022.5101     10.370      0.001  0.000e+00
     10.449    28.3434   5.694714    35.2445     2.1333     0.0940          0    107.500 338.352297  1022.5105     10.392      0.007  0.000e+00
     10.449    28.3432   5.694699    35.2445     2.1421     0.0917          0    107.750 338.352300  1022.5105     10.392      0.005  0.000e+00
     10.449    28.3431   5.694684    35.2445     2.1413     0.0940          0    108.000 338.352303  1022.5106     10.392      0.006  0.000e+00
     10.449    28.3431   5.694714    35.2447     2.1426     0.1390          0    108.250 338.352306  1022.5107     10.392      0.002  0.000e+00
     10.438    28.3429   5.694684    35.2446     2.1398     0.1375          0    108.500 338.352309  1022.5107     10.381      0.002  0.000e+00
     10.438    28.3426   5.694684    35.2448     2.1387     0.1276          0    108.750 338.352312  1022.5109     10.381     -0.002  0.000e+00
     10.449    28.3427   5.694684    35.2448     2.1399     0.1314          0    109.000 338.352315  1022.5109     10.392      0.001  0.000e+00
     10.449    28.3429   5.694714    35.2448     2.1403     0.1360          0    109.250 338.352318  1022.5109     10.392      0.004  0.000e+00
     10.460    28.3429   5.694684    35.2446     2.1386     0.1398          0    109.500 338.352321  1022.5108     10.402      0.002  0.000e+00
     10.460    28.3429   5.694714    35.2448     2.1389     0.1367          0    109.750 338.352323  1022.5109     10.402      0.006  0.000e+00
     10.460    28.3429   5.694699    35.2447     2.1346     0.1360          0    110.000 338.352326  1022.5109     10.402      0.009  0.000e+00
     10.438    28.3428   5.694714    35.2449     2.1345     0.1390          0    110.250 338.352329  1022.5109     10.381      0.005  0.000e+00
     10.460    28.3430   5.694714    35.2448     2.1332     0.1329          0    110.500 338.352332  1022.5108     10.402      0.008  0.000e+00
     10.428    28.3431   5.694714    35.2447     2.1318     0.1329          0    110.750 338.352335  1022.5106     10.370     -0.002  0.000e+00
