ctd_mafia/cnv/SBE19plus_01906740_2018_12_07_0087.cnv
* Sea-Bird SBE19plus  Data File:
* FileName = C:\Users\all user\Desktop\Patroba _ WWF Mapping Mafia\SBE19plus_01906740_2018_12_07_0087.hex
* Software version 2.6.3.104
* Temperature SN = 6740
* Conductivity SN = 6740
* System UpLoad Time = Dec 07 2018 14:32:56
* <ApplicationData>
* <Seaterm232>
# nquan = 13
# nvalues = 558                                   
# units = specified
# name 0 = prdM: Pressure, Strain Gauge [db]
# name 1 = tv290C: Temperature [ITS-90, deg C]
# name 2 = c0S/m: Conductivity [S/m]
# name 3 = sal00: Salinity, Practical [PSU]
# name 4 = sbeox0ML/L: Oxygen, SBE 43 [ml/l]
# name 5 = flECO-AFL: Fluorescence, WET Labs ECO-AFL/FL [mg/m^3]
# name 6 = nbf: Bottles Fired
# name 7 = timeS: Time, Elapsed [seconds]
# name 8 = timeJ: Julian Days
# name 9 = density00: Density [density, kg/m^3]
# name 10 = depSM: Depth [salt water, m], lat = 0.00
# name 11 = dz/dtM: Descent Rate [m/s]
# name 12 = flag:  0.000e+00
# span 0 =     -1.365,     10.711                 
# span 1 =    28.1099,    28.7646                 
# span 2 =   0.253170,   5.711094                 
# span 3 =     1.2206,    35.3807                 
# span 4 =     1.7269,     2.7277                 
# span 5 =    -0.1845,     4.5916                 
# span 6 =          0,          0                 
# span 7 =      0.000,    139.250                 
# span 8 = 337.441169, 337.442781                 
# span 9 =   997.0086,  1022.5737                 
# span 10 =     -1.357,     10.652                
# span 11 =     -0.786,      0.486                
# span 12 = 0.0000e+00, 0.0000e+00                
# interval = seconds: 0.25
# start_time = Dec 03 2018 10:35:17 [Instrument's time stamp, header]
# bad_flag = -9.990e-29
*END*
[from data line 334]
      4.365    28.2030   5.676667    35.2249     1.9575     0.0223          0     83.500 337.442135  1022.5159      4.341      0.218  0.000e+00
      4.527    28.2033   5.676766    35.2253     1.9562     0.0231          0     83.750 337.442138  1022.5168      4.503      0.239  0.000e+00
      4.668    28.2037   5.676797    35.2252     1.9612     0.0246          0     84.000 337.442141  1022.5172      4.642      0.284  0.000e+00
      4.798    28.2041   5.676957    35.2260     1.9693     0.0215          0     84.250 337.442144  1022.5182      4.771      0.344  0.000e+00
      4.917    28.2049   5.676888    35.2249     1.9713     0.0200          0     84.500 337.442147  1022.5176      4.890      0.414  0.000e+00
      5.003    28.2043   5.676668    35.2237     1.9688     0.0162          0     84.750 337.442150  1022.5173      4.976      0.465  0.000e+00
      5.068    28.2038   5.676668    35.2241     1.9745     0.0429          0     85.000 337.442153  1022.5180      5.040      0.486  0.000e+00
      5.144    28.2033   5.676706    35.2247     1.9758     0.0582          0     85.250 337.442156  1022.5190      5.115      0.466  0.000e+00
      5.219    28.2032   5.676698    35.2247     1.9763     0.0467          0     85.500 337.442159  1022.5193      5.191      0.418  0.000e+00
      5.295    28.2034   5.676767    35.2250     1.9727     0.0459          0     85.750 337.442161  1022.5198      5.266      0.371  0.000e+00
      5.360    28.2035   5.676797    35.2251     1.9607     0.0322          0     86.000 337.442164  1022.5202      5.330      0.334  0.000e+00
      5.436    28.2036   5.676797    35.2250     1.9558     0.0337          0     86.250 337.442167  1022.5204      5.406      0.308  0.000e+00
      5.500    28.2039   5.676889    35.2254     1.9599     0.0368          0     86.500 337.442170  1022.5209      5.470      0.291  0.000e+00
      5.587    28.2043   5.676957    35.2256     1.9572     0.0437          0     86.750 337.442173  1022.5212      5.556      0.290  0.000e+00
      5.608    28.2051   5.677049    35.2256     1.9482     0.0505          0     87.000 337.442176  1022.5211      5.578      0.280  0.000e+00
      5.587    28.2061   5.677208    35.2260     1.9508     0.0505          0     87.250 337.442179  1022.5210      5.556      0.244  0.000e+00
      5.511    28.2069   5.677239    35.2256     1.9535     0.0459          0     87.500 337.442182  1022.5201      5.481      0.179  0.000e+00
      5.436    28.2076   5.677239    35.2251     1.9616     0.0406          0     87.750 337.442185  1022.5192      5.406      0.095  0.000e+00
      5.414    28.2078   5.677208    35.2248     1.9598     0.0475          0     88.000 337.442187  1022.5187      5.384      0.016  0.000e+00
      5.425    28.2078   5.677132    35.2242     1.9609     0.0269          0     88.250 337.442190  1022.5184      5.395     -0.047  0.000e+00
      5.457    28.2075   5.677117    35.2243     1.9624     0.0299          0     88.500 337.442193  1022.5187      5.427     -0.080  0.000e+00
      5.490    28.2075   5.677117    35.2243     1.9626     0.0307          0     88.750 337.442196  1022.5188      5.459     -0.084  0.000e+00
      5.522    28.2072   5.677147    35.2248     1.9745     0.0246          0     89.000 337.442199  1022.5194      5.492     -0.050  0.000e+00
      5.576    28.2072   5.677147    35.2247     1.9719     0.0070          0     89.250 337.442202  1022.5196      5.545      0.009  0.000e+00
      5.663    28.2071   5.677117    35.2246     1.9841     0.0078          0     89.500 337.442205  1022.5199      5.631      0.087  0.000e+00
      5.749    28.2071   5.677178    35.2250     1.9845     0.0032          0     89.750 337.442208  1022.5205      5.717      0.158  0.000e+00
      5.879    28.2078   5.677368    35.2258     1.9959     0.0047          0     90.000 337.442211  1022.5215      5.846      0.222  0.000e+00
      6.008    28.2088   5.677429    35.2254     2.0058     0.0292          0     90.250 337.442214  1022.5214      5.975      0.284  0.000e+00
      6.095    28.2093   5.677399    35.2248     2.0073     0.0360          0     90.500 337.442216  1022.5212      6.061      0.333  0.000e+00
      6.171    28.2098   5.677498    35.2251     1.9988     0.0315          0     90.750 337.442219  1022.5216      6.137      0.368  0.000e+00
      6.214    28.2110   5.677840    35.2266     1.9944     0.0345          0     91.000 337.442222  1022.5224      6.180      0.378  0.000e+00
      6.279    28.2125   5.677779    35.2250     1.9958     0.0421          0     91.250 337.442225  1022.5211      6.244      0.368  0.000e+00
      6.387    28.2128   5.677749    35.2246     1.9857     0.0528          0     91.500 337.442228  1022.5211      6.352      0.355  0.000e+00
      6.462    28.2131   5.677749    35.2243     1.9902     0.0391          0     91.750 337.442231  1022.5211      6.427      0.336  0.000e+00
      6.516    28.2129   5.677779    35.2247     1.9931     0.0421          0     92.000 337.442234  1022.5217      6.481      0.307  0.000e+00
      6.603    28.2133   5.677779    35.2243     1.9923     0.0528          0     92.250 337.442237  1022.5217      6.567      0.293  0.000e+00
      6.657    28.2129   5.677719    35.2242     1.9862     0.0414          0     92.500 337.442240  1022.5219      6.620      0.289  0.000e+00
      6.754    28.2126   5.677589    35.2235     1.9881     0.0398          0     92.750 337.442242  1022.5219      6.717      0.296  0.000e+00
      6.917    28.2118   5.677589    35.2240     1.9777     0.0391          0     93.000 337.442245  1022.5233      6.878      0.328  0.000e+00
      7.100    28.2112   5.677529    35.2240     1.9754     0.0231          0     93.250 337.442248  1022.5242      7.061      0.373  0.000e+00
      7.219    28.2107   5.677430    35.2237     1.9743     0.0376          0     93.500 337.442251  1022.5247      7.180      0.413  0.000e+00
      7.263    28.2100   5.677407    35.2240     1.9692     0.0513          0     93.750 337.442254  1022.5254      7.223      0.438  0.000e+00
      7.273    28.2096   5.677369    35.2240     1.9807     0.0398          0     94.000 337.442257  1022.5256      7.233      0.432  0.000e+00
      7.295    28.2090   5.677308    35.2240     1.9953     0.0490          0     94.250 337.442260  1022.5259      7.255      0.396  0.000e+00
      7.360    28.2088   5.677339    35.2244     1.9950     0.0368          0     94.500 337.442263  1022.5264      7.319      0.354  0.000e+00
      7.414    28.2087   5.677369    35.2247     1.9937     0.0391          0     94.750 337.442266  1022.5269      7.373      0.294  0.000e+00
      7.554    28.2089   5.677400    35.2247     1.9819     0.0322          0     95.000 337.442269  1022.5275      7.513      0.254  0.000e+00
      7.684    28.2090   5.677400    35.2246     1.9677     0.0353          0     95.250 337.442271  1022.5279      7.642      0.249  0.000e+00
      7.803    28.2090   5.677400    35.2245     1.9564     0.0315          0     95.500 337.442274  1022.5284      7.760      0.285  0.000e+00
      7.890    28.2091   5.677468    35.2249     1.9447     0.0353          0     95.750 337.442277  1022.5290      7.846      0.338  0.000e+00
      7.890    28.2096   5.677620    35.2256     1.9389     0.0345          0     96.000 337.442280  1022.5294      7.846      0.360  0.000e+00
      7.857    28.2104   5.677658    35.2253     1.9434     0.0307          0     96.250 337.442283  1022.5288      7.814      0.336  0.000e+00
      7.846    28.2110   5.677658    35.2249     1.9517     0.0345          0     96.500 337.442286  1022.5282      7.803      0.277  0.000e+00
      7.835    28.2111   5.677651    35.2247     1.9530     0.0032          0     96.750 337.442289  1022.5279      7.792      0.200  0.000e+00
      7.835    28.2115   5.677590    35.2240     1.9603     0.0078          0     97.000 337.442292  1022.5273      7.792      0.109  0.000e+00
      7.835    28.2112   5.677590    35.2242     1.9599     0.0124          0     97.250 337.442295  1022.5275      7.792      0.037  0.000e+00
      7.879    28.2111   5.677559    35.2240     1.9530     0.0032          0     97.500 337.442297  1022.5276      7.835      0.001  0.000e+00
      7.933    28.2109   5.677590    35.2244     1.9512     0.0490          0     97.750 337.442300  1022.5283      7.889      0.006  0.000e+00
      7.998    28.2108   5.677560    35.2243     1.9593     0.0498          0     98.000 337.442303  1022.5285      7.953      0.048  0.000e+00
      8.084    28.2110   5.677590    35.2243     1.9562     0.0505          0     98.250 337.442306  1022.5288      8.039      0.107  0.000e+00
      8.214    28.2110   5.677560    35.2241     1.9539     0.0452          0     98.500 337.442309  1022.5292      8.168      0.176  0.000e+00
      8.300    28.2109   5.677621    35.2245     1.9666     0.0360          0     98.750 337.442312  1022.5299      8.254      0.241  0.000e+00
      8.365    28.2109   5.677659    35.2248     1.9832     0.0292          0     99.000 337.442315  1022.5304      8.319      0.289  0.000e+00
      8.452    28.2113   5.677720    35.2248     1.9920     0.0253          0     99.250 337.442318  1022.5306      8.405      0.325  0.000e+00
      8.495    28.2118   5.677811    35.2251     1.9973     0.0398          0     99.500 337.442321  1022.5308      8.448      0.332  0.000e+00
      8.527    28.2122   5.677780    35.2246     1.9947     0.0490          0     99.750 337.442323  1022.5305      8.480      0.317  0.000e+00
      8.635    28.2127   5.677849    35.2247     1.9894     0.0452          0    100.000 337.442326  1022.5308      8.588      0.306  0.000e+00
      8.808    28.2130   5.677940    35.2250     1.9718     0.0444          0    100.250 337.442329  1022.5318      8.760      0.316  0.000e+00
      8.949    28.2135   5.677880    35.2242     1.9704     0.0391          0    100.500 337.442332  1022.5316      8.900      0.339  0.000e+00
      9.111    28.2134   5.677781    35.2235     1.9528     0.0513          0    100.750 337.442335  1022.5318      9.061      0.390  0.000e+00
      9.176    28.2128   5.677781    35.2239     1.9456     0.0360          0    101.000 337.442338  1022.5326      9.125      0.427  0.000e+00
      9.273    28.2128   5.677819    35.2242     1.9513     0.0261          0    101.250 337.442341  1022.5332      9.222      0.454  0.000e+00
      9.327    28.2126   5.677849    35.2245     1.9528     0.0345          0    101.500 337.442344  1022.5337      9.276      0.463  0.000e+00
      9.392    28.2125   5.677751    35.2239     1.9541     0.0337          0    101.750 337.442347  1022.5336      9.340      0.446  0.000e+00
      9.500    28.2122   5.677690    35.2237     1.9608     0.0604          0    102.000 337.442350  1022.5339      9.448      0.409  0.000e+00
      9.576    28.2116   5.677652    35.2238     1.9572     0.0559          0    102.250 337.442352  1022.5346      9.523      0.363  0.000e+00
      9.673    28.2113   5.677659    35.2240     1.9471     0.0612          0    102.500 337.442355  1022.5353      9.620      0.337  0.000e+00
      9.738    28.2113   5.677690    35.2242     1.9410     0.0589          0    102.750 337.442358  1022.5357      9.684      0.319  0.000e+00
      9.771    28.2111   5.677690    35.2244     1.9380     0.0223          0    103.000 337.442361  1022.5360      9.717      0.310  0.000e+00
      9.760    28.2112   5.677659    35.2241     1.9272     0.0192          0    103.250 337.442364  1022.5357      9.706      0.276  0.000e+00
      9.727    28.2109   5.677621    35.2241     1.9247     0.0215          0    103.500 337.442367  1022.5357      9.674      0.227  0.000e+00
      9.695    28.2110   5.677621    35.2241     1.9214     0.0330          0    103.750 337.442370  1022.5355      9.641      0.157  0.000e+00
      9.673    28.2108   5.677659    35.2245     1.9263     0.0368          0    104.000 337.442373  1022.5358      9.620      0.079  0.000e+00
      9.706    28.2112   5.677720    35.2245     1.9271     0.0299          0    104.250 337.442376  1022.5358      9.652      0.026  0.000e+00
      9.825    28.2113   5.677751    35.2246     1.9200     0.0292          0    104.500 337.442378  1022.5364      9.770      0.017  0.000e+00
      9.933    28.2113   5.677720    35.2244     1.9345     0.0292          0    104.750 337.442381  1022.5366      9.878      0.052  0.000e+00
     10.041    28.2113   5.677660    35.2239     1.9423     0.0261          0    105.000 337.442384  1022.5368      9.985      0.120  0.000e+00
     10.116    28.2110   5.677561    35.2234     1.9454     0.0391          0    105.250 337.442387  1022.5368     10.061      0.200  0.000e+00
     10.181    28.2103   5.677530    35.2238     1.9496     0.0406          0    105.500 337.442390  1022.5376     10.125      0.269  0.000e+00
     10.224    28.2102   5.677622    35.2245     1.9515     0.0421          0    105.750 337.442393  1022.5383     10.168      0.312  0.000e+00
     10.224    28.2104   5.677622    35.2243     1.9455     0.0475          0    106.000 337.442396  1022.5382     10.168      0.311  0.000e+00
     10.289    28.2106   5.677622    35.2242     1.9539     0.0261          0    106.250 337.442399  1022.5383     10.232      0.284  0.000e+00
     10.343    28.2107   5.677622    35.2241     1.9487     0.0383          0    106.500 337.442402  1022.5384     10.286      0.241  0.000e+00
     10.430    28.2105   5.677660    35.2245     1.9464     0.0315          0    106.750 337.442405  1022.5391     10.372      0.219  0.000e+00
     10.603    28.2105   5.677591    35.2239     1.9480     0.0383          0    107.000 337.442407  1022.5395     10.544      0.239  0.000e+00
     10.678    28.2105   5.677622    35.2241     2.0061     0.0688          0    107.250 337.442410  1022.5399     10.620      0.270  0.000e+00
     10.711    28.2107   5.677820    35.2254     1.9933     0.0696          0    107.500 337.442413  1022.5409     10.652      0.292  0.000e+00
     10.700    28.2118   5.677941    35.2253     1.9867     0.0704          0    107.750 337.442416  1022.5405     10.641      0.293  0.000e+00
     10.711    28.2126   5.677934    35.2247     1.9771     0.0635          0    108.000 337.442419  1022.5398     10.652      0.277  0.000e+00
     10.700    28.2128   5.677881    35.2242     1.9660     0.0635          0    108.250 337.442422  1022.5393     10.641      0.226  0.000e+00
     10.700    28.2131   5.677881    35.2240     1.9495     0.0711          0    108.500 337.442425  1022.5390     10.641      0.165  0.000e+00
     10.711    28.2127   5.677782    35.2236     1.9430     0.0704          0    108.750 337.442428  1022.5389     10.652      0.097  0.000e+00
     10.711    28.2124   5.677721    35.2234     1.9262     0.0673          0    109.000 337.442431  1022.5388     10.652      0.034  0.000e+00
     10.700    28.2118   5.677690    35.2236     1.9214     0.0665          0    109.250 337.442433  1022.5392     10.641      0.007  0.000e+00
     10.711    28.2114   5.677721    35.2241     1.9281     0.0398          0    109.500 337.442436  1022.5397     10.652      0.001  0.000e+00
     10.700    28.2113   5.677751    35.2244     1.9364     0.0543          0    109.750 337.442439  1022.5399     10.641      0.001  0.000e+00
     10.711    28.2115   5.677751    35.2242     1.9390     0.0505          0    110.000 337.442442  1022.5398     10.652      0.001  0.000e+00
     10.711    28.2116   5.677782    35.2244     1.9353     0.0444          0    110.250 337.442445  1022.5399     10.652      0.004  0.000e+00
     10.657    28.2120   5.677782    35.2241     1.9609     0.0383          0    110.500 337.442448  1022.5393     10.598     -0.012  0.000e+00
     10.516    28.2122   5.677842    35.2244     1.9678     0.0528          0    110.750 337.442451  1022.5389     10.458     -0.061  0.000e+00
