ctd_mafia/cnv/SBE19plus_01906740_2018_12_07_0073.cnv
* Sea-Bird SBE19plus  Data File:
* FileName = C:\Users\all user\Desktop\Patroba _ WWF Mapping Mafia\SBE19plus_01906740_2018_12_07_0073.hex
* Software version 2.6.3.104
* Temperature SN = 6740
* Conductivity SN = 6740
* System UpLoad Time = Dec 07 2018 14:29:25
* <ApplicationData>
* <Seaterm232>
# nquan = 13
# nvalues = 445                                   
# units = specified
# name 0 = prdM: Pressure, Strain Gauge [db]
# name 1 = tv290C: Temperature [ITS-90, deg C]
# name 2 = c0S/m: Conductivity [S/m]
# name 3 = sal00: Salinity, Practical [PSU]
# name 4 = sbeox0ML/L: Oxygen, SBE 43 [ml/l]
# name 5 = flECO-AFL: Fluorescence, WET Labs ECO-AFL/FL [mg/m^3]
# name 6 = nbf: Bottles Fired
# name 7 = timeS: Time, Elapsed [seconds]
# name 8 = timeJ: Julian Days
# name 9 = density00: Density [density, kg/m^3]
# name 10 = depSM: Depth [salt water, m], lat = 0.00
# name 11 = dz/dtM: Descent Rate [m/s]
# name 12 = flag:  0.000e+00
# span 0 =     -1.378,      6.146                 
# span 1 =    27.8423,    28.3052                 
# span 2 =   0.079101,   5.671561                 
# span 3 =     0.3630,    35.1418                 
# span 4 =     2.7268,     4.9813                 
# span 5 =    -0.4378,     0.3351                 
# span 6 =          0,          0                 
# span 7 =      0.000,    111.000                 
# span 8 = 337.317616, 337.318900                 
# span 9 =   996.4707,  1022.4319                 
# span 10 =     -1.371,      6.112                
# span 11 =     -0.648,      0.386                
# span 12 = 0.0000e+00, 0.0000e+00                
# interval = seconds: 0.25
# start_time = Dec 03 2018 07:37:22 [Instrument's time stamp, header]
# bad_flag = -9.990e-29
*END*
[from data line 334]
      5.735    28.2575   5.627490    34.8406     3.7460     0.0261          0     83.500 337.318582  1022.2150      5.704     -0.157  0.000e+00
      5.627    28.2329   5.625952    34.8480     3.7280     0.0315          0     83.750 337.318585  1022.2282      5.596     -0.245  0.000e+00
      5.649    28.1884   5.628879    34.9013     3.7291     0.0055          0     84.000 337.318588  1022.2829      5.618     -0.294  0.000e+00
      5.627    28.1594   5.644863    35.0346     3.7346     0.0101          0     84.250 337.318591  1022.3926      5.596     -0.317  0.000e+00
      5.616    28.1467   5.648432    35.0689     3.7619     0.0047          0     84.500 337.318594  1022.4225      5.585     -0.313  0.000e+00
      5.530    28.1448   5.641873    35.0245     3.7816     0.0093          0     84.750 337.318597  1022.3893      5.499     -0.289  0.000e+00
      5.443    28.1515   5.633596    34.9617     3.7861     0.0482          0     85.000 337.318600  1022.3396      5.413     -0.254  0.000e+00
      5.422    28.1563   5.630418    34.9359     3.7629     0.0383          0     85.250 337.318602  1022.3185      5.392     -0.200  0.000e+00
      5.400    28.1556   5.629221    34.9281     3.7909     0.0391          0     85.500 337.318605  1022.3128      5.370     -0.164  0.000e+00
      5.454    28.1528   5.636015    34.9776     3.7735     0.0307          0     85.750 337.318608  1022.3511      5.424     -0.135  0.000e+00
      5.487    28.1513   5.640294    35.0087     3.7647     0.0269          0     86.000 337.318611  1022.3751      5.456     -0.114  0.000e+00
      5.487    28.1523   5.638883    34.9980     3.7792     0.0406          0     86.250 337.318614  1022.3668      5.456     -0.076  0.000e+00
      5.465    28.1533   5.636107    34.9779     3.7748     0.0292          0     86.500 337.318617  1022.3512      5.435     -0.041  0.000e+00
      5.335    28.1541   5.634157    34.9637     3.7570     0.0376          0     86.750 337.318620  1022.3398      5.306     -0.033  0.000e+00
      5.216    28.1551   5.629471    34.9302     3.7570     0.0322          0     87.000 337.318623  1022.3138      5.188     -0.067  0.000e+00
      5.141    28.1554   5.626681    34.9106     3.7577     0.0353          0     87.250 337.318626  1022.2986      5.112     -0.129  0.000e+00
      5.130    28.1525   5.630199    34.9372     3.7633     0.0383          0     87.500 337.318628  1022.3195      5.102     -0.181  0.000e+00
      5.119    28.1492   5.636175    34.9815     3.7600     0.0315          0     87.750 337.318631  1022.3538      5.091     -0.223  0.000e+00
      5.097    28.1480   5.636804    34.9868     3.7604     0.0383          0     88.000 337.318634  1022.3581      5.069     -0.235  0.000e+00
      5.108    28.1485   5.633406    34.9626     3.7600     0.0322          0     88.250 337.318637  1022.3398      5.080     -0.209  0.000e+00
      5.076    28.1491   5.631328    34.9477     3.7492     0.0398          0     88.500 337.318640  1022.3282      5.048     -0.167  0.000e+00
      4.978    28.1497   5.630229    34.9396     3.7389     0.0376          0     88.750 337.318643  1022.3215      4.951     -0.130  0.000e+00
      4.751    28.1501   5.629031    34.9310     3.7169     0.0345          0     89.000 337.318646  1022.3140      4.725     -0.164  0.000e+00
      4.600    28.1508   5.624854    34.9013     3.7114     0.0269          0     89.250 337.318649  1022.2908      4.575     -0.240  0.000e+00
      4.514    28.1499   5.622815    34.8878     3.7249     0.0231          0     89.500 337.318652  1022.2805      4.489     -0.323  0.000e+00
      4.503    28.1435   5.622725    34.8919     3.7647     0.0276          0     89.750 337.318655  1022.2857      4.478     -0.370  0.000e+00
      4.481    28.1365   5.626362    34.9225     3.7345     0.0284          0     90.000 337.318657  1022.3109      4.456     -0.386  0.000e+00
      4.438    28.1307   5.627651    34.9358     3.7354     0.0353          0     90.250 337.318660  1022.3226      4.413     -0.377  0.000e+00
      4.373    28.1283   5.626681    34.9308     3.7433     0.0414          0     90.500 337.318663  1022.3194      4.349     -0.338  0.000e+00
      4.232    28.1283   5.624634    34.9165     3.7190     0.0345          0     90.750 337.318666  1022.3080      4.209     -0.298  0.000e+00
      4.027    28.1289   5.619527    34.8805     3.6829     0.0391          0     91.000 337.318669  1022.2798      4.005     -0.290  0.000e+00
      3.843    28.1281   5.613793    34.8410     3.6731     0.0009          0     91.250 337.318672  1022.2496      3.822     -0.342  0.000e+00
      3.768    28.1188   5.605065    34.7868     3.6503     0.0078          0     91.500 337.318675  1022.2116      3.747     -0.405  0.000e+00
      3.703    28.1043   5.604407    34.7929     3.6734     0.0101          0     91.750 337.318678  1022.2207      3.682     -0.458  0.000e+00
      3.584    28.0930   5.615422    34.8784     3.6607     0.0086          0     92.000 337.318681  1022.2882      3.564     -0.493  0.000e+00
      3.389    28.0875   5.615952    34.8862     3.6474     0.0093          0     92.250 337.318683  1022.2950      3.371     -0.525  0.000e+00
      3.249    28.0866   5.606095    34.8179     3.6484     0.0528          0     92.500 337.318686  1022.2433      3.231     -0.537  0.000e+00
      3.162    28.0872   5.595882    34.7461     3.6665     0.0475          0     92.750 337.318689  1022.1887      3.145     -0.514  0.000e+00
      2.978    28.0875   5.590725    34.7099     3.6353     0.0513          0     93.000 337.318692  1022.1606      2.962     -0.506  0.000e+00
      2.816    28.0872   5.581438    34.6452     3.6222     0.0521          0     93.250 337.318695  1022.1114      2.801     -0.526  0.000e+00
      2.611    28.0876   5.574076    34.5935     3.6074     0.0452          0     93.500 337.318698  1022.0716      2.597     -0.582  0.000e+00
      2.514    28.0841   5.566355    34.5422     3.6268     0.0429          0     93.750 337.318701  1022.0337      2.500     -0.606  0.000e+00
      2.362    28.0776   5.565985    34.5444     3.5899     0.0429          0     94.000 337.318704  1022.0368      2.349     -0.609  0.000e+00
      2.178    28.0725   5.556950    34.4851     3.5725     0.0437          0     94.250 337.318707  1021.9931      2.166     -0.611  0.000e+00
      2.016    28.0699   5.501573    34.1004     3.5535     0.0353          0     94.500 337.318709  1021.7041      2.005     -0.628  0.000e+00
      1.919    28.0693   5.414082    33.4915     3.5661     0.0421          0     94.750 337.318712  1021.2464      1.908     -0.626  0.000e+00
      1.778    28.0706   5.404342    33.4229     3.5321     0.0406          0     95.000 337.318715  1021.1938      1.769     -0.601  0.000e+00
      1.649    28.0725   5.379641    33.2499     3.5050     0.0429          0     95.250 337.318718  1021.0628      1.640     -0.580  0.000e+00
      1.476    28.0734   5.329335    32.9001     3.4846     0.0429          0     95.500 337.318721  1020.7990      1.468     -0.571  0.000e+00
      1.368    28.0741   5.295592    32.6658     3.4947     0.0437          0     95.750 337.318724  1020.6223      1.360     -0.569  0.000e+00
      1.227    28.0759   5.288542    32.6158     3.4632     0.0345          0     96.000 337.318727  1020.5836      1.220     -0.555  0.000e+00
      1.022    28.0792   5.274622    32.5172     3.4433     0.0444          0     96.250 337.318730  1020.5076      1.016     -0.560  0.000e+00
      0.816    28.0810   5.240168    32.2777     3.4258     0.0360          0     96.500 337.318733  1020.3263      0.812     -0.592  0.000e+00
      0.622    28.0831   5.244433    32.3058     3.4158    -0.0029          0     96.750 337.318736  1020.3458      0.618     -0.639  0.000e+00
      0.535    28.0907   5.294284    32.6455     3.4097    -0.0014          0     97.000 337.318738  1020.5981      0.532     -0.648  0.000e+00
      0.427    28.0993   5.336963    32.9353     3.3638    -0.0021          0     97.250 337.318741  1020.8125      0.425     -0.641  0.000e+00
      0.254    28.1021   5.331733    32.8971     3.3346    -0.0014          0     97.500 337.318744  1020.7821      0.253     -0.633  0.000e+00
      0.060    28.1017   4.286958    25.7816     3.4432    -0.0006          0     97.750 337.318747  1015.4478      0.059     -0.641  0.000e+00
     -0.103    28.1014   2.763355    15.8771     3.6452    -0.0021          0     98.000 337.318750  1008.0514     -0.102     -0.635  0.000e+00
     -0.243    28.0995   3.575218    21.0828     3.4861    -0.0052          0     98.250 337.318753  1011.9352     -0.242     -0.615  0.000e+00
     -0.373    28.0971   4.077564    24.3886     3.3922    -0.0036          0     98.500 337.318756  1014.4055     -0.371     -0.600  0.000e+00
     -0.481    28.0968   2.759313    15.8532     3.5336    -0.0044          0     98.750 337.318759  1008.0334     -0.478     -0.589  0.000e+00
     -0.567    28.0968   2.792888    16.0649     3.5438    -0.0097          0     99.000 337.318762  1008.1909     -0.564     -0.579  0.000e+00
     -0.643    28.0966   2.894379    16.7070     3.4995    -0.0113          0     99.250 337.318764  1008.6693     -0.640     -0.540  0.000e+00
     -0.697    28.0967   2.743410    15.7531     3.4887     0.0017          0     99.500 337.318767  1007.9579     -0.693     -0.472  0.000e+00
     -0.730    28.0971   2.720467    15.6085     3.4437     0.0360          0     99.750 337.318770  1007.8498     -0.726     -0.396  0.000e+00
     -0.686    28.0973   2.763993    15.8825     3.3948     0.0238          0    100.000 337.318773  1008.0542     -0.683     -0.307  0.000e+00
     -0.578    28.0979   2.791344    16.0548     3.3656     0.0406          0    100.250 337.318776  1008.1829     -0.575     -0.194  0.000e+00
     -0.535    28.0979   2.750877    15.7997     3.3457     0.0337          0    100.500 337.318779  1007.9929     -0.532     -0.084  0.000e+00
     -0.557    28.0979   2.722415    15.6205     3.3292     0.0345          0    100.750 337.318782  1007.8593     -0.554     -0.004  0.000e+00
     -0.611    28.0982   2.726975    15.6491     3.2906    -0.0143          0    101.000 337.318785  1007.8803     -0.607      0.037  0.000e+00
     -0.654    28.0985   2.690937    15.4224     3.2856    -0.0082          0    101.250 337.318788  1007.7110     -0.650      0.048  0.000e+00
     -0.654    28.0987   2.718276    15.5942     3.2767    -0.0143          0    101.500 337.318791  1007.8390     -0.650      0.038  0.000e+00
     -0.567    28.0989   2.752634    15.8104     3.2656    -0.0097          0    101.750 337.318793  1008.0005     -0.564      0.035  0.000e+00
     -0.524    28.0993   2.750092    15.7943     3.2555    -0.0212          0    102.000 337.318796  1007.9885     -0.521      0.023  0.000e+00
     -0.481    28.0998   2.728449    15.6578     3.2393    -0.0311          0    102.250 337.318799  1007.8869     -0.478      0.024  0.000e+00
     -0.524    28.0998   2.712086    15.5549     3.2149    -0.0380          0    102.500 337.318802  1007.8100     -0.521      0.035  0.000e+00
     -0.600    28.1006   2.685046    15.3847     3.2092    -0.0357          0    102.750 337.318805  1007.6825     -0.597      0.037  0.000e+00
     -0.654    28.1007   2.674145    15.3162     3.2114     0.0490          0    103.000 337.318808  1007.6312     -0.650      0.022  0.000e+00
     -0.621    28.1010   2.712510    15.5572     3.1975     0.0391          0    103.250 337.318811  1007.8108     -0.618      0.004  0.000e+00
     -0.567    28.1014   2.723548    15.6265     3.1866     0.0444          0    103.500 337.318814  1007.8626     -0.564     -0.013  0.000e+00
     -0.524    28.1017   2.703772    15.5020     3.1852     0.0543          0    103.750 337.318817  1007.7699     -0.521     -0.024  0.000e+00
     -0.513    28.1023   2.746967    15.7736     3.1676     0.0101          0    104.000 337.318819  1007.9722     -0.511     -0.013  0.000e+00
     -0.567    28.1023   2.716052    15.5790     3.1638     0.0101          0    104.250 337.318822  1007.8270     -0.564     -0.005  0.000e+00
     -0.567    28.1027   2.697408    15.4617     3.1510     0.0147          0    104.500 337.318825  1007.7394     -0.564      0.020  0.000e+00
     -0.589    28.1030   2.708095    15.5288     3.1351     0.0109          0    104.750 337.318828  1007.7892     -0.586      0.031  0.000e+00
     -0.589    28.1035   2.705348    15.5114     3.1404     0.0055          0    105.000 337.318831  1007.7761     -0.586      0.021  0.000e+00
     -0.622    28.1040   2.709412    15.5368     3.1167     0.0017          0    105.250 337.318834  1007.7947     -0.618     -0.017  0.000e+00
     -0.665    28.1045   2.699101    15.4718     3.1078     0.0086          0    105.500 337.318837  1007.7459     -0.661     -0.057  0.000e+00
     -0.643    28.1051   2.691190    15.4219     3.0983    -0.0029          0    105.750 337.318840  1007.7086     -0.640     -0.071  0.000e+00
     -0.632    28.1055   2.696505    15.4551     3.0916     0.0047          0    106.000 337.318843  1007.7334     -0.629     -0.062  0.000e+00
     -0.611    28.1061   2.695269    15.4472     3.0906     0.0879          0    106.250 337.318845  1007.7273     -0.607     -0.037  0.000e+00
     -0.589    28.1064   2.703551    15.4991     3.0899     0.0917          0    106.500 337.318848  1007.7661     -0.586     -0.017  0.000e+00
     -0.611    28.1071   2.701507    15.4861     3.0891     0.0772          0    106.750 337.318851  1007.7560     -0.607     -0.002  0.000e+00
     -0.676    28.1077   2.682561    15.3669     3.0759     0.0864          0    107.000 337.318854  1007.6667     -0.672     -0.009  0.000e+00
     -0.676    28.1078   2.672665    15.3047     3.0750     0.0002          0    107.250 337.318857  1007.6203     -0.672     -0.009  0.000e+00
     -0.730    28.1083   2.697069    15.4578     3.1478    -0.0067          0    107.500 337.318860  1007.7340     -0.726     -0.030  0.000e+00
     -0.838    28.1086   1.821333    10.0708     4.0285     0.0017          0    107.750 337.318863  1003.7199     -0.833     -0.086  0.000e+00
     -0.935    28.1085   1.712786     9.4206     4.3473    -0.0014          0    108.000 337.318866  1003.2351     -0.930     -0.149  0.000e+00
     -1.108    28.1082   1.567194     8.5553     4.6931    -0.1913          0    108.250 337.318869  1002.5898     -1.102     -0.236  0.000e+00
     -1.281    28.1079   0.258514     1.2480     4.9813    -0.1944          0    108.500 337.318872   997.1359     -1.274     -0.329  0.000e+00
     -1.378    28.1053   1.063071     5.6259     4.8061    -0.1959          0    108.750 337.318874  1000.4063     -1.371     -0.397  0.000e+00
     -1.357    28.1030   1.154687     6.1502     4.6386    -0.1890          0    109.000 337.318877  1000.7980     -1.349     -0.414  0.000e+00
     -1.357    28.0981   1.094996     5.8089     4.4173    -0.2074          0    109.250 337.318880  1000.5450     -1.349     -0.402  0.000e+00
     -1.357    28.0770   0.882615     4.6089     4.1032    -0.0372          0    109.500 337.318883   999.6561     -1.349     -0.345  0.000e+00
     -1.346    28.0588   1.457224     7.9152     3.6409    -0.0227          0    109.750 337.318886  1002.1264     -1.338     -0.258  0.000e+00
     -1.357    28.0465   2.108613    11.8268     3.3752    -0.0197          0    110.000 337.318889  1005.0442     -1.349     -0.169  0.000e+00
     -1.324    28.0439   1.796527     9.9353     3.2556    -0.0227          0    110.250 337.318892  1003.6360     -1.317     -0.068  0.000e+00
     -1.357    28.0470   1.926722    10.7200     3.1860    -0.0250          0    110.500 337.318895  1004.2195     -1.349     -0.009  0.000e+00
     -1.346    28.0518   2.089428    11.7082     3.1339    -0.0212          0    110.750 337.318898  1004.9544     -1.338      0.013  0.000e+00
     -1.346    28.0565   2.283566    12.8986     3.0998    -0.0273          0    111.000 337.318900  1005.8398     -1.338      0.006  0.000e+00
