ctd_mafia/cnv/SBE19plus_01906740_2018_12_07_0093.cnv
* Sea-Bird SBE19plus  Data File:
* FileName = C:\Users\all user\Desktop\Patroba _ WWF Mapping Mafia\SBE19plus_01906740_2018_12_07_0093.hex
* Software version 2.6.3.104
* Temperature SN = 6740
* Conductivity SN = 6740
* System UpLoad Time = Dec 07 2018 14:33:55
* <ApplicationData>
* <Seaterm232>
# nquan = 13
# nvalues = 287                                   
# units = specified
# name 0 = prdM: Pressure, Strain Gauge [db]
# name 1 = tv290C: Temperature [ITS-90, deg C]
# name 2 = c0S/m: Conductivity [S/m]
# name 3 = sal00: Salinity, Practical [PSU]
# name 4 = sbeox0ML/L: Oxygen, SBE 43 [ml/l]
# name 5 = flECO-AFL: Fluorescence, WET Labs ECO-AFL/FL [mg/m^3]
# name 6 = nbf: Bottles Fired
# name 7 = timeS: Time, Elapsed [seconds]
# name 8 = timeJ: Julian Days
# name 9 = density00: Density [density, kg/m^3]
# name 10 = depSM: Depth [salt water, m], lat = 0.00
# name 11 = dz/dtM: Descent Rate [m/s]
# name 12 = flag:  0.000e+00
# span 0 =     -1.390,      1.151                 
# span 1 =    27.6981,    28.4545                 
# span 2 =   0.268926,   5.706880                 
# span 3 =     1.3121,    35.2707                 
# span 4 =     0.9432,     7.7566                 
# span 5 =    -0.1433,     1.2735                 
# span 6 =          0,          0                 
# span 7 =      0.000,     71.500                 
# span 8 = 338.346597, 338.347425                 
# span 9 =   997.3011,  1022.4626                 
# span 10 =     -1.382,      1.145                
# span 11 =     -0.407,      0.268                
# span 12 = 0.0000e+00, 0.0000e+00                
# interval = seconds: 0.25
# start_time = Dec 04 2018 08:19:06 [Instrument's time stamp, header]
# bad_flag = -9.990e-29
*END*
[from data line 223]
      1.129    28.4153   5.696872    35.2088     1.7376     0.1550          0     55.750 338.347242  1022.4200      1.123      0.020  0.000e+00
      1.140    28.4136   5.696560    35.2078     1.7389     0.1558          0     56.000 338.347245  1022.4199      1.134      0.019  0.000e+00
      1.140    28.4124   5.696529    35.2086     1.7340     0.1505          0     56.250 338.347248  1022.4209      1.134      0.016  0.000e+00
      1.140    28.4107   5.696651    35.2107     1.7345     0.1558          0     56.500 338.347251  1022.4230      1.134      0.013  0.000e+00
      1.140    28.4093   5.696910    35.2135     1.7316     0.1581          0     56.750 338.347254  1022.4256      1.134      0.012  0.000e+00
      1.129    28.4078   5.697040    35.2155     1.7316     0.1550          0     57.000 338.347257  1022.4275      1.123      0.006  0.000e+00
      1.140    28.4067   5.697002    35.2160     1.7402     0.1756          0     57.250 338.347260  1022.4283      1.134     -0.001  0.000e+00
      1.129    28.4063   5.696941    35.2160     1.7378     0.1688          0     57.500 338.347263  1022.4284      1.123      0.001  0.000e+00
      1.118    28.4056   5.696750    35.2152     1.7377     0.1734          0     57.750 338.347266  1022.4280      1.112     -0.006  0.000e+00
      1.140    28.4044   5.696590    35.2149     1.7386     0.1650          0     58.000 338.347269  1022.4283      1.134     -0.006  0.000e+00
      1.108    28.4028   5.696750    35.2172     1.7407     0.1489          0     58.250 338.347271  1022.4304      1.102     -0.012  0.000e+00
      1.086    28.4017   5.696910    35.2192     1.7356     0.1398          0     58.500 338.347274  1022.4321      1.080     -0.021  0.000e+00
      1.075    28.4009   5.697162    35.2216     1.7271     0.1360          0     58.750 338.347277  1022.4342      1.069     -0.030  0.000e+00
      1.086    28.4015   5.697352    35.2224     1.7258     0.1291          0     59.000 338.347280  1022.4346      1.080     -0.031  0.000e+00
      1.075    28.4024   5.697703    35.2242     1.7205     0.1390          0     59.250 338.347283  1022.4356      1.069     -0.035  0.000e+00
      1.021    28.4040   5.697352    35.2206     1.7273     0.1550          0     59.500 338.347286  1022.4321      1.015     -0.047  0.000e+00
      0.967    28.4048   5.697726    35.2226     1.7262     0.1581          0     59.750 338.347289  1022.4332      0.962     -0.069  0.000e+00
      0.870    28.4062   5.697832    35.2224     1.7238     0.1528          0     60.000 338.347292  1022.4321      0.865     -0.109  0.000e+00
      0.794    28.4080   5.697261    35.2170     1.7206     0.1657          0     60.250 338.347295  1022.4271      0.790     -0.146  0.000e+00
      0.751    28.4085   5.697543    35.2186     1.7208     0.1238          0     60.500 338.347297  1022.4280      0.747     -0.182  0.000e+00
      0.599    28.4096   5.703328    35.2582     1.7286     0.1215          0     60.750 338.347300  1022.4567      0.596     -0.241  0.000e+00
      0.459    28.4185   5.706073    35.2707     1.7257     0.1169          0     61.000 338.347303  1022.4626      0.456     -0.310  0.000e+00
      0.394    28.4311   5.706393    35.2636     1.7224     0.1192          0     61.250 338.347306  1022.4528      0.392     -0.351  0.000e+00
      0.362    28.4405   5.706546    35.2577     1.7180     0.1665          0     61.500 338.347309  1022.4451      0.360     -0.358  0.000e+00
      0.275    28.4459   5.706645    35.2544     1.7199     0.1604          0     61.750 338.347312  1022.4405      0.274     -0.359  0.000e+00
      0.178    28.4490   5.706645    35.2520     1.7235     0.1619          0     62.000 338.347315  1022.4373      0.177     -0.354  0.000e+00
      0.102    28.4506   5.706744    35.2516     1.7209     0.1619          0     62.250 338.347318  1022.4361      0.102     -0.349  0.000e+00
      0.037    28.4515   5.706644    35.2502     1.7224     0.1634          0     62.500 338.347321  1022.4345      0.037     -0.335  0.000e+00
     -0.006    28.4516   5.706614    35.2500     1.7302     0.1604          0     62.750 338.347323  1022.4341     -0.006     -0.297  0.000e+00
     -0.146    28.4516   5.706614    35.2500     1.7461     0.1764          0     63.000 338.347326  1022.4335     -0.146     -0.296  0.000e+00
     -0.265    28.4513   5.706667    35.2506     1.7582     0.1612          0     63.250 338.347329  1022.4336     -0.264     -0.324  0.000e+00
     -0.319    28.4513   5.706713    35.2510     1.7751     0.1749          0     63.500 338.347332  1022.4336     -0.318     -0.340  0.000e+00
     -0.406    28.4518   5.706743    35.2508     1.7837     0.1734          0     63.750 338.347335  1022.4330     -0.404     -0.342  0.000e+00
     -0.492    28.4519   5.706713    35.2506     1.7974     0.1642          0     64.000 338.347338  1022.4324     -0.490     -0.345  0.000e+00
     -0.611    28.4521   5.706743    35.2507     1.8075     0.1688          0     64.250 338.347341  1022.4319     -0.608     -0.361  0.000e+00
     -0.709    28.4522   5.706804    35.2511     1.8214     0.1734          0     64.500 338.347344  1022.4317     -0.705     -0.375  0.000e+00
     -0.752    28.4523   5.706804    35.2510     1.8275     0.1406          0     64.750 338.347347  1022.4315     -0.748     -0.369  0.000e+00
     -0.773    28.4525   5.706819    35.2510     1.8347     0.1261          0     65.000 338.347350  1022.4313     -0.769     -0.330  0.000e+00
     -0.784    28.4527   5.706774    35.2505     1.8424     0.1314          0     65.250 338.347352  1022.4308     -0.780     -0.290  0.000e+00
     -0.752    28.4525   5.706774    35.2506     1.8495     0.1329          0     65.500 338.347355  1022.4311     -0.748     -0.238  0.000e+00
     -0.763    28.4524   5.706842    35.2512     1.8538     0.0574          0     65.750 338.347358  1022.4315     -0.758     -0.174  0.000e+00
     -0.741    28.4525   5.706774    35.2506     1.8653     0.0643          0     66.000 338.347361  1022.4312     -0.737     -0.105  0.000e+00
     -0.719    28.4525   5.706774    35.2506     1.8666     0.0643          0     66.250 338.347364  1022.4313     -0.715     -0.035  0.000e+00
     -0.730    28.4523   5.706713    35.2504     1.8767     0.0566          0     66.500 338.347367  1022.4311     -0.726      0.006  0.000e+00
     -0.698    28.4519   5.706697    35.2505     1.8826     0.0589          0     66.750 338.347370  1022.4315     -0.694      0.032  0.000e+00
     -0.730    28.4515   5.706713    35.2510     1.8874     0.1413          0     67.000 338.347373  1022.4318     -0.726      0.035  0.000e+00
     -0.730    28.4515   5.706713    35.2510     1.8927     0.1383          0     67.250 338.347376  1022.4318     -0.726      0.028  0.000e+00
     -0.763    28.4515   5.706713    35.2510     1.8970     0.1375          0     67.500 338.347378  1022.4316     -0.758      0.006  0.000e+00
     -0.871    28.4515   5.706713    35.2510     1.8988     0.1489          0     67.750 338.347381  1022.4312     -0.866     -0.035  0.000e+00
     -1.044    28.4516   5.706743    35.2512     1.8976    -0.1372          0     68.000 338.347384  1022.4306     -1.038     -0.117  0.000e+00
     -1.195    28.4518   5.706712    35.2509     1.9082    -0.1433          0     68.250 338.347387  1022.4296     -1.189     -0.215  0.000e+00
     -1.347    28.4523   5.706880    35.2517     1.9087    -0.1272          0     68.500 338.347390  1022.4295     -1.339     -0.315  0.000e+00
     -1.390    28.4531   5.560583    34.2348     2.9116    -0.1372          0     68.750 338.347393  1021.6649     -1.382     -0.389  0.000e+00
     -1.390    28.4545   1.522369     8.2311     2.5956     0.9752          0     69.000 338.347396  1002.2442     -1.382     -0.407  0.000e+00
     -1.390    28.4535   0.920496     4.7842     2.5427     0.9706          0     69.250 338.347399   999.6766     -1.382     -0.391  0.000e+00
     -1.368    28.4513   0.946941     4.9322     7.7566     0.9745          0     69.500 338.347402   999.7877     -1.361     -0.324  0.000e+00
     -1.368    28.4463   0.984604     5.1439     3.4297     0.9767          0     69.750 338.347405   999.9470     -1.361     -0.226  0.000e+00
     -1.368    28.4372   0.898866     4.6651     2.9463    -0.0197          0     70.000 338.347407   999.5928     -1.361     -0.124  0.000e+00
     -1.368    28.4285   0.758468     3.8892     2.5058    -0.0242          0     70.250 338.347410   999.0166     -1.361     -0.046  0.000e+00
     -1.347    28.4188   0.822585     4.2433     2.0640    -0.0242          0     70.500 338.347413   999.2837     -1.339      0.009  0.000e+00
     -1.379    28.4093   0.817229     4.2146     1.6325    -0.0288          0     70.750 338.347416   999.2649     -1.371      0.014  0.000e+00
     -1.379    28.4007   0.785768     4.0416     1.5513    -0.0220          0     71.000 338.347419   999.1384     -1.371      0.008  0.000e+00
     -1.379    28.3919   0.772225     3.9678     1.2524    -0.0197          0     71.250 338.347422   999.0859     -1.371      0.001  0.000e+00
     -1.368    28.3834   0.710181     3.6282     0.9432    -0.0288          0     71.500 338.347425   998.8350     -1.361     -0.004  0.000e+00
