ctd_mafia/cnv/SBE19plus_01906740_2018_12_07_0082.cnv
* Sea-Bird SBE19plus  Data File:
* FileName = C:\Users\all user\Desktop\Patroba _ WWF Mapping Mafia\SBE19plus_01906740_2018_12_07_0082.hex
* Software version 2.6.3.104
* Temperature SN = 6740
* Conductivity SN = 6740
* System UpLoad Time = Dec 07 2018 14:31:36
* <ApplicationData>
* <Seaterm232>
# nquan = 13
# nvalues = 709                                   
# units = specified
# name 0 = prdM: Pressure, Strain Gauge [db]
# name 1 = tv290C: Temperature [ITS-90, deg C]
# name 2 = c0S/m: Conductivity [S/m]
# name 3 = sal00: Salinity, Practical [PSU]
# name 4 = sbeox0ML/L: Oxygen, SBE 43 [ml/l]
# name 5 = flECO-AFL: Fluorescence, WET Labs ECO-AFL/FL [mg/m^3]
# name 6 = nbf: Bottles Fired
# name 7 = timeS: Time, Elapsed [seconds]
# name 8 = timeJ: Julian Days
# name 9 = density00: Density [density, kg/m^3]
# name 10 = depSM: Depth [salt water, m], lat = 0.00
# name 11 = dz/dtM: Descent Rate [m/s]
# name 12 = flag:  0.000e+00
# span 0 =     -1.335,     12.493                 
# span 1 =    27.3270,    28.1264                 
# span 2 =   0.191669,   5.668542                 
# span 3 =     0.9254,    35.2381                 
# span 4 =     1.8147,     3.5342                 
# span 5 =    -0.4370,    48.6864                 
# span 6 =          0,          0                 
# span 7 =      0.000,    177.000                 
# span 8 = 337.392431, 337.394479                 
# span 9 =   997.1053,  1022.6043                 
# span 10 =     -1.328,     12.424                
# span 11 =     -1.003,      0.325                
# span 12 = 0.0000e+00, 0.0000e+00                
# interval = seconds: 0.25
# start_time = Dec 03 2018 09:25:06 [Instrument's time stamp, header]
# bad_flag = -9.990e-29
*END*
[from data line 556]
     12.461    28.0571   5.662126    35.2296     2.0964     0.0391          0    139.000 337.394039  1022.6020     12.392      0.019  0.000e+00
     12.472    28.0572   5.662157    35.2297     2.1091     0.0551          0    139.250 337.394042  1022.6021     12.403      0.022  0.000e+00
     12.483    28.0572   5.662187    35.2300     2.1287     0.0505          0    139.500 337.394045  1022.6023     12.414      0.022  0.000e+00
     12.483    28.0573   5.662217    35.2301     2.1235     0.0543          0    139.750 337.394048  1022.6024     12.414      0.022  0.000e+00
     12.493    28.0576   5.662217    35.2299     2.1461     0.0559          0    140.000 337.394051  1022.6022     12.424      0.018  0.000e+00
     12.493    28.0578   5.662248    35.2299     2.1510     0.0330          0    140.250 337.394054  1022.6022     12.424      0.021  0.000e+00
     12.483    28.0580   5.662278    35.2300     2.1570     0.0322          0    140.500 337.394057  1022.6021     12.414      0.015  0.000e+00
     12.472    28.0580   5.662278    35.2300     2.1472     0.0360          0    140.750 337.394060  1022.6021     12.403      0.008  0.000e+00
     12.472    28.0583   5.662316    35.2301     2.1458     0.0360          0    141.000 337.394063  1022.6020     12.403      0.004  0.000e+00
     12.483    28.0583   5.662278    35.2298     2.1457     0.0360          0    141.250 337.394065  1022.6019     12.414     -0.001  0.000e+00
     12.483    28.0584   5.662278    35.2297     2.1336     0.0353          0    141.500 337.394068  1022.6018     12.414     -0.004  0.000e+00
     12.483    28.0583   5.662278    35.2298     2.1317     0.0315          0    141.750 337.394071  1022.6019     12.414     -0.004  0.000e+00
     12.483    28.0583   5.662293    35.2299     2.1241     0.0299          0    142.000 337.394074  1022.6019     12.414     -0.004  0.000e+00
     12.461    28.0583   5.662278    35.2298     2.1105     0.0589          0    142.250 337.394077  1022.6018     12.392     -0.006  0.000e+00
     12.472    28.0581   5.662248    35.2297     2.0991     0.0597          0    142.500 337.394080  1022.6018     12.403     -0.004  0.000e+00
     12.472    28.0580   5.662278    35.2300     2.1137     0.0490          0    142.750 337.394083  1022.6021     12.403     -0.003  0.000e+00
     12.440    28.0583   5.662316    35.2301     2.0658     0.0589          0    143.000 337.394086  1022.6019     12.371     -0.014  0.000e+00
     12.450    28.0583   5.662316    35.2301     2.0400     0.0574          0    143.250 337.394089  1022.6019     12.382     -0.019  0.000e+00
     12.440    28.0582   5.662278    35.2299     2.0365     0.0406          0    143.500 337.394091  1022.6018     12.371     -0.023  0.000e+00
     12.440    28.0581   5.662248    35.2297     2.0512     0.0368          0    143.750 337.394094  1022.6017     12.371     -0.024  0.000e+00
     12.440    28.0579   5.662248    35.2299     2.0570     0.0353          0    144.000 337.394097  1022.6019     12.371     -0.022  0.000e+00
     12.440    28.0578   5.662187    35.2295     2.0913     0.0330          0    144.250 337.394100  1022.6016     12.371     -0.017  0.000e+00
     12.440    28.0576   5.662187    35.2297     2.1045     0.0147          0    144.500 337.394103  1022.6018     12.371     -0.016  0.000e+00
     12.440    28.0574   5.662187    35.2298     2.1164     0.0185          0    144.750 337.394106  1022.6020     12.371     -0.010  0.000e+00
     12.450    28.0571   5.662088    35.2293     2.1524     0.0124          0    145.000 337.394109  1022.6018     12.382      0.001  0.000e+00
     12.440    28.0564   5.661997    35.2292     2.1398     0.0208          0    145.250 337.394112  1022.6019     12.371     -0.001  0.000e+00
     12.440    28.0557   5.661967    35.2296     2.1423     0.0330          0    145.500 337.394115  1022.6024     12.371      0.001  0.000e+00
     12.450    28.0551   5.662027    35.2304     2.1396     0.0200          0    145.750 337.394117  1022.6033     12.382      0.004  0.000e+00
     12.461    28.0550   5.661997    35.2303     2.1346     0.0345          0    146.000 337.394120  1022.6032     12.392      0.008  0.000e+00
     12.461    28.0549   5.662027    35.2306     2.1321     0.0330          0    146.250 337.394123  1022.6035     12.392      0.011  0.000e+00
     12.450    28.0551   5.662020    35.2304     2.1219     0.0047          0    146.500 337.394126  1022.6032     12.382      0.009  0.000e+00
     12.429    28.0551   5.661967    35.2300     2.1271     0.0093          0    146.750 337.394129  1022.6029     12.360      0.001  0.000e+00
     12.450    28.0548   5.661967    35.2302     2.1120     0.0086          0    147.000 337.394132  1022.6032     12.382     -0.000  0.000e+00
     12.418    28.0546   5.661936    35.2302     2.1339     0.0009          0    147.250 337.394135  1022.6031     12.349     -0.007  0.000e+00
     12.299    28.0546   5.661967    35.2304     2.1294     0.0070          0    147.500 337.394138  1022.6028     12.231     -0.048  0.000e+00
     12.040    28.0546   5.661997    35.2307     2.1312     0.0574          0    147.750 337.394141  1022.6019     11.973     -0.148  0.000e+00
     11.813    28.0549   5.661997    35.2306     2.1264     0.0658          0    148.000 337.394144  1022.6007     11.747     -0.278  0.000e+00
     11.607    28.0553   5.662027    35.2305     2.1252     0.0543          0    148.250 337.394146  1022.5997     11.543     -0.417  0.000e+00
     11.423    28.0552   5.661996    35.2305     2.1368     0.0536          0    148.500 337.394149  1022.5988     11.360     -0.548  0.000e+00
     11.240    28.0554   5.661936    35.2299     2.1353     0.0330          0    148.750 337.394152  1022.5976     11.178     -0.663  0.000e+00
     11.067    28.0549   5.661897    35.2301     2.1216     0.0376          0    149.000 337.394155  1022.5971     11.006     -0.750  0.000e+00
     10.872    28.0546   5.661776    35.2295     2.1158     0.0391          0    149.250 337.394158  1022.5960     10.812     -0.791  0.000e+00
     10.710    28.0538   5.661677    35.2295     2.1117     0.0360          0    149.500 337.394161  1022.5955     10.651     -0.781  0.000e+00
     10.602    28.0529   5.661646    35.2299     2.1133     0.0078          0    149.750 337.394164  1022.5957     10.543     -0.726  0.000e+00
     10.526    28.0521   5.661517    35.2297     2.0959     0.0109          0    150.000 337.394167  1022.5954     10.468     -0.664  0.000e+00
     10.537    28.0512   5.661456    35.2299     2.1050     0.0070          0    150.250 337.394170  1022.5959     10.479     -0.574  0.000e+00
     10.450    28.0504   5.661396    35.2301     2.1046     0.0139          0    150.500 337.394172  1022.5960     10.393     -0.490  0.000e+00
     10.234    28.0495   5.661327    35.2303     2.1131     0.0345          0    150.750 337.394175  1022.5955     10.178     -0.448  0.000e+00
      9.888    28.0490   5.661289    35.2306     2.1062     0.0276          0    151.000 337.394178  1022.5944      9.834     -0.481  0.000e+00
      9.596    28.0488   5.661296    35.2309     2.1142     0.0345          0    151.250 337.394181  1022.5934      9.544     -0.559  0.000e+00
      9.348    28.0485   5.661365    35.2317     2.1049     0.0330          0    151.500 337.394184  1022.5930      9.296     -0.670  0.000e+00
      9.175    28.0484   5.661327    35.2315     2.1078     0.0391          0    151.750 337.394187  1022.5922      9.124     -0.779  0.000e+00
      9.034    28.0483   5.661326    35.2316     2.1221     0.0192          0    152.000 337.394190  1022.5917      8.985     -0.860  0.000e+00
      8.883    28.0484   5.661326    35.2316     2.0911     0.0253          0    152.250 337.394193  1022.5910      8.834     -0.902  0.000e+00
      8.743    28.0479   5.647774    35.1370     2.0954     0.0246          0    152.500 337.394196  1022.5194      8.694     -0.868  0.000e+00
      8.667    28.0479   5.661136    35.2307     2.0798     0.0192          0    152.750 337.394198  1022.5896      8.619     -0.763  0.000e+00
      8.645    28.0474   5.661265    35.2320     2.0780     0.0177          0    153.000 337.394201  1022.5906      8.598     -0.618  0.000e+00
      8.570    28.0473   5.661174    35.2314     2.0754     0.0109          0    153.250 337.394204  1022.5899      8.522     -0.502  0.000e+00
      8.321    28.0470   5.661136    35.2315     2.0864     0.0231          0    153.500 337.394207  1022.5890      8.275     -0.461  0.000e+00
      8.007    28.0467   5.661106    35.2315     2.0857     0.0246          0    153.750 337.394210  1022.5878      7.963     -0.502  0.000e+00
      7.705    28.0467   5.661075    35.2314     2.1050     0.0215          0    154.000 337.394213  1022.5864      7.662     -0.592  0.000e+00
      7.478    28.0465   5.661136    35.2321     2.1102     0.0208          0    154.250 337.394216  1022.5860      7.437     -0.692  0.000e+00
      7.316    28.0467   5.661105    35.2318     2.1130     0.0246          0    154.500 337.394219  1022.5850      7.275     -0.781  0.000e+00
      7.262    28.0467   5.661075    35.2316     2.1131     0.0147          0    154.750 337.394222  1022.5846      7.221     -0.827  0.000e+00
      7.099    28.0465   5.661044    35.2315     2.1090     0.0215          0    155.000 337.394225  1022.5840      7.060     -0.843  0.000e+00
      6.948    28.0465   5.661044    35.2316     2.1093     0.0223          0    155.250 337.394227  1022.5833      6.910     -0.802  0.000e+00
      6.786    28.0466   5.661044    35.2316     2.1111     0.0246          0    155.500 337.394230  1022.5826      6.748     -0.716  0.000e+00
      6.634    28.0464   5.661044    35.2317     2.1113     0.0261          0    155.750 337.394233  1022.5822      6.598     -0.635  0.000e+00
      6.537    28.0464   5.661074    35.2320     2.1110     0.0261          0    156.000 337.394236  1022.5819      6.501     -0.572  0.000e+00
      6.440    28.0465   5.661074    35.2319     2.1291     0.0040          0    156.250 337.394239  1022.5814      6.404     -0.537  0.000e+00
      6.256    28.0465   5.661013    35.2316     2.1325     0.0047          0    156.500 337.394242  1022.5804      6.222     -0.543  0.000e+00
      5.932    28.0465   5.661013    35.2317     2.1344     0.0131          0    156.750 337.394245  1022.5791      5.899     -0.608  0.000e+00
      5.586    28.0466   5.661013    35.2317     2.1445     0.0109          0    157.000 337.394248  1022.5776      5.555     -0.690  0.000e+00
      5.326    28.0465   5.661013    35.2318     2.1433     0.0360          0    157.250 337.394251  1022.5766      5.297     -0.785  0.000e+00
      5.175    28.0467   5.661043    35.2320     2.1272     0.0315          0    157.500 337.394253  1022.5760      5.146     -0.852  0.000e+00
      5.067    28.0469   5.661043    35.2318     2.1137     0.0322          0    157.750 337.394256  1022.5754      5.039     -0.884  0.000e+00
      4.915    28.0469   5.661043    35.2319     2.1036     0.0376          0    158.000 337.394259  1022.5747      4.888     -0.892  0.000e+00
      4.721    28.0470   5.661043    35.2319     2.1055     0.0101          0    158.250 337.394262  1022.5739      4.695     -0.869  0.000e+00
      4.526    28.0468   5.661043    35.2321     2.1148     0.0040          0    158.500 337.394265  1022.5732      4.501     -0.810  0.000e+00
      4.386    28.0472   5.661043    35.2318     2.1109     0.0162          0    158.750 337.394268  1022.5723      4.362     -0.722  0.000e+00
      4.310    28.0472   5.661043    35.2318     2.1134     0.0047          0    159.000 337.394271  1022.5720      4.286     -0.638  0.000e+00
      4.213    28.0473   5.661043    35.2318     2.1134     0.0086          0    159.250 337.394274  1022.5715      4.190     -0.587  0.000e+00
      3.888    28.0472   5.661012    35.2318     2.1162     0.0101          0    159.500 337.394277  1022.5701      3.867     -0.617  0.000e+00
      3.510    28.0474   5.660981    35.2315     2.1225     0.0162          0    159.750 337.394280  1022.5683      3.491     -0.703  0.000e+00
      3.153    28.0472   5.660981    35.2318     2.1279     0.0070          0    160.000 337.394282  1022.5670      3.136     -0.809  0.000e+00
      2.894    28.0473   5.660981    35.2318     2.1209     0.0131          0    160.250 337.394285  1022.5659      2.878     -0.907  0.000e+00
      2.753    28.0472   5.660943    35.2316     2.1227    -0.0029          0    160.500 337.394288  1022.5652      2.738     -0.972  0.000e+00
      2.634    28.0473   5.660913    35.2314     2.1193    -0.0021          0    160.750 337.394291  1022.5644      2.620     -1.003  0.000e+00
      2.494    28.0474   5.660943    35.2315     2.1310    -0.0044          0    161.000 337.394294  1022.5640      2.480     -0.992  0.000e+00
      2.375    28.0478   5.660943    35.2313     2.1170    -0.0052          0    161.250 337.394297  1022.5631      2.362     -0.912  0.000e+00
      2.288    28.0480   5.660912    35.2310     2.1191     0.0009          0    161.500 337.394300  1022.5624      2.276     -0.759  0.000e+00
      2.321    28.0482   5.660943    35.2310     2.1157    -0.0082          0    161.750 337.394303  1022.5626      2.308     -0.577  0.000e+00
      2.278    28.0482   5.660912    35.2308     2.1168    -0.0006          0    162.000 337.394306  1022.5622      2.265     -0.427  0.000e+00
      2.094    28.0482   5.660912    35.2309     2.1248    -0.0029          0    162.250 337.394308  1022.5615      2.082     -0.364  0.000e+00
      1.770    28.0486   5.660943    35.2309     2.1377     0.0047          0    162.500 337.394311  1022.5600      1.760     -0.403  0.000e+00
      1.434    28.0488   5.660942    35.2308     2.1356     0.0131          0    162.750 337.394314  1022.5584      1.427     -0.503  0.000e+00
      1.175    28.0491   5.660942    35.2306     2.1366     0.0086          0    163.000 337.394317  1022.5570      1.169     -0.624  0.000e+00
      0.926    28.0497   5.661170    35.2319     2.1402     0.0116          0    163.250 337.394320  1022.5567      0.921     -0.761  0.000e+00
      0.808    28.0514   5.661451    35.2326     2.1262    -0.0059          0    163.500 337.394323  1022.5562      0.803     -0.865  0.000e+00
      0.743    28.0533   5.661740    35.2332     2.1206    -0.0014          0    163.750 337.394326  1022.5558      0.739     -0.910  0.000e+00
      0.634    28.0558   5.661960    35.2329     2.1178    -0.0036          0    164.000 337.394329  1022.5543      0.631     -0.871  0.000e+00
      0.483    28.0584   5.662211    35.2328     2.1108     0.0002          0    164.250 337.394332  1022.5527      0.480     -0.773  0.000e+00
      0.289    28.0608   5.662021    35.2297     2.1079    -0.0075          0    164.500 337.394334  1022.5488      0.287     -0.670  0.000e+00
      0.137    28.0626   5.662347    35.2307     2.1099     0.0070          0    164.750 337.394337  1022.5482      0.136     -0.594  0.000e+00
      0.018    28.0641   5.662431    35.2302     2.1061     0.0086          0    165.000 337.394340  1022.5469      0.018     -0.553  0.000e+00
     -0.144    28.0658   5.662621    35.2304     2.1094     0.0109          0    165.250 337.394343  1022.5458     -0.143     -0.547  0.000e+00
     -0.349    28.0681   5.662970    35.2311     2.1129     0.0032          0    165.500 337.394346  1022.5447     -0.347     -0.591  0.000e+00
     -0.479    28.0708   5.663571    35.2334     2.1178    -0.0288          0    165.750 337.394349  1022.5449     -0.476     -0.624  0.000e+00
     -0.555    28.0750   5.664331    35.2356     2.1233    -0.0296          0    166.000 337.394352  1022.5449     -0.552     -0.613  0.000e+00
     -0.544    28.0810   5.665061    35.2362     2.1293    -0.0357          0    166.250 337.394355  1022.5434     -0.541     -0.549  0.000e+00
