ctd_mafia/cnv/SBE19plus_01906740_2018_12_07_0103.cnv
* Sea-Bird SBE19plus  Data File:
* FileName = C:\Users\all user\Desktop\Patroba _ WWF Mapping Mafia\SBE19plus_01906740_2018_12_07_0103.hex
* Software version 2.6.3.104
* Temperature SN = 6740
* Conductivity SN = 6740
* System UpLoad Time = Dec 07 2018 14:36:21
* <ApplicationData>
* <Seaterm232>
# nquan = 13
# nvalues = 1549                                  
# units = specified
# name 0 = prdM: Pressure, Strain Gauge [db]
# name 1 = tv290C: Temperature [ITS-90, deg C]
# name 2 = c0S/m: Conductivity [S/m]
# name 3 = sal00: Salinity, Practical [PSU]
# name 4 = sbeox0ML/L: Oxygen, SBE 43 [ml/l]
# name 5 = flECO-AFL: Fluorescence, WET Labs ECO-AFL/FL [mg/m^3]
# name 6 = nbf: Bottles Fired
# name 7 = timeS: Time, Elapsed [seconds]
# name 8 = timeJ: Julian Days
# name 9 = density00: Density [density, kg/m^3]
# name 10 = depSM: Depth [salt water, m], lat = 0.00
# name 11 = dz/dtM: Descent Rate [m/s]
# name 12 = flag:  0.000e+00
# span 0 =     -1.381,     20.824                 
# span 1 =    27.2294,    28.6149                 
# span 2 =   0.247291,   5.733262                 
# span 3 =     1.2127,    35.3791                 
# span 4 =     1.7644,     2.8104                 
# span 5 =    -0.4004,     0.9706                 
# span 6 =          0,          0                 
# span 7 =      0.000,    387.000                 
# span 8 = 338.414271, 338.418750                 
# span 9 =   997.3571,  1022.9382                 
# span 10 =     -1.373,     20.709                
# span 11 =     -1.004,      0.229                
# span 12 = 0.0000e+00, 0.0000e+00                
# interval = seconds: 0.25
# start_time = Dec 04 2018 09:56:33 [Instrument's time stamp, header]
# bad_flag = -9.990e-29
*END*
[from data line 112]
     -0.224    28.4450   5.695789    35.1796     2.0393     0.0109          0     28.000 338.414595  1022.3824     -0.223      0.003  0.000e+00
     -0.235    28.4447   5.691453    35.1496     2.0384     0.0101          0     28.250 338.414598  1022.3600     -0.234     -0.002  0.000e+00
     -0.235    28.4420   5.688841    35.1335     2.0352     0.0444          0     28.500 338.414601  1022.3488     -0.234     -0.003  0.000e+00
     -0.246    28.4380   5.692634    35.1628     2.0353     0.0490          0     28.750 338.414604  1022.3721     -0.245     -0.009  0.000e+00
     -0.246    28.4366   5.694326    35.1756     2.0332     0.0498          0     29.000 338.414606  1022.3821     -0.245     -0.009  0.000e+00
     -0.235    28.4373   5.695156    35.1809     2.0293     0.0490          0     29.250 338.414609  1022.3859     -0.234     -0.016  0.000e+00
     -0.214    28.4382   5.694295    35.1742     2.0302     0.0444          0     29.500 338.414612  1022.3807     -0.212     -0.010  0.000e+00
     -0.224    28.4390   5.691362    35.1532     2.0261     0.0414          0     29.750 338.414615  1022.3646     -0.223     -0.004  0.000e+00
     -0.224    28.4372   5.688620    35.1354     2.0241     0.0406          0     30.000 338.414618  1022.3518     -0.223      0.006  0.000e+00
     -0.214    28.4340   5.685247    35.1143     2.0229     0.0231          0     30.250 338.414621  1022.3371     -0.212      0.013  0.000e+00
     -0.246    28.4311   5.683907    35.1071     2.0218     0.0414          0     30.500 338.414624  1022.3325     -0.245      0.007  0.000e+00
     -0.235    28.4295   5.683435    35.1051     2.0234     0.0055          0     30.750 338.414627  1022.3316     -0.234      0.005  0.000e+00
     -0.224    28.4281   5.683625    35.1074     2.0208     0.0093          0     31.000 338.414630  1022.3338     -0.223      0.002  0.000e+00
     -0.214    28.4271   5.684432    35.1138     2.0229     0.0101          0     31.250 338.414633  1022.3390     -0.212      0.001  0.000e+00
     -0.235    28.4261   5.684516    35.1151     2.0196     0.0086          0     31.500 338.414635  1022.3402     -0.234     -0.005  0.000e+00
     -0.224    28.4253   5.682354    35.1006     2.0167    -0.0105          0     31.750 338.414638  1022.3296     -0.223     -0.001  0.000e+00
     -0.246    28.4241   5.679614    35.0824     2.0142    -0.0052          0     32.000 338.414641  1022.3162     -0.245     -0.005  0.000e+00
     -0.235    28.4228   5.677711    35.0702     2.0106     0.0025          0     32.250 338.414644  1022.3075     -0.234     -0.005  0.000e+00
     -0.235    28.4214   5.677232    35.0679     2.0036    -0.0014          0     32.500 338.414647  1022.3063     -0.234     -0.001  0.000e+00
     -0.235    28.4200   5.677901    35.0736     2.0004    -0.0197          0     32.750 338.414650  1022.3110     -0.234     -0.006  0.000e+00
     -0.224    28.4186   5.677901    35.0746     1.9959    -0.0197          0     33.000 338.414653  1022.3122     -0.223     -0.005  0.000e+00
     -0.235    28.4171   5.677932    35.0760     1.9917    -0.0197          0     33.250 338.414656  1022.3138     -0.234     -0.004  0.000e+00
     -0.235    28.4156   5.676691    35.0684     1.9889    -0.0075          0     33.500 338.414659  1022.3086     -0.234      0.001  0.000e+00
     -0.224    28.4142   5.674888    35.0569     1.9852    -0.0166          0     33.750 338.414661  1022.3004     -0.223      0.003  0.000e+00
     -0.246    28.4124   5.673952    35.0517     1.9846    -0.0464          0     34.000 338.414664  1022.2970     -0.245      0.002  0.000e+00
     -0.235    28.4109   5.673580    35.0502     1.9807    -0.0448          0     34.250 338.414667  1022.2965     -0.234     -0.001  0.000e+00
     -0.246    28.4091   5.673739    35.0527     1.9797    -0.0372          0     34.500 338.414670  1022.2988     -0.245     -0.005  0.000e+00
     -0.235    28.4075   5.674219    35.0572     1.9768    -0.0342          0     34.750 338.414673  1022.3028     -0.234     -0.005  0.000e+00
     -0.224    28.4060   5.674090    35.0574     1.9750    -0.0197          0     35.000 338.414676  1022.3035     -0.223     -0.002  0.000e+00
     -0.214    28.4043   5.673489    35.0545     1.9668    -0.0212          0     35.250 338.414679  1022.3019     -0.212      0.006  0.000e+00
     -0.203    28.4028   5.672249    35.0469     1.9610    -0.0326          0     35.500 338.414682  1022.2968     -0.202      0.014  0.000e+00
     -0.235    28.4010   5.671397    35.0423     1.9616    -0.0265          0     35.750 338.414685  1022.2938     -0.234      0.010  0.000e+00
     -0.246    28.3994   5.670537    35.0376     1.9612    -0.0258          0     36.000 338.414688  1022.2907     -0.245      0.007  0.000e+00
     -0.257    28.3978   5.670286    35.0370     1.9563    -0.0311          0     36.250 338.414690  1022.2907     -0.255     -0.004  0.000e+00
     -0.246    28.3962   5.670347    35.0386     1.9539    -0.0273          0     36.500 338.414693  1022.2925     -0.245     -0.009  0.000e+00
     -0.246    28.3947   5.670728    35.0424     1.9551    -0.0273          0     36.750 338.414696  1022.2959     -0.245     -0.016  0.000e+00
     -0.214    28.3928   5.670918    35.0451     1.9474     0.0147          0     37.000 338.414699  1022.2987     -0.212     -0.011  0.000e+00
     -0.214    28.3915   5.669807    35.0383     1.9447     0.0154          0     37.250 338.414702  1022.2940     -0.212     -0.004  0.000e+00
     -0.214    28.3900   5.669077    35.0343     1.9416     0.0109          0     37.500 338.414705  1022.2915     -0.212      0.006  0.000e+00
     -0.203    28.3886   5.668385    35.0306     1.9344     0.0215          0     37.750 338.414708  1022.2892     -0.202      0.023  0.000e+00
     -0.214    28.3869   5.668385    35.0318     1.9331     0.0139          0     38.000 338.414711  1022.2906     -0.212      0.026  0.000e+00
     -0.224    28.3854   5.667937    35.0298     1.9285     0.0246          0     38.250 338.414714  1022.2895     -0.223      0.021  0.000e+00
     -0.224    28.3840   5.667686    35.0291     1.9273     0.0139          0     38.500 338.414716  1022.2895     -0.223      0.011  0.000e+00
     -0.235    28.3824   5.667557    35.0294     1.9244     0.0261          0     38.750 338.414719  1022.2902     -0.234     -0.001  0.000e+00
     -0.214    28.3805   5.667435    35.0299     1.9260     0.0307          0     39.000 338.414722  1022.2913     -0.212     -0.007  0.000e+00
     -0.235    28.3792   5.667526    35.0315     1.9226     0.0116          0     39.250 338.414725  1022.2928     -0.234     -0.011  0.000e+00
     -0.224    28.3780   5.667397    35.0315     1.9199     0.0116          0     39.500 338.414728  1022.2933     -0.223     -0.010  0.000e+00
     -0.246    28.3766   5.666766    35.0282     1.9185     0.0055          0     39.750 338.414731  1022.2911     -0.245     -0.014  0.000e+00
     -0.235    28.3752   5.666135    35.0248     1.9137     0.0101          0     40.000 338.414734  1022.2891     -0.234     -0.010  0.000e+00
     -0.235    28.3739   5.665435    35.0209     1.9152    -0.0136          0     40.250 338.414737  1022.2866     -0.234     -0.007  0.000e+00
     -0.224    28.3723   5.665245    35.0208     1.9130    -0.0166          0     40.500 338.414740  1022.2871     -0.223     -0.004  0.000e+00
     -0.224    28.3709   5.665565    35.0240     1.9085    -0.0059          0     40.750 338.414742  1022.2900     -0.223 1.7128e-10  0.000e+00
     -0.214    28.3695   5.665937    35.0276     1.9085    -0.0097          0     41.000 338.414745  1022.2932     -0.212      0.003  0.000e+00
     -0.224    28.3683   5.665466    35.0253     1.9063     0.0063          0     41.250 338.414748  1022.2918     -0.223      0.009  0.000e+00
     -0.246    28.3670   5.664896    35.0223     1.9044     0.0040          0     41.500 338.414751  1022.2899     -0.245      0.002  0.000e+00
     -0.224    28.3657   5.664865    35.0230     1.9000     0.0025          0     41.750 338.414754  1022.2909     -0.223      0.006  0.000e+00
     -0.235    28.3645   5.665055    35.0252     1.8998     0.0154          0     42.000 338.414757  1022.2929     -0.234     -0.001  0.000e+00
     -0.246    28.3633   5.665246    35.0274     1.8919     0.0154          0     42.250 338.414760  1022.2949     -0.245     -0.007  0.000e+00
     -0.224    28.3623   5.664577    35.0235     1.8913     0.0078          0     42.500 338.414763  1022.2925     -0.223     -0.007  0.000e+00
     -0.224    28.3611   5.664075    35.0209     1.8844     0.0063          0     42.750 338.414766  1022.2909     -0.223     -0.004  0.000e+00
     -0.213    28.3597   5.663535    35.0181     1.8868     0.0116          0     43.000 338.414769  1022.2893     -0.212      0.001  0.000e+00
     -0.224    28.3585   5.663535    35.0190     1.8824     0.0139          0     43.250 338.414771  1022.2903     -0.223      0.007  0.000e+00
     -0.213    28.3573   5.663596    35.0204     1.8791    -0.0082          0     43.500 338.414774  1022.2918     -0.212      0.013  0.000e+00
     -0.213    28.3559   5.663596    35.0214     1.8723     0.0025          0     43.750 338.414777  1022.2930     -0.212      0.011  0.000e+00
     -0.224    28.3546   5.663345    35.0206     1.8727    -0.0014          0     44.000 338.414780  1022.2928     -0.223      0.011  0.000e+00
     -0.203    28.3536   5.663094    35.0196     1.8713    -0.0029          0     44.250 338.414783  1022.2924     -0.202      0.013  0.000e+00
     -0.192    28.3525   5.663125    35.0207     1.8684     0.0063          0     44.500 338.414786  1022.2937     -0.191      0.012  0.000e+00
     -0.203    28.3514   5.662714    35.0186     1.8706     0.0139          0     44.750 338.414789  1022.2924     -0.202      0.012  0.000e+00
     -0.192    28.3501   5.663437    35.0246     1.8661     0.0154          0     45.000 338.414792  1022.2974     -0.191      0.014  0.000e+00
     -0.203    28.3491   5.664326    35.0315     1.8635     0.0086          0     45.250 338.414795  1022.3029     -0.202      0.014  0.000e+00
     -0.192    28.3483   5.663285    35.0248     1.8540    -0.0090          0     45.500 338.414797  1022.2982     -0.191      0.012  0.000e+00
     -0.181    28.3475   5.662395    35.0192     1.8573    -0.0105          0     45.750 338.414800  1022.2942     -0.180      0.015  0.000e+00
     -0.170    28.3465   5.663315    35.0264     1.8565     0.0002          0     46.000 338.414803  1022.3001     -0.169      0.019  0.000e+00
     -0.138    28.3456   5.668006    35.0597     1.8554    -0.0097          0     46.250 338.414806  1022.3256     -0.137      0.024  0.000e+00
     -0.116    28.3462   5.671710    35.0851     1.8504    -0.0113          0     46.500 338.414809  1022.3445     -0.116      0.037  0.000e+00
     -0.116    28.3489   5.672189    35.0864     1.8511     0.0032          0     46.750 338.414812  1022.3446     -0.116      0.048  0.000e+00
     -0.095    28.3515   5.670379    35.0719     1.8498     0.0292          0     47.000 338.414815  1022.3329     -0.094      0.056  0.000e+00
     -0.116    28.3516   5.668128    35.0562     1.8505     0.0131          0     47.250 338.414818  1022.3210     -0.116      0.055  0.000e+00
     -0.105    28.3497   5.667238    35.0513     1.8503     0.0101          0     47.500 338.414821  1022.3180     -0.105      0.048  0.000e+00
     -0.095    28.3479   5.668287    35.0599     1.8409     0.0116          0     47.750 338.414823  1022.3251     -0.094      0.040  0.000e+00
     -0.095    28.3469   5.668888    35.0649     1.8455     0.0032          0     48.000 338.414826  1022.3292     -0.094      0.030  0.000e+00
     -0.105    28.3464   5.670029    35.0733     1.8406    -0.0029          0     48.250 338.414829  1022.3356     -0.105      0.015  0.000e+00
     -0.062    28.3466   5.671428    35.0829     1.8358    -0.0014          0     48.500 338.414832  1022.3429     -0.062      0.018  0.000e+00
     -0.051    28.3476   5.672060    35.0865     1.8345     0.0261          0     48.750 338.414835  1022.3453     -0.051      0.026  0.000e+00
     -0.019    28.3499   5.671048    35.0777     1.8331     0.0246          0     49.000 338.414838  1022.3381     -0.019      0.038  0.000e+00
      0.003    28.3513   5.670287    35.0714     1.8322     0.0185          0     49.250 338.414841  1022.3330      0.003      0.057  0.000e+00
      0.014    28.3515   5.671208    35.0777     1.8336     0.0154          0     49.500 338.414844  1022.3377      0.013      0.065  0.000e+00
      0.014    28.3521   5.669968    35.0686     1.8263     0.0025          0     49.750 338.414847  1022.3307      0.013      0.068  0.000e+00
      0.003    28.3521   5.668858    35.0608     1.8253    -0.0059          0     50.000 338.414850  1022.3248      0.003      0.063  0.000e+00
      0.024    28.3508   5.669048    35.0631     1.8312     0.0009          0     50.250 338.414852  1022.3271      0.024      0.058  0.000e+00
      0.046    28.3496   5.671489    35.0810     1.8240    -0.0067          0     50.500 338.414855  1022.3410      0.046      0.048  0.000e+00
      0.078    28.3504   5.672699    35.0888     1.8244     0.0002          0     50.750 338.414858  1022.3468      0.078      0.050  0.000e+00
      0.078    28.3535   5.673459    35.0918     1.8222     0.0025          0     51.000 338.414861  1022.3480      0.078      0.046  0.000e+00
      0.068    28.3581   5.671900    35.0775     1.8206    -0.0097          0     51.250 338.414864  1022.3357      0.067      0.042  0.000e+00
      0.078    28.3605   5.670287    35.0645     1.8193     0.0009          0     51.500 338.414867  1022.3252      0.078      0.042  0.000e+00
      0.089    28.3602   5.669588    35.0599     1.8179     0.0002          0     51.750 338.414870  1022.3218      0.089      0.043  0.000e+00
      0.078    28.3585   5.669223    35.0586     1.8203    -0.0235          0     52.000 338.414873  1022.3213      0.078      0.037  0.000e+00
      0.100    28.3568   5.669588    35.0624     1.8214    -0.0334          0     52.250 338.414876  1022.3249      0.099      0.028  0.000e+00
      0.111    28.3557   5.669747    35.0643     1.8204    -0.0365          0     52.500 338.414878  1022.3267      0.110      0.023  0.000e+00
      0.111    28.3550   5.669717    35.0646     1.8162    -0.0288          0     52.750 338.414881  1022.3272      0.110      0.019  0.000e+00
      0.122    28.3547   5.670409    35.0697     1.8121     0.0238          0     53.000 338.414884  1022.3311      0.121      0.025  0.000e+00
      0.132    28.3553   5.669588    35.0635     1.8103     0.0376          0     53.250 338.414887  1022.3263      0.132      0.031  0.000e+00
      0.122    28.3556   5.668637    35.0567     1.8100     0.0322          0     53.500 338.414890  1022.3210      0.121      0.027  0.000e+00
      0.143    28.3547   5.668097    35.0535     1.8086     0.0398          0     53.750 338.414893  1022.3191      0.142      0.028  0.000e+00
      0.132    28.3534   5.669048    35.0611     1.8026     0.0131          0     54.000 338.414896  1022.3252      0.132      0.026  0.000e+00
      0.176    28.3528   5.668827    35.0600     1.8106     0.0093          0     54.250 338.414899  1022.3247      0.175      0.029  0.000e+00
      0.176    28.3523   5.668668    35.0593     1.8056     0.0086          0     54.500 338.414902  1022.3244      0.175      0.032  0.000e+00
      0.208    28.3522   5.668858    35.0607     1.8034     0.0047          0     54.750 338.414905  1022.3256      0.207      0.043  0.000e+00
      0.230    28.3513   5.668287    35.0574     1.8008     0.0109          0     55.000 338.414907  1022.3235      0.228      0.053  0.000e+00
      0.230    28.3508   5.669147    35.0637     1.7997    -0.0128          0     55.250 338.414910  1022.3284      0.228      0.059  0.000e+00
