ctd_mafia/cnv/SBE19plus_01906740_2018_12_07_0083.cnv
* Sea-Bird SBE19plus  Data File:
* FileName = C:\Users\all user\Desktop\Patroba _ WWF Mapping Mafia\SBE19plus_01906740_2018_12_07_0083.hex
* Software version 2.6.3.104
* Temperature SN = 6740
* Conductivity SN = 6740
* System UpLoad Time = Dec 07 2018 14:31:54
* <ApplicationData>
* <Seaterm232>
# nquan = 13
# nvalues = 824                                   
# units = specified
# name 0 = prdM: Pressure, Strain Gauge [db]
# name 1 = tv290C: Temperature [ITS-90, deg C]
# name 2 = c0S/m: Conductivity [S/m]
# name 3 = sal00: Salinity, Practical [PSU]
# name 4 = sbeox0ML/L: Oxygen, SBE 43 [ml/l]
# name 5 = flECO-AFL: Fluorescence, WET Labs ECO-AFL/FL [mg/m^3]
# name 6 = nbf: Bottles Fired
# name 7 = timeS: Time, Elapsed [seconds]
# name 8 = timeJ: Julian Days
# name 9 = density00: Density [density, kg/m^3]
# name 10 = depSM: Depth [salt water, m], lat = 0.00
# name 11 = dz/dtM: Descent Rate [m/s]
# name 12 = flag:  0.000e+00
# span 0 =     -1.366,     14.018                 
# span 1 =    27.6314,    29.9838                 
# span 2 =   0.363105,   5.777279                 
# span 3 =     1.7998,    35.7400                 
# span 4 =     1.7769,     3.5493                 
# span 5 =    -0.0349,    48.6787                 
# span 6 =          0,          0                 
# span 7 =      0.000,    205.750                 
# span 8 = 337.401620, 337.404002                 
# span 9 =   997.6495,  1022.7982                 
# span 10 =     -1.358,     13.940                
# span 11 =     -1.020,      0.419                
# span 12 = 0.0000e+00, 0.0000e+00                
# interval = seconds: 0.25
# start_time = Dec 03 2018 09:38:20 [Instrument's time stamp, header]
# bad_flag = -9.990e-29
*END*
[from data line 445]
      6.397    28.0547   5.664206    35.2478     2.1133     0.0131          0    111.250 337.402908  1022.5905      6.361      0.076  0.000e+00
      6.418    28.0547   5.664206    35.2478     2.1122     0.0307          0    111.500 337.402911  1022.5906      6.383      0.097  0.000e+00
      6.429    28.0545   5.664175    35.2477     2.1069     0.0292          0    111.750 337.402914  1022.5907      6.394      0.109  0.000e+00
      6.440    28.0540   5.664115    35.2477     2.1084     0.0360          0    112.000 337.402917  1022.5908      6.404      0.109  0.000e+00
      6.451    28.0540   5.664115    35.2477     2.1116     0.0231          0    112.250 337.402920  1022.5909      6.415      0.099  0.000e+00
      6.483    28.0539   5.664145    35.2480     2.1044     0.0231          0    112.500 337.402922  1022.5912      6.447      0.087  0.000e+00
      6.526    28.0537   5.664145    35.2481     2.1020     0.0185          0    112.750 337.402925  1022.5916      6.490      0.083  0.000e+00
      6.570    28.0537   5.664115    35.2479     2.1088     0.0124          0    113.000 337.402928  1022.5916      6.533      0.085  0.000e+00
      6.570    28.0537   5.664145    35.2481     2.1229     0.0185          0    113.250 337.402931  1022.5918      6.533      0.092  0.000e+00
      6.602    28.0538   5.664115    35.2478     2.1129     0.0185          0    113.500 337.402934  1022.5917      6.566      0.099  0.000e+00
      6.591    28.0539   5.664145    35.2479     2.1149     0.0429          0    113.750 337.402937  1022.5917      6.555      0.097  0.000e+00
      6.602    28.0539   5.664115    35.2477     2.1147     0.0475          0    114.000 337.402940  1022.5916      6.566      0.090  0.000e+00
      6.613    28.0541   5.664145    35.2478     2.1139     0.0360          0    114.250 337.402943  1022.5916      6.576      0.078  0.000e+00
      6.656    28.0540   5.664145    35.2478     2.1084     0.0513          0    114.500 337.402946  1022.5919      6.619      0.069  0.000e+00
      6.699    28.0539   5.664145    35.2479     2.0992     0.0284          0    114.750 337.402948  1022.5921      6.662      0.069  0.000e+00
      6.699    28.0540   5.664145    35.2478     2.0899     0.0223          0    115.000 337.402951  1022.5920      6.662      0.069  0.000e+00
      6.699    28.0537   5.664145    35.2480     2.0876     0.0200          0    115.250 337.402954  1022.5923      6.663      0.072  0.000e+00
      6.721    28.0539   5.664145    35.2479     2.1091     0.0154          0    115.500 337.402957  1022.5922      6.684      0.072  0.000e+00
      6.743    28.0540   5.664115    35.2476     2.1028     0.0162          0    115.750 337.402960  1022.5921      6.706      0.079  0.000e+00
      6.721    28.0540   5.664115    35.2476     2.1005     0.0162          0    116.000 337.402963  1022.5920      6.684      0.066  0.000e+00
      6.753    28.0538   5.664145    35.2479     2.0972     0.0231          0    116.250 337.402966  1022.5924      6.716      0.058  0.000e+00
      6.797    28.0538   5.664145    35.2479     2.1022     0.0131          0    116.500 337.402969  1022.5926      6.759      0.054  0.000e+00
      6.829    28.0541   5.664145    35.2477     2.1136     0.0109          0    116.750 337.402972  1022.5925      6.791      0.061  0.000e+00
      6.916    28.0541   5.664145    35.2477     2.1192     0.0086          0    117.000 337.402975  1022.5928      6.877      0.094  0.000e+00
      6.959    28.0542   5.664145    35.2476     2.1195     0.0162          0    117.250 337.402977  1022.5929      6.920      0.125  0.000e+00
      6.970    28.0542   5.664176    35.2478     2.1240     0.0063          0    117.500 337.402980  1022.5931      6.931      0.141  0.000e+00
      6.980    28.0542   5.664145    35.2476     2.1278     0.0063          0    117.750 337.402983  1022.5930      6.942      0.148  0.000e+00
      6.991    28.0542   5.664176    35.2478     2.1250     0.0444          0    118.000 337.402986  1022.5932      6.953      0.149  0.000e+00
      6.959    28.0542   5.664145    35.2476     2.1186     0.0391          0    118.250 337.402989  1022.5929      6.921      0.117  0.000e+00
      6.926    28.0542   5.664176    35.2478     2.1190     0.0467          0    118.500 337.402992  1022.5929      6.888      0.072  0.000e+00
      6.916    28.0542   5.664176    35.2478     2.1042     0.0360          0    118.750 337.402995  1022.5929      6.878      0.027  0.000e+00
      6.991    28.0543   5.664206    35.2479     2.1043     0.0246          0    119.000 337.402998  1022.5933      6.953      0.004  0.000e+00
      7.078    28.0547   5.664244    35.2479     2.1048     0.0246          0    119.250 337.403001  1022.5935      7.039      0.023  0.000e+00
      7.175    28.0546   5.664176    35.2475     2.1067     0.0223          0    119.500 337.403003  1022.5936      7.136      0.071  0.000e+00
      7.229    28.0546   5.664176    35.2474     2.1128     0.0131          0    119.750 337.403006  1022.5938      7.189      0.123  0.000e+00
      7.229    28.0545   5.664176    35.2475     2.1133     0.0429          0    120.000 337.403009  1022.5939      7.189      0.161  0.000e+00
      7.218    28.0545   5.664176    35.2475     2.1167     0.0231          0    120.250 337.403012  1022.5939      7.179      0.184  0.000e+00
      7.208    28.0543   5.664176    35.2477     2.1193     0.0360          0    120.500 337.403015  1022.5940      7.168      0.177  0.000e+00
      7.197    28.0547   5.664176    35.2474     2.1278     0.0398          0    120.750 337.403018  1022.5936      7.157      0.141  0.000e+00
      7.186    28.0546   5.664206    35.2477     2.1234     0.0246          0    121.000 337.403021  1022.5938      7.146      0.079  0.000e+00
      7.208    28.0548   5.664244    35.2478     2.1278     0.0147          0    121.250 337.403024  1022.5939      7.168      0.031  0.000e+00
      7.294    28.0550   5.664244    35.2476     2.1303     0.0147          0    121.500 337.403027  1022.5941      7.254      0.020  0.000e+00
      7.391    28.0552   5.664206    35.2472     2.1279     0.0215          0    121.750 337.403030  1022.5941      7.351      0.053  0.000e+00
      7.521    28.0550   5.664176    35.2471     2.1248     0.0299          0    122.000 337.403032  1022.5947      7.479      0.125  0.000e+00
      7.586    28.0548   5.664176    35.2472     2.1157     0.0307          0    122.250 337.403035  1022.5951      7.544      0.194  0.000e+00
      7.607    28.0546   5.664176    35.2473     2.1141     0.0307          0    122.500 337.403038  1022.5954      7.566      0.241  0.000e+00
      7.607    28.0544   5.664146    35.2473     2.1157     0.0406          0    122.750 337.403041  1022.5954      7.566      0.259  0.000e+00
      7.553    28.0544   5.664146    35.2473     2.1142     0.0345          0    123.000 337.403044  1022.5952      7.512      0.233  0.000e+00
      7.543    28.0542   5.664146    35.2474     2.1120     0.0444          0    123.250 337.403047  1022.5953      7.501      0.176  0.000e+00
      7.553    28.0542   5.664176    35.2476     2.1185     0.0505          0    123.500 337.403050  1022.5955      7.512      0.105  0.000e+00
      7.629    28.0546   5.664244    35.2478     2.1135     0.0604          0    123.750 337.403053  1022.5958      7.587      0.061  0.000e+00
      7.715    28.0547   5.664237    35.2476     2.1159     0.0459          0    124.000 337.403056  1022.5960      7.673      0.049  0.000e+00
      7.867    28.0547   5.664207    35.2474     2.1154     0.0261          0    124.250 337.403058  1022.5965      7.824      0.099  0.000e+00
      7.899    28.0548   5.663986    35.2458     2.1126     0.0139          0    124.500 337.403061  1022.5954      7.856      0.157  0.000e+00
      7.856    28.0547   5.664176    35.2472     2.1076     0.0261          0    124.750 337.403064  1022.5963      7.813      0.190  0.000e+00
      7.780    28.0545   5.664176    35.2473     2.1133     0.0200          0    125.000 337.403067  1022.5962      7.738      0.185  0.000e+00
      7.716    28.0546   5.664206    35.2475     2.1134     0.0391          0    125.250 337.403070  1022.5960      7.673      0.134  0.000e+00
      7.705    28.0545   5.664206    35.2476     2.1134     0.0398          0    125.500 337.403073  1022.5960      7.662      0.066  0.000e+00
      7.802    28.0549   5.664275    35.2477     2.1144     0.0414          0    125.750 337.403076  1022.5964      7.759      0.016  0.000e+00
      7.878    28.0553   5.664305    35.2476     2.1128     0.0429          0    126.000 337.403079  1022.5965      7.834     -0.005  0.000e+00
      8.007    28.0553   5.664245    35.2472     2.1183     0.0315          0    126.250 337.403082  1022.5968      7.963      0.021  0.000e+00
      8.094    28.0552   5.664207    35.2470     2.1184     0.0368          0    126.500 337.403084  1022.5970      8.049      0.101  0.000e+00
      8.094    28.0548   5.664176    35.2470     2.1184     0.0292          0    126.750 337.403087  1022.5972      8.049      0.177  0.000e+00
      8.094    28.0548   5.664207    35.2472     2.1290     0.0368          0    127.000 337.403090  1022.5973      8.049      0.225  0.000e+00
      8.083    28.0548   5.664176    35.2470     2.1289     0.0315          0    127.250 337.403093  1022.5971      8.039      0.229  0.000e+00
      8.105    28.0546   5.664245    35.2477     2.1252     0.0215          0    127.500 337.403096  1022.5978      8.060      0.197  0.000e+00
      8.159    28.0548   5.664207    35.2472     2.1191     0.0246          0    127.750 337.403099  1022.5976      8.114      0.151  0.000e+00
      8.234    28.0549   5.664207    35.2471     2.1184     0.0238          0    128.000 337.403102  1022.5978      8.189      0.126  0.000e+00
      8.267    28.0546   5.664176    35.2471     2.1200     0.0261          0    128.250 337.403105  1022.5980      8.221      0.107  0.000e+00
      8.321    28.0545   5.664207    35.2474     2.1176     0.0360          0    128.500 337.403108  1022.5985      8.275      0.119  0.000e+00
      8.321    28.0544   5.664146    35.2470     2.1129     0.0391          0    128.750 337.403111  1022.5983      8.275      0.139  0.000e+00
      8.310    28.0544   5.664176    35.2473     2.1109     0.0337          0    129.000 337.403113  1022.5984      8.264      0.141  0.000e+00
      8.321    28.0543   5.664176    35.2473     2.1081     0.0376          0    129.250 337.403116  1022.5985      8.275      0.132  0.000e+00
      8.386    28.0544   5.664176    35.2472     2.1170     0.0360          0    129.500 337.403119  1022.5987      8.340      0.121  0.000e+00
      8.462    28.0545   5.664176    35.2471     2.1277     0.0376          0    129.750 337.403122  1022.5989      8.415      0.118  0.000e+00
      8.483    28.0544   5.664176    35.2472     2.1175     0.0299          0    130.000 337.403125  1022.5991      8.436      0.114  0.000e+00
      8.494    28.0546   5.664146    35.2468     2.1153     0.0292          0    130.250 337.403128  1022.5988      8.447      0.117  0.000e+00
      8.537    28.0544   5.664146    35.2470     2.1171     0.0315          0    130.500 337.403131  1022.5992      8.490      0.125  0.000e+00
      8.602    28.0544   5.664177    35.2472     2.1147     0.0437          0    130.750 337.403134  1022.5996      8.555      0.150  0.000e+00
      8.721    28.0543   5.664146    35.2470     2.1211     0.0459          0    131.000 337.403137  1022.6000      8.673      0.188  0.000e+00
      8.797    28.0542   5.664177    35.2473     2.1187     0.0490          0    131.250 337.403139  1022.6005      8.748      0.216  0.000e+00
      8.872    28.0544   5.664177    35.2471     2.1081     0.0444          0    131.500 337.403142  1022.6007      8.824      0.236  0.000e+00
      8.851    28.0543   5.664146    35.2470     2.1078     0.0574          0    131.750 337.403145  1022.6005      8.802      0.234  0.000e+00
      8.808    28.0542   5.664146    35.2470     2.1114     0.0559          0    132.000 337.403148  1022.6004      8.759      0.216  0.000e+00
      8.797    28.0544   5.664177    35.2471     2.1160     0.0574          0    132.250 337.403151  1022.6004      8.748      0.178  0.000e+00
      8.829    28.0545   5.664207    35.2472     2.1135     0.0429          0    132.500 337.403154  1022.6006      8.781      0.132  0.000e+00
      8.894    28.0546   5.664207    35.2472     2.1093     0.0215          0    132.750 337.403157  1022.6008      8.845      0.095  0.000e+00
      8.991    28.0546   5.664245    35.2474     2.1089     0.0177          0    133.000 337.403160  1022.6014      8.942      0.082  0.000e+00
      9.099    28.0548   5.664245    35.2472     2.1175     0.0284          0    133.250 337.403163  1022.6016      9.049      0.112  0.000e+00
      9.153    28.0548   5.664177    35.2467     2.1132     0.0261          0    133.500 337.403166  1022.6015      9.103      0.156  0.000e+00
      9.164    28.0547   5.664177    35.2468     2.1188     0.0376          0    133.750 337.403168  1022.6016      9.114      0.204  0.000e+00
      9.099    28.0545   5.664177    35.2470     2.1149     0.0315          0    134.000 337.403171  1022.6015      9.049      0.208  0.000e+00
      9.078    28.0546   5.664177    35.2469     2.1091     0.0414          0    134.250 337.403174  1022.6013      9.028      0.176  0.000e+00
      9.089    28.0545   5.664207    35.2472     2.1113     0.0337          0    134.500 337.403177  1022.6016      9.038      0.125  0.000e+00
      9.186    28.0546   5.664276    35.2476     2.1115     0.0406          0    134.750 337.403180  1022.6023      9.135      0.091  0.000e+00
      9.316    28.0549   5.664276    35.2473     2.1098     0.0192          0    135.000 337.403183  1022.6026      9.264      0.089  0.000e+00
      9.391    28.0551   5.664276    35.2471     2.1104     0.0231          0    135.250 337.403186  1022.6027      9.339      0.112  0.000e+00
      9.445    28.0549   5.664207    35.2468     2.1091     0.0238          0    135.500 337.403189  1022.6027      9.393      0.159  0.000e+00
      9.434    28.0547   5.664177    35.2467     2.1100     0.0208          0    135.750 337.403192  1022.6027      9.382      0.198  0.000e+00
      9.402    28.0545   5.664207    35.2471     2.1130     0.0047          0    136.000 337.403194  1022.6029      9.350      0.213  0.000e+00
      9.380    28.0544   5.664177    35.2469     2.1158     0.0063          0    136.250 337.403197  1022.6027      9.329      0.185  0.000e+00
      9.337    28.0545   5.664207    35.2471     2.1130     0.0047          0    136.500 337.403200  1022.6026      9.286      0.120  0.000e+00
      9.370    28.0546   5.664276    35.2475     2.1121     0.0116          0    136.750 337.403203  1022.6030      9.318      0.049  0.000e+00
      9.467    28.0551   5.664306    35.2473     2.1140     0.0215          0    137.000 337.403206  1022.6032      9.415      0.018  0.000e+00
      9.543    28.0553   5.664306    35.2472     2.1144     0.0246          0    137.250 337.403209  1022.6033      9.490      0.032  0.000e+00
      9.597    28.0553   5.664276    35.2469     2.1173     0.0170          0    137.500 337.403212  1022.6034      9.544      0.070  0.000e+00
      9.564    28.0552   5.664207    35.2465     2.1175     0.0253          0    137.750 337.403215  1022.6030      9.511      0.104  0.000e+00
      9.510    28.0548   5.664207    35.2468     2.1194     0.0002          0    138.000 337.403218  1022.6031      9.458      0.112  0.000e+00
      9.499    28.0548   5.664207    35.2468     2.1186    -0.0036          0    138.250 337.403220  1022.6030      9.447      0.101  0.000e+00
      9.553    28.0546   5.664245    35.2472     2.1218    -0.0014          0    138.500 337.403223  1022.6036      9.501      0.091  0.000e+00
