ctd_mafia/cnv/SBE19plus_01906740_2018_12_07_0103.cnv
* Sea-Bird SBE19plus  Data File:
* FileName = C:\Users\all user\Desktop\Patroba _ WWF Mapping Mafia\SBE19plus_01906740_2018_12_07_0103.hex
* Software version 2.6.3.104
* Temperature SN = 6740
* Conductivity SN = 6740
* System UpLoad Time = Dec 07 2018 14:36:21
* <ApplicationData>
* <Seaterm232>
# nquan = 13
# nvalues = 1549                                  
# units = specified
# name 0 = prdM: Pressure, Strain Gauge [db]
# name 1 = tv290C: Temperature [ITS-90, deg C]
# name 2 = c0S/m: Conductivity [S/m]
# name 3 = sal00: Salinity, Practical [PSU]
# name 4 = sbeox0ML/L: Oxygen, SBE 43 [ml/l]
# name 5 = flECO-AFL: Fluorescence, WET Labs ECO-AFL/FL [mg/m^3]
# name 6 = nbf: Bottles Fired
# name 7 = timeS: Time, Elapsed [seconds]
# name 8 = timeJ: Julian Days
# name 9 = density00: Density [density, kg/m^3]
# name 10 = depSM: Depth [salt water, m], lat = 0.00
# name 11 = dz/dtM: Descent Rate [m/s]
# name 12 = flag:  0.000e+00
# span 0 =     -1.381,     20.824                 
# span 1 =    27.2294,    28.6149                 
# span 2 =   0.247291,   5.733262                 
# span 3 =     1.2127,    35.3791                 
# span 4 =     1.7644,     2.8104                 
# span 5 =    -0.4004,     0.9706                 
# span 6 =          0,          0                 
# span 7 =      0.000,    387.000                 
# span 8 = 338.414271, 338.418750                 
# span 9 =   997.3571,  1022.9382                 
# span 10 =     -1.373,     20.709                
# span 11 =     -1.004,      0.229                
# span 12 = 0.0000e+00, 0.0000e+00                
# interval = seconds: 0.25
# start_time = Dec 04 2018 09:56:33 [Instrument's time stamp, header]
# bad_flag = -9.990e-29
*END*
[from data line 1334]
     20.770    27.2590   5.581055    35.2545     2.0815     0.0604          0    333.500 338.418131  1022.9156     20.655     -0.009  0.000e+00
     20.738    27.2601   5.582030    35.2606     2.0889     0.1077          0    333.750 338.418134  1022.9196     20.623     -0.017  0.000e+00
     20.759    27.2644   5.582921    35.2638     2.0790     0.1123          0    334.000 338.418137  1022.9207     20.644     -0.013  0.000e+00
     20.749    27.2703   5.582860    35.2588     2.0822     0.1077          0    334.250 338.418139  1022.9150     20.634     -0.009  0.000e+00
     20.749    27.2742   5.582671    35.2545     2.0764     0.1146          0    334.500 338.418142  1022.9106     20.634     -0.010  0.000e+00
     20.759    27.2753   5.582671    35.2537     2.0752     0.0826          0    334.750 338.418145  1022.9096     20.644     -0.010  0.000e+00
     20.781    27.2755   5.583170    35.2571     2.0765     0.0818          0    335.000 338.418148  1022.9122     20.666     -0.001  0.000e+00
     20.749    27.2771   5.583268    35.2566     2.0810     0.0879          0    335.250 338.418151  1022.9112     20.634     -0.004  0.000e+00
     20.781    27.2787   5.583480    35.2569     2.0823     0.0841          0    335.500 338.418154  1022.9111     20.666      0.009  0.000e+00
     20.760    27.2802   5.583699    35.2573     2.0834     0.1077          0    335.750 338.418157  1022.9108     20.644      0.012  0.000e+00
     20.770    27.2822   5.583578    35.2550     2.0825     0.1039          0    336.000 338.418160  1022.9084     20.655      0.009  0.000e+00
     20.781    27.2835   5.582936    35.2494     2.0924     0.1085          0    336.250 338.418163  1022.9039     20.666      0.013  0.000e+00
     20.792    27.2820   5.583200    35.2524     2.0973     0.1077          0    336.500 338.418166  1022.9067     20.677      0.015  0.000e+00
     20.803    27.2816   5.582550    35.2481     2.0988     0.0841          0    336.750 338.418168  1022.9036     20.688      0.017  0.000e+00
     20.781    27.2801   5.582430    35.2484     2.1035     0.0849          0    337.000 338.418171  1022.9042     20.666      0.014  0.000e+00
     20.781    27.2781   5.582581    35.2510     2.1013     0.0810          0    337.250 338.418174  1022.9068     20.666      0.016  0.000e+00
     20.803    27.2771   5.582460    35.2508     2.1016     0.0849          0    337.500 338.418177  1022.9070     20.688      0.013  0.000e+00
     20.792    27.2757   5.581961    35.2483     2.1040     0.0818          0    337.750 338.418180  1022.9056     20.677      0.014  0.000e+00
     20.803    27.2734   5.581992    35.2503     2.1051     0.1077          0    338.000 338.418183  1022.9079     20.688      0.011  0.000e+00
     20.814    27.2719   5.582052    35.2518     2.1011     0.1093          0    338.250 338.418186  1022.9095     20.698      0.011  0.000e+00
     20.803    27.2719   5.582226    35.2531     2.0972     0.1070          0    338.500 338.418189  1022.9104     20.688      0.009  0.000e+00
     20.803    27.2725   5.581863    35.2501     2.0916     0.1062          0    338.750 338.418192  1022.9080     20.687      0.009  0.000e+00
     20.814    27.2719   5.581773    35.2498     2.0919     0.0749          0    339.000 338.418194  1022.9080     20.698      0.014  0.000e+00
     20.814    27.2708   5.581244    35.2469     2.0932     0.0871          0    339.250 338.418197  1022.9062     20.698      0.012  0.000e+00
     20.824    27.2686   5.580436    35.2428     2.0934     0.0833          0    339.500 338.418200  1022.9039     20.709      0.011  0.000e+00
     20.803    27.2637   5.580466    35.2468     2.0985     0.0864          0    339.750 338.418203  1022.9083     20.687      0.008  0.000e+00
     20.814    27.2600   5.580066    35.2467     2.0962     0.1093          0    340.000 338.418206  1022.9095     20.698      0.004  0.000e+00
     20.814    27.2571   5.579786    35.2469     2.0985     0.1108          0    340.250 338.418209  1022.9106     20.698      0.003  0.000e+00
     20.803    27.2543   5.579756    35.2489     2.0965     0.1093          0    340.500 338.418212  1022.9130     20.687      0.001  0.000e+00
     20.803    27.2525   5.579726    35.2500     2.1024     0.1077          0    340.750 338.418215  1022.9144     20.687     -0.003  0.000e+00
     20.792    27.2513   5.579764    35.2511     2.0950     0.0887          0    341.000 338.418218  1022.9156     20.677     -0.010  0.000e+00
     20.803    27.2507   5.579688    35.2511     2.0920     0.0879          0    341.250 338.418220  1022.9158     20.687     -0.010  0.000e+00
     20.781    27.2501   5.579907    35.2531     2.0933     0.0780          0    341.500 338.418223  1022.9174     20.666     -0.015  0.000e+00
     20.727    27.2514   5.580934    35.2594     2.0931     0.0788          0    341.750 338.418226  1022.9215     20.612     -0.029  0.000e+00
     20.630    27.2562   5.582611    35.2678     2.0951     0.0833          0    342.000 338.418229  1022.9259     20.515     -0.069  0.000e+00
     20.511    27.2682   5.587001    35.2900     2.0929     0.0826          0    342.250 338.418232  1022.9382     20.397     -0.126  0.000e+00
     20.370    27.2915   5.589615    35.2910     2.0934     0.0864          0    342.500 338.418235  1022.9308     20.257     -0.200  0.000e+00
     20.273    27.3175   5.593947    35.3022     2.0969     0.0849          0    342.750 338.418238  1022.9305     20.161     -0.275  0.000e+00
     20.241    27.3477   5.596683    35.2988     2.1004     0.0788          0    343.000 338.418241  1022.9180     20.129     -0.322  0.000e+00
     20.251    27.3764   5.599217    35.2950     2.0936     0.0994          0    343.250 338.418244  1022.9060     20.139     -0.333  0.000e+00
     20.284    27.4032   5.602681    35.2994     2.0912     0.0978          0    343.500 338.418247  1022.9008     20.172     -0.295  0.000e+00
     20.316    27.4328   5.605533    35.2972     2.0875     0.0925          0    343.750 338.418249  1022.8897     20.204     -0.222  0.000e+00
     20.327    27.4578   5.604677    35.2723     2.0881     0.0925          0    344.000 338.418252  1022.8629     20.215     -0.133  0.000e+00
     20.338    27.4692   5.604768    35.2643     2.0901     0.0810          0    344.250 338.418255  1022.8533     20.225     -0.046  0.000e+00
     20.349    27.4740   5.604238    35.2569     2.0834     0.0856          0    344.500 338.418258  1022.8462     20.236      0.023  0.000e+00
     20.338    27.4713   5.599775    35.2274     2.0857     0.0887          0    344.750 338.418261  1022.8248     20.225      0.053  0.000e+00
     20.306    27.4522   5.596061    35.2154     2.0898     0.0887          0    345.000 338.418264  1022.8218     20.193      0.045  0.000e+00
     20.252    27.4257   5.593907    35.2201     2.0907     0.0635          0    345.250 338.418267  1022.8337     20.139      0.009  0.000e+00
     20.198    27.4022   5.592977    35.2313     2.0938     0.0643          0    345.500 338.418270  1022.8495     20.086     -0.039  0.000e+00
     20.068    27.3874   5.594875    35.2559     2.0935     0.0620          0    345.750 338.418273  1022.8722     19.957     -0.107  0.000e+00
     19.916    27.3874   5.598808    35.2839     2.0894     0.0574          0    346.000 338.418275  1022.8926     19.806     -0.189  0.000e+00
     19.744    27.4040   5.602832    35.3000     2.0938     0.0635          0    346.250 338.418278  1022.8987     19.634     -0.288  0.000e+00
     19.592    27.4311   5.607334    35.3115     2.0902     0.0833          0    346.500 338.418281  1022.8979     19.484     -0.385  0.000e+00
     19.430    27.4647   5.610959    35.3119     2.0863     0.0818          0    346.750 338.418284  1022.8866     19.322     -0.471  0.000e+00
     19.322    27.4998   5.616350    35.3237     2.0834     0.0833          0    347.000 338.418287  1022.8837     19.215     -0.529  0.000e+00
     19.192    27.5386   5.619387    35.3159     2.0800     0.0871          0    347.250 338.418290  1022.8647     19.086     -0.564  0.000e+00
     18.987    27.5759   5.625971    35.3344     2.0822     0.0589          0    347.500 338.418293  1022.8657     18.882     -0.598  0.000e+00
     18.749    27.6282   5.637861    35.3791     2.0776     0.0559          0    347.750 338.418296  1022.8813     18.645     -0.629  0.000e+00
     18.555    27.6921   5.637859    35.3310     2.0691     0.0582          0    348.000 338.418299  1022.8235     18.452     -0.659  0.000e+00
     18.349    27.7388   5.645037    35.3466     2.0690     0.0604          0    348.250 338.418302  1022.8192     18.248     -0.693  0.000e+00
     18.187    27.7887   5.652736    35.3633     2.0687     0.0589          0    348.500 338.418304  1022.8148     18.086     -0.723  0.000e+00
     18.036    27.8458   5.654762    35.3347     2.0725     0.0589          0    348.750 338.418307  1022.7740     17.936     -0.740  0.000e+00
     17.820    27.8879   5.657162    35.3199     2.0701     0.0620          0    349.000 338.418310  1022.7482     17.721     -0.765  0.000e+00
     17.625    27.9219   5.663044    35.3359     2.0720     0.0620          0    349.250 338.418313  1022.7483     17.527     -0.771  0.000e+00
     17.506    27.9578   5.663491    35.3120     2.0735     0.0620          0    349.500 338.418316  1022.7181     17.409     -0.739  0.000e+00
     17.430    27.9827   5.667574    35.3221     2.0774     0.0643          0    349.750 338.418319  1022.7172     17.334     -0.682  0.000e+00
     17.344    28.0096   5.670303    35.3211     2.0725     0.0612          0    350.000 338.418322  1022.7073     17.248     -0.625  0.000e+00
     17.225    28.0339   5.669922    35.3002     2.0756     0.0635          0    350.250 338.418325  1022.6831     17.130     -0.570  0.000e+00
     17.030    28.0471   5.669983    35.2908     2.0770     0.0597          0    350.500 338.418328  1022.6709     16.936     -0.547  0.000e+00
     16.803    28.0542   5.670964    35.2925     2.0785     0.0337          0    350.750 338.418330  1022.6688     16.710     -0.551  0.000e+00
     16.544    28.0620   5.673253    35.3028     2.0759     0.0330          0    351.000 338.418333  1022.6729     16.452     -0.582  0.000e+00
     16.338    28.0731   5.674614    35.3040     2.0784     0.0383          0    351.250 338.418336  1022.6693     16.248     -0.640  0.000e+00
     16.133    28.0866   5.677977    35.3176     2.0762     0.0360          0    351.500 338.418339  1022.6742     16.044     -0.719  0.000e+00
     15.895    28.1054   5.679278    35.3127     2.0771     0.0521          0    351.750 338.418342  1022.6634     15.807     -0.802  0.000e+00
     15.679    28.1219   5.681409    35.3154     2.0772     0.0406          0    352.000 338.418345  1022.6591     15.592     -0.860  0.000e+00
     15.463    28.1378   5.681827    35.3064     2.0737     0.0467          0    352.250 338.418348  1022.6462     15.377     -0.889  0.000e+00
     15.268    28.1483   5.682078    35.3004     2.0772     0.0429          0    352.500 338.418351  1022.6373     15.184     -0.883  0.000e+00
     15.041    28.1546   5.683098    35.3029     2.0733     0.0437          0    352.750 338.418354  1022.6362     14.958     -0.872  0.000e+00
     14.782    28.1625   5.684651    35.3080     2.0751     0.0459          0    353.000 338.418356  1022.6363     14.700     -0.873  0.000e+00
     14.523    28.1724   5.685069    35.3035     2.0736     0.0459          0    353.250 338.418359  1022.6286     14.442     -0.896  0.000e+00
     14.306    28.1794   5.685229    35.2995     2.0708     0.0406          0    353.500 338.418362  1022.6223     14.227     -0.909  0.000e+00
     14.123    28.1838   5.685861    35.3006     2.0691     0.0505          0    353.750 338.418365  1022.6210     14.044     -0.905  0.000e+00
     13.906    28.1878   5.686150    35.2997     2.0704     0.0627          0    354.000 338.418368  1022.6180     13.829     -0.904  0.000e+00
     13.647    28.1913   5.686957    35.3028     2.0710     0.0589          0    354.250 338.418371  1022.6181     13.571     -0.911  0.000e+00
     13.420    28.1962   5.687581    35.3036     2.0749     0.0597          0    354.500 338.418374  1022.6161     13.346     -0.915  0.000e+00
     13.225    28.2010   5.687550    35.2999     2.0713     0.0589          0    354.750 338.418377  1022.6109     13.152     -0.900  0.000e+00
     13.031    28.2035   5.688380    35.3039     2.0742     0.0429          0    355.000 338.418380  1022.6122     12.959     -0.876  0.000e+00
     12.793    28.2074   5.688730    35.3035     2.0779     0.0452          0    355.250 338.418383  1022.6096     12.722     -0.868  0.000e+00
     12.512    28.2122   5.689492    35.3053     2.0830     0.0444          0    355.500 338.418385  1022.6082     12.443     -0.889  0.000e+00
     12.285    28.2166   5.689332    35.3010     2.0806     0.0437          0    355.750 338.418388  1022.6025     12.217     -0.909  0.000e+00
     12.069    28.2193   5.690063    35.3041     2.0817     0.0231          0    356.000 338.418391  1022.6031     12.002     -0.912  0.000e+00
     11.799    28.2233   5.690603    35.3050     2.0766     0.0215          0    356.250 338.418394  1022.6013     11.733     -0.923  0.000e+00
     11.507    28.2271   5.690534    35.3018     2.0773     0.0177          0    356.500 338.418397  1022.5964     11.443     -0.958  0.000e+00
     11.258    28.2302   5.691243    35.3045     2.0777     0.0261          0    356.750 338.418400  1022.5963     11.196     -0.992  0.000e+00
     11.042    28.2332   5.691273    35.3025     2.0773     0.0330          0    357.000 338.418403  1022.5929     10.981     -1.004  0.000e+00
     10.836    28.2357   5.691783    35.3043     2.0747     0.0360          0    357.250 338.418406  1022.5926     10.777     -0.990  0.000e+00
     10.566    28.2388   5.692263    35.3054     2.0702     0.0406          0    357.500 338.418409  1022.5912     10.508     -0.982  0.000e+00
     10.328    28.2426   5.693284    35.3098     2.0690     0.0376          0    357.750 338.418411  1022.5922     10.271     -0.982  0.000e+00
     10.080    28.2483   5.693695    35.3085     2.0689     0.0292          0    358.000 338.418414  1022.5883     10.024     -0.978  0.000e+00
      9.896    28.2535   5.693634    35.3042     2.0686     0.0101          0    358.250 338.418417  1022.5826      9.841     -0.948  0.000e+00
      9.647    28.2563   5.693992    35.3047     2.0709     0.0109          0    358.500 338.418420  1022.5810      9.594     -0.930  0.000e+00
      9.388    28.2586   5.694106    35.3038     2.0668     0.0116          0    358.750 338.418423  1022.5785      9.336     -0.935  0.000e+00
      9.139    28.2605   5.694266    35.3036     2.0685     0.0170          0    359.000 338.418426  1022.5766      9.089     -0.948  0.000e+00
      8.945    28.2621   5.694235    35.3023     2.0710     0.0086          0    359.250 338.418429  1022.5743      8.895     -0.944  0.000e+00
      8.750    28.2629   5.694235    35.3017     2.0796     0.0185          0    359.500 338.418432  1022.5727      8.702     -0.920  0.000e+00
      8.469    28.2634   5.694395    35.3025     2.0724     0.0086          0    359.750 338.418435  1022.5720      8.422     -0.922  0.000e+00
      8.210    28.2643   5.694684    35.3040     2.0734     0.0078          0    360.000 338.418437  1022.5717      8.164     -0.933  0.000e+00
      7.983    28.2659   5.695126    35.3059     2.0698     0.0238          0    360.250 338.418440  1022.5717      7.939     -0.946  0.000e+00
      7.788    28.2681   5.695095    35.3041     2.0731     0.0269          0    360.500 338.418443  1022.5687      7.745     -0.933  0.000e+00
      7.572    28.2696   5.695126    35.3033     2.0671     0.0276          0    360.750 338.418446  1022.5667      7.530     -0.919  0.000e+00
