ctd_mafia/cnv/SBE19plus_01906740_2018_12_07_0084.cnv
* Sea-Bird SBE19plus  Data File:
* FileName = C:\Users\all user\Desktop\Patroba _ WWF Mapping Mafia\SBE19plus_01906740_2018_12_07_0084.hex
* Software version 2.6.3.104
* Temperature SN = 6740
* Conductivity SN = 6740
* System UpLoad Time = Dec 07 2018 14:32:11
* <ApplicationData>
* <Seaterm232>
# nquan = 13
# nvalues = 772                                   
# units = specified
# name 0 = prdM: Pressure, Strain Gauge [db]
# name 1 = tv290C: Temperature [ITS-90, deg C]
# name 2 = c0S/m: Conductivity [S/m]
# name 3 = sal00: Salinity, Practical [PSU]
# name 4 = sbeox0ML/L: Oxygen, SBE 43 [ml/l]
# name 5 = flECO-AFL: Fluorescence, WET Labs ECO-AFL/FL [mg/m^3]
# name 6 = nbf: Bottles Fired
# name 7 = timeS: Time, Elapsed [seconds]
# name 8 = timeJ: Julian Days
# name 9 = density00: Density [density, kg/m^3]
# name 10 = depSM: Depth [salt water, m], lat = 0.00
# name 11 = dz/dtM: Descent Rate [m/s]
# name 12 = flag:  0.000e+00
# span 0 =     -1.368,     16.103                 
# span 1 =    28.0658,    28.8430                 
# span 2 =   0.112145,   5.769980                 
# span 3 =     0.5151,    35.6930                 
# span 4 =     1.8585,     2.9770                 
# span 5 =    -0.4393,    48.6795                 
# span 6 =          0,          0                 
# span 7 =      0.000,    192.750                 
# span 8 = 337.415706, 337.417937                 
# span 9 =   996.4126,  1022.8208                 
# span 10 =     -1.361,     16.013                
# span 11 =     -0.948,      0.358                
# span 12 = 0.0000e+00, 0.0000e+00                
# interval = seconds: 0.25
# start_time = Dec 03 2018 09:58:37 [Instrument's time stamp, header]
# bad_flag = -9.990e-29
*END*
[from data line 556]
     13.400    28.1077   5.667539    35.2295     2.0174     0.0269          0    139.000 337.417315  1022.5894     13.326      0.195  0.000e+00
     13.465    28.1076   5.667478    35.2291     2.0213     0.0345          0    139.250 337.417318  1022.5894     13.391      0.200  0.000e+00
     13.508    28.1072   5.667478    35.2294     2.0225     0.0315          0    139.500 337.417321  1022.5899     13.434      0.197  0.000e+00
     13.552    28.1069   5.667379    35.2289     2.0262     0.0459          0    139.750 337.417323  1022.5898     13.477      0.197  0.000e+00
     13.616    28.1066   5.667448    35.2296     2.0339     0.0398          0    140.000 337.417326  1022.5907     13.541      0.202  0.000e+00
     13.681    28.1064   5.667379    35.2292     2.0384     0.0284          0    140.250 337.417329  1022.5908     13.606      0.212  0.000e+00
     13.779    28.1064   5.667219    35.2281     2.0359     0.0276          0    140.500 337.417332  1022.5904     13.702      0.231  0.000e+00
     13.865    28.1056   5.667189    35.2284     2.0297     0.0307          0    140.750 337.417335  1022.5912     13.788      0.250  0.000e+00
     13.919    28.1050   5.667189    35.2289     2.0321     0.0208          0    141.000 337.417338  1022.5920     13.842      0.263  0.000e+00
     13.930    28.1049   5.667189    35.2289     2.0250     0.0261          0    141.250 337.417341  1022.5921     13.853      0.259  0.000e+00
     13.908    28.1048   5.667288    35.2297     2.0276     0.0208          0    141.500 337.417344  1022.5926     13.832      0.235  0.000e+00
     13.908    28.1049   5.667379    35.2303     2.0251     0.0246          0    141.750 337.417347  1022.5930     13.832      0.196  0.000e+00
     13.984    28.1053   5.667448    35.2304     2.0281     0.0170          0    142.000 337.417350  1022.5933     13.907      0.165  0.000e+00
     14.092    28.1060   5.667288    35.2288     2.0226     0.0322          0    142.250 337.417352  1022.5923     14.014      0.156  0.000e+00
     14.222    28.1057   5.667220    35.2285     2.0323     0.0391          0    142.500 337.417355  1022.5928     14.143      0.171  0.000e+00
     14.308    28.1051   5.667288    35.2294     2.0324     0.0269          0    142.750 337.417358  1022.5940     14.229      0.205  0.000e+00
     14.406    28.1050   5.667319    35.2296     2.0263     0.0398          0    143.000 337.417361  1022.5946     14.326      0.259  0.000e+00
     14.460    28.1051   5.667349    35.2297     2.0241     0.0337          0    143.250 337.417364  1022.5949     14.380      0.310  0.000e+00
     14.460    28.1055   5.667349    35.2295     2.0273     0.0147          0    143.500 337.417367  1022.5946     14.380      0.328  0.000e+00
     14.481    28.1055   5.667349    35.2294     2.0272     0.0047          0    143.750 337.417370  1022.5947     14.401      0.309  0.000e+00
     14.525    28.1056   5.667319    35.2291     2.0342     0.0177          0    144.000 337.417373  1022.5946     14.444      0.264  0.000e+00
     14.611    28.1056   5.667319    35.2291     2.0341     0.0131          0    144.250 337.417376  1022.5950     14.530      0.226  0.000e+00
     14.665    28.1054   5.667349    35.2295     2.0362     0.0170          0    144.500 337.417378  1022.5955     14.584      0.196  0.000e+00
     14.762    28.1054   5.667288    35.2290     2.0326     0.0200          0    144.750 337.417381  1022.5956     14.681      0.197  0.000e+00
     14.838    28.1054   5.667289    35.2290     2.0378     0.0292          0    145.000 337.417384  1022.5959     14.756      0.212  0.000e+00
     14.968    28.1053   5.667289    35.2290     2.0381     0.0147          0    145.250 337.417387  1022.5965     14.885      0.258  0.000e+00
     15.065    28.1053   5.667319    35.2292     2.0369     0.0177          0    145.500 337.417390  1022.5971     14.982      0.311  0.000e+00
     15.173    28.1051   5.667319    35.2293     2.0305     0.0185          0    145.750 337.417393  1022.5977     15.089      0.352  0.000e+00
     15.195    28.1052   5.667319    35.2292     2.0277     0.0231          0    146.000 337.417396  1022.5977     15.111      0.358  0.000e+00
     15.238    28.1052   5.667319    35.2292     2.0365     0.0177          0    146.250 337.417399  1022.5978     15.154      0.343  0.000e+00
     15.195    28.1050   5.667319    35.2294     2.0518     0.0139          0    146.500 337.417402  1022.5978     15.111      0.298  0.000e+00
     15.195    28.1051   5.667380    35.2297     2.0663     0.0177          0    146.750 337.417405  1022.5981     15.111      0.231  0.000e+00
     15.260    28.1055   5.667380    35.2294     2.0783     0.0276          0    147.000 337.417407  1022.5980     15.175      0.179  0.000e+00
     15.368    28.1055   5.667350    35.2292     2.0838     0.0116          0    147.250 337.417410  1022.5983     15.283      0.149  0.000e+00
     15.497    28.1058   5.667350    35.2289     2.0808     0.0223          0    147.500 337.417413  1022.5985     15.412      0.160  0.000e+00
     15.584    28.1056   5.667289    35.2286     2.0890     0.0253          0    147.750 337.417416  1022.5987     15.498      0.192  0.000e+00
     15.595    28.1053   5.667319    35.2291     2.0851     0.0253          0    148.000 337.417419  1022.5992     15.509      0.228  0.000e+00
     15.627    28.1052   5.667289    35.2289     2.0790     0.0147          0    148.250 337.417422  1022.5993     15.541      0.252  0.000e+00
     15.660    28.1049   5.667319    35.2293     2.0713     0.0215          0    148.500 337.417425  1022.5998     15.573      0.270  0.000e+00
     15.692    28.1050   5.667319    35.2292     2.0646     0.0139          0    148.750 337.417428  1022.5999     15.605      0.254  0.000e+00
     15.778    28.1051   5.667350    35.2294     2.0570     0.0185          0    149.000 337.417431  1022.6003     15.691      0.228  0.000e+00
     15.887    28.1051   5.667411    35.2298     2.0704     0.0223          0    149.250 337.417433  1022.6010     15.799      0.213  0.000e+00
     16.016    28.1054   5.667639    35.2311     2.0731     0.0246          0    149.500 337.417436  1022.6025     15.928      0.228  0.000e+00
     16.049    28.1063   5.667510    35.2295     2.0601     0.0276          0    149.750 337.417439  1022.6012     15.960      0.251  0.000e+00
     16.049    28.1066   5.667570    35.2297     2.0536     0.0376          0    150.000 337.417442  1022.6013     15.960      0.266  0.000e+00
     16.049    28.1069   5.667601    35.2297     2.0556     0.0261          0    150.250 337.417445  1022.6012     15.960      0.254  0.000e+00
     16.060    28.1071   5.667601    35.2296     2.0519     0.0360          0    150.500 337.417448  1022.6010     15.971      0.225  0.000e+00
     16.049    28.1072   5.667593    35.2295     2.0383     0.0185          0    150.750 337.417451  1022.6009     15.960      0.175  0.000e+00
     16.049    28.1075   5.667601    35.2293     2.0535     0.0261          0    151.000 337.417454  1022.6006     15.960      0.110  0.000e+00
     16.049    28.1075   5.667570    35.2291     2.0388     0.0200          0    151.250 337.417457  1022.6005     15.960      0.050  0.000e+00
     16.027    28.1074   5.667639    35.2296     2.0452     0.0116          0    151.500 337.417459  1022.6008     15.938      0.003  0.000e+00
     16.049    28.1078   5.667669    35.2296     2.0595     0.0231          0    151.750 337.417462  1022.6007     15.960     -0.005  0.000e+00
     16.049    28.1078   5.667669    35.2295     2.0670     0.0376          0    152.000 337.417465  1022.6006     15.960     -0.004  0.000e+00
     16.049    28.1082   5.667730    35.2296     2.0657     0.0315          0    152.250 337.417468  1022.6006     15.960     -0.004  0.000e+00
     16.038    28.1083   5.667730    35.2295     2.0717     0.0437          0    152.500 337.417471  1022.6005     15.949     -0.006  0.000e+00
     16.060    28.1083   5.667700    35.2293     2.0803     0.0337          0    152.750 337.417474  1022.6004     15.971      0.002  0.000e+00
     16.070    28.1085   5.667761    35.2296     2.0788     0.0360          0    153.000 337.417477  1022.6006     15.981      0.009  0.000e+00
     16.070    28.1087   5.667791    35.2297     2.0848     0.0292          0    153.250 337.417480  1022.6006     15.981      0.015  0.000e+00
     16.060    28.1090   5.667761    35.2292     2.0666     0.0292          0    153.500 337.417483  1022.6001     15.971      0.017  0.000e+00
     16.049    28.1093   5.667829    35.2295     2.0622     0.0406          0    153.750 337.417486  1022.6002     15.960      0.007  0.000e+00
     16.070    28.1092   5.667730    35.2289     2.0763     0.0223          0    154.000 337.417488  1022.5998     15.981      0.009  0.000e+00
     16.081    28.1090   5.667700    35.2288     2.0768     0.0406          0    154.250 337.417491  1022.5999     15.992      0.013  0.000e+00
     16.092    28.1087   5.667745    35.2293     2.0777     0.0421          0    154.500 337.417494  1022.6004     16.003      0.017  0.000e+00
     16.081    28.1087   5.667700    35.2290     2.0686     0.0292          0    154.750 337.417497  1022.6002     15.992      0.012  0.000e+00
     16.070    28.1087   5.667761    35.2295     2.0714     0.0177          0    155.000 337.417500  1022.6004     15.981      0.009  0.000e+00
     16.081    28.1086   5.667730    35.2293     2.0689     0.0124          0    155.250 337.417503  1022.6004     15.992      0.011  0.000e+00
     16.092    28.1088   5.667761    35.2294     2.0729     0.0124          0    155.500 337.417506  1022.6004     16.003      0.015  0.000e+00
     16.081    28.1089   5.667791    35.2295     2.0708     0.0047          0    155.750 337.417509  1022.6005     15.992      0.011  0.000e+00
     16.092    28.1093   5.667859    35.2297     2.0581     0.0101          0    156.000 337.417512  1022.6005     16.003      0.006  0.000e+00
     16.092    28.1096   5.667730    35.2286     2.0566     0.0147          0    156.250 337.417514  1022.5996     16.003      0.004  0.000e+00
     16.092    28.1092   5.667700    35.2287     2.0488     0.0246          0    156.500 337.417517  1022.5998     16.003      0.005  0.000e+00
     16.070    28.1087   5.667639    35.2286     2.0508     0.0154          0    156.750 337.417520  1022.5998     15.981      0.003  0.000e+00
     16.103    28.1083   5.667639    35.2289     2.0444     0.0215          0    157.000 337.417523  1022.6003     16.013      0.007  0.000e+00
     16.070    28.1080   5.667639    35.2291     2.0453     0.0505          0    157.250 337.417526  1022.6004     15.981     -0.002  0.000e+00
     16.059    28.1078   5.667601    35.2290     2.0439     0.0505          0    157.500 337.417529  1022.6003     15.971     -0.011  0.000e+00
     16.059    28.1074   5.667601    35.2294     2.0494     0.0475          0    157.750 337.417532  1022.6008     15.971     -0.014  0.000e+00
     16.059    28.1075   5.667624    35.2294     2.0457     0.0505          0    158.000 337.417535  1022.6008     15.971     -0.019  0.000e+00
     16.059    28.1075   5.667669    35.2298     2.0590     0.0475          0    158.250 337.417538  1022.6010     15.971     -0.019  0.000e+00
     16.070    28.1078   5.667601    35.2291     2.0632     0.0574          0    158.500 337.417541  1022.6005     15.981     -0.014  0.000e+00
     16.059    28.1077   5.667639    35.2294     2.0651     0.0566          0    158.750 337.417543  1022.6007     15.971     -0.011  0.000e+00
     15.995    28.1075   5.667601    35.2293     2.0615     0.0398          0    159.000 337.417546  1022.6004     15.906     -0.029  0.000e+00
     15.865    28.1077   5.667639    35.2295     2.0626     0.0521          0    159.250 337.417549  1022.5999     15.777     -0.067  0.000e+00
     15.638    28.1078   5.667730    35.2301     2.0535     0.0536          0    159.500 337.417552  1022.5994     15.551     -0.160  0.000e+00
     15.433    28.1081   5.667730    35.2299     2.0471     0.0459          0    159.750 337.417555  1022.5982     15.347     -0.282  0.000e+00
     15.357    28.1085   5.667730    35.2296     2.0373     0.0536          0    160.000 337.417558  1022.5976     15.272     -0.383  0.000e+00
     15.335    28.1086   5.667699    35.2293     2.0387     0.0559          0    160.250 337.417561  1022.5972     15.251     -0.443  0.000e+00
     15.303    28.1085   5.667600    35.2287     2.0452     0.0360          0    160.500 337.417564  1022.5967     15.218     -0.463  0.000e+00
     15.141    28.1080   5.667570    35.2289     2.0497     0.0307          0    160.750 337.417567  1022.5963     15.057     -0.473  0.000e+00
     14.881    28.1078   5.667570    35.2292     2.0557     0.0322          0    161.000 337.417569  1022.5955     14.799     -0.493  0.000e+00
     14.589    28.1077   5.667539    35.2291     2.0464     0.0429          0    161.250 337.417572  1022.5942     14.509     -0.534  0.000e+00
     14.330    28.1074   5.667539    35.2294     2.0462     0.0429          0    161.500 337.417575  1022.5934     14.251     -0.594  0.000e+00
     14.146    28.1072   5.667501    35.2294     2.0388     0.0376          0    161.750 337.417578  1022.5926     14.068     -0.676  0.000e+00
     14.016    28.1072   5.667509    35.2295     2.0399     0.0368          0    162.000 337.417581  1022.5922     13.939     -0.762  0.000e+00
     13.876    28.1070   5.667478    35.2294     2.0377     0.0345          0    162.250 337.417584  1022.5916     13.799     -0.816  0.000e+00
     13.703    28.1067   5.667448    35.2295     2.0365     0.0383          0    162.500 337.417587  1022.5910     13.627     -0.824  0.000e+00
     13.487    28.1067   5.667409    35.2293     2.0297     0.0292          0    162.750 337.417590  1022.5899     13.412     -0.793  0.000e+00
     13.325    28.1067   5.667409    35.2293     2.0294     0.0398          0    163.000 337.417593  1022.5893     13.251     -0.737  0.000e+00
     13.206    28.1066   5.667409    35.2294     2.0372     0.0353          0    163.250 337.417595  1022.5889     13.133     -0.679  0.000e+00
     13.054    28.1064   5.667379    35.2294     2.0316     0.0437          0    163.500 337.417598  1022.5883     12.982     -0.646  0.000e+00
     12.838    28.1065   5.667379    35.2294     2.0313     0.0467          0    163.750 337.417601  1022.5873     12.767     -0.656  0.000e+00
     12.557    28.1062   5.667348    35.2295     2.0353     0.0498          0    164.000 337.417604  1022.5863     12.488     -0.702  0.000e+00
     12.276    28.1061   5.667318    35.2294     2.0325     0.0429          0    164.250 337.417607  1022.5850     12.208     -0.760  0.000e+00
     12.017    28.1059   5.667287    35.2295     2.0422     0.0490          0    164.500 337.417610  1022.5840     11.950     -0.819  0.000e+00
     11.757    28.1058   5.667317    35.2298     2.0419     0.0414          0    164.750 337.417613  1022.5832     11.692     -0.880  0.000e+00
     11.627    28.1058   5.667317    35.2299     2.0429     0.0475          0    165.000 337.417616  1022.5827     11.563     -0.918  0.000e+00
     11.498    28.1060   5.667317    35.2297     2.0490     0.0429          0    165.250 337.417619  1022.5820     11.434     -0.921  0.000e+00
     11.303    28.1061   5.667287    35.2295     2.0523     0.0368          0    165.500 337.417622  1022.5809     11.241     -0.894  0.000e+00
     11.141    28.1062   5.667286    35.2295     2.0443     0.0292          0    165.750 337.417624  1022.5802     11.079     -0.833  0.000e+00
     10.957    28.1059   5.667248    35.2295     2.0374     0.0292          0    166.000 337.417627  1022.5795     10.897     -0.766  0.000e+00
     10.871    28.1060   5.667286    35.2297     2.0302     0.0391          0    166.250 337.417630  1022.5793     10.811     -0.690  0.000e+00
