ctd_mafia/cnv/SBE19plus_01906740_2018_12_07_0080.cnv
* Sea-Bird SBE19plus  Data File:
* FileName = C:\Users\all user\Desktop\Patroba _ WWF Mapping Mafia\SBE19plus_01906740_2018_12_07_0080.hex
* Software version 2.6.3.104
* Temperature SN = 6740
* Conductivity SN = 6740
* System UpLoad Time = Dec 07 2018 14:31:06
* <ApplicationData>
* <Seaterm232>
# nquan = 13
# nvalues = 477                                   
# units = specified
# name 0 = prdM: Pressure, Strain Gauge [db]
# name 1 = tv290C: Temperature [ITS-90, deg C]
# name 2 = c0S/m: Conductivity [S/m]
# name 3 = sal00: Salinity, Practical [PSU]
# name 4 = sbeox0ML/L: Oxygen, SBE 43 [ml/l]
# name 5 = flECO-AFL: Fluorescence, WET Labs ECO-AFL/FL [mg/m^3]
# name 6 = nbf: Bottles Fired
# name 7 = timeS: Time, Elapsed [seconds]
# name 8 = timeJ: Julian Days
# name 9 = density00: Density [density, kg/m^3]
# name 10 = depSM: Depth [salt water, m], lat = 0.00
# name 11 = dz/dtM: Descent Rate [m/s]
# name 12 = flag:  0.000e+00
# span 0 =     -1.352,     12.821                 
# span 1 =    27.2008,    28.3008                 
# span 2 =   0.419699,   5.671903                 
# span 3 =     2.0761,    35.2542                 
# span 4 =     1.9342,     3.8191                 
# span 5 =    -0.4134,    48.6803                 
# span 6 =          0,          0                 
# span 7 =      0.000,    119.000                 
# span 8 = 337.375116, 337.376493                 
# span 9 =   997.7067,  1022.5873                 
# span 10 =     -1.345,     12.750                
# span 11 =     -1.101,      0.568                
# span 12 = 0.0000e+00, 0.0000e+00                
# interval = seconds: 0.25
# start_time = Dec 03 2018 09:00:10 [Instrument's time stamp, header]
# bad_flag = -9.990e-29
*END*
     -1.319    27.2008   0.742763     3.9014     2.7026    -0.0250          0      0.000 337.375116   999.3788     -1.312      0.000  0.000e+00
     -1.341    27.2121   0.774951     4.0818     2.6940    -0.0242          0      0.250 337.375119   999.5104     -1.334     -0.006  0.000e+00
     -1.330    27.2662   1.557019     8.6464     2.8677    -0.0319          0      0.500 337.375122  1002.9028     -1.323     -0.007  0.000e+00
     -1.341    27.4748   1.278440     6.9551     2.9332    -0.0242          0      0.750 337.375124  1001.5808     -1.334     -0.011  0.000e+00
     -1.330    27.9172   1.000920     5.2934     2.9056     0.1253          0      1.000 337.375127  1000.2133     -1.323     -0.010  0.000e+00
     -1.319    28.1913   0.621596     3.1592     2.8800     0.1207          0      1.250 337.375130   998.5410     -1.312     -0.006  0.000e+00
     -1.319    28.3008   0.555696     2.7969     2.8707     0.1230          0      1.500 337.375133   998.2387     -1.312     -0.001  0.000e+00
     -1.330    28.2996   0.469796     2.3392     2.8345     0.1177          0      1.750 337.375136   997.8969     -1.323     -0.000  0.000e+00
     -1.255    28.2785   0.419699     2.0761     2.7941    48.6757          0      2.000 337.375139   997.7067     -1.248      0.022  0.000e+00
     -1.136    28.2711   0.778724     4.0135     2.6970    48.6764          0      2.250 337.375142   999.1564     -1.129      0.072  0.000e+00
     -1.060    28.2533   2.361331    13.3243     2.6588    48.6803          0      2.500 337.375145  1006.0988     -1.054      0.122  0.000e+00
     -0.963    28.2154   2.197308    12.3267     2.7260    48.6726          0      2.750 337.375148  1005.3677     -0.957      0.184  0.000e+00
     -0.952    28.1764   5.666997    35.1787     2.5029     1.0508          0      3.000 337.375150  1022.4671     -0.947      0.220  0.000e+00
     -0.887    28.1439   5.665150    35.1900     2.5531     1.0561          0      3.250 337.375153  1022.4866     -0.882      0.251  0.000e+00
     -0.822    28.1259   5.666519    35.2129     2.5744     1.0508          0      3.500 337.375156  1022.5100     -0.818      0.273  0.000e+00
     -0.757    28.1211   5.666862    35.2189     2.5496     1.0538          0      3.750 337.375159  1022.5164     -0.753      0.280  0.000e+00
     -0.682    28.1210   5.666991    35.2199     2.6194     1.0508          0      4.000 337.375162  1022.5175     -0.678      0.265  0.000e+00
     -0.606    28.1214   5.666991    35.2196     2.5688    -0.1013          0      4.250 337.375165  1022.5174     -0.603      0.253  0.000e+00
     -0.595    28.1214   5.666854    35.2186     2.4593    -0.0998          0      4.500 337.375168  1022.5168     -0.592      0.240  0.000e+00
     -0.563    28.1216   5.666390    35.2152     2.4262    -0.0967          0      4.750 337.375171  1022.5143     -0.560      0.225  0.000e+00
     -0.617    28.1206   5.665881    35.2124     2.3759    -0.0990          0      5.000 337.375174  1022.5122     -0.613      0.195  0.000e+00
     -0.649    28.1178   5.665980    35.2152     2.3364    -0.0021          0      5.250 337.375177  1022.5151     -0.646      0.136  0.000e+00
     -0.660    28.1158   5.666360    35.2193     2.3290    -0.0044          0      5.500 337.375179  1022.5188     -0.656      0.076  0.000e+00
     -0.574    28.1155   5.666482    35.2204     2.3200    -0.0082          0      5.750 337.375182  1022.5201     -0.570      0.046  0.000e+00
     -0.455    28.1162   5.666360    35.2190     2.2925    -0.0067          0      6.000 337.375185  1022.5193     -0.452      0.053  0.000e+00
     -0.368    28.1169   5.666360    35.2184     2.3067    -0.0212          0      6.250 337.375188  1022.5191     -0.366      0.087  0.000e+00
     -0.303    28.1181   5.666550    35.2189     2.2934    -0.0242          0      6.500 337.375191  1022.5193     -0.302      0.143  0.000e+00
     -0.271    28.1193   5.666261    35.2159     2.2606    -0.0242          0      6.750 337.375194  1022.5168     -0.269      0.192  0.000e+00
     -0.325    28.1198   5.665820    35.2125     2.2624    -0.0326          0      7.000 337.375197  1022.5138     -0.323      0.215  0.000e+00
     -0.347    28.1191   5.665600    35.2114     2.2486     0.0177          0      7.250 337.375200  1022.5131     -0.345      0.198  0.000e+00
     -0.325    28.1186   5.665440    35.2107     2.2350     0.0292          0      7.500 337.375203  1022.5128     -0.323      0.159  0.000e+00
     -0.336    28.1187   5.665721    35.2126     2.2097     0.0276          0      7.750 337.375205  1022.5142     -0.334      0.091  0.000e+00
     -0.336    28.1183   5.666991    35.2218     2.1747     0.0124          0      8.000 337.375208  1022.5213     -0.334      0.030  0.000e+00
     -0.368    28.1152   5.667151    35.2252     2.1721     0.0253          0      8.250 337.375211  1022.5247     -0.366     -0.015  0.000e+00
     -0.368    28.1136   5.666094    35.2190     2.1636    -0.0113          0      8.500 337.375214  1022.5206     -0.366     -0.037  0.000e+00
     -0.357    28.1125   5.664710    35.2101     2.1606    -0.0181          0      8.750 337.375217  1022.5143     -0.355     -0.035  0.000e+00
     -0.314    28.1095   5.664300    35.2095     2.1663    -0.0097          0      9.000 337.375220  1022.5150     -0.312     -0.007  0.000e+00
     -0.271    28.1060   5.665060    35.2174     2.1623    -0.0151          0      9.250 337.375223  1022.5223     -0.269      0.017  0.000e+00
     -0.228    28.1036   5.667151    35.2339     2.1616     0.0200          0      9.500 337.375226  1022.5357     -0.226      0.043  0.000e+00
     -0.238    28.1023   5.669463    35.2510     2.1638     0.0131          0      9.750 337.375229  1022.5489     -0.237      0.064  0.000e+00
     -0.292    28.1074   5.670451    35.2542     2.1738     0.0055          0     10.000 337.375231  1022.5494     -0.291      0.062  0.000e+00
     -0.314    28.1189   5.668010    35.2285     2.1726     0.0131          0     10.250 337.375234  1022.5261     -0.312      0.051  0.000e+00
     -0.314    28.1269   5.664581    35.1985     2.1741     0.0017          0     10.500 337.375237  1022.5010     -0.312      0.028  0.000e+00
     -0.282    28.1264   5.664619    35.1991     2.1707     0.0093          0     10.750 337.375240  1022.5018     -0.280      0.010  0.000e+00
     -0.260    28.1218   5.665060    35.2057     2.1701     0.0101          0     11.000 337.375243  1022.5083     -0.258     -0.004  0.000e+00
     -0.227    28.1186   5.665410    35.2104     2.1749     0.0086          0     11.250 337.375246  1022.5131     -0.226     -0.002  0.000e+00
     -0.238    28.1166   5.665721    35.2141     2.1795    -0.0235          0     11.500 337.375249  1022.5165     -0.237      0.006  0.000e+00
     -0.249    28.1150   5.665220    35.2119     2.1630    -0.0235          0     11.750 337.375252  1022.5153     -0.248      0.023  0.000e+00
     -0.260    28.1139   5.664429    35.2071     2.1373    -0.0242          0     12.000 337.375255  1022.5120     -0.258      0.035  0.000e+00
     -0.271    28.1133   5.663654    35.2021     2.1264    -0.0303          0     12.250 337.375258  1022.5084     -0.269      0.028  0.000e+00
     -0.303    28.1125   5.663251    35.1999     2.1162    -0.0273          0     12.500 337.375260  1022.5068     -0.301      0.004  0.000e+00
     -0.336    28.1123   5.663061    35.1987     2.1211     0.0398          0     12.750 337.375263  1022.5059     -0.334     -0.030  0.000e+00
     -0.346    28.1123   5.662939    35.1979     2.1054     0.0337          0     13.000 337.375266  1022.5052     -0.345     -0.055  0.000e+00
     -0.336    28.1121   5.662840    35.1973     2.0998     0.0376          0     13.250 337.375269  1022.5049     -0.334     -0.065  0.000e+00
     -0.303    28.1126   5.662970    35.1979     2.1110     0.0261          0     13.500 337.375272  1022.5053     -0.302     -0.050  0.000e+00
     -0.260    28.1133   5.662909    35.1969     2.1050    -0.0159          0     13.750 337.375275  1022.5045     -0.259     -0.023  0.000e+00
     -0.238    28.1138   5.662871    35.1963     2.1195    -0.0059          0     14.000 337.375278  1022.5040     -0.237      0.008  0.000e+00
     -0.206    28.1141   5.662871    35.1961     2.1273    -0.0197          0     14.250 337.375281  1022.5038     -0.205      0.043  0.000e+00
     -0.228    28.1132   5.666071    35.2191     2.1165    -0.0082          0     14.500 337.375284  1022.5214     -0.226      0.066  0.000e+00
     -0.260    28.1112   5.668261    35.2360     2.0913     0.0086          0     14.750 337.375286  1022.5346     -0.259      0.066  0.000e+00
     -0.325    28.1068   5.665379    35.2191     2.0975     0.0063          0     15.000 337.375289  1022.5231     -0.323      0.035  0.000e+00
     -0.314    28.1023   5.663000    35.2058     2.0839     0.0131          0     15.250 337.375292  1022.5146     -0.312      0.002  0.000e+00
     -0.314    28.0983   5.662050    35.2021     2.0723     0.0116          0     15.500 337.375295  1022.5131     -0.312     -0.029  0.000e+00
     -0.271    28.0971   5.662559    35.2065     2.0715    -0.0143          0     15.750 337.375298  1022.5170     -0.269     -0.039  0.000e+00
     -0.217    28.1009   5.663160    35.2079     2.0644    -0.0227          0     16.000 337.375301  1022.5170     -0.216     -0.022  0.000e+00
     -0.217    28.1051   5.665440    35.2207     2.0780    -0.0090          0     16.250 337.375304  1022.5253     -0.216     -0.001  0.000e+00
     -0.206    28.1086   5.667584    35.2331     2.0747    -0.0212          0     16.500 337.375307  1022.5335     -0.205      0.032  0.000e+00
     -0.195    28.1057   5.668102    35.2389     2.0679    -0.0159          0     16.750 337.375310  1022.5389     -0.194      0.061  0.000e+00
     -0.195    28.1030   5.668102    35.2410     2.0755     0.0414          0     17.000 337.375313  1022.5413     -0.194      0.076  0.000e+00
     -0.206    28.1076   5.668261    35.2387     2.0682     0.0322          0     17.250 337.375315  1022.5380     -0.205      0.063  0.000e+00
     -0.238    28.1135   5.667782    35.2309     2.0603     0.0330          0     17.500 337.375318  1022.5301     -0.237      0.037  0.000e+00
     -0.260    28.1129   5.664900    35.2112     2.0692     0.0315          0     17.750 337.375321  1022.5154     -0.259      0.001  0.000e+00
     -0.249    28.1106   5.663631    35.2040     2.0737     0.0398          0     18.000 337.375324  1022.5108     -0.248     -0.022  0.000e+00
     -0.206    28.1076   5.662909    35.2012     2.0461     0.0391          0     18.250 337.375327  1022.5098     -0.205     -0.017  0.000e+00
     -0.184    28.1033   5.662810    35.2037     2.0765     0.0444          0     18.500 337.375330  1022.5132     -0.183     -0.007  0.000e+00
     -0.130    28.1000   5.663479    35.2108     2.0674     0.0360          0     18.750 337.375333  1022.5199     -0.130      0.019  0.000e+00
     -0.152    28.0989   5.665851    35.2283     2.0603     0.0200          0     19.000 337.375336  1022.5333     -0.151      0.038  0.000e+00
     -0.217    28.0970   5.667372    35.2404     2.0575     0.0101          0     19.250 337.375339  1022.5427     -0.216      0.036  0.000e+00
     -0.260    28.0959   5.664429    35.2206     2.0610     0.0276          0     19.500 337.375341  1022.5280     -0.259      0.021  0.000e+00
     -0.217    28.0968   5.662430    35.2059     2.0660     0.0200          0     19.750 337.375344  1022.5169     -0.216      0.010  0.000e+00
     -0.141    28.0951   5.662529    35.2078     2.0711     0.0078          0     20.000 337.375347  1022.5192     -0.140      0.011  0.000e+00
     -0.109    28.0966   5.663669    35.2147     2.0665     0.0131          0     20.250 337.375350  1022.5240     -0.108      0.016  0.000e+00
     -0.076    28.1001   5.666429    35.2314     2.0445     0.0162          0     20.500 337.375353  1022.5356     -0.076      0.035  0.000e+00
     -0.119    28.1003   5.666672    35.2330     2.0481     0.0131          0     20.750 337.375356  1022.5365     -0.119      0.040  0.000e+00
     -0.163    28.1007   5.664619    35.2182     2.0393     0.0047          0     21.000 337.375359  1022.5251     -0.162      0.048  0.000e+00
     -0.152    28.1013   5.663350    35.2089     2.0529     0.0238          0     21.250 337.375362  1022.5179     -0.151      0.054  0.000e+00
     -0.098    28.0994   5.663510    35.2115     2.0642     0.0253          0     21.500 337.375365  1022.5207     -0.097      0.053  0.000e+00
     -0.055    28.1002   5.663631    35.2117     2.0459     0.0246          0     21.750 337.375367  1022.5208     -0.054      0.040  0.000e+00
      0.010    28.1044   5.663510    35.2077     2.0513     0.0177          0     22.000 337.375370  1022.5167      0.010      0.046  0.000e+00
      0.043    28.1087   5.664460    35.2111     2.0476     0.0109          0     22.250 337.375373  1022.5180      0.043      0.071  0.000e+00
      0.010    28.1112   5.665851    35.2190     2.0488     0.0147          0     22.500 337.375376  1022.5230      0.010      0.085  0.000e+00
     -0.033    28.1091   5.665060    35.2150     2.0508     0.0124          0     22.750 337.375379  1022.5205     -0.033      0.091  0.000e+00
     -0.033    28.1065   5.663631    35.2070     2.0499     0.0086          0     23.000 337.375382  1022.5153     -0.033      0.079  0.000e+00
     -0.055    28.1039   5.663099    35.2052     2.0509    -0.0021          0     23.250 337.375385  1022.5147     -0.054      0.042  0.000e+00
     -0.033    28.1029   5.663479    35.2086     2.0451    -0.0113          0     23.500 337.375388  1022.5177     -0.033      0.006  0.000e+00
      0.021    28.1050   5.663981    35.2105     2.0494    -0.0128          0     23.750 337.375391  1022.5187      0.021     -0.004  0.000e+00
      0.140    28.1107   5.665311    35.2156     2.0317    -0.0113          0     24.000 337.375394  1022.5211      0.139      0.023  0.000e+00
      0.205    28.1174   5.665600    35.2126     2.0429     0.0162          0     24.250 337.375396  1022.5169      0.204      0.076  0.000e+00
      0.227    28.1228   5.665539    35.2081     2.0477     0.0177          0     24.500 337.375399  1022.5119      0.225      0.133  0.000e+00
      0.227    28.1218   5.665410    35.2080     2.0829     0.0269          0     24.750 337.375402  1022.5121      0.225      0.167  0.000e+00
      0.216    28.1179   5.664840    35.2069     2.0805     0.0192          0     25.000 337.375405  1022.5126      0.215      0.169  0.000e+00
      0.183    28.1146   5.664330    35.2058     2.1011     0.0215          0     25.250 337.375408  1022.5127      0.182      0.146  0.000e+00
      0.259    28.1123   5.665060    35.2126     2.1054    -0.0204          0     25.500 337.375411  1022.5188      0.258      0.122  0.000e+00
      0.335    28.1153   5.666551    35.2207     2.0950    -0.0174          0     25.750 337.375414  1022.5243      0.333      0.104  0.000e+00
      0.400    28.1223   5.665821    35.2104     2.0623    -0.0174          0     26.000 337.375417  1022.5145      0.397      0.097  0.000e+00
      0.367    28.1279   5.666071    35.2080     2.0574    -0.0166          0     26.250 337.375420  1022.5107      0.365      0.095  0.000e+00
      0.313    28.1272   5.665912    35.2074     2.0350     0.0101          0     26.500 337.375422  1022.5103      0.311      0.086  0.000e+00
      0.237    28.1213   5.665311    35.2076     2.0220     0.0208          0     26.750 337.375425  1022.5121      0.236      0.056  0.000e+00
      0.237    28.1172   5.665281    35.2105     2.0215     0.0170          0     27.000 337.375428  1022.5156      0.236      0.026  0.000e+00
      0.281    28.1166   5.665380    35.2116     2.0402     0.0162          0     27.250 337.375431  1022.5168      0.279      0.003  0.000e+00
      0.302    28.1200   5.665630    35.2108     2.0512     0.0215          0     27.500 337.375434  1022.5152      0.301     -0.030  0.000e+00
