ctd_mafia/cnv/SBE19plus_01906740_2018_12_07_0107.cnv
* Sea-Bird SBE19plus  Data File:
* FileName = C:\Users\all user\Desktop\Patroba _ WWF Mapping Mafia\SBE19plus_01906740_2018_12_07_0107.hex
* Software version 2.6.3.104
* Temperature SN = 6740
* Conductivity SN = 6740
* System UpLoad Time = Dec 07 2018 14:37:22
* <ApplicationData>
* <Seaterm232>
# nquan = 13
# nvalues = 380                                   
# units = specified
# name 0 = prdM: Pressure, Strain Gauge [db]
# name 1 = tv290C: Temperature [ITS-90, deg C]
# name 2 = c0S/m: Conductivity [S/m]
# name 3 = sal00: Salinity, Practical [PSU]
# name 4 = sbeox0ML/L: Oxygen, SBE 43 [ml/l]
# name 5 = flECO-AFL: Fluorescence, WET Labs ECO-AFL/FL [mg/m^3]
# name 6 = nbf: Bottles Fired
# name 7 = timeS: Time, Elapsed [seconds]
# name 8 = timeJ: Julian Days
# name 9 = density00: Density [density, kg/m^3]
# name 10 = depSM: Depth [salt water, m], lat = 0.00
# name 11 = dz/dtM: Descent Rate [m/s]
# name 12 = flag:  0.000e+00
# span 0 =     -1.384,      2.670                 
# span 1 =    27.3691,    28.5151                 
# span 2 =   0.196718,   5.725747                 
# span 3 =     0.9508,    35.4033                 
# span 4 =     1.8308,     3.6753                 
# span 5 =    -0.1730,     0.5892                 
# span 6 =          0,          0                 
# span 7 =      0.000,     94.750                 
# span 8 = 338.447083, 338.448180                 
# span 9 =   997.1229,  1022.5530                 
# span 10 =     -1.377,      2.655                
# span 11 =     -0.886,      0.265                
# span 12 = 0.0000e+00, 0.0000e+00                
# interval = seconds: 0.25
# start_time = Dec 04 2018 10:43:48 [Instrument's time stamp, header]
# bad_flag = -9.990e-29
*END*
[from data line 112]
     -0.270    28.3566   5.682195    35.1506     2.1313     0.0391          0     28.000 338.447407  1022.3896     -0.269      0.009  0.000e+00
     -0.281    28.3548   5.681746    35.1487     2.1263     0.0345          0     28.250 338.447410  1022.3888     -0.280      0.005  0.000e+00
     -0.292    28.3531   5.681305    35.1469     2.1227     0.0459          0     28.500 338.447413  1022.3879     -0.291     -0.001  0.000e+00
     -0.271    28.3515   5.680734    35.1442     2.1175     0.0475          0     28.750 338.447416  1022.3865     -0.269     -0.001  0.000e+00
     -0.281    28.3500   5.680064    35.1406     2.1157     0.0490          0     29.000 338.447419  1022.3842     -0.280     -0.005  0.000e+00
     -0.281    28.3484   5.679584    35.1384     2.1146     0.0505          0     29.250 338.447422  1022.3831     -0.280     -0.009  0.000e+00
     -0.281    28.3471   5.679303    35.1375     2.1087     0.0459          0     29.500 338.447425  1022.3829     -0.280     -0.009  0.000e+00
     -0.260    28.3454   5.678854    35.1356     2.1071     0.0505          0     29.750 338.447428  1022.3821     -0.258      0.001  0.000e+00
     -0.281    28.3438   5.678443    35.1339     2.1033     0.0521          0     30.000 338.447431  1022.3812     -0.280      0.002  0.000e+00
     -0.271    28.3422   5.677964    35.1318     2.1023     0.0444          0     30.250 338.447433  1022.3802     -0.269      0.006  0.000e+00
     -0.271    28.3407   5.677583    35.1302     2.1009     0.0459          0     30.500 338.447436  1022.3796     -0.269      0.007  0.000e+00
     -0.249    28.3390   5.677111    35.1281     2.0962     0.0475          0     30.750 338.447439  1022.3787     -0.248      0.009  0.000e+00
     -0.249    28.3375   5.676921    35.1279     2.0901     0.0521          0     31.000 338.447442  1022.3790     -0.248      0.016  0.000e+00
     -0.238    28.3359   5.676853    35.1287     2.0885     0.0459          0     31.250 338.447445  1022.3801     -0.237      0.020  0.000e+00
     -0.206    28.3343   5.676921    35.1303     2.0861     0.0513          0     31.500 338.447448  1022.3820     -0.204      0.030  0.000e+00
     -0.195    28.3328   5.676061    35.1254     2.0848     0.0749          0     31.750 338.447451  1022.3788     -0.194      0.038  0.000e+00
     -0.195    28.3315   5.675460    35.1222     2.0784     0.0803          0     32.000 338.447454  1022.3769     -0.194      0.048  0.000e+00
     -0.173    28.3298   5.675042    35.1205     2.0735     0.0734          0     32.250 338.447457  1022.3763     -0.172      0.051  0.000e+00
     -0.151    28.3283   5.674411    35.1172     2.0705     0.0658          0     32.500 338.447459  1022.3744     -0.151      0.057  0.000e+00
     -0.130    28.3266   5.674380    35.1183     2.0634     0.0505          0     32.750 338.447462  1022.3759     -0.129      0.061  0.000e+00
     -0.087    28.3249   5.675331    35.1262     2.0623     0.0490          0     33.000 338.447465  1022.3825     -0.086      0.074  0.000e+00
     -0.043    28.3237   5.675392    35.1274     2.0559     0.0444          0     33.250 338.447468  1022.3840     -0.043      0.087  0.000e+00
     -0.033    28.3225   5.674852    35.1246     2.0537     0.0459          0     33.500 338.447471  1022.3824     -0.032      0.094  0.000e+00
     -0.043    28.3214   5.674221    35.1210     2.0502     0.0498          0     33.750 338.447474  1022.3800     -0.043      0.094  0.000e+00
     -0.032    28.3199   5.673969    35.1204     2.0442     0.0437          0     34.000 338.447477  1022.3800     -0.032      0.091  0.000e+00
     -0.000    28.3185   5.673331    35.1169     2.0422     0.0345          0     34.250 338.447480  1022.3780     -0.000      0.085  0.000e+00
      0.011    28.3171   5.673490    35.1191     2.0378     0.0383          0     34.500 338.447483  1022.3802      0.011      0.076  0.000e+00
      0.022    28.3155   5.673802    35.1224     2.0381     0.0360          0     34.750 338.447486  1022.3833      0.021      0.066  0.000e+00
      0.043    28.3144   5.673871    35.1237     2.0366     0.0559          0     35.000 338.447488  1022.3847      0.043      0.056  0.000e+00
      0.065    28.3131   5.674122    35.1264     2.0292     0.0589          0     35.250 338.447491  1022.3872      0.064      0.056  0.000e+00
      0.054    28.3125   5.673620    35.1234     2.0260     0.0574          0     35.500 338.447494  1022.3851      0.054      0.056  0.000e+00
      0.097    28.3117   5.672669    35.1174     2.0186     0.0612          0     35.750 338.447497  1022.3810      0.097      0.066  0.000e+00
      0.130    28.3104   5.672281    35.1156     2.0172     0.0467          0     36.000 338.447500  1022.3803      0.129      0.071  0.000e+00
      0.130    28.3087   5.672859    35.1209     2.0154     0.0459          0     36.250 338.447503  1022.3848      0.129      0.069  0.000e+00
      0.140    28.3077   5.673080    35.1232     2.0153     0.0437          0     36.500 338.447506  1022.3869      0.140      0.070  0.000e+00
      0.205    28.3068   5.672760    35.1216     2.0091     0.0521          0     36.750 338.447509  1022.3863      0.204      0.082  0.000e+00
      0.216    28.3058   5.673049    35.1243     2.0079     0.0124          0     37.000 338.447512  1022.3887      0.215      0.088  0.000e+00
      0.238    28.3049   5.672601    35.1219     2.0056     0.0055          0     37.250 338.447514  1022.3872      0.236      0.094  0.000e+00
      0.238    28.3037   5.672601    35.1227     2.0004     0.0040          0     37.500 338.447517  1022.3883      0.236      0.094  0.000e+00
      0.270    28.3029   5.672426    35.1221     1.9978     0.0055          0     37.750 338.447520  1022.3883      0.269      0.087  0.000e+00
      0.270    28.3017   5.672951    35.1267     1.9983     0.0002          0     38.000 338.447523  1022.3921      0.269      0.081  0.000e+00
      0.303    28.3008   5.673460    35.1309     1.9915     0.0452          0     38.250 338.447526  1022.3957      0.301      0.082  0.000e+00
      0.324    28.3008   5.673430    35.1307     1.9867     0.0490          0     38.500 338.447529  1022.3956      0.322      0.078  0.000e+00
      0.324    28.3010   5.673171    35.1287     1.9825     0.0444          0     38.750 338.447532  1022.3941      0.322      0.064  0.000e+00
      0.357    28.3008   5.672540    35.1244     1.9800     0.0490          0     39.000 338.447535  1022.3911      0.355      0.068  0.000e+00
      0.378    28.2999   5.672411    35.1242     1.9744     0.0330          0     39.250 338.447538  1022.3913      0.376      0.072  0.000e+00
      0.378    28.2989   5.672669    35.1267     1.9755     0.0360          0     39.500 338.447541  1022.3935      0.376      0.072  0.000e+00
      0.421    28.2978   5.672411    35.1258     1.9692     0.0307          0     39.750 338.447543  1022.3933      0.419      0.074  0.000e+00
      0.443    28.2969   5.672160    35.1247     1.9676     0.0330          0     40.000 338.447546  1022.3929      0.441      0.081  0.000e+00
      0.454    28.2959   5.672411    35.1272     1.9673     0.0475          0     40.250 338.447549  1022.3951      0.451      0.079  0.000e+00
      0.475    28.2951   5.672631    35.1293     1.9633     0.0490          0     40.500 338.447552  1022.3971      0.473      0.081  0.000e+00
      0.497    28.2944   5.672951    35.1320     1.9608     0.0452          0     40.750 338.447555  1022.3994      0.494      0.084  0.000e+00
      0.530    28.2941   5.673559    35.1365     1.9593     0.0459          0     41.000 338.447558  1022.4030      0.527      0.085  0.000e+00
      0.540    28.2943   5.673871    35.1385     1.9537     0.0177          0     41.250 338.447561  1022.4045      0.537      0.086  0.000e+00
      0.562    28.2950   5.673620    35.1362     1.9545     0.0223          0     41.500 338.447564  1022.4027      0.559      0.087  0.000e+00
      0.605    28.2953   5.673681    35.1364     1.9515     0.0192          0     41.750 338.447567  1022.4029      0.602      0.088  0.000e+00
      0.649    28.2954   5.674381    35.1412     1.9488     0.0261          0     42.000 338.447569  1022.4067      0.645      0.100  0.000e+00
      0.670    28.2961   5.674001    35.1380     1.9439     0.0231          0     42.250 338.447572  1022.4042      0.666      0.109  0.000e+00
      0.692    28.2966   5.673430    35.1337     1.9421     0.0467          0     42.500 338.447575  1022.4008      0.688      0.112  0.000e+00
      0.713    28.2964   5.673651    35.1354     1.9400     0.0513          0     42.750 338.447578  1022.4022      0.709      0.113  0.000e+00
      0.757    28.2958   5.673111    35.1320     1.9341     0.0505          0     43.000 338.447581  1022.4001      0.752      0.117  0.000e+00
      0.757    28.2951   5.672822    35.1305     1.9336     0.0421          0     43.250 338.447584  1022.3992      0.752      0.114  0.000e+00
      0.746    28.2940   5.673240    35.1342     1.9316     0.0215          0     43.500 338.447587  1022.4023      0.742      0.097  0.000e+00
      0.778    28.2935   5.672860    35.1320     1.9282     0.0261          0     43.750 338.447590  1022.4010      0.774      0.081  0.000e+00
      0.800    28.2928   5.672000    35.1265     1.9285     0.0215          0     44.000 338.447593  1022.3972      0.795      0.072  0.000e+00
      0.832    28.2914   5.672152    35.1286     1.9214     0.0246          0     44.250 338.447595  1022.3993      0.828      0.073  0.000e+00
      0.886    28.2900   5.672822    35.1343     1.9217     0.0566          0     44.500 338.447598  1022.4043      0.881      0.083  0.000e+00
      0.930    28.2897   5.673202    35.1371     1.9198     0.0597          0     44.750 338.447601  1022.4067      0.924      0.097  0.000e+00
      0.951    28.2899   5.673050    35.1359     1.9209     0.0551          0     45.000 338.447604  1022.4058      0.946      0.109  0.000e+00
      0.962    28.2902   5.673301    35.1374     1.9139     0.0635          0     45.250 338.447607  1022.4069      0.957      0.122  0.000e+00
      0.994    28.2905   5.672571    35.1321     1.9124     0.0765          0     45.500 338.447610  1022.4029      0.989      0.130  0.000e+00
      1.038    28.2905   5.671681    35.1259     1.9122     0.0788          0     45.750 338.447613  1022.3984      1.032      0.130  0.000e+00
      1.070    28.2893   5.672221    35.1305     1.9074     0.0734          0     46.000 338.447616  1022.4025      1.064      0.130  0.000e+00
      1.102    28.2882   5.672921    35.1363     1.9104     0.0704          0     46.250 338.447619  1022.4073      1.096      0.126  0.000e+00
      1.146    28.2885   5.672571    35.1336     1.9058     0.0803          0     46.500 338.447622  1022.4054      1.139      0.125  0.000e+00
      1.167    28.2887   5.672571    35.1334     1.9063     0.0261          0     46.750 338.447624  1022.4053      1.161      0.126  0.000e+00
      1.200    28.2885   5.673332    35.1389     1.9012     0.0284          0     47.000 338.447627  1022.4096      1.193      0.132  0.000e+00
      1.232    28.2892   5.674229    35.1446     1.8990     0.0253          0     47.250 338.447630  1022.4138      1.225      0.135  0.000e+00
      1.286    28.2911   5.674823    35.1473     1.9007     0.0231          0     47.500 338.447633  1022.4154      1.279      0.138  0.000e+00
      1.308    28.2942   5.674952    35.1459     1.8955     0.0231          0     47.750 338.447636  1022.4134      1.301      0.136  0.000e+00
      1.362    28.2970   5.674891    35.1434     1.8926     0.0147          0     48.000 338.447639  1022.4109      1.354      0.142  0.000e+00
      1.384    28.2990   5.675743    35.1478     1.8888     0.0292          0     48.250 338.447642  1022.4136      1.376      0.143  0.000e+00
      1.448    28.3012   5.676854    35.1539     1.8897     0.0177          0     48.500 338.447645  1022.4178      1.440      0.151  0.000e+00
      1.470    28.3052   5.677303    35.1541     1.8869     0.0612          0     48.750 338.447648  1022.4167      1.462      0.156  0.000e+00
      1.502    28.3093   5.678125    35.1568     1.8859     0.0589          0     49.000 338.447650  1022.4174      1.494      0.155  0.000e+00
      1.557    28.3135   5.678665    35.1574     1.8823     0.0589          0     49.250 338.447653  1022.4168      1.548      0.157  0.000e+00
      1.589    28.3173   5.678665    35.1546     1.8818     0.0521          0     49.500 338.447656  1022.4136      1.580      0.155  0.000e+00
      1.632    28.3194   5.678954    35.1550     1.8792     0.0505          0     49.750 338.447659  1022.4134      1.623      0.159  0.000e+00
      1.654    28.3200   5.679015    35.1550     1.8790     0.0414          0     50.000 338.447662  1022.4132      1.645      0.152  0.000e+00
      1.686    28.3196   5.678140    35.1492     1.8766     0.0398          0     50.250 338.447665  1022.4091      1.677      0.149  0.000e+00
      1.729    28.3184   5.678003    35.1491     1.8744     0.0459          0     50.500 338.447668  1022.4096      1.720      0.143  0.000e+00
      1.762    28.3165   5.677493    35.1470     1.8724     0.0437          0     50.750 338.447671  1022.4088      1.752      0.145  0.000e+00
      1.783    28.3147   5.676542    35.1416     1.8751     0.0688          0     51.000 338.447674  1022.4055      1.774      0.138  0.000e+00
      1.827    28.3125   5.676063    35.1399     1.8710     0.0673          0     51.250 338.447677  1022.4052      1.817      0.133  0.000e+00
      1.837    28.3098   5.675743    35.1397     1.8706     0.0711          0     51.500 338.447679  1022.4059      1.827      0.128  0.000e+00
      1.913    28.3076   5.675584    35.1402     1.8768     0.0749          0     51.750 338.447682  1022.4073      1.903      0.134  0.000e+00
      1.913    28.3058   5.675873    35.1435     1.8727     0.0421          0     52.000 338.447685  1022.4104      1.903      0.133  0.000e+00
      1.924    28.3045   5.675842    35.1443     1.8741     0.0475          0     52.250 338.447688  1022.4114      1.913      0.124  0.000e+00
      1.967    28.3034   5.675082    35.1397     1.8715     0.0490          0     52.500 338.447691  1022.4086      1.956      0.119  0.000e+00
      1.989    28.3022   5.674443    35.1362     1.8712     0.0429          0     52.750 338.447694  1022.4065      1.978      0.115  0.000e+00
      2.043    28.3010   5.674001    35.1340     1.8673     0.0505          0     53.000 338.447697  1022.4054      2.032      0.120  0.000e+00
      2.108    28.2996   5.674078    35.1355     1.8671     0.0475          0     53.250 338.447700  1022.4073      2.096      0.130  0.000e+00
      2.140    28.2984   5.674633    35.1403     1.8685     0.0475          0     53.500 338.447703  1022.4115      2.128      0.141  0.000e+00
      2.173    28.2974   5.675424    35.1466     1.8640     0.0429          0     53.750 338.447705  1022.4166      2.161      0.144  0.000e+00
      2.184    28.2972   5.677144    35.1587     1.8641     0.0719          0     54.000 338.447708  1022.4258      2.172      0.153  0.000e+00
      2.205    28.2977   5.677395    35.1601     1.8596     0.0719          0     54.250 338.447711  1022.4268      2.193      0.149  0.000e+00
      2.227    28.2986   5.676923    35.1562     1.8565     0.0673          0     54.500 338.447714  1022.4236      2.215      0.136  0.000e+00
      2.270    28.2988   5.676855    35.1555     1.8517     0.0780          0     54.750 338.447717  1022.4232      2.258      0.128  0.000e+00
      2.313    28.2985   5.676543    35.1536     1.8520     0.0726          0     55.000 338.447720  1022.4221      2.301      0.118  0.000e+00
      2.346    28.2977   5.676573    35.1543     1.8540     0.0719          0     55.250 338.447723  1022.4231      2.333      0.114  0.000e+00
