ctd_mafia/cnv/SBE19plus_01906740_2018_12_07_0095.cnv
* Sea-Bird SBE19plus  Data File:
* FileName = C:\Users\all user\Desktop\Patroba _ WWF Mapping Mafia\SBE19plus_01906740_2018_12_07_0095.hex
* Software version 2.6.3.104
* Temperature SN = 6740
* Conductivity SN = 6740
* System UpLoad Time = Dec 07 2018 14:34:17
* <ApplicationData>
* <Seaterm232>
# nquan = 13
# nvalues = 345                                   
# units = specified
# name 0 = prdM: Pressure, Strain Gauge [db]
# name 1 = tv290C: Temperature [ITS-90, deg C]
# name 2 = c0S/m: Conductivity [S/m]
# name 3 = sal00: Salinity, Practical [PSU]
# name 4 = sbeox0ML/L: Oxygen, SBE 43 [ml/l]
# name 5 = flECO-AFL: Fluorescence, WET Labs ECO-AFL/FL [mg/m^3]
# name 6 = nbf: Bottles Fired
# name 7 = timeS: Time, Elapsed [seconds]
# name 8 = timeJ: Julian Days
# name 9 = density00: Density [density, kg/m^3]
# name 10 = depSM: Depth [salt water, m], lat = 0.00
# name 11 = dz/dtM: Descent Rate [m/s]
# name 12 = flag:  0.000e+00
# span 0 =     -1.399,      2.839                 
# span 1 =    28.3077,    30.0031                 
# span 2 =   0.348910,   5.734255                 
# span 3 =     1.6579,    35.3245                 
# span 4 =     1.7242,     2.6205                 
# span 5 =    -0.1990,    48.6787                 
# span 6 =          0,          0                 
# span 7 =      0.000,     86.000                 
# span 8 = 338.360058, 338.361053                 
# span 9 =   996.9716,  1022.4692                 
# span 10 =     -1.392,      2.823                
# span 11 =     -0.923,      0.221                
# span 12 = 0.0000e+00, 0.0000e+00                
# interval = seconds: 0.25
# start_time = Dec 04 2018 08:38:29 [Instrument's time stamp, header]
# bad_flag = -9.990e-29
*END*
     -1.260    29.8037   1.002898     5.1031     2.4783     0.0055          0      0.000 338.360058   999.5094     -1.253 4.2106e-16  0.000e+00
     -1.217    29.9542   0.590484     2.8852     2.4943    -0.0014          0      0.250 338.360061   997.8128     -1.210      0.012  0.000e+00
     -1.195    30.0031   0.561869     2.7337     2.4839     0.0025          0      0.500 338.360064   997.6852     -1.188      0.026  0.000e+00
     -1.152    29.9502   0.476136     2.2945     2.5718     0.0032          0      0.750 338.360067   997.3741     -1.145      0.048  0.000e+00
     -1.076    29.7122   0.348910     1.6579     2.6169    48.6688          0      1.000 338.360069   996.9716     -1.070      0.082  0.000e+00
     -1.000    29.3550   4.149049    24.2201     2.3196    48.6787          0      1.250 338.360072  1013.8748     -0.995      0.125  0.000e+00
     -0.925    29.0497   4.724950    28.1688     2.2948    48.6696          0      1.500 338.360075  1016.9245     -0.920      0.170  0.000e+00
     -0.892    28.8572   3.076907    17.5875     2.4212    48.6696          0      1.750 338.360078  1009.0892     -0.887      0.202  0.000e+00
     -0.849    28.7372   3.508475    20.3753     2.3751     0.3038          0      2.000 338.360081  1011.2049     -0.844      0.221  0.000e+00
     -0.838    28.6675   5.270513    32.0889     2.2137     0.3031          0      2.250 338.360084  1019.9861     -0.833      0.215  0.000e+00
     -0.773    28.6313   5.694954    35.0361     2.1656     0.3046          0      2.500 338.360087  1022.2106     -0.769      0.213  0.000e+00
     -0.708    28.6101   5.734255    35.3245     2.1469     0.2992          0      2.750 338.360090  1022.4346     -0.704      0.206  0.000e+00
     -0.686    28.5876   5.727708    35.2957     2.1421    -0.0220          0      3.000 338.360093  1022.4205     -0.683      0.186  0.000e+00
     -0.643    28.5616   5.721316    35.2706     2.1466    -0.0273          0      3.250 338.360095  1022.4105     -0.640      0.172  0.000e+00
     -0.654    28.5350   5.716187    35.2548     2.1492    -0.0212          0      3.500 338.360098  1022.4074     -0.650      0.152  0.000e+00
     -0.643    28.5100   5.711800    35.2428     2.1612    -0.0288          0      3.750 338.360101  1022.4067     -0.640      0.137  0.000e+00
     -0.632    28.4866   5.709206    35.2422     2.1761    -0.0326          0      4.000 338.360104  1022.4140     -0.629      0.117  0.000e+00
     -0.611    28.4649   5.707864    35.2490     2.1806     0.0711          0      4.250 338.360107  1022.4264     -0.607      0.100  0.000e+00
     -0.610    28.4475   5.706789    35.2544     2.1856     0.0688          0      4.500 338.360110  1022.4363     -0.607      0.070  0.000e+00
     -0.589    28.4343   5.705882    35.2579     2.1844     0.0749          0      4.750 338.360113  1022.4433     -0.586      0.053  0.000e+00
     -0.578    28.4245   5.705081    35.2596     2.1887     0.0688          0      5.000 338.360116  1022.4478     -0.575      0.048  0.000e+00
     -0.589    28.4175   5.704380    35.2600     2.1874     0.0063          0      5.250 338.360119  1022.4504     -0.586      0.038  0.000e+00
     -0.578    28.4124   5.704319    35.2634     2.1855     0.0086          0      5.500 338.360122  1022.4547     -0.575      0.040  0.000e+00
     -0.578    28.4078   5.704121    35.2654     2.1867     0.0086          0      5.750 338.360124  1022.4577     -0.575      0.033  0.000e+00
     -0.556    28.4045   5.703930    35.2665     2.1880     0.0055          0      6.000 338.360127  1022.4598     -0.553      0.031  0.000e+00
     -0.524    28.4019   5.705036    35.2761     2.1884     0.0589          0      6.250 338.360130  1022.4680     -0.521      0.036  0.000e+00
     -0.491    28.4008   5.702977    35.2626     2.1900     0.0635          0      6.500 338.360133  1022.4583     -0.488      0.049  0.000e+00
     -0.502    28.3996   5.703069    35.2642     2.1944     0.0612          0      6.750 338.360136  1022.4598     -0.499      0.051  0.000e+00
     -0.480    28.3988   5.703358    35.2668     2.1944     0.0604          0      7.000 338.360139  1022.4621     -0.478      0.059  0.000e+00
     -0.470    28.3979   5.703580    35.2689     2.1946     0.0383          0      7.250 338.360142  1022.4641     -0.467      0.066  0.000e+00
     -0.480    28.3974   5.703130    35.2662     2.1930     0.0376          0      7.500 338.360145  1022.4622     -0.478      0.059  0.000e+00
     -0.459    28.3967   5.702588    35.2629     2.2004     0.0315          0      7.750 338.360148  1022.4600     -0.456      0.055  0.000e+00
     -0.491    28.3966   5.702459    35.2621     2.2031     0.0345          0      8.000 338.360150  1022.4593     -0.489      0.034  0.000e+00
     -0.480    28.3963   5.702428    35.2621     2.2065     0.0337          0      8.250 338.360153  1022.4595     -0.478      0.017  0.000e+00
     -0.470    28.3960   5.702337    35.2617     2.2093     0.0459          0      8.500 338.360156  1022.4593     -0.467      0.009  0.000e+00
     -0.459    28.3952   5.702306    35.2621     2.2107     0.0490          0      8.750 338.360159  1022.4599     -0.456      0.011  0.000e+00
     -0.448    28.3947   5.702268    35.2622     2.2109     0.0513          0      9.000 338.360162  1022.4602     -0.446      0.011  0.000e+00
     -0.480    28.3943   5.702306    35.2628     2.3197     0.0459          0      9.250 338.360165  1022.4606     -0.478      0.005  0.000e+00
     -0.470    28.3942   5.702306    35.2629     2.3025     0.0192          0      9.500 338.360168  1022.4608     -0.467      0.006  0.000e+00
     -0.470    28.3942   5.702306    35.2629     2.2727     0.0032          0      9.750 338.360171  1022.4608     -0.467      0.003  0.000e+00
     -0.470    28.3940   5.702306    35.2630     2.2469     0.0139          0     10.000 338.360174  1022.4610     -0.467      0.006  0.000e+00
     -0.470    28.3938   5.702306    35.2631     2.2239     0.0131          0     10.250 338.360177  1022.4611     -0.467     -0.000  0.000e+00
     -0.459    28.3939   5.702268    35.2628     2.2004     0.0604          0     10.500 338.360179  1022.4609     -0.457     -0.002  0.000e+00
     -0.448    28.3943   5.702306    35.2628     2.1772     0.0620          0     10.750 338.360182  1022.4608     -0.446      0.002  0.000e+00
     -0.427    28.3944   5.702337    35.2629     2.1494     0.0696          0     11.000 338.360185  1022.4609     -0.424      0.014  0.000e+00
     -0.459    28.3945   5.702398    35.2633     2.1247     0.0658          0     11.250 338.360188  1022.4610     -0.456      0.018  0.000e+00
     -0.437    28.3949   5.702398    35.2630     2.1329     0.0208          0     11.500 338.360191  1022.4608     -0.435      0.018  0.000e+00
     -0.448    28.3950   5.702337    35.2625     2.1383     0.0200          0     11.750 338.360194  1022.4603     -0.446      0.016  0.000e+00
     -0.459    28.3949   5.702238    35.2619     2.1354     0.0185          0     12.000 338.360197  1022.4599     -0.456      0.009  0.000e+00
     -0.459    28.3949   5.701948    35.2598     2.1323     0.0162          0     12.250 338.360200  1022.4583     -0.456      0.002  0.000e+00
     -0.470    28.3946   5.701727    35.2585     2.1288     0.0200          0     12.500 338.360203  1022.4574     -0.467     -0.009  0.000e+00
     -0.481    28.3948   5.701635    35.2577     2.1235     0.0376          0     12.750 338.360205  1022.4567     -0.478     -0.019  0.000e+00
     -0.470    28.3957   5.701635    35.2570     2.1164     0.0360          0     13.000 338.360208  1022.4559     -0.467     -0.021  0.000e+00
     -0.459    28.3967   5.701857    35.2578     2.1112     0.0330          0     13.250 338.360211  1022.4562     -0.456     -0.012  0.000e+00
     -0.437    28.3977   5.702055    35.2585     2.1021     0.0368          0     13.500 338.360214  1022.4564     -0.435     -0.005  0.000e+00
     -0.426    28.3985   5.702268    35.2594     2.0962     0.1261          0     13.750 338.360217  1022.4569     -0.424      0.010  0.000e+00
     -0.426    28.3983   5.702367    35.2602     2.0926     0.1291          0     14.000 338.360220  1022.4576     -0.424      0.021  0.000e+00
     -0.459    28.3982   5.702428    35.2607     2.0894     0.1245          0     14.250 338.360223  1022.4579     -0.456      0.018  0.000e+00
     -0.448    28.3981   5.702527    35.2615     2.0862     0.1261          0     14.500 338.360226  1022.4585     -0.446      0.018  0.000e+00
     -0.491    28.3980   5.702497    35.2613     2.0873     0.0459          0     14.750 338.360229  1022.4583     -0.489      0.002  0.000e+00
     -0.502    28.3977   5.702306    35.2602     2.0864     0.0505          0     15.000 338.360231  1022.4575     -0.499     -0.019  0.000e+00
     -0.459    28.3977   5.702116    35.2589     2.0842     0.0475          0     15.250 338.360234  1022.4567     -0.456     -0.023  0.000e+00
     -0.437    28.3976   5.702017    35.2583     2.0848     0.0513          0     15.500 338.360237  1022.4563     -0.435     -0.019  0.000e+00
     -0.405    28.3975   5.701986    35.2581     2.0807     0.0192          0     15.750 338.360240  1022.4564     -0.403      0.000  0.000e+00
     -0.405    28.3973   5.701918    35.2578     2.0790     0.0215          0     16.000 338.360243  1022.4562     -0.403      0.020  0.000e+00
     -0.405    28.3973   5.701948    35.2580     2.0752     0.0185          0     16.250 338.360246  1022.4564     -0.403      0.039  0.000e+00
     -0.426    28.3973   5.701918    35.2578     2.0748     0.0147          0     16.500 338.360249  1022.4561     -0.424      0.040  0.000e+00
     -0.448    28.3975   5.701826    35.2570     2.0677     0.0147          0     16.750 338.360252  1022.4554     -0.446      0.036  0.000e+00
     -0.448    28.3977   5.701696    35.2560     2.0686     0.0658          0     17.000 338.360255  1022.4545     -0.446      0.018  0.000e+00
     -0.459    28.3977   5.701658    35.2557     2.0603     0.0543          0     17.250 338.360258  1022.4543     -0.456     -0.009  0.000e+00
     -0.459    28.3981   5.701666    35.2555     2.0553     0.0574          0     17.500 338.360260  1022.4540     -0.456     -0.025  0.000e+00
     -0.426    28.3978   5.701666    35.2557     2.0557     0.0604          0     17.750 338.360263  1022.4544     -0.424     -0.025  0.000e+00
     -0.416    28.3977   5.701727    35.2562     2.0512     0.0185          0     18.000 338.360266  1022.4548     -0.413     -0.012  0.000e+00
     -0.415    28.3977   5.701727    35.2562     2.0467     0.0231          0     18.250 338.360269  1022.4548     -0.413      0.002  0.000e+00
     -0.426    28.3980   5.701727    35.2559     2.0410     0.0200          0     18.500 338.360272  1022.4545     -0.424      0.013  0.000e+00
     -0.448    28.3982   5.701696    35.2556     2.0391     0.0261          0     18.750 338.360275  1022.4541     -0.445      0.013  0.000e+00
     -0.470    28.3985   5.701658    35.2551     2.0353     0.0444          0     19.000 338.360278  1022.4535     -0.467      0.001  0.000e+00
     -0.448    28.3986   5.701635    35.2549     2.0315     0.0467          0     19.250 338.360281  1022.4534     -0.445     -0.003  0.000e+00
     -0.448    28.3988   5.701635    35.2547     2.0315     0.0521          0     19.500 338.360284  1022.4532     -0.445     -0.011  0.000e+00
     -0.415    28.3992   5.701635    35.2544     2.0289     0.0467          0     19.750 338.360286  1022.4530     -0.413     -0.011  0.000e+00
     -0.416    28.3993   5.701666    35.2546     2.0241     0.0589          0     20.000 338.360289  1022.4531     -0.413     -0.003  0.000e+00
     -0.405    28.3997   5.701666    35.2543     2.0281     0.0635          0     20.250 338.360292  1022.4528     -0.403      0.011  0.000e+00
     -0.437    28.4003   5.701696    35.2541     2.0299     0.0620          0     20.500 338.360295  1022.4523     -0.435      0.015  0.000e+00
     -0.437    28.4006   5.701719    35.2540     2.0270     0.0543          0     20.750 338.360298  1022.4522     -0.435      0.017  0.000e+00
     -0.448    28.4010   5.701727    35.2538     2.0257     0.0612          0     21.000 338.360301  1022.4518     -0.446      0.010  0.000e+00
     -0.448    28.4010   5.701727    35.2537     2.0266     0.0406          0     21.250 338.360304  1022.4517     -0.446     -0.004  0.000e+00
     -0.416    28.4010   5.701727    35.2537     2.0260     0.0360          0     21.500 338.360307  1022.4519     -0.413     -0.004  0.000e+00
     -0.416    28.4008   5.701727    35.2539     2.0219     0.0322          0     21.750 338.360310  1022.4521     -0.413     -0.007  0.000e+00
     -0.437    28.4001   5.701727    35.2544     2.0252     0.0322          0     22.000 338.360313  1022.4526     -0.435     -0.006  0.000e+00
     -0.437    28.3996   5.701727    35.2548     2.0214     0.0871          0     22.250 338.360315  1022.4531     -0.435     -0.004  0.000e+00
     -0.426    28.3990   5.701719    35.2552     2.0190     0.0902          0     22.500 338.360318  1022.4536     -0.424      0.006  0.000e+00
     -0.426    28.3984   5.701757    35.2559     2.0159     0.0810          0     22.750 338.360321  1022.4543     -0.424      0.007  0.000e+00
     -0.437    28.3981   5.701727    35.2559     2.0178     0.0879          0     23.000 338.360324  1022.4544     -0.435      0.004  0.000e+00
     -0.426    28.3975   5.701727    35.2563     2.0127     0.0360          0     23.250 338.360327  1022.4549     -0.424      0.001  0.000e+00
     -0.427    28.3973   5.701788    35.2569     2.0151     0.0315          0     23.500 338.360330  1022.4554     -0.424     -0.004  0.000e+00
     -0.394    28.3972   5.701918    35.2579     2.0125     0.0292          0     23.750 338.360333  1022.4563     -0.392      0.009  0.000e+00
     -0.416    28.3971   5.702337    35.2609     2.0132     0.0330          0     24.000 338.360336  1022.4585     -0.413      0.014  0.000e+00
     -0.383    28.3973   5.702657    35.2629     2.0132     0.0772          0     24.250 338.360339  1022.4602     -0.381      0.022  0.000e+00
     -0.372    28.3974   5.703069    35.2657     2.0114     0.0788          0     24.500 338.360341  1022.4623     -0.370      0.028  0.000e+00
     -0.362    28.3976   5.703229    35.2667     2.0096     0.0749          0     24.750 338.360344  1022.4630     -0.360      0.037  0.000e+00
     -0.329    28.3980   5.702817    35.2635     2.0089     0.0803          0     25.000 338.360347  1022.4606     -0.327      0.050  0.000e+00
     -0.308    28.3979   5.702817    35.2636     2.0072     0.0704          0     25.250 338.360350  1022.4608     -0.306      0.058  0.000e+00
     -0.243    28.3979   5.702688    35.2627     2.0043     0.0459          0     25.500 338.360353  1022.4604     -0.241      0.079  0.000e+00
     -0.221    28.3979   5.702657    35.2624     2.0024     0.0414          0     25.750 338.360356  1022.4603     -0.220      0.094  0.000e+00
     -0.221    28.3980   5.702589    35.2619     2.0001     0.0437          0     26.000 338.360359  1022.4599     -0.220      0.105  0.000e+00
     -0.210    28.3979   5.702947    35.2645     2.0009     0.0414          0     26.250 338.360362  1022.4619     -0.209      0.101  0.000e+00
     -0.178    28.3981   5.703168    35.2658     1.9974     0.0398          0     26.500 338.360365  1022.4630     -0.177      0.102  0.000e+00
     -0.167    28.3982   5.703389    35.2673     1.9958     0.0505          0     26.750 338.360367  1022.4641     -0.166      0.097  0.000e+00
     -0.145    28.3983   5.703199    35.2659     1.9930     0.0490          0     27.000 338.360370  1022.4631     -0.145      0.086  0.000e+00
     -0.145    28.3983   5.703260    35.2663     1.9941     0.0482          0     27.250 338.360373  1022.4634     -0.145      0.073  0.000e+00
     -0.134    28.3981   5.703168    35.2658     1.9891     0.0559          0     27.500 338.360376  1022.4632     -0.134      0.057  0.000e+00
