ctd_mafia/cnv/SBE19plus_01906740_2018_12_07_0090.cnv
* Sea-Bird SBE19plus  Data File:
* FileName = C:\Users\all user\Desktop\Patroba _ WWF Mapping Mafia\SBE19plus_01906740_2018_12_07_0090.hex
* Software version 2.6.3.104
* Temperature SN = 6740
* Conductivity SN = 6740
* System UpLoad Time = Dec 07 2018 14:33:20
* <ApplicationData>
* <Seaterm232>
# nquan = 13
# nvalues = 174                                   
# units = specified
# name 0 = prdM: Pressure, Strain Gauge [db]
# name 1 = tv290C: Temperature [ITS-90, deg C]
# name 2 = c0S/m: Conductivity [S/m]
# name 3 = sal00: Salinity, Practical [PSU]
# name 4 = sbeox0ML/L: Oxygen, SBE 43 [ml/l]
# name 5 = flECO-AFL: Fluorescence, WET Labs ECO-AFL/FL [mg/m^3]
# name 6 = nbf: Bottles Fired
# name 7 = timeS: Time, Elapsed [seconds]
# name 8 = timeJ: Julian Days
# name 9 = density00: Density [density, kg/m^3]
# name 10 = depSM: Depth [salt water, m], lat = 0.00
# name 11 = dz/dtM: Descent Rate [m/s]
# name 12 = flag:  0.000e+00
# span 0 =     -1.372,      0.499                 
# span 1 =    29.4944,    30.4079                 
# span 2 =   0.281601,   5.853375                 
# span 3 =     1.3075,    35.4295                 
# span 4 =     1.9405,     2.6214                 
# span 5 =     0.0101,    48.6879                 
# span 6 =          0,          0                 
# span 7 =      0.000,     43.250                 
# span 8 = 337.457269, 337.457769                 
# span 9 =   996.5353,  1022.1900                 
# span 10 =     -1.364,      0.496                
# span 11 =     -0.523,      0.229                
# span 12 = 0.0000e+00, 0.0000e+00                
# interval = seconds: 0.25
# start_time = Dec 03 2018 10:58:28 [Instrument's time stamp, header]
# bad_flag = -9.990e-29
*END*
     -1.340    29.9293   1.902776    10.1729     2.2488     2.0647          0      0.000 337.457269  1003.2376     -1.333 -8.421e-16  0.000e+00
     -1.351    30.0935   1.833157     9.7364     2.2553     2.0731          0      0.250 337.457271  1002.8619     -1.344     -0.003  0.000e+00
     -1.340    30.1665   1.219101     6.2512     2.3165     2.0678          0      0.500 337.457274  1000.2507     -1.333     -0.002  0.000e+00
     -1.340    30.1785   3.101509    17.2674     2.2986     2.0754          0      0.750 337.457277  1008.4290     -1.333     -0.002  0.000e+00
     -1.340    30.2001   1.101718     5.6011     2.4426    48.6780          0      1.000 337.457280   999.7572     -1.333     -0.001  0.000e+00
     -1.340    30.2545   2.339809    12.6600     2.3327    48.6764          0      1.250 337.457283  1004.9819     -1.333     -0.000  0.000e+00
     -1.340    30.2693   0.737695     3.6365     2.4330    48.6826          0      1.500 337.457286   998.2751     -1.333      0.001  0.000e+00
     -1.297    30.3453   0.505847     2.4277     2.4610    48.6795          0      1.750 337.457289   997.3519     -1.290      0.013  0.000e+00
     -1.265    30.4061   0.508859     2.4401     2.5052    48.6772          0      2.000 337.457292   997.3426     -1.258      0.031  0.000e+00
     -1.221    30.4079   0.524222     2.5185     2.4706    48.6803          0      2.250 337.457295   997.4006     -1.215      0.056  0.000e+00
     -1.189    30.3915   0.481243     2.3002     2.4434    48.6787          0      2.500 337.457297   997.2432     -1.182      0.077  0.000e+00
     -1.200    30.3733   0.424464     2.0138     2.4057    48.6803          0      2.750 337.457300   997.0353     -1.193      0.089  0.000e+00
     -1.221    30.3565   0.378385     1.7834     2.4085     0.1688          0      3.000 337.457303   996.8686     -1.214      0.085  0.000e+00
     -1.264    30.3398   0.344512     1.6154     2.3988     0.1688          0      3.250 337.457306   996.7483     -1.257      0.062  0.000e+00
     -1.254    30.3219   0.312619     1.4583     2.3805     0.1688          0      3.500 337.457309   996.6366     -1.247      0.037  0.000e+00
     -1.221    30.3051   0.283449     1.3155     2.4213     0.1688          0      3.750 337.457312   996.5353     -1.214      0.015  0.000e+00
     -1.070    30.2664   0.281601     1.3075     2.6214     0.1703          0      4.000 337.457315   996.5418     -1.064      0.039  0.000e+00
     -0.972    30.1752   3.056894    16.9955     2.4274    48.6879          0      4.250 337.457318  1008.2296     -0.967      0.085  0.000e+00
     -0.897    29.9593   3.462359    19.5802     2.4328    48.6833          0      4.500 337.457321  1010.2219     -0.892      0.146  0.000e+00
     -0.875    29.7822   2.860847    15.9293     2.4715    48.6818          0      4.750 337.457323  1007.5633     -0.870      0.203  0.000e+00
     -0.896    29.6802   2.149707    11.6774     2.5153    48.6795          0      5.000 337.457326  1004.4352     -0.892      0.229  0.000e+00
     -0.907    29.6328   3.160671    17.8276     2.3963     0.1390          0      5.250 337.457329  1009.0228     -0.902      0.224  0.000e+00
     -0.886    29.6080   4.672759    27.5016     2.2160     0.1268          0      5.500 337.457332  1016.2425     -0.881      0.190  0.000e+00
     -0.853    29.5904   5.853313    35.4188     2.0855     0.1276          0      5.750 337.457335  1022.1760     -0.848      0.144  0.000e+00
     -0.831    29.5765   5.853375    35.4295     2.0442     0.1283          0      6.000 337.457338  1022.1888     -0.827      0.087  0.000e+00
     -0.810    29.5668   5.851894    35.4265     2.0349     0.1253          0      6.250 337.457341  1022.1900     -0.805      0.060  0.000e+00
     -0.853    29.5571   5.848518    35.4106     2.0372     0.1253          0      6.500 337.457344  1022.1812     -0.848      0.037  0.000e+00
     -0.853    29.5472   5.843154    35.3813     2.0499     0.1222          0      6.750 337.457347  1022.1625     -0.848      0.031  0.000e+00
     -0.842    29.5373   5.838255    35.3550     2.0444     0.1314          0      7.000 337.457350  1022.1462     -0.838      0.033  0.000e+00
     -0.842    29.5296   5.834989    35.3384     2.0543     0.0414          0      7.250 337.457352  1022.1364     -0.838      0.025  0.000e+00
     -0.842    29.5233   5.834296    35.3383     2.0488     0.0482          0      7.500 337.457355  1022.1384     -0.837      0.009  0.000e+00
     -0.842    29.5187   5.834173    35.3409     2.0541     0.0475          0      7.750 337.457358  1022.1419     -0.837     -0.003  0.000e+00
     -0.831    29.5152   5.833411    35.3382     2.0555     0.0475          0      8.000 337.457361  1022.1411     -0.827     -0.004  0.000e+00
     -0.853    29.5124   5.832433    35.3335     2.0639     0.0437          0      8.250 337.457364  1022.1385     -0.848     -0.006  0.000e+00
     -0.820    29.5104   5.832225    35.3336     2.0507     0.0574          0      8.500 337.457367  1022.1394     -0.816      0.010  0.000e+00
     -0.810    29.5094   5.831402    35.3287     2.0574     0.0627          0      8.750 337.457370  1022.1361     -0.805      0.015  0.000e+00
     -0.788    29.5081   5.830570    35.3239     2.0544     0.0589          0      9.000 337.457373  1022.1330     -0.784      0.023  0.000e+00
     -0.810    29.5068   5.829862    35.3201     2.0551     0.0635          0      9.250 337.457376  1022.1305     -0.805      0.025  0.000e+00
     -0.810    29.5057   5.830031    35.3221     2.0506     0.0322          0      9.500 337.457378  1022.1323     -0.805      0.024  0.000e+00
     -0.842    29.5050   5.829862    35.3215     2.0396     0.0337          0      9.750 337.457381  1022.1320     -0.837      0.012  0.000e+00
     -0.831    29.5046   5.829962    35.3224     2.0283     0.0330          0     10.000 337.457384  1022.1329     -0.827      0.004  0.000e+00
     -0.820    29.5041   5.828961    35.3160     2.0324     0.0368          0     10.250 337.457387  1022.1282     -0.816      0.001  0.000e+00
     -0.788    29.5036   5.829108    35.3173     2.0253     0.0597          0     10.500 337.457390  1022.1296     -0.784     -0.001  0.000e+00
     -0.755    29.5032   5.829731    35.3218     2.0114     0.0620          0     10.750 337.457393  1022.1332     -0.751      0.012  0.000e+00
     -0.777    29.5039   5.828423    35.3124     2.0274     0.0589          0     11.000 337.457396  1022.1258     -0.773      0.018  0.000e+00
     -0.766    29.5039   5.829339    35.3187     2.0156     0.0612          0     11.250 337.457399  1022.1306     -0.762      0.032  0.000e+00
     -0.766    29.5039   5.826937    35.3023     2.0071     0.0612          0     11.500 337.457402  1022.1183     -0.762      0.038  0.000e+00
     -0.734    29.5041   5.827299    35.3046     2.0077     0.0597          0     11.750 337.457405  1022.1201     -0.730      0.050  0.000e+00
     -0.691    29.5046   5.827530    35.3058     2.0063     0.0620          0     12.000 337.457407  1022.1210     -0.687      0.057  0.000e+00
     -0.615    29.5055   5.828330    35.3105     2.0143     0.0574          0     12.250 337.457410  1022.1246     -0.612      0.078  0.000e+00
     -0.626    29.5063   5.827792    35.3063     2.0583     0.0551          0     12.500 337.457413  1022.1210     -0.622      0.085  0.000e+00
     -0.604    29.5071   5.827314    35.3024     2.0661     0.0528          0     12.750 337.457416  1022.1180     -0.601      0.096  0.000e+00
     -0.583    29.5081   5.827399    35.3022     2.0390     0.0681          0     13.000 337.457419  1022.1176     -0.579      0.111  0.000e+00
     -0.572    29.5088   5.827499    35.3025     2.0307     0.0482          0     13.250 337.457422  1022.1176     -0.569      0.110  0.000e+00
     -0.539    29.5091   5.827068    35.2993     2.0096     0.0604          0     13.500 337.457425  1022.1152     -0.536      0.108  0.000e+00
     -0.518    29.5089   5.827299    35.3010     1.9882     0.0696          0     13.750 337.457428  1022.1167     -0.515      0.097  0.000e+00
     -0.474    29.5081   5.827361    35.3019     1.9796     0.0551          0     14.000 337.457431  1022.1178     -0.472      0.091  0.000e+00
     -0.410    29.5071   5.828615    35.3112     1.9591     0.0559          0     14.250 337.457433  1022.1254     -0.407      0.099  0.000e+00
     -0.388    29.5064   5.828384    35.3102     1.9405     0.0635          0     14.500 337.457436  1022.1249     -0.386      0.120  0.000e+00
     -0.366    29.5059   5.829023    35.3149     1.9537     0.0543          0     14.750 337.457439  1022.1288     -0.364      0.128  0.000e+00
     -0.410    29.5050   5.828646    35.3130     1.9634     0.0658          0     15.000 337.457442  1022.1275     -0.407      0.115  0.000e+00
     -0.399    29.5045   5.828708    35.3138     1.9690     0.0536          0     15.250 337.457445  1022.1283     -0.397      0.098  0.000e+00
     -0.421    29.5046   5.828677    35.3135     1.9719     0.0528          0     15.500 337.457448  1022.1280     -0.418      0.067  0.000e+00
     -0.399    29.5049   5.828577    35.3126     1.9859     0.0253          0     15.750 337.457451  1022.1273     -0.397      0.042  0.000e+00
     -0.377    29.5052   5.828546    35.3122     1.9926     0.0192          0     16.000 337.457454  1022.1269     -0.375      0.022  0.000e+00
     -0.377    29.5050   5.828846    35.3144     2.0084     0.0276          0     16.250 337.457457  1022.1286     -0.375      0.006  0.000e+00
     -0.356    29.5049   5.829139    35.3164     2.0211     0.0101          0     16.500 337.457459  1022.1303     -0.354      0.011  0.000e+00
     -0.366    29.5038   5.829277    35.3182     2.0156     0.0177          0     16.750 337.457462  1022.1320     -0.364      0.017  0.000e+00
     -0.377    29.5030   5.829400    35.3196     2.0008     0.0650          0     17.000 337.457465  1022.1332     -0.375      0.025  0.000e+00
     -0.366    29.5028   5.829939    35.3234     2.0081     0.0688          0     17.250 337.457468  1022.1362     -0.364      0.023  0.000e+00
     -0.377    29.5023   5.830386    35.3268     2.0083     0.0612          0     17.500 337.457471  1022.1389     -0.375      0.019  0.000e+00
     -0.388    29.5013   5.830024    35.3251     1.9966     0.0513          0     17.750 337.457474  1022.1379     -0.386      0.003  0.000e+00
     -0.388    29.5005   5.829501    35.3221     1.9951     0.0429          0     18.000 337.457477  1022.1359     -0.386     -0.008  0.000e+00
     -0.355    29.5001   5.828577    35.3161     1.9961     0.0444          0     18.250 337.457480  1022.1317     -0.354     -0.004  0.000e+00
     -0.334    29.4991   5.829247    35.3214     1.9952     0.0490          0     18.500 337.457483  1022.1361     -0.332      0.005  0.000e+00
     -0.334    29.4979   5.829270    35.3224     1.9964     0.0406          0     18.750 337.457486  1022.1372     -0.332      0.018  0.000e+00
     -0.290    29.4972   5.828877    35.3203     1.9956     0.0444          0     19.000 337.457488  1022.1360     -0.289      0.038  0.000e+00
     -0.247    29.4970   5.828269    35.3162     1.9939     0.0505          0     19.250 337.457491  1022.1333     -0.246      0.060  0.000e+00
     -0.215    29.4965   5.827923    35.3142     1.9926     0.0505          0     19.500 337.457494  1022.1321     -0.214      0.086  0.000e+00
     -0.193    29.4956   5.828546    35.3192     2.0132     0.0490          0     19.750 337.457497  1022.1362     -0.192      0.104  0.000e+00
     -0.193    29.4950   5.831964    35.3430     2.0030     0.0376          0     20.000 337.457500  1022.1543     -0.192      0.106  0.000e+00
     -0.204    29.4944   5.833643    35.3549     2.0026     0.0376          0     20.250 337.457503  1022.1634     -0.203      0.092  0.000e+00
     -0.204    29.4950   5.831456    35.3395     2.0159     0.0315          0     20.500 337.457506  1022.1516     -0.203      0.077  0.000e+00
     -0.161    29.4953   5.828808    35.3212     2.0127     0.0345          0     20.750 337.457509  1022.1379     -0.160      0.071  0.000e+00
     -0.107    29.4953   5.826907    35.3082     2.0199     0.0284          0     21.000 337.457512  1022.1284     -0.106      0.067  0.000e+00
      0.001    29.4968   5.827253    35.3094     2.0327     0.0444          0     21.250 337.457514  1022.1293      0.001      0.092  0.000e+00
      0.023    29.4994   5.831179    35.3343     2.0310     0.0543          0     21.500 337.457517  1022.1472      0.023      0.117  0.000e+00
      0.001    29.5021   5.832688    35.3426     2.0321     0.0490          0     21.750 337.457520  1022.1524      0.001      0.129  0.000e+00
     -0.042    29.5043   5.832619    35.3406     2.0312     0.0459          0     22.000 337.457523  1022.1500     -0.042      0.123  0.000e+00
     -0.053    29.5056   5.830717    35.3266     2.0239     0.0444          0     22.250 337.457526  1022.1390     -0.052      0.103  0.000e+00
     -0.020    29.5059   5.828585    35.3118     2.0267     0.0498          0     22.500 337.457529  1022.1279     -0.020      0.079  0.000e+00
      0.045    29.5064   5.827530    35.3042     2.0218     0.0505          0     22.750 337.457532  1022.1223      0.044      0.061  0.000e+00
      0.131    29.5071   5.829247    35.3154     2.0194     0.0543          0     23.000 337.457535  1022.1308      0.130      0.063  0.000e+00
      0.142    29.5088   5.831833    35.3319     2.0072     0.0841          0     23.250 337.457538  1022.1427      0.141      0.066  0.000e+00
      0.120    29.5101   5.832819    35.3376     2.0105     0.0932          0     23.500 337.457541  1022.1465      0.120      0.084  0.000e+00
      0.120    29.5102   5.832911    35.3382     2.0155     0.0887          0     23.750 337.457543  1022.1469      0.120      0.100  0.000e+00
      0.109    29.5103   5.832457    35.3350     2.0172     0.0879          0     24.000 337.457546  1022.1444      0.109      0.100  0.000e+00
      0.131    29.5102   5.829462    35.3146     2.0243     0.0566          0     24.250 337.457549  1022.1292      0.130      0.084  0.000e+00
      0.153    29.5107   5.830386    35.3205     2.0105     0.0589          0     24.500 337.457552  1022.1336      0.152      0.059  0.000e+00
      0.185    29.5112   5.828677    35.3085     2.0171     0.0620          0     24.750 337.457555  1022.1245      0.184      0.040  0.000e+00
      0.218    29.5118   5.829116    35.3110     2.0130     0.0574          0     25.000 337.457558  1022.1263      0.216      0.037  0.000e+00
      0.261    29.5125   5.829832    35.3154     2.0156     0.0650          0     25.250 337.457561  1022.1296      0.259      0.063  0.000e+00
      0.304    29.5129   5.828769    35.3078     2.0193     0.0620          0     25.500 337.457564  1022.1239      0.302      0.095  0.000e+00
      0.326    29.5137   5.829732    35.3138     2.0080     0.0490          0     25.750 337.457567  1022.1283      0.324      0.115  0.000e+00
      0.304    29.5139   5.831210    35.3238     2.0148     0.0658          0     26.000 337.457569  1022.1356      0.302      0.116  0.000e+00
      0.293    29.5139   5.829501    35.3121     2.0242     0.0643          0     26.250 337.457572  1022.1268      0.292      0.098  0.000e+00
      0.304    29.5135   5.829339    35.3113     2.0374     0.0437          0     26.500 337.457575  1022.1264      0.302      0.078  0.000e+00
      0.315    29.5123   5.828677    35.3076     2.0270     0.0482          0     26.750 337.457578  1022.1240      0.313      0.056  0.000e+00
      0.369    29.5117   5.827854    35.3024     2.0302     0.0459          0     27.000 337.457581  1022.1206      0.367      0.049  0.000e+00
      0.434    29.5121   5.828908    35.3093     2.0309     0.0490          0     27.250 337.457584  1022.1259      0.431      0.058  0.000e+00
      0.423    29.5120   5.829247    35.3117     2.0204     0.0849          0     27.500 337.457587  1022.1277      0.421      0.063  0.000e+00
