ctd_mafia/cnv/SBE19plus_01906740_2018_12_07_0082.cnv
* Sea-Bird SBE19plus  Data File:
* FileName = C:\Users\all user\Desktop\Patroba _ WWF Mapping Mafia\SBE19plus_01906740_2018_12_07_0082.hex
* Software version 2.6.3.104
* Temperature SN = 6740
* Conductivity SN = 6740
* System UpLoad Time = Dec 07 2018 14:31:36
* <ApplicationData>
* <Seaterm232>
# nquan = 13
# nvalues = 709                                   
# units = specified
# name 0 = prdM: Pressure, Strain Gauge [db]
# name 1 = tv290C: Temperature [ITS-90, deg C]
# name 2 = c0S/m: Conductivity [S/m]
# name 3 = sal00: Salinity, Practical [PSU]
# name 4 = sbeox0ML/L: Oxygen, SBE 43 [ml/l]
# name 5 = flECO-AFL: Fluorescence, WET Labs ECO-AFL/FL [mg/m^3]
# name 6 = nbf: Bottles Fired
# name 7 = timeS: Time, Elapsed [seconds]
# name 8 = timeJ: Julian Days
# name 9 = density00: Density [density, kg/m^3]
# name 10 = depSM: Depth [salt water, m], lat = 0.00
# name 11 = dz/dtM: Descent Rate [m/s]
# name 12 = flag:  0.000e+00
# span 0 =     -1.335,     12.493                 
# span 1 =    27.3270,    28.1264                 
# span 2 =   0.191669,   5.668542                 
# span 3 =     0.9254,    35.2381                 
# span 4 =     1.8147,     3.5342                 
# span 5 =    -0.4370,    48.6864                 
# span 6 =          0,          0                 
# span 7 =      0.000,    177.000                 
# span 8 = 337.392431, 337.394479                 
# span 9 =   997.1053,  1022.6043                 
# span 10 =     -1.328,     12.424                
# span 11 =     -1.003,      0.325                
# span 12 = 0.0000e+00, 0.0000e+00                
# interval = seconds: 0.25
# start_time = Dec 03 2018 09:25:06 [Instrument's time stamp, header]
# bad_flag = -9.990e-29
*END*
[from data line 667]
     -0.490    28.0944   5.666771    35.2381     2.1096    -0.0426          0    166.750 337.394361  1022.5407     -0.487     -0.342  0.000e+00
     -0.501    28.1014   5.666900    35.2338     2.1129    -0.0372          0    167.000 337.394363  1022.5351     -0.498     -0.235  0.000e+00
     -0.533    28.1047   5.666391    35.2278     2.1098    -0.0326          0    167.250 337.394366  1022.5294     -0.530     -0.133  0.000e+00
     -0.522    28.1051   5.666451    35.2279     2.1092    -0.0410          0    167.500 337.394369  1022.5294     -0.519     -0.046  0.000e+00
     -0.490    28.1065   5.666710    35.2287     2.1085     0.0223          0    167.750 337.394372  1022.5297     -0.487      0.006  0.000e+00
     -0.533    28.1077   5.666930    35.2294     2.1102     0.0208          0    168.000 337.394375  1022.5296     -0.530      0.014  0.000e+00
     -0.533    28.1090   5.667090    35.2295     2.1190     0.0208          0    168.250 337.394378  1022.5292     -0.530     -0.001  0.000e+00
     -0.609    28.1105   5.667189    35.2291     2.1139     0.0276          0    168.500 337.394381  1022.5282     -0.605     -0.033  0.000e+00
     -0.728    28.1125   5.667470    35.2296     2.1266     0.0192          0    168.750 337.394384  1022.5273     -0.724     -0.086  0.000e+00
     -0.879    28.1142   5.667592    35.2293     2.2181    -0.0403          0    169.000 337.394387  1022.5259     -0.874     -0.154  0.000e+00
     -1.009    28.1156   5.667690    35.2289     2.2276    -0.0395          0    169.250 337.394389  1022.5246     -1.003     -0.235  0.000e+00
     -1.117    28.1168   5.667820    35.2290     2.2140    -0.0403          0    169.500 337.394392  1022.5238     -1.111     -0.321  0.000e+00
     -1.149    28.1179   5.668040    35.2297     2.2102    -0.0441          0    169.750 337.394395  1022.5239     -1.143     -0.374  0.000e+00
     -1.182    28.1201   5.668420    35.2307     2.1931     0.7906          0    170.000 337.394398  1022.5237     -1.175     -0.383  0.000e+00
     -1.257    28.1219   5.668481    35.2299     2.1820     0.7906          0    170.250 337.394401  1022.5222     -1.251     -0.380  0.000e+00
     -1.290    28.1235   5.668542    35.2291     2.1897     0.7799          0    170.500 337.394404  1022.5209     -1.283     -0.337  0.000e+00
     -1.311    28.1259   5.209086    32.0331     2.2019     0.7791          0    170.750 337.394407  1020.1190     -1.304     -0.275  0.000e+00
     -1.322    28.1264   2.323539    13.1262     2.4215     0.2481          0    171.000 337.394410  1005.9885     -1.315     -0.209  0.000e+00
     -1.333    28.1209   0.762630     3.9370     2.5448     0.2405          0    171.250 337.394413   999.1421     -1.326     -0.156  0.000e+00
     -1.333    28.1134   1.000695     5.2706     2.5309     0.2405          0    171.500 337.394416  1000.1392     -1.326     -0.117  0.000e+00
     -1.322    28.1084   1.097153     5.8200     2.5137     0.2367          0    171.750 337.394418  1000.5504     -1.315     -0.089  0.000e+00
     -1.311    28.1041   1.253597     6.7203     2.5122     0.0665          0    172.000 337.394421  1001.2228     -1.304     -0.055  0.000e+00
     -1.301    28.0993   1.312507     7.0627     2.5104     0.0643          0    172.250 337.394424  1001.4794     -1.293     -0.018  0.000e+00
     -1.322    28.0938   1.194679     6.3815     2.5334     0.0673          0    172.500 337.394427  1000.9732     -1.315     -0.004  0.000e+00
     -1.301    28.0886   1.061695     5.6200     2.5696     0.0711          0    172.750 337.394430  1000.4071     -1.293      0.009  0.000e+00
     -1.311    28.0817   1.357367     7.3266     2.5793     0.0719          0    173.000 337.394433  1001.6812     -1.304      0.012  0.000e+00
     -1.311    28.0758   1.020478     5.3870     2.6031     0.3237          0    173.250 337.394436  1000.2371     -1.304      0.012  0.000e+00
     -1.322    28.0713   0.863481     4.5023     2.6134     0.3313          0    173.500 337.394439   999.5784     -1.315      0.005  0.000e+00
     -1.333    28.0673   0.898887     4.7011     2.6019     0.3252          0    173.750 337.394442   999.7279     -1.326     -0.006  0.000e+00
     -1.311    28.0645   0.869225     4.5351     2.6334     0.3206          0    174.000 337.394444   999.6049     -1.304     -0.007  0.000e+00
     -1.311    28.0625   1.045902     5.5331     2.6352    48.6764          0    174.250 337.394447  1000.3499     -1.304     -0.006  0.000e+00
     -1.322    28.0608   0.963403     5.0652     2.6234    48.6833          0    174.500 337.394450  1000.0014     -1.315     -0.004  0.000e+00
     -1.311    28.0600   0.750416     3.8744     2.6467    48.6864          0    174.750 337.394453   999.1131     -1.304     -0.004  0.000e+00
     -1.279    28.0590   0.763259     3.9455     2.6664    48.6780          0    175.000 337.394456   999.1667     -1.272      0.010  0.000e+00
     -1.311    28.0566   0.964701     5.0730     2.6853    -0.4362          0    175.250 337.394459  1000.0085     -1.304      0.011  0.000e+00
     -1.311    28.0540   0.832521     4.3309     2.7003    -0.4332          0    175.500 337.394462   999.4556     -1.304      0.012  0.000e+00
     -1.300    28.0514   1.013566     5.3504     2.7020    -0.4370          0    175.750 337.394465  1000.2170     -1.293      0.012  0.000e+00
     -1.311    28.0492   0.833170     4.3349     2.7558    -0.4309          0    176.000 337.394468   999.4600     -1.304      0.004  0.000e+00
     -1.311    28.0478   0.856591     4.4659     2.7126    48.6795          0    176.250 337.394470   999.5581     -1.304      0.001  0.000e+00
     -1.311    28.0474   0.804779     4.1769     2.6741    48.6810          0    176.500 337.394473   999.3426     -1.304     -0.001  0.000e+00
     -1.279    28.0476   1.009239     5.3263     2.6550    48.6810          0    176.750 337.394476  1000.2002     -1.272      0.002  0.000e+00
     -1.301    28.0475   0.621397     3.1675     2.8051    48.6726          0    177.000 337.394479   998.5889     -1.293 3.7943e-11  0.000e+00
