ctd_mafia/cnv/SBE19plus_01906740_2018_12_07_0075.cnv
* Sea-Bird SBE19plus  Data File:
* FileName = C:\Users\all user\Desktop\Patroba _ WWF Mapping Mafia\SBE19plus_01906740_2018_12_07_0075.hex
* Software version 2.6.3.104
* Temperature SN = 6740
* Conductivity SN = 6740
* System UpLoad Time = Dec 07 2018 14:30:02
* <ApplicationData>
* <Seaterm232>
# nquan = 13
# nvalues = 772                                   
# units = specified
# name 0 = prdM: Pressure, Strain Gauge [db]
# name 1 = tv290C: Temperature [ITS-90, deg C]
# name 2 = c0S/m: Conductivity [S/m]
# name 3 = sal00: Salinity, Practical [PSU]
# name 4 = sbeox0ML/L: Oxygen, SBE 43 [ml/l]
# name 5 = flECO-AFL: Fluorescence, WET Labs ECO-AFL/FL [mg/m^3]
# name 6 = nbf: Bottles Fired
# name 7 = timeS: Time, Elapsed [seconds]
# name 8 = timeJ: Julian Days
# name 9 = density00: Density [density, kg/m^3]
# name 10 = depSM: Depth [salt water, m], lat = 0.00
# name 11 = dz/dtM: Descent Rate [m/s]
# name 12 = flag:  0.000e+00
# span 0 =     -1.345,     13.422                 
# span 1 =    27.8210,    28.5977                 
# span 2 =   0.519060,   5.719911                 
# span 3 =     2.5857,    35.2359                 
# span 4 =     2.0370,     3.9861                 
# span 5 =    -0.3195,    48.6864                 
# span 6 =          0,          0                 
# span 7 =      0.000,    192.750                 
# span 8 = 337.336794, 337.339025                 
# span 9 =   997.9974,  1022.4294                 
# span 10 =     -1.338,     13.347                
# span 11 =     -1.259,      0.507                
# span 12 = 0.0000e+00, 0.0000e+00                
# interval = seconds: 0.25
# start_time = Dec 03 2018 08:04:59 [Instrument's time stamp, header]
# bad_flag = -9.990e-29
*END*
[from data line 556]
     13.389    28.5972   5.719880    35.2300     2.5272     0.0498          0    139.000 337.338403  1022.4283     13.315      0.032  0.000e+00
     13.400    28.5970   5.719880    35.2302     2.5254     0.0650          0    139.250 337.338406  1022.4285     13.326      0.032  0.000e+00
     13.400    28.5970   5.719842    35.2299     2.5257     0.0673          0    139.500 337.338409  1022.4283     13.326      0.032  0.000e+00
     13.411    28.5969   5.719781    35.2296     2.5287     0.0734          0    139.750 337.338411  1022.4281     13.337      0.037  0.000e+00
     13.422    28.5964   5.719750    35.2297     2.5459     0.0688          0    140.000 337.338414  1022.4284     13.347      0.030  0.000e+00
     13.389    28.5961   5.719682    35.2295     2.5303     0.0719          0    140.250 337.338417  1022.4282     13.315      0.020  0.000e+00
     13.357    28.5957   5.719651    35.2296     2.5268     0.0704          0    140.500 337.338420  1022.4283     13.283      0.002  0.000e+00
     13.270    28.5951   5.719598    35.2297     2.5336     0.0719          0    140.750 337.338423  1022.4282     13.197     -0.035  0.000e+00
     13.205    28.5943   5.719521    35.2298     2.5251     0.0711          0    141.000 337.338426  1022.4283     13.132     -0.082  0.000e+00
     13.184    28.5937   5.719491    35.2300     2.5207     0.0574          0    141.250 337.338429  1022.4286     13.111     -0.120  0.000e+00
     13.130    28.5933   5.719430    35.2299     2.5079     0.0505          0    141.500 337.338432  1022.4284     13.057     -0.154  0.000e+00
     13.086    28.5931   5.719430    35.2301     2.5037     0.0513          0    141.750 337.338435  1022.4284     13.014     -0.182  0.000e+00
     12.978    28.5928   5.719384    35.2300     2.4994     0.0673          0    142.000 337.338438  1022.4280     12.907     -0.215  0.000e+00
     12.946    28.5924   5.719330    35.2300     2.5111     0.0604          0    142.250 337.338440  1022.4279     12.874     -0.223  0.000e+00
     12.903    28.5925   5.719399    35.2304     2.5117     0.0551          0    142.500 337.338443  1022.4280     12.831     -0.223  0.000e+00
     12.838    28.5924   5.719399    35.2305     2.5063     0.0597          0    142.750 337.338446  1022.4278     12.767     -0.218  0.000e+00
     12.784    28.5923   5.719361    35.2303     2.5164     0.0612          0    143.000 337.338449  1022.4275     12.713     -0.221  0.000e+00
     12.741    28.5921   5.719361    35.2305     2.5151     0.0643          0    143.250 337.338452  1022.4275     12.670     -0.226  0.000e+00
     12.773    28.5923   5.719353    35.2302     2.5261     0.0276          0    143.500 337.338455  1022.4274     12.702     -0.197  0.000e+00
     12.859    28.5921   5.719361    35.2304     2.5394     0.0322          0    143.750 337.338458  1022.4280     12.788     -0.137  0.000e+00
     12.914    28.5922   5.719399    35.2306     2.5438     0.0345          0    144.000 337.338461  1022.4283     12.842     -0.058  0.000e+00
     12.946    28.5922   5.719399    35.2306     2.5462     0.0322          0    144.250 337.338464  1022.4284     12.874      0.004  0.000e+00
     12.903    28.5927   5.719430    35.2304     2.5582     0.0376          0    144.500 337.338466  1022.4280     12.831      0.047  0.000e+00
     12.827    28.5931   5.719491    35.2306     2.5478     0.0337          0    144.750 337.338469  1022.4276     12.756      0.058  0.000e+00
     12.719    28.5934   5.719536    35.2307     2.5277     0.0391          0    145.000 337.338472  1022.4272     12.649      0.023  0.000e+00
     12.665    28.5936   5.719559    35.2307     2.5216     0.0299          0    145.250 337.338475  1022.4269     12.595     -0.036  0.000e+00
     12.697    28.5936   5.719521    35.2305     2.5201     0.0627          0    145.500 337.338478  1022.4268     12.627     -0.093  0.000e+00
     12.762    28.5939   5.719521    35.2302     2.5054     0.0582          0    145.750 337.338481  1022.4268     12.692     -0.119  0.000e+00
     12.838    28.5939   5.719521    35.2302     2.5037     0.0620          0    146.000 337.338484  1022.4271     12.767     -0.095  0.000e+00
     12.881    28.5940   5.719521    35.2301     2.4990     0.0574          0    146.250 337.338487  1022.4272     12.810     -0.040  0.000e+00
     12.881    28.5940   5.719536    35.2302     2.5005     0.0322          0    146.500 337.338490  1022.4273     12.810      0.027  0.000e+00
     12.838    28.5938   5.719491    35.2301     2.5162     0.0177          0    146.750 337.338492  1022.4271     12.767      0.074  0.000e+00
     12.697    28.5938   5.719521    35.2303     2.5234     0.0276          0    147.000 337.338495  1022.4267     12.627      0.061  0.000e+00
     12.589    28.5937   5.719490    35.2302     2.5377     0.0177          0    147.250 337.338498  1022.4261     12.520     -0.007  0.000e+00
     12.524    28.5937   5.719460    35.2300     2.5380     0.0223          0    147.500 337.338501  1022.4257     12.455     -0.102  0.000e+00
     12.535    28.5933   5.719490    35.2305     2.5438     0.0490          0    147.750 337.338504  1022.4263     12.466     -0.174  0.000e+00
     12.503    28.5935   5.719475    35.2303     2.5503     0.0360          0    148.000 337.338507  1022.4259     12.434     -0.223  0.000e+00
     12.406    28.5936   5.719460    35.2301     2.5377     0.0406          0    148.250 337.338510  1022.4253     12.337     -0.254  0.000e+00
     12.254    28.5934   5.719399    35.2299     2.5304     0.0505          0    148.500 337.338513  1022.4246     12.186     -0.283  0.000e+00
     12.146    28.5933   5.719429    35.2302     2.5265     0.0261          0    148.750 337.338516  1022.4244     12.079     -0.299  0.000e+00
     12.092    28.5931   5.719399    35.2302     2.5234     0.0215          0    149.000 337.338519  1022.4242     12.025     -0.295  0.000e+00
     11.984    28.5931   5.719353    35.2299     2.5116     0.0246          0    149.250 337.338521  1022.4235     11.918     -0.316  0.000e+00
     11.822    28.5930   5.719360    35.2301     2.5086     0.0223          0    149.500 337.338524  1022.4230     11.756     -0.370  0.000e+00
     11.638    28.5926   5.719330    35.2302     2.5299     0.0635          0    149.750 337.338527  1022.4224     11.574     -0.442  0.000e+00
     11.552    28.5924   5.719330    35.2304     2.5303     0.0498          0    150.000 337.338530  1022.4222     11.488     -0.476  0.000e+00
     11.476    28.5925   5.719330    35.2303     2.5321     0.0505          0    150.250 337.338533  1022.4218     11.413     -0.474  0.000e+00
     11.346    28.5923   5.719268    35.2301     2.5457     0.0620          0    150.500 337.338536  1022.4212     11.284     -0.471  0.000e+00
     11.119    28.5921   5.719230    35.2300     2.5406     0.0498          0    150.750 337.338539  1022.4202     11.058     -0.509  0.000e+00
     10.957    28.5918   5.719199    35.2301     2.5428     0.0543          0    151.000 337.338542  1022.4197     10.897     -0.550  0.000e+00
     10.871    28.5917   5.719238    35.2304     2.5479     0.0513          0    151.250 337.338545  1022.4196     10.811     -0.553  0.000e+00
     10.838    28.5915   5.719199    35.2303     2.5352     0.0421          0    151.500 337.338547  1022.4195     10.778     -0.519  0.000e+00
     10.730    28.5916   5.719169    35.2301     2.5258     0.0521          0    151.750 337.338550  1022.4188     10.671     -0.491  0.000e+00
     10.546    28.5913   5.719138    35.2301     2.5185     0.0559          0    152.000 337.338553  1022.4181     10.488     -0.502  0.000e+00
     10.406    28.5913   5.719138    35.2302     2.5039     0.0521          0    152.250 337.338556  1022.4176     10.348     -0.505  0.000e+00
     10.395    28.5913   5.719169    35.2304     2.5002     0.0566          0    152.500 337.338559  1022.4177     10.338     -0.460  0.000e+00
     10.373    28.5914   5.719169    35.2303     2.4932     0.0543          0    152.750 337.338562  1022.4175     10.316     -0.393  0.000e+00
     10.330    28.5911   5.719138    35.2303     2.5028     0.0543          0    153.000 337.338565  1022.4174     10.273     -0.347  0.000e+00
     10.308    28.5911   5.719169    35.2306     2.5074     0.0559          0    153.250 337.338568  1022.4175     10.251     -0.309  0.000e+00
     10.244    28.5911   5.719107    35.2302     2.5188     0.0482          0    153.500 337.338571  1022.4169     10.187     -0.274  0.000e+00
     10.179    28.5911   5.719138    35.2304     2.5269     0.0475          0    153.750 337.338573  1022.4168     10.122     -0.225  0.000e+00
     10.189    28.5911   5.719138    35.2304     2.5202     0.0231          0    154.000 337.338576  1022.4169     10.133     -0.165  0.000e+00
     10.211    28.5910   5.719138    35.2305     2.5074     0.0162          0    154.250 337.338579  1022.4170     10.155     -0.125  0.000e+00
     10.254    28.5910   5.719169    35.2307     2.5055     0.0170          0    154.500 337.338582  1022.4174     10.198     -0.097  0.000e+00
     10.276    28.5914   5.719169    35.2304     2.4949     0.0200          0    154.750 337.338585  1022.4171     10.219     -0.058  0.000e+00
     10.233    28.5915   5.719199    35.2305     2.4908     0.0604          0    155.000 337.338588  1022.4170     10.176     -0.029  0.000e+00
     10.135    28.5916   5.719199    35.2305     2.4947     0.0604          0    155.250 337.338591  1022.4165     10.079     -0.031  0.000e+00
      9.995    28.5918   5.719237    35.2306     2.5070     0.0650          0    155.500 337.338594  1022.4160      9.940     -0.065  0.000e+00
      9.865    28.5920   5.719237    35.2305     2.5147     0.0643          0    155.750 337.338597  1022.4153      9.811     -0.134  0.000e+00
      9.746    28.5919   5.719237    35.2306     2.5204     0.0521          0    156.000 337.338600  1022.4149      9.692     -0.231  0.000e+00
      9.627    28.5918   5.719199    35.2305     2.5236     0.0276          0    156.250 337.338602  1022.4143      9.574     -0.328  0.000e+00
      9.443    28.5921   5.719199    35.2303     2.5160     0.0368          0    156.500 337.338605  1022.4133      9.391     -0.429  0.000e+00
      9.217    28.5922   5.719199    35.2303     2.5180     0.0315          0    156.750 337.338608  1022.4123      9.166     -0.525  0.000e+00
      9.011    28.5922   5.719198    35.2303     2.4910     0.0315          0    157.000 337.338611  1022.4114      8.961     -0.599  0.000e+00
      8.827    28.5924   5.719198    35.2303     2.4918     0.0513          0    157.250 337.338614  1022.4105      8.779     -0.652  0.000e+00
      8.698    28.5924   5.719198    35.2303     2.5026     0.0391          0    157.500 337.338617  1022.4100      8.650     -0.679  0.000e+00
      8.622    28.5924   5.719198    35.2303     2.4901     0.0513          0    157.750 337.338620  1022.4097      8.574     -0.677  0.000e+00
      8.460    28.5925   5.719229    35.2305     2.4956     0.0444          0    158.000 337.338623  1022.4091      8.413     -0.669  0.000e+00
      8.222    28.5927   5.719167    35.2300     2.4951     0.0574          0    158.250 337.338626  1022.4076      8.177     -0.672  0.000e+00
      7.984    28.5926   5.719167    35.2301     2.4811     0.0589          0    158.500 337.338628  1022.4067      7.940     -0.675  0.000e+00
      7.779    28.5925   5.719167    35.2303     2.4694     0.0635          0    158.750 337.338631  1022.4060      7.736     -0.685  0.000e+00
      7.671    28.5925   5.719167    35.2303     2.4545     0.0543          0    159.000 337.338634  1022.4056      7.628     -0.689  0.000e+00
      7.573    28.5925   5.719137    35.2301     2.4475     0.0345          0    159.250 337.338637  1022.4050      7.532     -0.684  0.000e+00
      7.519    28.5924   5.719137    35.2302     2.4553     0.0231          0    159.500 337.338640  1022.4049      7.478     -0.659  0.000e+00
      7.422    28.5922   5.719106    35.2302     2.4515     0.0315          0    159.750 337.338643  1022.4045      7.381     -0.615  0.000e+00
      7.206    28.5921   5.719106    35.2303     2.4480     0.0299          0    160.000 337.338646  1022.4037      7.166     -0.570  0.000e+00
      6.936    28.5919   5.719075    35.2303     2.4481     0.0368          0    160.250 337.338649  1022.4026      6.897     -0.556  0.000e+00
      6.741    28.5920   5.719037    35.2300     2.4474     0.0261          0    160.500 337.338652  1022.4015      6.704     -0.572  0.000e+00
      6.644    28.5919   5.719037    35.2301     2.3895     0.0261          0    160.750 337.338655  1022.4012      6.607     -0.595  0.000e+00
      6.600    28.5919   5.719044    35.2302     2.3928     0.0360          0    161.000 337.338657  1022.4011      6.564     -0.608  0.000e+00
      6.600    28.5919   5.719075    35.2304     2.3858     0.0284          0    161.250 337.338660  1022.4013      6.564     -0.578  0.000e+00
      6.546    28.5919   5.719075    35.2304     2.3746     0.0498          0    161.500 337.338663  1022.4010      6.510     -0.524  0.000e+00
      6.417    28.5921   5.719075    35.2303     2.3658     0.0406          0    161.750 337.338666  1022.4003      6.381     -0.454  0.000e+00
      6.211    28.5921   5.719075    35.2304     2.3549     0.0566          0    162.000 337.338669  1022.3995      6.177     -0.398  0.000e+00
      5.973    28.5923   5.719075    35.2303     2.3537     0.0429          0    162.250 337.338672  1022.3984      5.941     -0.396  0.000e+00
      5.725    28.5924   5.719074    35.2303     2.3580     0.0345          0    162.500 337.338675  1022.3973      5.693     -0.469  0.000e+00
      5.606    28.5923   5.719036    35.2302     2.3687     0.0330          0    162.750 337.338678  1022.3967      5.575     -0.558  0.000e+00
      5.584    28.5923   5.719074    35.2304     2.3664     0.0353          0    163.000 337.338681  1022.3968      5.554     -0.609  0.000e+00
      5.584    28.5923   5.719074    35.2304     2.3705     0.0360          0    163.250 337.338683  1022.3968      5.554     -0.604  0.000e+00
      5.584    28.5924   5.719105    35.2306     2.3757     0.0383          0    163.500 337.338686  1022.3968      5.554     -0.531  0.000e+00
      5.530    28.5926   5.719105    35.2304     2.3761     0.0345          0    163.750 337.338689  1022.3965      5.500     -0.423  0.000e+00
      5.433    28.5926   5.719105    35.2305     2.3659     0.0360          0    164.000 337.338692  1022.3961      5.403     -0.316  0.000e+00
      5.228    28.5927   5.719074    35.2302     2.3556     0.0391          0    164.250 337.338695  1022.3950      5.199     -0.267  0.000e+00
      4.968    28.5926   5.719074    35.2304     2.3517     0.0376          0    164.500 337.338698  1022.3940      4.941     -0.301  0.000e+00
      4.719    28.5927   5.719036    35.2301     2.3472     0.0543          0    164.750 337.338701  1022.3927      4.694     -0.417  0.000e+00
      4.568    28.5926   5.719036    35.2302     2.3448     0.0551          0    165.000 337.338704  1022.3922      4.543     -0.546  0.000e+00
      4.460    28.5926   5.719074    35.2305     2.3272     0.0429          0    165.250 337.338707  1022.3919      4.435     -0.642  0.000e+00
      4.406    28.5926   5.719074    35.2305     2.3206     0.0391          0    165.500 337.338709  1022.3917      4.382     -0.677  0.000e+00
      4.417    28.5928   5.719074    35.2304     2.3135     0.0444          0    165.750 337.338712  1022.3916      4.392     -0.631  0.000e+00
      4.460    28.5928   5.719074    35.2304     2.3172     0.0345          0    166.000 337.338715  1022.3918      4.435     -0.514  0.000e+00
      4.492    28.5928   5.719074    35.2304     2.3155     0.0421          0    166.250 337.338718  1022.3919      4.468     -0.349  0.000e+00
