ctd_mafia/cnv/SBE19plus_01906740_2018_12_07_0080.cnv
* Sea-Bird SBE19plus  Data File:
* FileName = C:\Users\all user\Desktop\Patroba _ WWF Mapping Mafia\SBE19plus_01906740_2018_12_07_0080.hex
* Software version 2.6.3.104
* Temperature SN = 6740
* Conductivity SN = 6740
* System UpLoad Time = Dec 07 2018 14:31:06
* <ApplicationData>
* <Seaterm232>
# nquan = 13
# nvalues = 477                                   
# units = specified
# name 0 = prdM: Pressure, Strain Gauge [db]
# name 1 = tv290C: Temperature [ITS-90, deg C]
# name 2 = c0S/m: Conductivity [S/m]
# name 3 = sal00: Salinity, Practical [PSU]
# name 4 = sbeox0ML/L: Oxygen, SBE 43 [ml/l]
# name 5 = flECO-AFL: Fluorescence, WET Labs ECO-AFL/FL [mg/m^3]
# name 6 = nbf: Bottles Fired
# name 7 = timeS: Time, Elapsed [seconds]
# name 8 = timeJ: Julian Days
# name 9 = density00: Density [density, kg/m^3]
# name 10 = depSM: Depth [salt water, m], lat = 0.00
# name 11 = dz/dtM: Descent Rate [m/s]
# name 12 = flag:  0.000e+00
# span 0 =     -1.352,     12.821                 
# span 1 =    27.2008,    28.3008                 
# span 2 =   0.419699,   5.671903                 
# span 3 =     2.0761,    35.2542                 
# span 4 =     1.9342,     3.8191                 
# span 5 =    -0.4134,    48.6803                 
# span 6 =          0,          0                 
# span 7 =      0.000,    119.000                 
# span 8 = 337.375116, 337.376493                 
# span 9 =   997.7067,  1022.5873                 
# span 10 =     -1.345,     12.750                
# span 11 =     -1.101,      0.568                
# span 12 = 0.0000e+00, 0.0000e+00                
# interval = seconds: 0.25
# start_time = Dec 03 2018 09:00:10 [Instrument's time stamp, header]
# bad_flag = -9.990e-29
*END*
[from data line 112]
      0.281    28.1302   5.666641    35.2103     2.0715     0.0276          0     28.000 337.375440  1022.5113      0.279     -0.043  0.000e+00
      0.302    28.1347   5.667128    35.2103     2.0785     0.0269          0     28.250 337.375443  1022.5100      0.301     -0.011  0.000e+00
      0.324    28.1380   5.667751    35.2122     2.0862    -0.0128          0     28.500 337.375446  1022.5104      0.322      0.023  0.000e+00
      0.389    28.1412   5.668451    35.2147     2.0957    -0.0113          0     28.750 337.375448  1022.5115      0.387      0.059  0.000e+00
      0.475    28.1431   5.668390    35.2129     2.0838    -0.0082          0     29.000 337.375451  1022.5099      0.473      0.088  0.000e+00
      0.540    28.1443   5.666961    35.2020     2.0734    -0.0113          0     29.250 337.375454  1022.5016      0.537      0.118  0.000e+00
      0.594    28.1445   5.666831    35.2008     2.0798    -0.0166          0     29.500 337.375457  1022.5009      0.591      0.157  0.000e+00
      0.605    28.1416   5.667052    35.2045     2.0728     0.0055          0     29.750 337.375460  1022.5047      0.602      0.185  0.000e+00
      0.583    28.1347   5.667630    35.2137     2.0730     0.0101          0     30.000 337.375463  1022.5138      0.580      0.187  0.000e+00
      0.572    28.1295   5.667402    35.2160     2.0772     0.0101          0     30.250 337.375466  1022.5171      0.569      0.161  0.000e+00
      0.616    28.1259   5.666801    35.2145     2.0722     0.0078          0     30.500 337.375469  1022.5173      0.612      0.133  0.000e+00
      0.681    28.1233   5.666452    35.2140     2.0678     0.0116          0     30.750 337.375472  1022.5181      0.677      0.109  0.000e+00
      0.745    28.1221   5.666201    35.2131     2.0512     0.0101          0     31.000 337.375475  1022.5182      0.741      0.101  0.000e+00
      0.854    28.1216   5.666581    35.2161     2.0666     0.0093          0     31.250 337.375477  1022.5210      0.849      0.126  0.000e+00
      0.962    28.1235   5.667022    35.2177     2.0902     0.0116          0     31.500 337.375480  1022.5221      0.956      0.177  0.000e+00
      0.994    28.1261   5.666551    35.2125     2.0995     0.0101          0     31.750 337.375483  1022.5174      0.989      0.226  0.000e+00
      0.983    28.1271   5.666216    35.2094     2.1098     0.0101          0     32.000 337.375486  1022.5147      0.978      0.249  0.000e+00
      1.026    28.1256   5.665950    35.2087     2.1147     0.0131          0     32.250 337.375489  1022.5149      1.021      0.251  0.000e+00
      1.091    28.1239   5.666041    35.2105     2.1083     0.0040          0     32.500 337.375492  1022.5171      1.085      0.237  0.000e+00
      1.156    28.1236   5.666771    35.2159     2.1258    -0.0075          0     32.750 337.375495  1022.5214      1.150      0.221  0.000e+00
      1.253    28.1252   5.667471    35.2196     2.1378     0.0017          0     33.000 337.375498  1022.5241      1.247      0.215  0.000e+00
      1.329    28.1273   5.667532    35.2184     2.2430     0.0017          0     33.250 337.375501  1022.5229      1.322      0.214  0.000e+00
      1.372    28.1295   5.666832    35.2119     2.2369    -0.0029          0     33.500 337.375503  1022.5174      1.365      0.221  0.000e+00
      1.405    28.1302   5.666482    35.2088     2.2092    -0.0075          0     33.750 337.375506  1022.5150      1.397      0.239  0.000e+00
      1.394    28.1295   5.666232    35.2076     2.1877     0.0109          0     34.000 337.375509  1022.5143      1.386      0.234  0.000e+00
      1.416    28.1275   5.666201    35.2089     2.1691     0.0177          0     34.250 337.375512  1022.5160      1.408      0.205  0.000e+00
      1.481    28.1267   5.666452    35.2112     2.1615     0.0131          0     34.500 337.375515  1022.5183      1.472      0.180  0.000e+00
      1.524    28.1269   5.666612    35.2122     2.1456     0.0101          0     34.750 337.375518  1022.5191      1.515      0.156  0.000e+00
      1.567    28.1279   5.666201    35.2085     2.1085    -0.0082          0     35.000 337.375521  1022.5163      1.558      0.138  0.000e+00
      1.610    28.1288   5.666901    35.2128     2.1397    -0.0021          0     35.250 337.375524  1022.5194      1.601      0.136  0.000e+00
      1.697    28.1295   5.666521    35.2095     2.1496    -0.0014          0     35.500 337.375527  1022.5170      1.687      0.158  0.000e+00
      1.686    28.1295   5.666064    35.2063     2.1236    -0.0052          0     35.750 337.375530  1022.5146      1.677      0.167  0.000e+00
      1.697    28.1290   5.665912    35.2057     2.1025    -0.0174          0     36.000 337.375532  1022.5143      1.687      0.169  0.000e+00
      1.697    28.1269   5.665722    35.2059     2.0806    -0.0181          0     36.250 337.375535  1022.5152      1.687      0.148  0.000e+00
      1.686    28.1252   5.665532    35.2059     2.0502    -0.0128          0     36.500 337.375538  1022.5157      1.677      0.112  0.000e+00
      1.708    28.1245   5.665532    35.2064     2.0356    -0.0151          0     36.750 337.375541  1022.5164      1.698      0.084  0.000e+00
      1.697    28.1240   5.665692    35.2078     2.0253     0.0383          0     37.000 337.375544  1022.5176      1.687      0.053  0.000e+00
      1.772    28.1242   5.666232    35.2115     2.0243     0.0315          0     37.250 337.375547  1022.5206      1.763      0.045  0.000e+00
      1.837    28.1246   5.666361    35.2120     2.0588     0.0315          0     37.500 337.375550  1022.5212      1.827      0.056  0.000e+00
      1.870    28.1247   5.666293    35.2115     2.0865     0.0322          0     37.750 337.375553  1022.5209      1.859      0.088  0.000e+00
      1.870    28.1254   5.665760    35.2073     2.1179     0.0292          0     38.000 337.375556  1022.5175      1.859      0.105  0.000e+00
      1.859    28.1257   5.665601    35.2059     2.1136     0.0124          0     38.250 337.375558  1022.5163      1.849      0.111  0.000e+00
      1.881    28.1258   5.666103    35.2094     2.1341     0.0086          0     38.500 337.375561  1022.5190      1.870      0.112  0.000e+00
      1.978    28.1262   5.666962    35.2150     2.1288     0.0093          0     38.750 337.375564  1022.5234      1.967      0.122  0.000e+00
      2.086    28.1268   5.667441    35.2179     2.1050     0.0063          0     39.000 337.375567  1022.5259      2.074      0.150  0.000e+00
      2.194    28.1275   5.667471    35.2175     2.1947    -0.0250          0     39.250 337.375570  1022.5259      2.182      0.177  0.000e+00
      2.259    28.1285   5.666932    35.2130     2.2327    -0.0273          0     39.500 337.375573  1022.5224      2.246      0.214  0.000e+00
      2.270    28.1288   5.666703    35.2112     2.2343    -0.0258          0     39.750 337.375576  1022.5210      2.257      0.243  0.000e+00
      2.226    28.1274   5.666582    35.2114     2.2096    -0.0311          0     40.000 337.375579  1022.5214      2.214      0.242  0.000e+00
      2.281    28.1235   5.666582    35.2143     2.1949     0.0147          0     40.250 337.375582  1022.5251      2.268      0.232  0.000e+00
      2.367    28.1217   5.667122    35.2194     2.1558     0.0032          0     40.500 337.375584  1022.5299      2.354      0.214  0.000e+00
      2.475    28.1213   5.667183    35.2201     2.1491     0.0116          0     40.750 337.375587  1022.5310      2.461      0.198  0.000e+00
      2.540    28.1211   5.666833    35.2178     2.1298     0.0131          0     41.000 337.375590  1022.5296      2.526      0.192  0.000e+00
      2.486    28.1204   5.666833    35.2183     2.0789     0.0269          0     41.250 337.375593  1022.5300      2.472      0.171  0.000e+00
      2.421    28.1187   5.666612    35.2180     2.0528     0.0162          0     41.500 337.375596  1022.5301      2.408      0.141  0.000e+00
      2.378    28.1176   5.666392    35.2173     2.0503     0.0215          0     41.750 337.375599  1022.5298      2.365      0.107  0.000e+00
      2.454    28.1165   5.666453    35.2185     2.0783     0.0192          0     42.000 337.375602  1022.5313      2.440      0.088  0.000e+00
      2.529    28.1164   5.666613    35.2197     2.0974     0.0238          0     42.250 337.375605  1022.5326      2.515      0.063  0.000e+00
      2.637    28.1168   5.666673    35.2198     2.0877     0.0101          0     42.500 337.375608  1022.5330      2.623      0.064  0.000e+00
      2.637    28.1174   5.666521    35.2183     2.0883     0.0101          0     42.750 337.375611  1022.5317      2.623      0.071  0.000e+00
      2.605    28.1177   5.666772    35.2199     2.0877     0.0101          0     43.000 337.375613  1022.5326      2.591      0.087  0.000e+00
      2.518    28.1166   5.666552    35.2191     2.0989     0.0116          0     43.250 337.375616  1022.5320      2.505      0.092  0.000e+00
      2.518    28.1153   5.666308    35.2184     2.1070    -0.0052          0     43.500 337.375619  1022.5319      2.505      0.081  0.000e+00
      2.583    28.1141   5.666263    35.2190     2.0944     0.0070          0     43.750 337.375622  1022.5330      2.569      0.064  0.000e+00
      2.670    28.1139   5.666521    35.2209     2.0951    -0.0075          0     44.000 337.375625  1022.5349      2.655      0.045  0.000e+00
      2.800    28.1147   5.666742    35.2218     2.0957     0.0002          0     44.250 337.375628  1022.5359      2.784      0.066  0.000e+00
      2.918    28.1152   5.666643    35.2207     2.1591     0.0269          0     44.500 337.375631  1022.5354      2.902      0.120  0.000e+00
      3.037    28.1146   5.666423    35.2196     2.2268     0.0231          0     44.750 337.375634  1022.5353      3.021      0.217  0.000e+00
      3.124    28.1134   5.666202    35.2189     2.2704     0.0215          0     45.000 337.375637  1022.5355      3.107      0.310  0.000e+00
      3.210    28.1127   5.666142    35.2190     2.2567     0.0261          0     45.250 337.375639  1022.5362      3.193      0.383  0.000e+00
      3.308    28.1120   5.666172    35.2197     2.2831     0.0269          0     45.500 337.375642  1022.5373      3.289      0.412  0.000e+00
      3.459    28.1114   5.666172    35.2201     2.2365     0.0223          0     45.750 337.375645  1022.5385      3.440      0.430  0.000e+00
      3.578    28.1107   5.666172    35.2206     2.2241     0.0330          0     46.000 337.375648  1022.5396      3.558      0.438  0.000e+00
      3.718    28.1101   5.666073    35.2203     2.1812     0.0215          0     46.250 337.375651  1022.5402      3.698      0.445  0.000e+00
      3.870    28.1093   5.666142    35.2213     2.1611     0.0261          0     46.500 337.375654  1022.5419      3.849      0.467  0.000e+00
      4.032    28.1087   5.666104    35.2214     2.1505     0.0086          0     46.750 337.375657  1022.5428      4.010      0.500  0.000e+00
      4.151    28.1087   5.666043    35.2210     2.1666     0.0154          0     47.000 337.375660  1022.5430      4.128      0.530  0.000e+00
      4.281    28.1085   5.665945    35.2204     2.1705     0.0116          0     47.250 337.375663  1022.5432      4.257      0.550  0.000e+00
      4.378    28.1085   5.665793    35.2193     2.1753     0.0063          0     47.500 337.375666  1022.5428      4.354      0.547  0.000e+00
      4.443    28.1085   5.665724    35.2188     2.1938     0.0208          0     47.750 337.375668  1022.5427      4.418      0.516  0.000e+00
      4.497    28.1085   5.665633    35.2181     2.1093     0.0231          0     48.000 337.375671  1022.5424      4.472      0.474  0.000e+00
      4.551    28.1082   5.665633    35.2183     2.0601     0.0292          0     48.250 337.375674  1022.5429      4.526      0.417  0.000e+00
      4.637    28.1082   5.665724    35.2190     2.0173     0.0215          0     48.500 337.375677  1022.5437      4.612      0.365  0.000e+00
      4.691    28.1080   5.665603    35.2182     1.9737     0.0269          0     48.750 337.375680  1022.5435      4.665      0.317  0.000e+00
      4.724    28.1078   5.665473    35.2175     1.9575     0.0238          0     49.000 337.375683  1022.5431      4.698      0.277  0.000e+00
      4.724    28.1078   5.665413    35.2171     1.9342     0.0177          0     49.250 337.375686  1022.5429      4.698      0.230  0.000e+00
      4.767    28.1077   5.665534    35.2180     1.9599     0.0231          0     49.500 337.375689  1022.5438      4.741      0.200  0.000e+00
      4.789    28.1077   5.665473    35.2176     1.9969     0.0147          0     49.750 337.375692  1022.5435      4.762      0.175  0.000e+00
      4.810    28.1074   5.665443    35.2176     2.0305     0.0047          0     50.000 337.375694  1022.5437      4.784      0.151  0.000e+00
      4.908    28.1073   5.665724    35.2196     2.0398     0.0101          0     50.250 337.375697  1022.5457      4.881      0.146  0.000e+00
      5.005    28.1074   5.665793    35.2200     2.0399     0.0131          0     50.500 337.375700  1022.5464      4.977      0.157  0.000e+00
      5.070    28.1072   5.665633    35.2190     2.0362     0.0070          0     50.750 337.375703  1022.5460      5.042      0.185  0.000e+00
      5.091    28.1071   5.665633    35.2191     2.0346     0.0063          0     51.000 337.375706  1022.5461      5.063      0.207  0.000e+00
      5.048    28.1068   5.665694    35.2197     2.0156     0.0147          0     51.250 337.375709  1022.5465      5.020      0.202  0.000e+00
      5.027    28.1058   5.665633    35.2200     1.9865     0.0047          0     51.500 337.375712  1022.5470      4.999      0.169  0.000e+00
      5.016    28.1047   5.665504    35.2199     1.9792     0.0101          0     51.750 337.375715  1022.5472      4.988      0.128  0.000e+00
      5.048    28.1040   5.665443    35.2201     1.9744     0.0353          0     52.000 337.375718  1022.5477      5.020      0.086  0.000e+00
      5.091    28.1039   5.665413    35.2199     1.9561     0.0307          0     52.250 337.375720  1022.5478      5.063      0.046  0.000e+00
      5.167    28.1042   5.665443    35.2199     1.9801     0.0345          0     52.500 337.375723  1022.5480      5.139      0.040  0.000e+00
      5.243    28.1045   5.665573    35.2205     1.9995     0.0276          0     52.750 337.375726  1022.5487      5.214      0.068  0.000e+00
      5.308    28.1052   5.665694    35.2208     1.9987     0.0284          0     53.000 337.375729  1022.5490      5.278      0.120  0.000e+00
      5.372    28.1057   5.665725    35.2206     2.0074     0.0322          0     53.250 337.375732  1022.5490      5.343      0.181  0.000e+00
      5.383    28.1059   5.665603    35.2196     1.9899     0.0253          0     53.500 337.375735  1022.5482      5.354      0.211  0.000e+00
      5.372    28.1062   5.665504    35.2187     1.9838     0.0269          0     53.750 337.375738  1022.5474      5.343      0.209  0.000e+00
      5.372    28.1063   5.665443    35.2182     1.9890     0.0368          0     54.000 337.375741  1022.5470      5.343      0.180  0.000e+00
      5.394    28.1064   5.665504    35.2186     1.9812     0.0330          0     54.250 337.375744  1022.5473      5.364      0.144  0.000e+00
      5.437    28.1065   5.665535    35.2187     1.9785     0.0330          0     54.500 337.375747  1022.5475      5.407      0.111  0.000e+00
      5.470    28.1066   5.665634    35.2193     1.9802     0.0345          0     54.750 337.375749  1022.5481      5.440      0.089  0.000e+00
      5.545    28.1068   5.665725    35.2198     1.9668     0.0345          0     55.000 337.375752  1022.5487      5.515      0.092  0.000e+00
      5.632    28.1068   5.665884    35.2209     1.9936     0.0368          0     55.250 337.375755  1022.5499      5.601      0.119  0.000e+00
