ctd_mafia/cnv/SBE19plus_01906740_2018_12_07_0074.cnv
* Sea-Bird SBE19plus  Data File:
* FileName = C:\Users\all user\Desktop\Patroba _ WWF Mapping Mafia\SBE19plus_01906740_2018_12_07_0074.hex
* Software version 2.6.3.104
* Temperature SN = 6740
* Conductivity SN = 6740
* System UpLoad Time = Dec 07 2018 14:29:45
* <ApplicationData>
* <Seaterm232>
# nquan = 13
# nvalues = 928                                   
# units = specified
# name 0 = prdM: Pressure, Strain Gauge [db]
# name 1 = tv290C: Temperature [ITS-90, deg C]
# name 2 = c0S/m: Conductivity [S/m]
# name 3 = sal00: Salinity, Practical [PSU]
# name 4 = sbeox0ML/L: Oxygen, SBE 43 [ml/l]
# name 5 = flECO-AFL: Fluorescence, WET Labs ECO-AFL/FL [mg/m^3]
# name 6 = nbf: Bottles Fired
# name 7 = timeS: Time, Elapsed [seconds]
# name 8 = timeJ: Julian Days
# name 9 = density00: Density [density, kg/m^3]
# name 10 = depSM: Depth [salt water, m], lat = 0.00
# name 11 = dz/dtM: Descent Rate [m/s]
# name 12 = flag:  0.000e+00
# span 0 =     -1.402,     12.219                 
# span 1 =    27.3196,    28.4406                 
# span 2 =   0.065579,   5.701886                 
# span 3 =     0.3044,    35.3221                 
# span 4 =     2.1187,     4.5630                 
# span 5 =    -0.3294,     0.4236                 
# span 6 =          0,          0                 
# span 7 =      0.000,    231.750                 
# span 8 = 337.328148, 337.330830                 
# span 9 =   996.6495,  1022.5618                 
# span 10 =     -1.394,     12.152                
# span 11 =     -0.656,      0.269                
# span 12 = 0.0000e+00, 0.0000e+00                
# interval = seconds: 0.25
# start_time = Dec 03 2018 07:52:32 [Instrument's time stamp, header]
# bad_flag = -9.990e-29
*END*
     -1.359    27.3197   0.071708     0.3335     2.8924    -0.0235          0      0.000 337.328148   996.6718     -1.352      0.000  0.000e+00
     -1.359    27.3196   0.070802     0.3292     2.9045    -0.0235          0      0.250 337.328151   996.6685     -1.352      0.000  0.000e+00
     -1.370    27.3196   0.070830     0.3294     2.9039    -0.0212          0      0.500 337.328154   996.6686     -1.363     -0.003  0.000e+00
     -1.359    27.3196   0.070842     0.3294     3.0065    -0.0242          0      0.750 337.328157   996.6687     -1.352     -0.002  0.000e+00
     -1.370    27.3198   0.067378     0.3129     2.9572    -0.0288          0      1.000 337.328160   996.6561     -1.363     -0.004  0.000e+00
     -1.370    27.3204   0.065579     0.3044     2.9464    -0.0258          0      1.250 337.328163   996.6495     -1.363     -0.006  0.000e+00
     -1.392    27.3213   0.066022     0.3065     2.9447    -0.0258          0      1.500 337.328166   996.6508     -1.384     -0.012  0.000e+00
     -1.392    27.3223   0.068200     0.3168     3.0888    -0.0235          0      1.750 337.328168   996.6583     -1.384     -0.017  0.000e+00
     -1.381    27.3229   0.070554     0.3280     3.0505    -0.0189          0      2.000 337.328171   996.6666     -1.373     -0.016  0.000e+00
     -1.370    27.3232   0.077431     0.3609     3.1530    -0.0197          0      2.250 337.328174   996.6913     -1.363     -0.011  0.000e+00
     -1.392    27.3239   0.081842     0.3821     3.1501    -0.0242          0      2.500 337.328177   996.7070     -1.384     -0.011  0.000e+00
     -1.381    27.3242   0.082931     0.3873     3.1363    -0.0265          0      2.750 337.328180   996.7109     -1.373     -0.009  0.000e+00
     -1.392    27.3243   0.088127     0.4124     3.1083    -0.0983          0      3.000 337.328183   996.7297     -1.384     -0.006  0.000e+00
     -1.392    27.3242   0.096739     0.4541     3.0735    -0.0990          0      3.250 337.328186   996.7611     -1.384     -0.005  0.000e+00
     -1.370    27.3236   0.106586     0.5021     3.0098    -0.0929          0      3.500 337.328189   996.7974     -1.362      0.004  0.000e+00
     -1.381    27.3234   0.105557     0.4971     2.9563    -0.0975          0      3.750 337.328192   996.7936     -1.373      0.002  0.000e+00
     -1.391    27.3230   0.101747     0.4785     2.9382    -0.0960          0      4.000 337.328194   996.7797     -1.384     -0.003  0.000e+00
     -1.391    27.3231   0.094656     0.4440     2.8891    -0.0487          0      4.250 337.328197   996.7538     -1.384     -0.004  0.000e+00
     -1.391    27.3239   0.095429     0.4477     2.8569    -0.0410          0      4.500 337.328200   996.7564     -1.384     -0.001  0.000e+00
     -1.391    27.3248   0.106499     0.5016     3.0766    -0.0525          0      4.750 337.328203   996.7967     -1.384     -0.004  0.000e+00
     -1.369    27.3262   0.126737     0.6010     3.8976    -0.0441          0      5.000 337.328206   996.8711     -1.362      0.002  0.000e+00
     -1.369    27.3275   0.128928     0.6118     3.9501    -0.0281          0      5.250 337.328209   996.8789     -1.362      0.005  0.000e+00
     -1.369    27.3289   0.123099     0.5831     3.9156    -0.0166          0      5.500 337.328212   996.8568     -1.362      0.005  0.000e+00
     -1.380    27.3301   0.115682     0.5466     3.8378    -0.0250          0      5.750 337.328215   996.8290     -1.373      0.009  0.000e+00
     -1.369    27.3317   0.116516     0.5506     3.6774    -0.0227          0      6.000 337.328218   996.8317     -1.362      0.012  0.000e+00
     -1.369    27.3330   0.166991     0.8014     3.6481    -0.0242          0      6.250 337.328220   997.0198     -1.362      0.012  0.000e+00
     -1.358    27.3342   0.174526     0.8393     3.4599    -0.0235          0      6.500 337.328223   997.0479     -1.351      0.012  0.000e+00
     -1.369    27.3356   0.136491     0.6492     3.2371    -0.0227          0      6.750 337.328226   996.9047     -1.362      0.008  0.000e+00
     -1.380    27.3369   0.116753     0.5517     3.0006    -0.0242          0      7.000 337.328229   996.8310     -1.372     -0.001  0.000e+00
     -1.369    27.3385   0.108576     0.5117     2.9862    -0.0258          0      7.250 337.328232   996.8005     -1.362      0.000  0.000e+00
     -1.391    27.3398   0.106296     0.5005     3.0165    -0.0197          0      7.500 337.328235   996.7916     -1.383     -0.005  0.000e+00
     -1.380    27.3408   0.106949     0.5037     2.9932    -0.0151          0      7.750 337.328238   996.7938     -1.373     -0.006  0.000e+00
     -1.359    27.3421   0.109224     0.5148     3.0156    -0.0197          0      8.000 337.328241   996.8019     -1.351     -0.004  0.000e+00
     -1.380    27.3431   0.102718     0.4830     3.0125    -0.0265          0      8.250 337.328244   996.7776     -1.373     -0.005  0.000e+00
     -1.380    27.3443   0.095340     0.4471     3.0138    -0.0204          0      8.500 337.328247   996.7503     -1.373     -0.006  0.000e+00
     -1.391    27.3451   0.088254     0.4128     3.0521    -0.0242          0      8.750 337.328249   996.7242     -1.384     -0.005  0.000e+00
     -1.370    27.3461   0.083156     0.3882     3.0318    -0.0189          0      9.000 337.328252   996.7055     -1.362     -0.000  0.000e+00
     -1.359    27.3468   0.079976     0.3729     3.0477    -0.0174          0      9.250 337.328255   996.6939     -1.351      0.004  0.000e+00
     -1.380    27.3475   0.079325     0.3698     3.0397    -0.0242          0      9.500 337.328258   996.6912     -1.373      0.005  0.000e+00
     -1.380    27.3482   0.080059     0.3733     3.0442    -0.0250          0      9.750 337.328261   996.6937     -1.373     -0.001  0.000e+00
     -1.370    27.3488   0.080308     0.3745     3.0229    -0.0166          0     10.000 337.328264   996.6944     -1.362     -0.001  0.000e+00
     -1.359    27.3492   0.079706     0.3716     3.0430    -0.0258          0     10.250 337.328267   996.6922     -1.351      0.009  0.000e+00
     -1.370    27.3498   0.078800     0.3673     3.1180    -0.0235          0     10.500 337.328270   996.6887     -1.362      0.008  0.000e+00
     -1.370    27.3500   0.077572     0.3614     3.0960    -0.0242          0     10.750 337.328273   996.6842     -1.362      0.006  0.000e+00
     -1.391    27.3503   0.074054     0.3445     3.1061    -0.0227          0     11.000 337.328275   996.6714     -1.384     -0.005  0.000e+00
     -1.391    27.3507   0.072103     0.3352     3.0731    -0.0197          0     11.250 337.328278   996.6642     -1.384     -0.009  0.000e+00
     -1.391    27.3511   0.100416     0.4717     3.2531    -0.0227          0     11.500 337.328281   996.7668     -1.384     -0.009  0.000e+00
     -1.380    27.3515   0.100075     0.4701     3.3284    -0.0220          0     11.750 337.328284   996.7655     -1.373     -0.010  0.000e+00
     -1.391    27.3519   0.090716     0.4247     3.2586    -0.0212          0     12.000 337.328287   996.7312     -1.384     -0.014  0.000e+00
     -1.370    27.3519   0.083836     0.3915     3.2040    -0.0242          0     12.250 337.328290   996.7063     -1.362     -0.009  0.000e+00
     -1.380    27.3524   0.083519     0.3899     3.1745    -0.0258          0     12.500 337.328293   996.7050     -1.373     -0.002  0.000e+00
     -1.370    27.3535   0.084045     0.3925     3.1079    -0.0189          0     12.750 337.328296   996.7066     -1.362      0.005  0.000e+00
     -1.380    27.3547   0.082556     0.3853     3.0137    -0.0258          0     13.000 337.328299   996.7008     -1.373      0.009  0.000e+00
     -1.370    27.3562   0.080155     0.3737     2.9449    -0.0220          0     13.250 337.328302   996.6918     -1.362      0.010  0.000e+00
     -1.402    27.3575   0.078066     0.3637     2.8527    -0.0197          0     13.500 337.328304   996.6837     -1.394      0.001  0.000e+00
     -1.391    27.3582   0.087912     0.4111     2.8414    -0.0235          0     13.750 337.328307   996.7192     -1.384     -0.005  0.000e+00
     -1.370    27.3581   0.086075     0.4022     2.8401    -0.0204          0     14.000 337.328310   996.7127     -1.362     -0.001  0.000e+00
     -1.380    27.3601   0.083540     0.3900     2.8619    -0.0265          0     14.250 337.328313   996.7029     -1.373     -0.005  0.000e+00
     -1.370    27.3612   0.081249     0.3789     2.8852    -0.0197          0     14.500 337.328316   996.6943     -1.362      0.001  0.000e+00
     -1.315    27.3751   1.154883     6.2456     2.8445    -0.0258          0     14.750 337.328319  1001.0802     -1.308      0.017  0.000e+00
     -1.186    27.6070   0.832968     4.3739     2.9952    -0.0227          0     15.000 337.328322   999.6171     -1.179      0.068  0.000e+00
     -1.132    27.9080   0.326559     1.6037     3.0629    -0.0288          0     15.250 337.328325   997.4602     -1.125      0.117  0.000e+00
     -1.121    28.0558   0.322985     1.5803     3.2386    -0.0296          0     15.500 337.328328   997.4004     -1.115      0.156  0.000e+00
     -1.078    28.1202   2.658907    15.2145     3.2573    -0.3264          0     15.750 337.328330  1007.5476     -1.072      0.179  0.000e+00
     -0.948    28.1699   0.455267     2.2684     3.4448    -0.3218          0     16.000 337.328333   997.8833     -0.943      0.218  0.000e+00
     -0.883    28.2049   2.399186    13.5716     3.1878    -0.3218          0     16.250 337.328336  1006.2985     -0.878      0.253  0.000e+00
     -0.818    28.2146   4.199069    25.1351     2.9159    -0.3241          0     16.500 337.328339  1014.9247     -0.814      0.269  0.000e+00
     -0.775    28.2423   5.676283    35.1944     2.7235    -0.3294          0     16.750 337.328342  1022.4581     -0.771      0.262  0.000e+00
     -0.796    28.2957   5.688942    35.2431     2.6618     0.4221          0     17.000 337.328345  1022.4770     -0.792      0.229  0.000e+00
     -0.840    28.3458   5.692575    35.2311     2.6051     0.4236          0     17.250 337.328348  1022.4513     -0.835      0.192  0.000e+00
     -0.840    28.3767   5.694487    35.2215     2.5197     0.4228          0     17.500 337.328351  1022.4338     -0.835      0.150  0.000e+00
     -0.786    28.3936   5.695858    35.2184     2.5356     0.4236          0     17.750 337.328354  1022.4262     -0.781      0.107  0.000e+00
     -0.775    28.4050   5.696780    35.2164     2.6300    -0.2218          0     18.000 337.328356  1022.4210     -0.771      0.058  0.000e+00
     -0.775    28.4125   5.696970    35.2121     2.6224    -0.2211          0     18.250 337.328359  1022.4152     -0.771      0.033  0.000e+00
     -0.818    28.4171   5.695789    35.2005     2.5953    -0.2241          0     18.500 337.328362  1022.4049     -0.814      0.007  0.000e+00
     -0.829    28.4178   5.694227    35.1891     2.5625    -0.2226          0     18.750 337.328365  1022.3960     -0.824     -0.006  0.000e+00
     -0.807    28.4176   5.691804    35.1724     2.5346    -0.1974          0     19.000 337.328368  1022.3836     -0.803      0.003  0.000e+00
     -0.807    28.4167   5.690661    35.1651     2.4903    -0.1990          0     19.250 337.328371  1022.3784     -0.803      0.006  0.000e+00
     -0.764    28.4143   5.690943    35.1688     2.4595    -0.2058          0     19.500 337.328374  1022.3822     -0.760      0.008  0.000e+00
     -0.764    28.4128   5.692916    35.1836     2.4521    -0.2074          0     19.750 337.328377  1022.3938     -0.760      0.004  0.000e+00
     -0.732    28.4124   5.694135    35.1924     2.4359     0.0749          0     20.000 337.328380  1022.4007     -0.728      0.022  0.000e+00
     -0.710    28.4144   5.694577    35.1940     2.4437     0.0734          0     20.250 337.328383  1022.4013     -0.706      0.046  0.000e+00
     -0.721    28.4160   5.694295    35.1909     2.4487     0.0719          0     20.500 337.328385  1022.3984     -0.717      0.063  0.000e+00
     -0.710    28.4168   5.691614    35.1716     2.4486     0.0681          0     20.750 337.328388  1022.3837     -0.706      0.064  0.000e+00
     -0.742    28.4162   5.686457    35.1361     2.4467     0.0704          0     21.000 337.328391  1022.3571     -0.738      0.046  0.000e+00
     -0.710    28.4145   5.686930    35.1407     2.4617    -0.1066          0     21.250 337.328394  1022.3612     -0.706      0.038  0.000e+00
     -0.678    28.4111   5.685627    35.1341     2.4535    -0.0998          0     21.500 337.328397  1022.3576     -0.674      0.032  0.000e+00
     -0.645    28.4091   5.682826    35.1161     2.4189    -0.1005          0     21.750 337.328400  1022.3448     -0.642      0.041  0.000e+00
     -0.634    28.4083   5.681067    35.1044     2.4194    -0.0944          0     22.000 337.328403  1022.3363     -0.631      0.045  0.000e+00
     -0.602    28.3955   5.681973    35.1202     2.3796     0.0543          0     22.250 337.328406  1022.3525     -0.599      0.059  0.000e+00
     -0.591    28.3584   5.681236    35.1426     2.3671     0.0604          0     22.500 337.328409  1022.3816     -0.588      0.075  0.000e+00
     -0.559    28.3283   5.681236    35.1649     2.3709     0.0559          0     22.750 337.328411  1022.4085     -0.556      0.088  0.000e+00
     -0.516    28.3111   5.679113    35.1629     2.3677     0.0589          0     23.000 337.328414  1022.4129     -0.513      0.105  0.000e+00
     -0.472    28.3086   5.681115    35.1787     2.3704     0.1734          0     23.250 337.328417  1022.4257     -0.470      0.110  0.000e+00
     -0.462    28.3217   5.680064    35.1617     2.3658     0.1764          0     23.500 337.328420  1022.4087     -0.459      0.111  0.000e+00
     -0.462    28.3400   5.675742    35.1179     2.3681     0.1795          0     23.750 337.328423  1022.3697     -0.459      0.106  0.000e+00
     -0.483    28.3525   5.674349    35.0990     2.3775     0.1848          0     24.000 337.328426  1022.3513     -0.480      0.091  0.000e+00
     -0.483    28.3501   5.673238    35.0930     2.3691     0.1535          0     24.250 337.328429  1022.3476     -0.480      0.070  0.000e+00
     -0.462    28.3379   5.672349    35.0958     2.3585     0.1535          0     24.500 337.328432  1022.3538     -0.459      0.055  0.000e+00
     -0.462    28.3270   5.671809    35.1002     2.3474     0.1505          0     24.750 337.328435  1022.3607     -0.459      0.034  0.000e+00
     -0.429    28.3110   5.674046    35.1276     2.3441     0.1505          0     25.000 337.328438  1022.3867     -0.427      0.024  0.000e+00
     -0.440    28.2822   5.676032    35.1629     2.3379     0.1505          0     25.250 337.328440  1022.4227     -0.437      0.017  0.000e+00
     -0.429    28.2523   5.676923    35.1914     2.3328     0.0788          0     25.500 337.328443  1022.4540     -0.427      0.022  0.000e+00
     -0.429    28.2412   5.675462    35.1894     2.3280     0.0696          0     25.750 337.328446  1022.4561     -0.427      0.027  0.000e+00
     -0.429    28.2356   5.674062    35.1838     2.3129     0.0726          0     26.000 337.328449  1022.4538     -0.427      0.031  0.000e+00
     -0.418    28.2252   5.676634    35.2095     2.3037     0.0726          0     26.250 337.328452  1022.4766     -0.416      0.028  0.000e+00
     -0.440    28.2158   5.679176    35.2343     2.2994    -0.1158          0     26.500 337.328455  1022.4982     -0.437      0.015  0.000e+00
     -0.461    28.2249   5.679335    35.2287     2.2894    -0.1211          0     26.750 337.328458  1022.4909     -0.459      0.001  0.000e+00
     -0.407    28.2451   5.678285    35.2062     2.2892    -0.1089          0     27.000 337.328461  1022.4676     -0.405      0.001  0.000e+00
     -0.375    28.2617   5.677113    35.1857     2.3010    -0.1189          0     27.250 337.328464  1022.4469     -0.373      0.017  0.000e+00
     -0.364    28.2712   5.675903    35.1701     2.2864    -0.0227          0     27.500 337.328466  1022.4320     -0.362      0.028  0.000e+00
