ctd_mafia/cnv/SBE19plus_01906740_2018_12_07_0073.cnv
* Sea-Bird SBE19plus  Data File:
* FileName = C:\Users\all user\Desktop\Patroba _ WWF Mapping Mafia\SBE19plus_01906740_2018_12_07_0073.hex
* Software version 2.6.3.104
* Temperature SN = 6740
* Conductivity SN = 6740
* System UpLoad Time = Dec 07 2018 14:29:25
* <ApplicationData>
* <Seaterm232>
# nquan = 13
# nvalues = 445                                   
# units = specified
# name 0 = prdM: Pressure, Strain Gauge [db]
# name 1 = tv290C: Temperature [ITS-90, deg C]
# name 2 = c0S/m: Conductivity [S/m]
# name 3 = sal00: Salinity, Practical [PSU]
# name 4 = sbeox0ML/L: Oxygen, SBE 43 [ml/l]
# name 5 = flECO-AFL: Fluorescence, WET Labs ECO-AFL/FL [mg/m^3]
# name 6 = nbf: Bottles Fired
# name 7 = timeS: Time, Elapsed [seconds]
# name 8 = timeJ: Julian Days
# name 9 = density00: Density [density, kg/m^3]
# name 10 = depSM: Depth [salt water, m], lat = 0.00
# name 11 = dz/dtM: Descent Rate [m/s]
# name 12 = flag:  0.000e+00
# span 0 =     -1.378,      6.146                 
# span 1 =    27.8423,    28.3052                 
# span 2 =   0.079101,   5.671561                 
# span 3 =     0.3630,    35.1418                 
# span 4 =     2.7268,     4.9813                 
# span 5 =    -0.4378,     0.3351                 
# span 6 =          0,          0                 
# span 7 =      0.000,    111.000                 
# span 8 = 337.317616, 337.318900                 
# span 9 =   996.4707,  1022.4319                 
# span 10 =     -1.371,      6.112                
# span 11 =     -0.648,      0.386                
# span 12 = 0.0000e+00, 0.0000e+00                
# interval = seconds: 0.25
# start_time = Dec 03 2018 07:37:22 [Instrument's time stamp, header]
# bad_flag = -9.990e-29
*END*
[from data line 112]
     -0.308    27.8486   2.531133    14.4978     2.9907     0.0002          0     28.000 337.317940  1007.0988     -0.306     -0.026  0.000e+00
     -0.275    27.8514   2.551161    14.6225     2.9909    -0.0067          0     28.250 337.317943  1007.1912     -0.274     -0.019  0.000e+00
     -0.210    27.8580   2.544455    14.5784     2.9946     0.0391          0     28.500 337.317946  1007.1565     -0.209      0.004  0.000e+00
     -0.178    27.8648   1.292991     6.9833     3.1298     0.0322          0     28.750 337.317948  1001.4939     -0.177      0.026  0.000e+00
     -0.189    27.8664   0.900537     4.7301     3.1736     0.0253          0     29.000 337.317951   999.8128     -0.188      0.042  0.000e+00
     -0.254    27.8680   1.286982     6.9478     3.1447     0.0376          0     29.250 337.317954  1001.4662     -0.252      0.039  0.000e+00
     -0.318    27.8676   2.263272    12.8240     3.0374     0.0246          0     29.500 337.317957  1005.8454     -0.317      0.019  0.000e+00
     -0.329    27.8659   2.503669    14.3205     3.0088     0.0505          0     29.750 337.317960  1006.9613     -0.327     -0.004  0.000e+00
     -0.297    27.8651   2.484751    14.2024     3.0000     0.0421          0     30.000 337.317963  1006.8737     -0.295     -0.027  0.000e+00
     -0.254    27.8642   0.918400     4.8311     3.1570     0.0482          0     30.250 337.317966   999.8885     -0.252     -0.040  0.000e+00
     -0.243    27.8623   0.497420     2.5083     3.1968     0.0521          0     30.500 337.317969   998.1541     -0.241     -0.043  0.000e+00
     -0.243    27.8602   1.564609     8.5843     3.0863    -0.0075          0     30.750 337.317972  1002.6883     -0.241     -0.027  0.000e+00
     -0.264    27.8593   2.406899    13.7181     2.9899    -0.0021          0     31.000 337.317975  1006.5146     -0.263     -0.003  0.000e+00
     -0.264    27.8590   2.540041    14.5505     2.9867    -0.0021          0     31.250 337.317977  1007.1352     -0.263      0.023  0.000e+00
     -0.232    27.8598   1.443825     7.8690     3.1156    -0.0021          0     31.500 337.317980  1002.1553     -0.231      0.041  0.000e+00
     -0.254    27.8597   0.591621     3.0175     3.2099     0.0093          0     31.750 337.317983   998.5355     -0.252      0.030  0.000e+00
     -0.264    27.8588   0.949556     5.0080     3.1776     0.0078          0     32.000 337.317986  1000.0220     -0.263      0.009  0.000e+00
     -0.286    27.8583   1.003674     5.3156     3.1694     0.0055          0     32.250 337.317989  1000.2515     -0.285     -0.012  0.000e+00
     -0.308    27.8572   2.276588    12.9092     3.0290     0.0116          0     32.500 337.317992  1005.9121     -0.306     -0.025  0.000e+00
     -0.254    27.8561   2.494028    14.2631     3.0100     0.0406          0     32.750 337.317995  1006.9219     -0.252     -0.017  0.000e+00
     -0.232    27.8551   2.440566    13.9292     3.0127     0.0505          0     33.000 337.317998  1006.6734     -0.231     -0.001  0.000e+00
     -0.221    27.8553   0.385177     1.9120     3.2048     0.0513          0     33.250 337.318001   997.7101     -0.220      0.009  0.000e+00
     -0.254    27.8545   2.376709    13.5315     3.0122     0.0452          0     33.500 337.318003  1006.3769     -0.252      0.007  0.000e+00
     -0.286    27.8546   2.246946    12.7265     3.0215     0.0437          0     33.750 337.318006  1005.7768     -0.285      0.007  0.000e+00
     -0.297    27.8544   1.993606    11.1705     3.0504     0.0017          0     34.000 337.318009  1004.6171     -0.295      0.001  0.000e+00
     -0.275    27.8531   2.507951    14.3511     3.0097     0.0162          0     34.250 337.318012  1006.9883     -0.274     -0.001  0.000e+00
     -0.275    27.8530   2.506148    14.3399     3.0072     0.0040          0     34.500 337.318015  1006.9799     -0.274     -0.009  0.000e+00
     -0.232    27.8536   1.122977     5.9994     3.1420     0.0055          0     34.750 337.318018  1000.7632     -0.231     -0.013  0.000e+00
     -0.210    27.8531   2.159948    12.1902     3.0475     0.0208          0     35.000 337.318021  1005.3778     -0.209      0.001  0.000e+00
     -0.243    27.8529   2.431860    13.8756     3.0189     0.0299          0     35.250 337.318024  1006.6340     -0.242      0.012  0.000e+00
     -0.232    27.8538   1.496371     8.1805     3.1061     0.0101          0     35.500 337.318027  1002.3893     -0.231      0.029  0.000e+00
     -0.243    27.8533   1.440232     7.8488     3.1107     0.0231          0     35.750 337.318030  1002.1422     -0.242      0.033  0.000e+00
     -0.297    27.8524   1.847195    10.2812     3.0688     0.0170          0     36.000 337.318032  1003.9550     -0.295      0.012  0.000e+00
     -0.308    27.8520   2.547677    14.6005     3.0066     0.0246          0     36.250 337.318035  1007.1744     -0.306     -0.016  0.000e+00
     -0.297    27.8543   2.563784    14.7009     3.0025     0.0253          0     36.500 337.318038  1007.2486     -0.295     -0.032  0.000e+00
     -0.210    27.8626   2.578394    14.7901     2.9995     0.0223          0     36.750 337.318041  1007.3130     -0.209     -0.025  0.000e+00
     -0.167    27.8877   2.547401    14.5878     3.0014     0.0109          0     37.000 337.318044  1007.1548     -0.166      0.005  0.000e+00
     -0.167    27.9202   1.375068     7.4550     3.1266     0.0116          0     37.250 337.318047  1001.8293     -0.166      0.037  0.000e+00
     -0.221    27.9311   2.532754    14.4828     3.0039     0.0040          0     37.500 337.318050  1007.0632     -0.220      0.042  0.000e+00
     -0.308    27.9084   2.567635    14.7083     3.0142     0.0116          0     37.750 337.318053  1007.2378     -0.306      0.025  0.000e+00
     -0.373    27.8903   2.554165    14.6295     3.0264     0.0009          0     38.000 337.318056  1007.1842     -0.371     -0.007  0.000e+00
     -0.329    27.8816   2.595900    14.8941     3.0114     0.0398          0     38.250 337.318058  1007.3843     -0.328     -0.037  0.000e+00
     -0.221    27.9048   3.684100    21.8833     2.8902     0.0528          0     38.500 337.318061  1012.5937     -0.220     -0.040  0.000e+00
     -0.113    27.9751   2.677889    15.3801     2.9860     0.0490          0     38.750 337.318064  1007.7193     -0.113     -0.017  0.000e+00
     -0.135    28.0438   1.453078     7.8932     3.1015     0.0444          0     39.000 337.318067  1002.1198     -0.134      0.018  0.000e+00
     -0.200    28.0180   2.657477    15.2380     2.9782     0.0185          0     39.250 337.318070  1007.5999     -0.199      0.045  0.000e+00
     -0.329    27.9654   2.655036    15.2394     2.9981     0.0215          0     39.500 337.318073  1007.6164     -0.328      0.039  0.000e+00
     -0.329    27.9429   2.642964    15.1707     3.0060     0.0246          0     39.750 337.318076  1007.5719     -0.328      0.026  0.000e+00
     -0.265    27.9391   2.673134    15.3618     3.0021     0.0299          0     40.000 337.318079  1007.7159     -0.263      0.009  0.000e+00
     -0.200    27.9513   2.636641    15.1283     3.0092     0.0307          0     40.250 337.318082  1007.5384     -0.199     -0.016  0.000e+00
     -0.146    27.9581   2.596300    14.8727     3.0107     0.0345          0     40.500 337.318084  1007.3460     -0.145     -0.023  0.000e+00
     -0.146    27.9616   2.603924    14.9195     3.0069     0.0292          0     40.750 337.318087  1007.3798     -0.145     -0.006  0.000e+00
     -0.189    27.9704   2.589573    14.8267     2.9991     0.0414          0     41.000 337.318090  1007.3078     -0.188      0.030  0.000e+00
     -0.221    27.9547   2.586816    14.8143     2.9964     0.0772          0     41.250 337.318093  1007.3032     -0.220      0.055  0.000e+00
     -0.243    27.9249   2.597419    14.8902     2.9879     0.0734          0     41.500 337.318096  1007.3687     -0.242      0.058  0.000e+00
     -0.243    27.9094   2.603134    14.9309     2.9898     0.0734          0     41.750 337.318099  1007.4037     -0.242      0.022  0.000e+00
     -0.221    27.9025   2.587828    14.8369     3.0017     0.0742          0     42.000 337.318102  1007.3358     -0.220     -0.015  0.000e+00
     -0.189    27.8840   2.496778    14.2719     3.0133     0.0719          0     42.250 337.318105  1006.9203     -0.188     -0.029  0.000e+00
     -0.210    27.8617   2.489844    14.2352     3.0143     0.0086          0     42.500 337.318108  1006.8996     -0.209     -0.032  0.000e+00
     -0.221    27.8529   2.589224    14.8611     2.9979     0.0086          0     42.750 337.318111  1007.3688     -0.220     -0.019  0.000e+00
     -0.232    27.8494   2.602382    14.9449     2.9928     0.0093          0     43.000 337.318113  1007.4323     -0.231     -0.004  0.000e+00
     -0.210    27.8471   2.606383    14.9708     2.9971     0.0063          0     43.250 337.318116  1007.4524     -0.209      0.009  0.000e+00
     -0.221    27.8494   2.601569    14.9398     2.9953     0.0192          0     43.500 337.318119  1007.4285     -0.220      0.009  0.000e+00
     -0.210    27.8531   2.599402    14.9250     2.9921     0.0170          0     43.750 337.318122  1007.4165     -0.209      0.004  0.000e+00
     -0.189    27.8569   2.590064    14.8652     3.0056     0.0284          0     44.000 337.318125  1007.3708     -0.188      0.004  0.000e+00
     -0.178    27.8578   2.574680    14.7682     3.0103     0.0253          0     44.250 337.318128  1007.2982     -0.177      0.009  0.000e+00
     -0.211    27.8531   2.574719    14.7699     3.0243     0.0521          0     44.500 337.318131  1007.3008     -0.209      0.014  0.000e+00
     -0.211    27.8490   2.590292    14.8691     3.0227     0.0459          0     44.750 337.318134  1007.3760     -0.209      0.014  0.000e+00
     -0.211    27.8513   2.600048    14.9297     3.0169     0.0406          0     45.000 337.318137  1007.4205     -0.209      0.009  0.000e+00
     -0.189    27.8577   2.584677    14.8310     3.0079     0.0536          0     45.250 337.318139  1007.3451     -0.188      0.006  0.000e+00
     -0.200    27.8597   2.577339    14.7843     3.0206     0.0337          0     45.500 337.318142  1007.3096     -0.199      0.005  0.000e+00
     -0.200    27.8589   2.592561    14.8802     3.0170     0.0322          0     45.750 337.318145  1007.3813     -0.199     -0.001  0.000e+00
     -0.200    27.8636   2.602872    14.9436     3.0102     0.0360          0     46.000 337.318148  1007.4272     -0.199     -0.004  0.000e+00
     -0.200    27.8725   2.591042    14.8664     3.0080     0.0322          0     46.250 337.318151  1007.3670     -0.199     -0.001  0.000e+00
     -0.200    27.8761   2.586972    14.8397     3.0070     0.0444          0     46.500 337.318154  1007.3460     -0.199      0.006  0.000e+00
     -0.200    27.8767   2.592684    14.8754     3.0013     0.0459          0     46.750 337.318157  1007.3724     -0.199      0.004  0.000e+00
     -0.232    27.8798   2.595839    14.8943     3.0144     0.0391          0     47.000 337.318160  1007.3854     -0.231     -0.008  0.000e+00
     -0.243    27.8850   2.595149    14.8883     3.0129     0.0261          0     47.250 337.318163  1007.3793     -0.242     -0.021  0.000e+00
     -0.243    27.8898   2.600961    14.9234     3.0140     0.0383          0     47.500 337.318166  1007.4040     -0.242     -0.024  0.000e+00
     -0.210    27.8951   2.604209    14.9421     3.0037     0.0246          0     47.750 337.318168  1007.4165     -0.209     -0.019  0.000e+00
     -0.167    27.9021   2.605296    14.9467     3.0103     0.0292          0     48.000 337.318171  1007.4180     -0.166     -0.002  0.000e+00
     -0.124    27.9098   2.596601    14.8897     3.0102     0.0101          0     48.250 337.318174  1007.3734     -0.123      0.025  0.000e+00
     -0.135    27.9145   2.578049    14.7718     3.0150     0.0215          0     48.500 337.318177  1007.2840     -0.134      0.043  0.000e+00
     -0.210    27.9133   2.582915    14.8027     3.0085     0.0246          0     48.750 337.318180  1007.3071     -0.209      0.038  0.000e+00
     -0.243    27.9135   2.605613    14.9452     3.0078     0.0231          0     49.000 337.318183  1007.4131     -0.242      0.024  0.000e+00
     -0.254    27.9203   2.605613    14.9430     3.0141     0.0200          0     49.250 337.318186  1007.4094     -0.252     -0.001  0.000e+00
     -0.232    27.9258   2.602783    14.9235     3.0027     0.0292          0     49.500 337.318189  1007.3933     -0.231     -0.022  0.000e+00
     -0.200    27.9276   2.605117    14.9376     2.9973     0.0261          0     49.750 337.318192  1007.4034     -0.199     -0.035  0.000e+00
     -0.178    27.9305   2.600348    14.9068     2.9928     0.0398          0     50.000 337.318194  1007.3796     -0.177     -0.034  0.000e+00
     -0.167    27.9320   2.598561    14.8951     2.9921     0.0406          0     50.250 337.318197  1007.3705     -0.166     -0.018  0.000e+00
     -0.167    27.9340   2.595198    14.8733     2.9838     0.0406          0     50.500 337.318200  1007.3537     -0.166      0.012  0.000e+00
     -0.167    27.9343   2.596284    14.8801     2.9934     0.0414          0     50.750 337.318203  1007.3586     -0.166      0.042  0.000e+00
     -0.210    27.9347   2.593679    14.8636     3.0050     0.0490          0     51.000 337.318206  1007.3460     -0.209      0.037  0.000e+00
     -0.210    27.9348   2.584815    14.8079     2.9953     0.0414          0     51.250 337.318209  1007.3045     -0.209      0.021  0.000e+00
     -0.221    27.9334   2.581487    14.7875     3.0000     0.0421          0     51.500 337.318212  1007.2897     -0.220     -0.004  0.000e+00
     -0.243    27.9310   2.586521    14.8198     3.0180     0.0429          0     51.750 337.318215  1007.3144     -0.242     -0.029  0.000e+00
     -0.232    27.9299   2.600226    14.9062     3.0316     0.0238          0     52.000 337.318218  1007.3791     -0.231     -0.040  0.000e+00
     -0.200    27.9320   2.598366    14.8939     3.0261     0.0261          0     52.250 337.318220  1007.3694     -0.199     -0.032  0.000e+00
     -0.189    27.9341   2.604332    14.9306     3.0200     0.0192          0     52.500 337.318223  1007.3963     -0.188     -0.017  0.000e+00
     -0.200    27.9369   2.601925    14.9147     3.0186     0.0177          0     52.750 337.318226  1007.3835     -0.199     -0.004  0.000e+00
     -0.200    27.9408   2.639099    15.1470     3.0109     0.0315          0     53.000 337.318229  1007.5555     -0.199      0.012  0.000e+00
     -0.254    27.9562   2.636552    15.1261     3.0172     0.0391          0     53.250 337.318232  1007.5351     -0.252      0.001  0.000e+00
     -0.254    27.9735   2.604454    14.9191     3.0168     0.0459          0     53.500 337.318235  1007.3755     -0.252     -0.007  0.000e+00
     -0.243    27.9829   2.606772    14.9307     3.0293     0.0368          0     53.750 337.318238  1007.3813     -0.242     -0.012  0.000e+00
     -0.200    27.9936   2.606382    14.9249     3.0323     0.0360          0     54.000 337.318241  1007.3740     -0.199     -0.012  0.000e+00
     -0.178    28.0000   2.579487    14.7543     3.0435     0.0292          0     54.250 337.318244  1007.2450     -0.177     -0.006  0.000e+00
     -0.167    27.9974   2.586065    14.7964     3.0292     0.0330          0     54.500 337.318247  1007.2772     -0.166      0.011  0.000e+00
     -0.157    27.9922   2.598788    14.8777     3.0353     0.0315          0     54.750 337.318249  1007.3394     -0.156      0.032  0.000e+00
     -0.113    27.9849   2.605540    14.9224     3.0280     0.0345          0     55.000 337.318252  1007.3751     -0.113      0.058  0.000e+00
     -0.081    27.9805   2.626002    15.0521     3.0170     0.0208          0     55.250 337.318255  1007.4733     -0.080      0.088  0.000e+00
