ctd_mafia/cnv/SBE19plus_01906740_2018_12_07_0100.cnv
* Sea-Bird SBE19plus  Data File:
* FileName = C:\Users\all user\Desktop\Patroba _ WWF Mapping Mafia\SBE19plus_01906740_2018_12_07_0100.hex
* Software version 2.6.3.104
* Temperature SN = 6740
* Conductivity SN = 6740
* System UpLoad Time = Dec 07 2018 14:35:20
* <ApplicationData>
* <Seaterm232>
# nquan = 13
# nvalues = 543                                   
# units = specified
# name 0 = prdM: Pressure, Strain Gauge [db]
# name 1 = tv290C: Temperature [ITS-90, deg C]
# name 2 = c0S/m: Conductivity [S/m]
# name 3 = sal00: Salinity, Practical [PSU]
# name 4 = sbeox0ML/L: Oxygen, SBE 43 [ml/l]
# name 5 = flECO-AFL: Fluorescence, WET Labs ECO-AFL/FL [mg/m^3]
# name 6 = nbf: Bottles Fired
# name 7 = timeS: Time, Elapsed [seconds]
# name 8 = timeJ: Julian Days
# name 9 = density00: Density [density, kg/m^3]
# name 10 = depSM: Depth [salt water, m], lat = 0.00
# name 11 = dz/dtM: Descent Rate [m/s]
# name 12 = flag:  0.000e+00
# span 0 =     -1.355,      7.045                 
# span 1 =    28.0987,    28.4409                 
# span 2 =   0.483836,   5.707164                 
# span 3 =     2.4181,    35.3282                 
# span 4 =     1.8151,     2.9098                 
# span 5 =    -0.4317,     2.0777                 
# span 6 =          0,          0                 
# span 7 =      0.000,    135.500                 
# span 8 = 338.393600, 338.395168                 
# span 9 =   997.9823,  1022.5912                 
# span 10 =     -1.348,      7.006                
# span 11 =     -0.958,      0.178                
# span 12 = 0.0000e+00, 0.0000e+00                
# interval = seconds: 0.25
# start_time = Dec 04 2018 09:26:47 [Instrument's time stamp, header]
# bad_flag = -9.990e-29
*END*
     -1.063    28.1114   1.514789     8.2452     2.8115     0.7181          0      0.000 338.393600  1002.3580     -1.057      0.000  0.000e+00
     -0.933    28.2653   1.209854     6.4459     2.8431     0.7128          0      0.250 338.393602  1000.9726     -0.928      0.035  0.000e+00
     -0.912    28.3375   0.929221     4.8445     2.8514     0.7196          0      0.500 338.393605   999.7578     -0.907      0.066  0.000e+00
     -0.890    28.3733   2.333347    13.1190     2.6649     0.7166          0      0.750 338.393608  1005.9103     -0.885      0.094  0.000e+00
     -0.836    28.3917   2.888278    16.5658     2.5677    -0.4317          0      1.000 338.393611  1008.4727     -0.832      0.124  0.000e+00
     -0.793    28.4073   3.236743    18.7706     2.4866    -0.4286          0      1.250 338.393614  1010.1117     -0.789      0.150  0.000e+00
     -0.750    28.4237   5.208994    31.8316     2.2893    -0.4278          0      1.500 338.393617  1019.8733     -0.746      0.171  0.000e+00
     -0.717    28.4344   5.686107    35.1202     2.2308    -0.4286          0      1.750 338.393620  1022.3392     -0.714      0.178  0.000e+00
     -0.685    28.4409   5.691552    35.1533     2.2196     0.0467          0      2.000 338.393623  1022.3621     -0.681      0.172  0.000e+00
     -0.674    28.4377   5.694546    35.1765     2.2191     0.0482          0      2.250 338.393626  1022.3806     -0.671      0.143  0.000e+00
     -0.642    28.4274   5.695149    35.1883     2.2219     0.0498          0      2.500 338.393628  1022.3930     -0.638      0.140  0.000e+00
     -0.577    28.4167   5.695758    35.2005     2.2443     0.0505          0      2.750 338.393631  1022.4060     -0.574      0.143  0.000e+00
     -0.566    28.4082   5.695279    35.2034     2.2490     0.0788          0      3.000 338.393634  1022.4111     -0.563      0.132  0.000e+00
     -0.545    28.4022   5.695507    35.2095     2.2537     0.0788          0      3.250 338.393637  1022.4177     -0.542      0.125  0.000e+00
     -0.512    28.3965   5.695218    35.2117     2.2608     0.0726          0      3.500 338.393640  1022.4214     -0.510      0.120  0.000e+00
     -0.502    28.3916   5.695980    35.2207     2.2590     0.0734          0      3.750 338.393643  1022.4298     -0.499      0.114  0.000e+00
     -0.469    28.3865   5.697702    35.2365     2.2590     0.0719          0      4.000 338.393646  1022.4435     -0.466      0.112  0.000e+00
     -0.469    28.3814   5.698983    35.2492     2.2628     0.0269          0      4.250 338.393649  1022.4547     -0.466      0.103  0.000e+00
     -0.480    28.3758   5.699052    35.2538     2.2670     0.0269          0      4.500 338.393652  1022.4600     -0.477      0.081  0.000e+00
     -0.469    28.3721   5.699524    35.2599     2.2676     0.0238          0      4.750 338.393655  1022.4659     -0.466      0.059  0.000e+00
     -0.458    28.3715   5.700675    35.2684     2.3939     0.0261          0      5.000 338.393657  1022.4725     -0.455      0.051  0.000e+00
     -0.458    28.3736   5.701857    35.2750     2.5319     0.0032          0      5.250 338.393660  1022.4767     -0.455      0.038  0.000e+00
     -0.436    28.3761   5.701186    35.2685     2.5390    -0.0014          0      5.500 338.393663  1022.4711     -0.434      0.030  0.000e+00
     -0.426    28.3770   5.701278    35.2685     2.5172    -0.0036          0      5.750 338.393666  1022.4709     -0.423      0.030  0.000e+00
     -0.415    28.3775   5.700927    35.2657     2.4903     0.0040          0      6.000 338.393669  1022.4686     -0.412      0.030  0.000e+00
     -0.426    28.3785   5.700134    35.2594     2.4535    -0.1013          0      6.250 338.393672  1022.4636     -0.423      0.032  0.000e+00
     -0.415    28.3791   5.699722    35.2560     2.4077    -0.1044          0      6.500 338.393675  1022.4608     -0.412      0.034  0.000e+00
     -0.436    28.3797   5.699943    35.2571     2.3518    -0.0944          0      6.750 338.393678  1022.4614     -0.434      0.023  0.000e+00
     -0.436    28.3795   5.699974    35.2575     2.2896    -0.0998          0      7.000 338.393681  1022.4617     -0.434      0.013  0.000e+00
     -0.404    28.3799   5.698282    35.2454     2.2518     0.0131          0      7.250 338.393683  1022.4526     -0.402      0.013  0.000e+00
     -0.415    28.3804   5.694327    35.2174     2.2572     0.0101          0      7.500 338.393686  1022.4314     -0.413      0.006  0.000e+00
     -0.404    28.3803   5.689383    35.1830     2.2555     0.0093          0      7.750 338.393689  1022.4056     -0.402      0.007  0.000e+00
     -0.393    28.3799   5.690533    35.1914     2.2514     0.0131          0      8.000 338.393692  1022.4121     -0.391      0.012  0.000e+00
     -0.404    28.3709   5.690343    35.1967     2.2478     0.0116          0      8.250 338.393695  1022.4190     -0.402      0.016  0.000e+00
     -0.415    28.3482   5.689208    35.2057     2.2462     0.0292          0      8.500 338.393698  1022.4332     -0.413      0.012  0.000e+00
     -0.393    28.3302   5.688401    35.2135     2.2405     0.0147          0      8.750 338.393701  1022.4451     -0.391      0.017  0.000e+00
     -0.404    28.3167   5.687541    35.2176     2.2386     0.0261          0      9.000 338.393704  1022.4526     -0.402      0.011  0.000e+00
     -0.426    28.3038   5.685249    35.2111     2.2306     0.0246          0      9.250 338.393707  1022.4519     -0.423     -0.004  0.000e+00
     -0.426    28.2887   5.684769    35.2191     2.2253     0.0253          0      9.500 338.393709  1022.4628     -0.423     -0.008  0.000e+00
     -0.426    28.2783   5.684960    35.2281     2.2178     0.0246          0      9.750 338.393712  1022.4731     -0.423     -0.014  0.000e+00
     -0.415    28.2727   5.685539    35.2363     2.2120     0.0223          0     10.000 338.393715  1022.4811     -0.413     -0.014  0.000e+00
     -0.404    28.2647   5.684488    35.2350     2.2081     0.0269          0     10.250 338.393718  1022.4828     -0.402     -0.006  0.000e+00
     -0.415    28.2563   5.683179    35.2321     2.2019     0.0002          0     10.500 338.393721  1022.4833     -0.413     -0.004  0.000e+00
     -0.393    28.2525   5.682547    35.2305     2.1968    -0.0029          0     10.750 338.393724  1022.4835     -0.391      0.002  0.000e+00
     -0.404    28.2483   5.681748    35.2281     2.1880    -0.0151          0     11.000 338.393727  1022.4830     -0.402      0.009  0.000e+00
     -0.393    28.2409   5.681497    35.2318     2.1840     0.0002          0     11.250 338.393730  1022.4882     -0.391      0.017  0.000e+00
     -0.404    28.2316   5.680157    35.2294     2.1780     0.0002          0     11.500 338.393733  1022.4895     -0.402      0.014  0.000e+00
     -0.426    28.2252   5.676543    35.2089     2.1772     0.0017          0     11.750 338.393736  1022.4761     -0.423      0.004  0.000e+00
     -0.382    28.2260   5.675622    35.2019     2.1677    -0.0021          0     12.000 338.393738  1022.4707     -0.380      0.006  0.000e+00
     -0.393    28.2265   5.675272    35.1991     2.1628     0.0070          0     12.250 338.393741  1022.4684     -0.391      0.005  0.000e+00
     -0.393    28.2260   5.673712    35.1885     2.1599    -0.0090          0     12.500 338.393744  1022.4606     -0.391      0.006  0.000e+00
     -0.393    28.2253   5.673203    35.1855     2.1518    -0.0136          0     12.750 338.393747  1022.4586     -0.391      0.004  0.000e+00
     -0.382    28.2251   5.672351    35.1797     2.1468    -0.0059          0     13.000 338.393750  1022.4543     -0.380      0.009  0.000e+00
     -0.382    28.2248   5.672472    35.1807     2.1407    -0.0021          0     13.250 338.393753  1022.4552     -0.380      0.011  0.000e+00
     -0.382    28.2247   5.675204    35.1999     2.1325     0.0047          0     13.500 338.393756  1022.4696     -0.380      0.014  0.000e+00
     -0.382    28.2253   5.678232    35.2206     2.1240    -0.0357          0     13.750 338.393759  1022.4850     -0.380      0.014  0.000e+00
     -0.372    28.2302   5.679495    35.2258     2.1214    -0.0288          0     14.000 338.393762  1022.4874     -0.370      0.007  0.000e+00
     -0.372    28.2418   5.679685    35.2185     2.1127    -0.0410          0     14.250 338.393764  1022.4780     -0.370      0.012  0.000e+00
     -0.372    28.2568   5.678985    35.2024     2.1067    -0.0311          0     14.500 338.393767  1022.4611     -0.370      0.012  0.000e+00
     -0.393    28.2671   5.678155    35.1889     2.0995     0.0360          0     14.750 338.393770  1022.4474     -0.391      0.004  0.000e+00
     -0.393    28.2733   5.678193    35.1846     2.0925     0.0376          0     15.000 338.393773  1022.4421     -0.391     -0.003  0.000e+00
     -0.382    28.2798   5.679464    35.1887     2.0893     0.0406          0     15.250 338.393776  1022.4431     -0.380     -0.004  0.000e+00
     -0.372    28.2898   5.682767    35.2042     2.0894     0.0337          0     15.500 338.393779  1022.4515     -0.370     -0.001  0.000e+00
     -0.382    28.3024   5.685028    35.2107     2.0826     0.0292          0     15.750 338.393782  1022.4522     -0.380     -0.003  0.000e+00
     -0.372    28.3134   5.686871    35.2153     2.0763     0.0299          0     16.000 338.393785  1022.4521     -0.370     -0.001  0.000e+00
     -0.372    28.3226   5.688112    35.2171     2.0759     0.0215          0     16.250 338.393788  1022.4504     -0.370      0.003  0.000e+00
     -0.393    28.3301   5.689147    35.2188     2.0723     0.0246          0     16.500 338.393791  1022.4491     -0.391      0.001  0.000e+00
     -0.393    28.3359   5.690435    35.2235     2.0693     0.0246          0     16.750 338.393793  1022.4507     -0.391      0.001  0.000e+00
     -0.350    28.3407   5.690823    35.2226     2.0665    -0.0166          0     17.000 338.393796  1022.4487     -0.348      0.007  0.000e+00
     -0.372    28.3442   5.690183    35.2155     2.0636    -0.0166          0     17.250 338.393799  1022.4421     -0.370      0.004  0.000e+00
     -0.361    28.3456   5.689101    35.2069     2.0624    -0.0128          0     17.500 338.393802  1022.4352     -0.359      0.006  0.000e+00
     -0.350    28.3453   5.687860    35.1985     2.0547    -0.0128          0     17.750 338.393805  1022.4290     -0.348      0.014  0.000e+00
     -0.361    28.3447   5.686840    35.1918     2.0555    -0.0258          0     18.000 338.393808  1022.4241     -0.359      0.013  0.000e+00
     -0.372    28.3438   5.686109    35.1874     2.0539    -0.0197          0     18.250 338.393811  1022.4211     -0.370      0.012  0.000e+00
     -0.372    28.3446   5.686741    35.1912     2.0551    -0.0189          0     18.500 338.393814  1022.4237     -0.370      0.010  0.000e+00
     -0.382    28.3460   5.689848    35.2118     2.0545    -0.0212          0     18.750 338.393817  1022.4387     -0.380     -0.001  0.000e+00
     -0.372    28.3474   5.690785    35.2173     2.0545    -0.0036          0     19.000 338.393819  1022.4424     -0.370     -0.011  0.000e+00
     -0.361    28.3479   5.690213    35.2129     2.0523     0.0047          0     19.250 338.393822  1022.4390     -0.359     -0.004  0.000e+00
     -0.361    28.3475   5.688523    35.2014     2.0547    -0.0029          0     19.500 338.393825  1022.4304     -0.359     -0.004  0.000e+00
     -0.350    28.3457   5.686870    35.1913     2.0537     0.0109          0     19.750 338.393828  1022.4235     -0.348      0.001  0.000e+00
     -0.361    28.3430   5.687220    35.1957     2.0521     0.0086          0     20.000 338.393831  1022.4276     -0.359      0.007  0.000e+00
     -0.372    28.3415   5.686809    35.1940     2.0515     0.0101          0     20.250 338.393834  1022.4268     -0.370      0.007  0.000e+00
     -0.372    28.3407   5.689003    35.2099     2.0555     0.0063          0     20.500 338.393837  1022.4390     -0.370      0.004  0.000e+00
     -0.382    28.3404   5.690914    35.2234     2.0526     0.0086          0     20.750 338.393840  1022.4493     -0.380     -0.001  0.000e+00
     -0.339    28.3395   5.690953    35.2243     2.0524     0.0101          0     21.000 338.393843  1022.4504     -0.337      0.001  0.000e+00
     -0.339    28.3379   5.690023    35.2190     2.0534     0.0116          0     21.250 338.393845  1022.4469     -0.337      0.005  0.000e+00
     -0.339    28.3356   5.688241    35.2083     2.0486     0.0063          0     21.500 338.393848  1022.4397     -0.337      0.010  0.000e+00
     -0.350    28.3333   5.685979    35.1943     2.0479     0.0086          0     21.750 338.393851  1022.4298     -0.348      0.011  0.000e+00
     -0.339    28.3313   5.684419    35.1849     2.0462     0.0047          0     22.000 338.393854  1022.4235     -0.337      0.017  0.000e+00
     -0.339    28.3302   5.685378    35.1924     2.0427    -0.0288          0     22.250 338.393857  1022.4295     -0.337      0.019  0.000e+00
     -0.350    28.3299   5.683749    35.1812     2.0429    -0.0296          0     22.500 338.393860  1022.4211     -0.348      0.014  0.000e+00
     -0.361    28.3298   5.681975    35.1689     2.0411    -0.0166          0     22.750 338.393863  1022.4119     -0.359      0.004  0.000e+00
     -0.328    28.3294   5.681465    35.1657     2.0394    -0.0250          0     23.000 338.393866  1022.4097     -0.327     -0.002  0.000e+00
     -0.350    28.3291   5.681191    35.1640     2.0384     0.0215          0     23.250 338.393869  1022.4084     -0.348     -0.003  0.000e+00
     -0.318    28.3287   5.681686    35.1677     2.0374     0.0223          0     23.500 338.393872  1022.4115     -0.316      0.006  0.000e+00
     -0.318    28.3282   5.678793    35.1479     2.0330     0.0185          0     23.750 338.393874  1022.3968     -0.316      0.013  0.000e+00
     -0.318    28.3278   5.676921    35.1351     2.0299     0.0261          0     24.000 338.393877  1022.3873     -0.316      0.015  0.000e+00
     -0.285    28.3274   5.679044    35.1503     2.0289    -0.0296          0     24.250 338.393880  1022.3990     -0.284      0.027  0.000e+00
     -0.274    28.3273   5.680194    35.1584     2.0256    -0.0258          0     24.500 338.393883  1022.4052     -0.273      0.039  0.000e+00
     -0.274    28.3268   5.679174    35.1516     2.0247    -0.0265          0     24.750 338.393886  1022.4002     -0.273      0.043  0.000e+00
     -0.274    28.3265   5.677172    35.1379     2.0230    -0.0258          0     25.000 338.393889  1022.3900     -0.273      0.037  0.000e+00
     -0.253    28.3259   5.677933    35.1436     2.0184    -0.0212          0     25.250 338.393892  1022.3946     -0.251      0.043  0.000e+00
     -0.242    28.3250   5.678284    35.1467     2.0177    -0.0151          0     25.500 338.393895  1022.3973     -0.241      0.040  0.000e+00
     -0.209    28.3246   5.675362    35.1266     2.0205    -0.0128          0     25.750 338.393898  1022.3824     -0.208      0.048  0.000e+00
     -0.209    28.3238   5.672699    35.1086     2.0210    -0.0113          0     26.000 338.393900  1022.3692     -0.208      0.050  0.000e+00
     -0.166    28.3229   5.672364    35.1069     2.0158    -0.0113          0     26.250 338.393903  1022.3684     -0.165      0.055  0.000e+00
     -0.145    28.3219   5.671779    35.1036     2.0147    -0.0296          0     26.500 338.393906  1022.3663     -0.144      0.068  0.000e+00
     -0.134    28.3206   5.671239    35.1008     2.0089    -0.0296          0     26.750 338.393909  1022.3647     -0.133      0.077  0.000e+00
     -0.112    28.3192   5.673361    35.1166     2.0091    -0.0319          0     27.000 338.393912  1022.3771     -0.111      0.083  0.000e+00
     -0.080    28.3180   5.677652    35.1474     2.0046    -0.0296          0     27.250 338.393915  1022.4008     -0.079      0.087  0.000e+00
     -0.058    28.3175   5.674921    35.1288     2.0017    -0.0014          0     27.500 338.393918  1022.3871     -0.058      0.090  0.000e+00
