ctd_mafia/cnv/SBE19plus_01906740_2018_12_07_0107.cnv
* Sea-Bird SBE19plus  Data File:
* FileName = C:\Users\all user\Desktop\Patroba _ WWF Mapping Mafia\SBE19plus_01906740_2018_12_07_0107.hex
* Software version 2.6.3.104
* Temperature SN = 6740
* Conductivity SN = 6740
* System UpLoad Time = Dec 07 2018 14:37:22
* <ApplicationData>
* <Seaterm232>
# nquan = 13
# nvalues = 380                                   
# units = specified
# name 0 = prdM: Pressure, Strain Gauge [db]
# name 1 = tv290C: Temperature [ITS-90, deg C]
# name 2 = c0S/m: Conductivity [S/m]
# name 3 = sal00: Salinity, Practical [PSU]
# name 4 = sbeox0ML/L: Oxygen, SBE 43 [ml/l]
# name 5 = flECO-AFL: Fluorescence, WET Labs ECO-AFL/FL [mg/m^3]
# name 6 = nbf: Bottles Fired
# name 7 = timeS: Time, Elapsed [seconds]
# name 8 = timeJ: Julian Days
# name 9 = density00: Density [density, kg/m^3]
# name 10 = depSM: Depth [salt water, m], lat = 0.00
# name 11 = dz/dtM: Descent Rate [m/s]
# name 12 = flag:  0.000e+00
# span 0 =     -1.384,      2.670                 
# span 1 =    27.3691,    28.5151                 
# span 2 =   0.196718,   5.725747                 
# span 3 =     0.9508,    35.4033                 
# span 4 =     1.8308,     3.6753                 
# span 5 =    -0.1730,     0.5892                 
# span 6 =          0,          0                 
# span 7 =      0.000,     94.750                 
# span 8 = 338.447083, 338.448180                 
# span 9 =   997.1229,  1022.5530                 
# span 10 =     -1.377,      2.655                
# span 11 =     -0.886,      0.265                
# span 12 = 0.0000e+00, 0.0000e+00                
# interval = seconds: 0.25
# start_time = Dec 04 2018 10:43:48 [Instrument's time stamp, header]
# bad_flag = -9.990e-29
*END*
[from data line 223]
      2.421    28.2958   5.676223    35.1533     1.8509     0.0818          0     55.750 338.447729  1022.4232      2.408      0.132  0.000e+00
      2.475    28.2949   5.676581    35.1564     1.8510     0.0726          0     56.000 338.447731  1022.4261      2.462      0.148  0.000e+00
      2.486    28.2943   5.676855    35.1587     1.8513     0.0757          0     56.250 338.447734  1022.4281      2.473      0.150  0.000e+00
      2.508    28.2939   5.676543    35.1568     1.8507     0.0673          0     56.500 338.447737  1022.4269      2.494      0.145  0.000e+00
      2.529    28.2936   5.676064    35.1538     1.8474     0.0780          0     56.750 338.447740  1022.4248      2.516      0.133  0.000e+00
      2.573    28.2930   5.675683    35.1516     1.8439     0.0772          0     57.000 338.447743  1022.4235      2.559      0.126  0.000e+00
      2.605    28.2919   5.675775    35.1530     1.8451     0.0452          0     57.250 338.447746  1022.4251      2.591      0.122  0.000e+00
      2.627    28.2910   5.675234    35.1499     1.8410     0.0437          0     57.500 338.447749  1022.4231      2.612      0.116  0.000e+00
      2.648    28.2899   5.675143    35.1500     1.8447     0.0475          0     57.750 338.447752  1022.4237      2.634      0.111  0.000e+00
      2.648    28.2886   5.676665    35.1617     1.8480     0.0459          0     58.000 338.447755  1022.4329      2.634      0.099  0.000e+00
      2.637    28.2890   5.677494    35.1672     1.8429     0.0635          0     58.250 338.447758  1022.4368      2.623      0.088  0.000e+00
      2.648    28.2896   5.677776    35.1686     1.8411     0.0620          0     58.500 338.447760  1022.4377      2.634      0.072  0.000e+00
      2.637    28.2900   5.677654    35.1675     1.8370     0.0589          0     58.750 338.447763  1022.4367      2.623      0.050  0.000e+00
      2.637    28.2906   5.677646    35.1670     1.8349     0.0528          0     59.000 338.447766  1022.4362      2.623      0.026  0.000e+00
      2.648    28.2905   5.677814    35.1682     1.8355     0.0597          0     59.250 338.447769  1022.4372      2.634      0.012  0.000e+00
      2.659    28.2902   5.677715    35.1677     1.8330     0.0749          0     59.500 338.447772  1022.4370      2.644      0.007  0.000e+00
      2.648    28.2900   5.677814    35.1686     1.8308     0.0765          0     59.750 338.447775  1022.4376      2.634      0.003  0.000e+00
      2.648    28.2902   5.678004    35.1698     1.8319     0.0734          0     60.000 338.447778  1022.4384      2.634      0.004  0.000e+00
      2.638    28.2901   5.679275    35.1787     1.8321     0.0833          0     60.250 338.447781  1022.4451      2.623      0.003  0.000e+00
      2.670    28.2912   5.696563    35.2986     1.8390     0.0795          0     60.500 338.447784  1022.5351      2.655      0.007  0.000e+00
      2.659    28.2989   5.699878    35.3160     1.8429     0.0849          0     60.750 338.447786  1022.5455      2.645      0.010  0.000e+00
      2.648    28.3112   5.700389    35.3104     1.8410     0.0925          0     61.000 338.447789  1022.5373      2.634      0.006  0.000e+00
      2.638    28.3207   5.700526    35.3043     1.8463     0.0818          0     61.250 338.447792  1022.5295      2.623     -0.002  0.000e+00
      2.638    28.3262   5.700617    35.3009     1.8470     0.0482          0     61.500 338.447795  1022.5251      2.623     -0.006  0.000e+00
      2.648    28.3290   5.700678    35.2992     1.8551     0.0444          0     61.750 338.447798  1022.5229      2.634     -0.004  0.000e+00
      2.648    28.3305   5.700678    35.2981     1.8638     0.0467          0     62.000 338.447801  1022.5216      2.634     -0.004  0.000e+00
      2.648    28.3311   5.700739    35.2980     1.8790     0.0521          0     62.250 338.447804  1022.5214      2.634     -0.004  0.000e+00
      2.648    28.3316   5.700769    35.2979     1.8943     0.0444          0     62.500 338.447807  1022.5211      2.634     -0.007  0.000e+00
      2.659    28.3318   5.700769    35.2977     1.9144     0.0459          0     62.750 338.447810  1022.5210      2.644      0.002  0.000e+00
      2.648    28.3321   5.700838    35.2980     1.9296     0.0459          0     63.000 338.447813  1022.5210      2.634      0.006  0.000e+00
      2.648    28.3321   5.700861    35.2982     1.9580     0.0467          0     63.250 338.447815  1022.5212      2.634      0.006  0.000e+00
      2.659    28.3324   5.700899    35.2981     1.9724     0.0475          0     63.500 338.447818  1022.5211      2.644      0.006  0.000e+00
      2.648    28.3327   5.700998    35.2986     1.9931     0.0200          0     63.750 338.447821  1022.5213      2.634      0.002  0.000e+00
      2.648    28.3331   5.701028    35.2985     2.0064     0.0231          0     64.000 338.447824  1022.5211      2.634      0.001  0.000e+00
      2.659    28.3334   5.701059    35.2985     2.0249     0.0208          0     64.250 338.447827  1022.5210      2.644      0.002  0.000e+00
      2.659    28.3338   5.701128    35.2987     2.0352     0.0208          0     64.500 338.447830  1022.5210      2.644      0.003  0.000e+00
      2.659    28.3340   5.701158    35.2988     2.0458     0.0894          0     64.750 338.447833  1022.5210      2.644      0.003  0.000e+00
      2.648    28.3343   5.701135    35.2984     2.0554     0.0902          0     65.000 338.447836  1022.5206      2.634      0.003  0.000e+00
      2.648    28.3342   5.701189    35.2988     2.0625     0.0856          0     65.250 338.447839  1022.5210      2.634     -0.000  0.000e+00
      2.637    28.3343   5.701158    35.2986     2.0694     0.0788          0     65.500 338.447841  1022.5207      2.623     -0.006  0.000e+00
      2.637    28.3344   5.701219    35.2989     2.0788     0.0620          0     65.750 338.447844  1022.5209      2.623     -0.007  0.000e+00
      2.637    28.3344   5.701089    35.2980     2.0822     0.0635          0     66.000 338.447847  1022.5202      2.623     -0.011  0.000e+00
      2.638    28.3341   5.701059    35.2980     2.0893     0.0604          0     66.250 338.447850  1022.5203      2.623     -0.014  0.000e+00
      2.638    28.3334   5.700899    35.2974     2.1071     0.0574          0     66.500 338.447853  1022.5201      2.623     -0.012  0.000e+00
      2.648    28.3326   5.700739    35.2969     2.1093     0.1077          0     66.750 338.447856  1022.5200      2.634     -0.006  0.000e+00
      2.627    28.3314   5.700739    35.2978     2.1140     0.1062          0     67.000 338.447859  1022.5210      2.612     -0.006  0.000e+00
      2.616    28.3303   5.700678    35.2982     2.1160     0.1116          0     67.250 338.447862  1022.5216      2.602     -0.009  0.000e+00
      2.616    28.3298   5.700678    35.2986     2.1257     0.1123          0     67.500 338.447865  1022.5221      2.602     -0.011  0.000e+00
      2.627    28.3294   5.700617    35.2984     2.1282     0.1062          0     67.750 338.447867  1022.5222      2.612     -0.011  0.000e+00
      2.627    28.3289   5.700518    35.2981     2.1320     0.0353          0     68.000 338.447870  1022.5221      2.612     -0.010  0.000e+00
      2.648    28.3285   5.700579    35.2988     2.1364     0.0391          0     68.250 338.447873  1022.5228      2.634     -0.003  0.000e+00
      2.638    28.3282   5.700548    35.2988     2.1339     0.0360          0     68.500 338.447876  1022.5229      2.623      0.001  0.000e+00
      2.627    28.3279   5.700403    35.2980     2.1461     0.0360          0     68.750 338.447879  1022.5223      2.612      0.001  0.000e+00
      2.627    28.3274   5.700388    35.2983     2.1515     0.0498          0     69.000 338.447882  1022.5227      2.612      0.006  0.000e+00
      2.648    28.3271   5.700487    35.2993     2.1562     0.0444          0     69.250 338.447885  1022.5237      2.634      0.012  0.000e+00
      2.638    28.3270   5.700518    35.2996     2.1646     0.0475          0     69.500 338.447888  1022.5239      2.623      0.009  0.000e+00
      2.627    28.3270   5.700518    35.2996     2.1672     0.0521          0     69.750 338.447891  1022.5238      2.612      0.001  0.000e+00
      2.627    28.3273   5.700518    35.2994     2.1680     0.0841          0     70.000 338.447894  1022.5236      2.612     -0.003  0.000e+00
      2.594    28.3274   5.700487    35.2991     2.1682     0.0894          0     70.250 338.447896  1022.5232      2.580     -0.016  0.000e+00
      2.540    28.3274   5.700457    35.2988     2.1653     0.0917          0     70.500 338.447899  1022.5227      2.526     -0.034  0.000e+00
      2.454    28.3272   5.700312    35.2980     2.1617     0.0887          0     70.750 338.447902  1022.5219      2.440     -0.071  0.000e+00
      2.367    28.3267   5.700297    35.2983     2.1583     0.0635          0     71.000 338.447905  1022.5219      2.354     -0.123  0.000e+00
      2.248    28.3261   5.700197    35.2981     2.1542     0.0543          0     71.250 338.447908  1022.5214      2.236     -0.190  0.000e+00
      2.140    28.3257   5.700258    35.2989     2.1593     0.0574          0     71.500 338.447911  1022.5216      2.128     -0.252  0.000e+00
      2.032    28.3257   5.700388    35.2998     2.1645     0.0620          0     71.750 338.447914  1022.5219      2.021     -0.314  0.000e+00
      1.989    28.3264   5.700517    35.3002     2.1632     0.0589          0     72.000 338.447917  1022.5217      1.978     -0.350  0.000e+00
      1.978    28.3274   5.700739    35.3010     2.1617     0.0337          0     72.250 338.447920  1022.5220      1.967     -0.346  0.000e+00
      2.021    28.3284   5.700647    35.2996     2.1670     0.0315          0     72.500 338.447922  1022.5207      2.010     -0.298  0.000e+00
      2.086    28.3288   5.700807    35.3004     2.1645     0.0345          0     72.750 338.447925  1022.5215      2.075     -0.213  0.000e+00
      2.075    28.3299   5.700929    35.3004     2.1709     0.0246          0     73.000 338.447928  1022.5211      2.064     -0.130  0.000e+00
      2.010    28.3310   5.700899    35.2994     2.1772     0.0368          0     73.250 338.447931  1022.5197      1.999     -0.067  0.000e+00
      1.773    28.3315   5.700868    35.2989     2.1935     0.0376          0     73.500 338.447934  1022.5182      1.763     -0.084  0.000e+00
      1.438    28.3313   5.700769    35.2985     2.2012     0.0299          0     73.750 338.447937  1022.5165      1.430     -0.194  0.000e+00
      1.081    28.3312   5.700768    35.2986     2.2044     0.0322          0     74.000 338.447940  1022.5151      1.075     -0.388  0.000e+00
      0.832    28.3307   5.700768    35.2991     2.2075     0.0887          0     74.250 338.447943  1022.5145      0.828     -0.600  0.000e+00
      0.638    28.3305   5.700646    35.2984     2.2099     0.0932          0     74.500 338.447946  1022.5133      0.634     -0.791  0.000e+00
      0.605    28.3302   5.700738    35.2993     2.2146     0.0902          0     74.750 338.447948  1022.5139      0.602     -0.886  0.000e+00
      0.540    28.3302   5.701439    35.3042     2.2072     0.0803          0     75.000 338.447951  1022.5173      0.537     -0.882  0.000e+00
      0.432    28.3324   5.701508    35.3031     2.1989     0.0681          0     75.250 338.447954  1022.5153      0.430     -0.808  0.000e+00
      0.238    28.3347   5.701728    35.3030     2.1918     0.0345          0     75.500 338.447957  1022.5136      0.236     -0.698  0.000e+00
      0.065    28.3370   5.701888    35.3024     2.1897     0.0406          0     75.750 338.447960  1022.5117      0.064     -0.595  0.000e+00
     -0.119    28.3386   5.701987    35.3019     2.1889     0.0330          0     76.000 338.447963  1022.5100     -0.118     -0.538  0.000e+00
     -0.216    28.3400   5.702399    35.3038     2.1883     0.0391          0     76.250 338.447966  1022.5105     -0.215     -0.523  0.000e+00
     -0.227    28.3428   5.703360    35.3084     2.1893     0.0673          0     76.500 338.447969  1022.5130     -0.226     -0.507  0.000e+00
     -0.260    28.3479   5.703710    35.3071     2.1873     0.0574          0     76.750 338.447972  1022.5102     -0.258     -0.494  0.000e+00
     -0.325    28.3521   5.702780    35.2975     2.1864     0.0574          0     77.000 338.447975  1022.5013     -0.323     -0.450  0.000e+00
     -0.433    28.3518   5.703451    35.3024     2.1923     0.0627          0     77.250 338.447977  1022.5047     -0.430     -0.394  0.000e+00
     -0.508    28.3530   5.703420    35.3013     2.1875     0.0437          0     77.500 338.447980  1022.5031     -0.506     -0.329  0.000e+00
     -0.573    28.3541   5.703489    35.3010     2.1876     0.0459          0     77.750 338.447983  1022.5022     -0.570     -0.283  0.000e+00
     -0.627    28.3548   5.703474    35.3004     2.1901     0.0475          0     78.000 338.447986  1022.5013     -0.624     -0.256  0.000e+00
     -0.627    28.3554   5.703740    35.3018     2.1892     0.0490          0     78.250 338.447989  1022.5022     -0.624     -0.244  0.000e+00
     -0.627    28.3563   5.703679    35.3007     2.1861     0.0307          0     78.500 338.447992  1022.5011     -0.624     -0.230  0.000e+00
     -0.660    28.3574   5.704190    35.3035     2.1864     0.0383          0     78.750 338.447995  1022.5027     -0.656     -0.201  0.000e+00
     -0.638    28.3591   5.704350    35.3033     2.1881     0.0307          0     79.000 338.447998  1022.5020     -0.635     -0.149  0.000e+00
     -0.638    28.3613   5.704381    35.3019     2.1876     0.0269          0     79.250 338.448001  1022.5003     -0.635     -0.092  0.000e+00
     -0.649    28.3626   5.704442    35.3014     2.1896     0.0292          0     79.500 338.448003  1022.4994     -0.646     -0.054  0.000e+00
     -0.660    28.3635   5.704671    35.3022     2.1907     0.0620          0     79.750 338.448006  1022.4997     -0.656     -0.030  0.000e+00
     -0.682    28.3649   5.704670    35.3012     2.1877     0.0604          0     80.000 338.448009  1022.4984     -0.678     -0.022  0.000e+00
     -0.660    28.3659   5.704731    35.3009     2.1886     0.0559          0     80.250 338.448012  1022.4979     -0.656     -0.020  0.000e+00
     -0.681    28.3664   5.704892    35.3017     2.1897     0.0643          0     80.500 338.448015  1022.4982     -0.678     -0.022  0.000e+00
     -0.660    28.3674   5.705181    35.3029     2.1897     0.0368          0     80.750 338.448018  1022.4989     -0.656     -0.014  0.000e+00
     -0.681    28.3693   5.705593    35.3044     2.1863     0.0437          0     81.000 338.448021  1022.4993     -0.678     -0.020  0.000e+00
     -0.736    28.3720   5.705974    35.3051     2.1867     0.0444          0     81.250 338.448024  1022.4987     -0.732     -0.032  0.000e+00
     -0.844    28.3755   5.706050    35.3030     2.1934     0.0315          0     81.500 338.448027  1022.4955     -0.839     -0.067  0.000e+00
     -0.963    28.3784   5.706935    35.3071     2.2118     0.0513          0     81.750 338.448030  1022.4971     -0.957     -0.123  0.000e+00
     -1.027    28.3847   5.712694    35.3425     2.2159     0.0459          0     82.000 338.448032  1022.5214     -1.022     -0.179  0.000e+00
     -1.200    28.4252   5.725747    35.4033     2.2156     0.0452          0     82.250 338.448035  1022.5530     -1.194     -0.264  0.000e+00
     -1.330    28.4864   5.721409    35.3275     2.2120     0.0398          0     82.500 338.448038  1022.4752     -1.323     -0.342  0.000e+00
     -1.373    28.5080   5.602021    34.4822     2.2157     0.5869          0     82.750 338.448041  1021.8327     -1.366     -0.394  0.000e+00
     -1.373    28.5134   1.802379     9.8736     2.5452     0.5892          0     83.000 338.448044  1003.4495     -1.366     -0.393  0.000e+00
