ctd_mafia/cnv/SBE19plus_01906740_2018_12_07_0072.cnv
* Sea-Bird SBE19plus  Data File:
* FileName = C:\Users\all user\Desktop\Patroba _ WWF Mapping Mafia\SBE19plus_01906740_2018_12_07_0072.hex
* Software version 2.6.3.104
* Temperature SN = 6740
* Conductivity SN = 6740
* System UpLoad Time = Dec 07 2018 14:29:14
* <ApplicationData>
* <Seaterm232>
# nquan = 13
# nvalues = 761                                   
# units = specified
# name 0 = prdM: Pressure, Strain Gauge [db]
# name 1 = tv290C: Temperature [ITS-90, deg C]
# name 2 = c0S/m: Conductivity [S/m]
# name 3 = sal00: Salinity, Practical [PSU]
# name 4 = sbeox0ML/L: Oxygen, SBE 43 [ml/l]
# name 5 = flECO-AFL: Fluorescence, WET Labs ECO-AFL/FL [mg/m^3]
# name 6 = nbf: Bottles Fired
# name 7 = timeS: Time, Elapsed [seconds]
# name 8 = timeJ: Julian Days
# name 9 = density00: Density [density, kg/m^3]
# name 10 = depSM: Depth [salt water, m], lat = 0.00
# name 11 = dz/dtM: Descent Rate [m/s]
# name 12 = flag:  0.000e+00
# span 0 =     -1.388,     12.082                 
# span 1 =    28.2556,    28.4732                 
# span 2 =   0.009090,   5.695987                 
# span 3 =     0.0458,    35.2304                 
# span 4 =     2.0390,     4.6091                 
# span 5 =    -0.1707,     0.8669                 
# span 6 =          0,          0                 
# span 7 =      0.000,    190.000                 
# span 8 = 337.311435, 337.313634                 
# span 9 =   996.1816,  1022.4960                 
# span 10 =     -1.381,     12.016                
# span 11 =     -0.631,      0.223                
# span 12 = 0.0000e+00, 0.0000e+00                
# interval = seconds: 0.25
# start_time = Dec 03 2018 07:28:28 [Instrument's time stamp, header]
# bad_flag = -9.990e-29
*END*
[from data line 334]
      3.650    28.3832   5.692348    35.2004     3.2267     0.0414          0     83.500 337.312402  1022.4351      3.630      0.161  0.000e+00
      3.704    28.3834   5.693948    35.2114     3.2236     0.0299          0     83.750 337.312405  1022.4435      3.684      0.158  0.000e+00
      3.726    28.3833   5.694329    35.2141     3.2384     0.0246          0     84.000 337.312407  1022.4457      3.706      0.142  0.000e+00
      3.748    28.3830   5.694138    35.2130     3.2451     0.0246          0     84.250 337.312410  1022.4451      3.727      0.127  0.000e+00
      3.769    28.3828   5.693750    35.2104     3.2372     0.0116          0     84.500 337.312413  1022.4433      3.749      0.111  0.000e+00
      3.791    28.3826   5.693049    35.2057     3.2505     0.0154          0     84.750 337.312416  1022.4399      3.770      0.099  0.000e+00
      3.845    28.3826   5.694199    35.2137     3.2608     0.0238          0     85.000 337.312419  1022.4461      3.824      0.107  0.000e+00
      3.910    28.3824   5.694580    35.2165     3.2711     0.0292          0     85.250 337.312422  1022.4486      3.888      0.125  0.000e+00
      3.942    28.3821   5.694680    35.2174     3.2676     0.0292          0     85.500 337.312425  1022.4495      3.921      0.138  0.000e+00
      3.964    28.3820   5.692889    35.2050     3.2631     0.0376          0     85.750 337.312428  1022.4403      3.942      0.139  0.000e+00
      3.996    28.3819   5.691449    35.1950     3.2762     0.0299          0     86.000 337.312431  1022.4329      3.974      0.146  0.000e+00
      4.029    28.3817   5.693499    35.2094     3.2732     0.0360          0     86.250 337.312433  1022.4440      4.006      0.150  0.000e+00
      4.104    28.3816   5.694550    35.2168     3.2803     0.0429          0     86.500 337.312436  1022.4499      4.082      0.161  0.000e+00
      4.180    28.3818   5.694360    35.2153     3.2913     0.0376          0     86.750 337.312439  1022.4490      4.157      0.175  0.000e+00
      4.202    28.3816   5.693529    35.2096     3.3031     0.0315          0     87.000 337.312442  1022.4449      4.179      0.175  0.000e+00
      4.169    28.3819   5.694360    35.2152     3.2860     0.0429          0     87.250 337.312445  1022.4489      4.146      0.157  0.000e+00
      4.158    28.3819   5.693979    35.2126     3.3026     0.0376          0     87.500 337.312448  1022.4468      4.136      0.136  0.000e+00
      4.202    28.3819   5.693529    35.2094     3.3021     0.0345          0     87.750 337.312451  1022.4447      4.179      0.121  0.000e+00
      4.223    28.3818   5.694634    35.2172     3.3026     0.0345          0     88.000 337.312454  1022.4506      4.200      0.102  0.000e+00
      4.288    28.3820   5.694840    35.2185     3.3188     0.0688          0     88.250 337.312457  1022.4518      4.265      0.093  0.000e+00
      4.321    28.3820   5.694931    35.2191     3.3269     0.0589          0     88.500 337.312459  1022.4524      4.297      0.084  0.000e+00
      4.375    28.3822   5.694901    35.2187     3.3348     0.0604          0     88.750 337.312462  1022.4523      4.351      0.096  0.000e+00
      4.396    28.3820   5.695030    35.2198     3.3410     0.0574          0     89.000 337.312465  1022.4532      4.372      0.120  0.000e+00
      4.385    28.3820   5.694329    35.2149     3.3552     0.0330          0     89.250 337.312468  1022.4495      4.361      0.135  0.000e+00
      4.407    28.3820   5.694901    35.2189     3.3660     0.0437          0     89.500 337.312471  1022.4526      4.383      0.132  0.000e+00
      4.472    28.3819   5.694931    35.2191     3.3771     0.0231          0     89.750 337.312474  1022.4531      4.447      0.127  0.000e+00
      4.515    28.3820   5.695190    35.2208     3.3852     0.0429          0     90.000 337.312477  1022.4546      4.490      0.127  0.000e+00
      4.580    28.3817   5.695152    35.2208     3.4040     0.0330          0     90.250 337.312480  1022.4549      4.555      0.130  0.000e+00
      4.623    28.3817   5.694931    35.2192     3.4066     0.0292          0     90.500 337.312483  1022.4539      4.598      0.143  0.000e+00
      4.623    28.3817   5.695122    35.2205     3.3900     0.0231          0     90.750 337.312486  1022.4549      4.598      0.145  0.000e+00
      4.602    28.3816   5.694649    35.2173     3.4053     0.0200          0     91.000 337.312488  1022.4524      4.576      0.138  0.000e+00
      4.623    28.3814   5.694070    35.2134     3.4087     0.0406          0     91.250 337.312491  1022.4497      4.598      0.130  0.000e+00
      4.656    28.3816   5.694962    35.2195     3.4041     0.0421          0     91.500 337.312494  1022.4543      4.630      0.111  0.000e+00
      4.699    28.3814   5.695191    35.2212     3.4065     0.0330          0     91.750 337.312497  1022.4558      4.673      0.093  0.000e+00
      4.764    28.3815   5.695282    35.2218     3.4191     0.0292          0     92.000 337.312500  1022.4565      4.738      0.094  0.000e+00
      4.796    28.3813   5.695312    35.2221     3.4284     0.0261          0     92.250 337.312503  1022.4570      4.770      0.099  0.000e+00
      4.829    28.3814   5.695312    35.2220     3.4307     0.0276          0     92.500 337.312506  1022.4570      4.802      0.116  0.000e+00
      4.829    28.3811   5.695381    35.2227     3.4450     0.0330          0     92.750 337.312509  1022.4576      4.802      0.130  0.000e+00
      4.915    28.3812   5.695473    35.2233     3.4520     0.0345          0     93.000 337.312512  1022.4584      4.888      0.154  0.000e+00
      5.002    28.3814   5.695351    35.2222     3.4716     0.0398          0     93.250 337.312514  1022.4579      4.974      0.174  0.000e+00
      5.056    28.3811   5.695282    35.2220     3.4667     0.0452          0     93.500 337.312517  1022.4580      5.028      0.190  0.000e+00
      5.067    28.3814   5.694711    35.2178     3.4683     0.0490          0     93.750 337.312520  1022.4548      5.039      0.190  0.000e+00
      5.045    28.3812   5.694810    35.2186     3.4819     0.0421          0     94.000 337.312523  1022.4554      5.017      0.171  0.000e+00
      5.013    28.3811   5.693347    35.2085     3.4858     0.0521          0     94.250 337.312526  1022.4477      4.985      0.142  0.000e+00
      5.002    28.3811   5.693530    35.2098     3.4821     0.0353          0     94.500 337.312529  1022.4486      4.974      0.105  0.000e+00
      5.002    28.3810   5.693629    35.2105     3.4979     0.0444          0     94.750 337.312532  1022.4492      4.974      0.064  0.000e+00
      5.056    28.3810   5.694650    35.2176     3.5139     0.0444          0     95.000 337.312535  1022.4548      5.028      0.027  0.000e+00
      5.164    28.3809   5.695351    35.2226     3.5228     0.0261          0     95.250 337.312538  1022.4590      5.135      0.032  0.000e+00
      5.261    28.3811   5.695221    35.2215     3.5319     0.0910          0     95.500 337.312541  1022.4585      5.232      0.075  0.000e+00
      5.315    28.3810   5.695191    35.2213     3.5342     0.0864          0     95.750 337.312543  1022.4587      5.286      0.133  0.000e+00
      5.326    28.3806   5.694551    35.2172     3.5274     0.0856          0     96.000 337.312546  1022.4557      5.297      0.181  0.000e+00
      5.283    28.3805   5.694360    35.2159     3.5274     0.0871          0     96.250 337.312549  1022.4546      5.254      0.192  0.000e+00
      5.294    28.3803   5.693850    35.2125     3.5312     0.0818          0     96.500 337.312552  1022.4522      5.264      0.180  0.000e+00
      5.358    28.3804   5.693591    35.2106     3.5286     0.0238          0     96.750 337.312555  1022.4510      5.329      0.163  0.000e+00
      5.391    28.3803   5.694261    35.2153     3.5261     0.0292          0     97.000 337.312558  1022.4547      5.361      0.130  0.000e+00
      5.445    28.3805   5.694810    35.2190     3.5443     0.0200          0     97.250 337.312561  1022.4576      5.415      0.105  0.000e+00
      5.499    28.3804   5.695282    35.2224     3.5499     0.0215          0     97.500 337.312564  1022.4604      5.469      0.103  0.000e+00
      5.531    28.3803   5.694520    35.2171     3.5634     0.0566          0     97.750 337.312567  1022.4567      5.501      0.120  0.000e+00
      5.521    28.3803   5.694901    35.2198     3.5530     0.0574          0     98.000 337.312569  1022.4586      5.490      0.135  0.000e+00
      5.499    28.3802   5.694482    35.2169     3.5876     0.0543          0     98.250 337.312572  1022.4564      5.469      0.133  0.000e+00
      5.564    28.3802   5.694962    35.2203     3.5954     0.0635          0     98.500 337.312575  1022.4592      5.533      0.123  0.000e+00
      5.640    28.3802   5.695473    35.2238     3.6121     0.0635          0     98.750 337.312578  1022.4622      5.608      0.118  0.000e+00
      5.737    28.3800   5.695443    35.2237     3.6263     0.0574          0     99.000 337.312581  1022.4626      5.705      0.138  0.000e+00
      5.769    28.3799   5.695473    35.2240     3.6161     0.0627          0     99.250 337.312584  1022.4630      5.737      0.151  0.000e+00
      5.769    28.3799   5.695473    35.2240     3.6231     0.0543          0     99.500 337.312587  1022.4630      5.737      0.158  0.000e+00
      5.758    28.3800   5.695123    35.2215     3.6193     0.0284          0     99.750 337.312590  1022.4610      5.727      0.158  0.000e+00
      5.780    28.3799   5.695511    35.2242     3.6178     0.0345          0    100.000 337.312593  1022.4632      5.748      0.157  0.000e+00
      5.834    28.3799   5.695496    35.2241     3.6265     0.0391          0    100.250 337.312595  1022.4633      5.802      0.151  0.000e+00
      5.888    28.3801   5.695603    35.2247     3.6218     0.0292          0    100.500 337.312598  1022.4640      5.856      0.130  0.000e+00
      5.942    28.3803   5.695603    35.2245     3.6193     0.0368          0    100.750 337.312601  1022.4640      5.910      0.120  0.000e+00
      5.986    28.3806   5.695443    35.2232     3.6391     0.0093          0    101.000 337.312604  1022.4631      5.953      0.122  0.000e+00
      5.986    28.3807   5.695572    35.2240     3.6317     0.0093          0    101.250 337.312607  1022.4637      5.953      0.133  0.000e+00
      6.007    28.3808   5.695633    35.2244     3.6442     0.0063          0    101.500 337.312610  1022.4640      5.974      0.143  0.000e+00
      6.061    28.3809   5.695671    35.2245     3.6449     0.0147          0    101.750 337.312613  1022.4643      6.028      0.153  0.000e+00
      6.126    28.3809   5.695633    35.2243     3.8338     0.0536          0    102.000 337.312616  1022.4644      6.092      0.156  0.000e+00
      6.159    28.3809   5.695588    35.2239     3.8454     0.0391          0    102.250 337.312619  1022.4643      6.125      0.151  0.000e+00
      6.159    28.3806   5.695252    35.2218     3.8449     0.0543          0    102.500 337.312622  1022.4628      6.125      0.139  0.000e+00
      6.137    28.3804   5.695382    35.2229     3.8487     0.0345          0    102.750 337.312624  1022.4635      6.103      0.118  0.000e+00
      6.126    28.3804   5.695603    35.2244     3.8310     0.0337          0    103.000 337.312627  1022.4647      6.092      0.094  0.000e+00
      6.159    28.3803   5.695702    35.2252     3.7865     0.0353          0    103.250 337.312630  1022.4654      6.125      0.082  0.000e+00
      6.267    28.3804   5.695633    35.2246     3.7339     0.0398          0    103.500 337.312633  1022.4654      6.232      0.087  0.000e+00
      6.331    28.3802   5.695732    35.2254     3.6670     0.0337          0    103.750 337.312636  1022.4663      6.297      0.098  0.000e+00
      6.353    28.3802   5.695702    35.2252     3.5991     0.0788          0    104.000 337.312639  1022.4663      6.318      0.111  0.000e+00
      6.396    28.3801   5.695649    35.2249     3.5587     0.0597          0    104.250 337.312642  1022.4663      6.361      0.138  0.000e+00
      6.407    28.3799   5.695732    35.2256     3.5272     0.0711          0    104.500 337.312645  1022.4669      6.372      0.160  0.000e+00
      6.418    28.3799   5.695793    35.2260     3.4920     0.0788          0    104.750 337.312648  1022.4673      6.383      0.169  0.000e+00
      6.483    28.3799   5.695824    35.2262     3.4679     0.0734          0    105.000 337.312650  1022.4677      6.447      0.170  0.000e+00
      6.483    28.3797   5.695793    35.2261     3.4378     0.0376          0    105.250 337.312653  1022.4677      6.447      0.145  0.000e+00
      6.548    28.3801   5.695794    35.2258     3.4196     0.0337          0    105.500 337.312656  1022.4676      6.512      0.124  0.000e+00
      6.602    28.3801   5.695733    35.2254     3.3861     0.0414          0    105.750 337.312659  1022.4675      6.565      0.128  0.000e+00
      6.623    28.3803   5.695733    35.2252     3.3681     0.0330          0    106.000 337.312662  1022.4674      6.587      0.136  0.000e+00
      6.612    28.3803   5.695679    35.2249     3.3378     0.0574          0    106.250 337.312665  1022.4671      6.576      0.130  0.000e+00
      6.656    28.3804   5.695672    35.2247     3.3202     0.0536          0    106.500 337.312668  1022.4672      6.619      0.132  0.000e+00
      6.688    28.3805   5.695702    35.2249     3.2923     0.0604          0    106.750 337.312671  1022.4674      6.651      0.129  0.000e+00
      6.742    28.3804   5.695733    35.2251     3.2720     0.0604          0    107.000 337.312674  1022.4678      6.705      0.125  0.000e+00
      6.753    28.3803   5.695763    35.2254     3.2425     0.0414          0    107.250 337.312677  1022.4681      6.716      0.125  0.000e+00
      6.807    28.3801   5.695733    35.2253     3.2214     0.0543          0    107.500 337.312679  1022.4684      6.770      0.120  0.000e+00
      6.861    28.3800   5.695702    35.2252     3.1840     0.0406          0    107.750 337.312682  1022.4685      6.823      0.130  0.000e+00
      6.850    28.3798   5.695763    35.2257     3.1626     0.0459          0    108.000 337.312685  1022.4690      6.813      0.135  0.000e+00
      6.872    28.3794   5.695733    35.2258     3.1402     0.0543          0    108.250 337.312688  1022.4692      6.834      0.136  0.000e+00
      6.872    28.3793   5.695710    35.2257     3.1311     0.0498          0    108.500 337.312691  1022.4692      6.834      0.116  0.000e+00
      6.915    28.3790   5.695794    35.2265     3.1131     0.0391          0    108.750 337.312694  1022.4701      6.877      0.105  0.000e+00
      6.969    28.3789   5.695763    35.2264     3.1021     0.0459          0    109.000 337.312697  1022.4702      6.931      0.102  0.000e+00
      7.002    28.3788   5.695763    35.2265     3.0835     0.0437          0    109.250 337.312700  1022.4705      6.963      0.107  0.000e+00
      7.002    28.3789   5.695733    35.2262     3.0735     0.0452          0    109.500 337.312703  1022.4703      6.963      0.099  0.000e+00
      7.034    28.3790   5.695763    35.2263     3.0708     0.0315          0    109.750 337.312705  1022.4704      6.995      0.100  0.000e+00
      7.088    28.3789   5.695733    35.2262     3.0493     0.0391          0    110.000 337.312708  1022.4706      7.049      0.119  0.000e+00
      7.142    28.3788   5.695702    35.2260     3.0323     0.0398          0    110.250 337.312711  1022.4708      7.103      0.133  0.000e+00
      7.207    28.3786   5.695649    35.2258     3.0096     0.0246          0    110.500 337.312714  1022.4709      7.167      0.153  0.000e+00
      7.240    28.3783   5.695603    35.2257     2.9956     0.0307          0    110.750 337.312717  1022.4711      7.200      0.159  0.000e+00
