ctd_mafia/cnv/SBE19plus_01906740_2018_12_07_0091.cnv
* Sea-Bird SBE19plus  Data File:
* FileName = C:\Users\all user\Desktop\Patroba _ WWF Mapping Mafia\SBE19plus_01906740_2018_12_07_0091.hex
* Software version 2.6.3.104
* Temperature SN = 6740
* Conductivity SN = 6740
* System UpLoad Time = Dec 07 2018 14:33:36
* <ApplicationData>
* <Seaterm232>
# nquan = 13
# nvalues = 715                                   
# units = specified
# name 0 = prdM: Pressure, Strain Gauge [db]
# name 1 = tv290C: Temperature [ITS-90, deg C]
# name 2 = c0S/m: Conductivity [S/m]
# name 3 = sal00: Salinity, Practical [PSU]
# name 4 = sbeox0ML/L: Oxygen, SBE 43 [ml/l]
# name 5 = flECO-AFL: Fluorescence, WET Labs ECO-AFL/FL [mg/m^3]
# name 6 = nbf: Bottles Fired
# name 7 = timeS: Time, Elapsed [seconds]
# name 8 = timeJ: Julian Days
# name 9 = density00: Density [density, kg/m^3]
# name 10 = depSM: Depth [salt water, m], lat = 0.00
# name 11 = dz/dtM: Descent Rate [m/s]
# name 12 = flag:  0.000e+00
# span 0 =     -1.428,     11.232                 
# span 1 =    28.1922,    28.6382                 
# span 2 =   0.006597,   5.724202                 
# span 3 =     0.0357,    35.2683                 
# span 4 =     1.6155,     3.1663                 
# span 5 =    -0.4309,    48.6833                 
# span 6 =          0,          0                 
# span 7 =      0.000,    178.500                 
# span 8 = 338.331354, 338.333420                 
# span 9 =   996.1610,  1022.4581                 
# span 10 =     -1.420,     11.170                
# span 11 =     -0.961,      0.264                
# span 12 = 0.0000e+00, 0.0000e+00                
# interval = seconds: 0.25
# start_time = Dec 04 2018 07:57:09 [Instrument's time stamp, header]
# bad_flag = -9.990e-29
*END*
[from data line 445]
      8.097    28.5393   5.717436    35.2576     2.0307     0.0887          0    111.250 338.332642  1022.4455      8.052      0.196  0.000e+00
      8.129    28.5397   5.717504    35.2578     2.0332     0.0917          0    111.500 338.332645  1022.4457      8.084      0.191  0.000e+00
      8.183    28.5401   5.717504    35.2575     2.0314     0.0803          0    111.750 338.332648  1022.4455      8.138      0.188  0.000e+00
      8.216    28.5402   5.717535    35.2576     2.0283     0.0887          0    112.000 338.332650  1022.4457      8.170      0.196  0.000e+00
      8.280    28.5407   5.717565    35.2575     2.0301     0.0864          0    112.250 338.332653  1022.4457      8.235      0.202  0.000e+00
      8.335    28.5408   5.717565    35.2574     2.0349     0.0871          0    112.500 338.332656  1022.4459      8.289      0.205  0.000e+00
      8.378    28.5408   5.717565    35.2574     2.0325     0.0948          0    112.750 338.332659  1022.4460      8.332      0.200  0.000e+00
      8.443    28.5410   5.717566    35.2572     2.0291     0.0932          0    113.000 338.332662  1022.4461      8.396      0.200  0.000e+00
      8.497    28.5409   5.717566    35.2572     2.0294     0.0978          0    113.250 338.332665  1022.4464      8.450      0.203  0.000e+00
      8.529    28.5406   5.717566    35.2575     2.0332     0.0917          0    113.500 338.332668  1022.4468      8.482      0.206  0.000e+00
      8.583    28.5410   5.717566    35.2571     2.0344     0.1131          0    113.750 338.332671  1022.4467      8.536      0.205  0.000e+00
      8.626    28.5409   5.717535    35.2570     2.0335     0.1131          0    114.000 338.332674  1022.4468      8.579      0.204  0.000e+00
      8.680    28.5408   5.717535    35.2571     2.0296     0.1032          0    114.250 338.332677  1022.4471      8.633      0.198  0.000e+00
      8.745    28.5407   5.717596    35.2575     2.0291     0.1100          0    114.500 338.332679  1022.4478      8.697      0.200  0.000e+00
      8.778    28.5408   5.717596    35.2574     2.0285     0.0932          0    114.750 338.332682  1022.4478      8.729      0.198  0.000e+00
      8.864    28.5408   5.717566    35.2572     2.0296     0.0917          0    115.000 338.332685  1022.4480      8.815      0.204  0.000e+00
      8.907    28.5409   5.717535    35.2569     2.0253     0.0940          0    115.250 338.332688  1022.4479      8.858      0.210  0.000e+00
      8.940    28.5409   5.717535    35.2569     2.0235     0.0864          0    115.500 338.332691  1022.4481      8.891      0.213  0.000e+00
      8.961    28.5406   5.717535    35.2571     2.0264     0.0856          0    115.750 338.332694  1022.4484      8.912      0.202  0.000e+00
      8.994    28.5406   5.717566    35.2573     2.0255     0.0833          0    116.000 338.332697  1022.4487      8.944      0.189  0.000e+00
      9.070    28.5405   5.717566    35.2574     2.0308     0.0826          0    116.250 338.332700  1022.4491      9.020      0.183  0.000e+00
      9.113    28.5406   5.717566    35.2573     2.0275     0.0856          0    116.500 338.332703  1022.4492      9.063      0.177  0.000e+00
      9.145    28.5407   5.717596    35.2574     2.0299     0.0917          0    116.750 338.332705  1022.4494      9.095      0.173  0.000e+00
      9.199    28.5407   5.717596    35.2574     2.0257     0.0986          0    117.000 338.332708  1022.4496      9.149      0.167  0.000e+00
      9.243    28.5408   5.717566    35.2571     2.0332     0.0864          0    117.250 338.332711  1022.4495      9.192      0.174  0.000e+00
      9.297    28.5407   5.717566    35.2572     2.0313     0.0925          0    117.500 338.332714  1022.4498      9.245      0.184  0.000e+00
      9.372    28.5408   5.717566    35.2571     2.0277     0.0932          0    117.750 338.332717  1022.4501      9.321      0.199  0.000e+00
      9.437    28.5408   5.717536    35.2568     2.0283     0.0963          0    118.000 338.332720  1022.4502      9.385      0.210  0.000e+00
      9.502    28.5406   5.717536    35.2570     2.0247     0.1047          0    118.250 338.332723  1022.4506      9.450      0.217  0.000e+00
      9.535    28.5407   5.717635    35.2576     2.0239     0.0955          0    118.500 338.332726  1022.4512      9.482      0.224  0.000e+00
      9.578    28.5407   5.717597    35.2573     2.0273     0.1032          0    118.750 338.332729  1022.4511      9.525      0.226  0.000e+00
      9.632    28.5409   5.717665    35.2576     2.0262     0.0971          0    119.000 338.332731  1022.4516      9.579      0.223  0.000e+00
      9.686    28.5410   5.717635    35.2573     2.0276     0.0971          0    119.250 338.332734  1022.4515      9.632      0.219  0.000e+00
      9.740    28.5412   5.717696    35.2576     2.0265     0.1039          0    119.500 338.332737  1022.4519      9.686      0.212  0.000e+00
      9.816    28.5413   5.717566    35.2566     2.0261     0.0910          0    119.750 338.332740  1022.4514      9.761      0.210  0.000e+00
      9.880    28.5411   5.717536    35.2565     2.0288     0.1062          0    120.000 338.332743  1022.4517      9.826      0.216  0.000e+00
      9.902    28.5407   5.717566    35.2570     2.0252     0.1032          0    120.250 338.332746  1022.4523      9.848      0.215  0.000e+00
      9.935    28.5407   5.717597    35.2572     2.0294     0.1146          0    120.500 338.332749  1022.4526      9.880      0.213  0.000e+00
      9.945    28.5406   5.717536    35.2568     2.0256     0.1032          0    120.750 338.332752  1022.4524      9.891      0.197  0.000e+00
      9.989    28.5405   5.717566    35.2571     2.0262     0.0879          0    121.000 338.332755  1022.4528      9.934      0.179  0.000e+00
     10.043    28.5406   5.717666    35.2577     2.0288     0.0955          0    121.250 338.332758  1022.4535      9.987      0.166  0.000e+00
     10.097    28.5409   5.717696    35.2577     2.0278     0.0894          0    121.500 338.332760  1022.4536     10.041      0.158  0.000e+00
     10.162    28.5411   5.717658    35.2572     2.0298     0.1009          0    121.750 338.332763  1022.4535     10.105      0.158  0.000e+00
     10.248    28.5412   5.717666    35.2572     2.0333     0.0955          0    122.000 338.332766  1022.4538     10.192      0.178  0.000e+00
     10.335    28.5412   5.717666    35.2572     2.0303     0.1016          0    122.250 338.332769  1022.4541     10.278      0.214  0.000e+00
     10.378    28.5411   5.717666    35.2572     2.0313     0.1077          0    122.500 338.332772  1022.4544     10.321      0.239  0.000e+00
     10.421    28.5412   5.717666    35.2572     2.0344     0.1009          0    122.750 338.332775  1022.4545     10.363      0.254  0.000e+00
     10.486    28.5411   5.717696    35.2574     2.0273     0.0894          0    123.000 338.332778  1022.4550     10.428      0.257  0.000e+00
     10.561    28.5412   5.717689    35.2573     2.0260     0.0803          0    123.250 338.332781  1022.4552     10.503      0.259  0.000e+00
     10.637    28.5411   5.717666    35.2572     2.0280     0.0864          0    123.500 338.332784  1022.4555     10.578      0.262  0.000e+00
     10.680    28.5412   5.717666    35.2571     2.0267     0.0849          0    123.750 338.332786  1022.4555     10.621      0.254  0.000e+00
     10.734    28.5412   5.717697    35.2573     2.0264     0.0864          0    124.000 338.332789  1022.4559     10.675      0.243  0.000e+00
     10.821    28.5411   5.717666    35.2571     2.0280     0.0849          0    124.250 338.332792  1022.4562     10.761      0.246  0.000e+00
     10.864    28.5412   5.717697    35.2572     2.0259     0.0856          0    124.500 338.332795  1022.4565     10.804      0.251  0.000e+00
     10.929    28.5411   5.717567    35.2564     2.0249     0.0856          0    124.750 338.332798  1022.4561     10.869      0.252  0.000e+00
     10.972    28.5408   5.717506    35.2562     2.0253     0.0856          0    125.000 338.332801  1022.4562     10.912      0.243  0.000e+00
     11.015    28.5405   5.717506    35.2564     2.0275     0.0887          0    125.250 338.332804  1022.4567     10.955      0.230  0.000e+00
     11.080    28.5403   5.717536    35.2567     2.0289     0.1047          0    125.500 338.332807  1022.4573     11.019      0.224  0.000e+00
     11.145    28.5402   5.717437    35.2561     2.0257     0.1070          0    125.750 338.332810  1022.4571     11.084      0.226  0.000e+00
     11.177    28.5403   5.717437    35.2560     2.0249     0.1062          0    126.000 338.332812  1022.4572     11.116      0.218  0.000e+00
     11.210    28.5400   5.717414    35.2561     2.0252     0.0986          0    126.250 338.332815  1022.4574     11.148      0.202  0.000e+00
     11.199    28.5400   5.717407    35.2560     2.0251     0.1116          0    126.500 338.332818  1022.4574     11.137      0.182  0.000e+00
     11.232    28.5398   5.717475    35.2566     2.0264     0.1047          0    126.750 338.332821  1022.4580     11.170      0.159  0.000e+00
     11.199    28.5401   5.717475    35.2564     2.0242     0.1138          0    127.000 338.332824  1022.4576     11.137      0.124  0.000e+00
     11.188    28.5399   5.717437    35.2563     2.0264     0.1177          0    127.250 338.332827  1022.4576     11.127      0.083  0.000e+00
     11.210    28.5399   5.717437    35.2563     2.0198     0.1047          0    127.500 338.332830  1022.4576     11.148      0.048  0.000e+00
     11.221    28.5400   5.717475    35.2565     2.0209     0.1108          0    127.750 338.332833  1022.4578     11.159      0.024  0.000e+00
     11.210    28.5400   5.717506    35.2567     2.0213     0.1062          0    128.000 338.332836  1022.4579     11.148      0.009  0.000e+00
     11.199    28.5401   5.717506    35.2566     2.0220     0.1184          0    128.250 338.332839  1022.4578     11.137     -0.001  0.000e+00
     11.210    28.5401   5.717506    35.2566     2.0238     0.0925          0    128.500 338.332841  1022.4578     11.148      0.000  0.000e+00
     11.210    28.5402   5.717506    35.2565     2.0242     0.0833          0    128.750 338.332844  1022.4577     11.148     -0.002  0.000e+00
     11.221    28.5401   5.717506    35.2566     2.0278     0.0902          0    129.000 338.332847  1022.4579     11.159      0.009  0.000e+00
     11.178    28.5399   5.717475    35.2566     2.0256     0.0925          0    129.250 338.332850  1022.4577     11.116     -0.002  0.000e+00
     11.210    28.5402   5.717506    35.2565     2.0249     0.0902          0    129.500 338.332853  1022.4577     11.148     -0.006  0.000e+00
     11.199    28.5399   5.717506    35.2568     2.0243     0.0925          0    129.750 338.332856  1022.4580     11.138     -0.008  0.000e+00
     11.210    28.5401   5.717537    35.2568     2.0216     0.1001          0    130.000 338.332859  1022.4580     11.148     -0.002  0.000e+00
     11.189    28.5400   5.717475    35.2565     2.0202     0.0940          0    130.250 338.332862  1022.4577     11.127     -0.005  0.000e+00
     11.189    28.5402   5.717567    35.2570     2.0208     0.0978          0    130.500 338.332865  1022.4580     11.127     -0.010  0.000e+00
     11.210    28.5402   5.717506    35.2565     2.0205     0.1230          0    130.750 338.332867  1022.4577     11.148     -0.005  0.000e+00
     11.210    28.5401   5.717537    35.2568     2.0200     0.1268          0    131.000 338.332870  1022.4580     11.148      0.000  0.000e+00
     11.199    28.5400   5.717475    35.2565     2.0190     0.1200          0    131.250 338.332873  1022.4577     11.138      0.006  0.000e+00
     11.199    28.5400   5.717506    35.2567     2.0202     0.1146          0    131.500 338.332876  1022.4579     11.138     -0.001  0.000e+00
     11.199    28.5402   5.717506    35.2565     2.0203     0.1238          0    131.750 338.332879  1022.4577     11.138      0.001  0.000e+00
     11.199    28.5400   5.717506    35.2567     2.0216     0.1245          0    132.000 338.332882  1022.4579     11.138      0.000  0.000e+00
     11.199    28.5401   5.717506    35.2566     2.0220     0.1245          0    132.250 338.332885  1022.4578     11.138      0.003  0.000e+00
     11.210    28.5401   5.717537    35.2568     2.0201     0.1306          0    132.500 338.332888  1022.4580     11.148      0.002  0.000e+00
     11.199    28.5400   5.717506    35.2567     2.0207     0.1001          0    132.750 338.332891  1022.4579     11.138     -0.003  0.000e+00
     11.199    28.5402   5.717506    35.2565     2.0171     0.0963          0    133.000 338.332894  1022.4577     11.138     -0.001  0.000e+00
     11.199    28.5401   5.717506    35.2566     2.0195     0.0978          0    133.250 338.332896  1022.4578     11.138      0.001  0.000e+00
     11.199    28.5401   5.717536    35.2568     2.0201     0.0917          0    133.500 338.332899  1022.4579     11.138     -0.000  0.000e+00
     11.221    28.5403   5.717506    35.2565     2.0161     0.0925          0    133.750 338.332902  1022.4577     11.159      0.005  0.000e+00
     11.199    28.5400   5.717536    35.2569     2.0151     0.0948          0    134.000 338.332905  1022.4580     11.138      0.003  0.000e+00
     11.221    28.5402   5.717506    35.2565     2.0173     0.0978          0    134.250 338.332908  1022.4578     11.159      0.006  0.000e+00
     11.199    28.5402   5.717506    35.2565     2.0167     0.1032          0    134.500 338.332911  1022.4577     11.138      0.003  0.000e+00
     11.189    28.5400   5.717567    35.2571     2.0184     0.0902          0    134.750 338.332914  1022.4581     11.127     -0.000  0.000e+00
     11.221    28.5400   5.717506    35.2567     2.0219     0.0894          0    135.000 338.332917  1022.4580     11.159      0.004  0.000e+00
     11.221    28.5401   5.717537    35.2568     2.0215     0.0917          0    135.250 338.332920  1022.4580     11.159      0.006  0.000e+00
     11.221    28.5402   5.717567    35.2570     2.0249     0.1032          0    135.500 338.332922  1022.4581     11.159      0.006  0.000e+00
     11.210    28.5403   5.717536    35.2567     2.0245     0.1001          0    135.750 338.332925  1022.4578     11.148      0.003  0.000e+00
     11.210    28.5403   5.717567    35.2569     2.0303     0.1177          0    136.000 338.332928  1022.4580     11.148      0.006  0.000e+00
     11.210    28.5402   5.717537    35.2568     2.0275     0.1047          0    136.250 338.332931  1022.4579     11.148      0.002  0.000e+00
     11.199    28.5404   5.717567    35.2568     2.0289     0.1047          0    136.500 338.332934  1022.4578     11.138      0.002  0.000e+00
     11.199    28.5401   5.717536    35.2568     2.0287     0.1062          0    136.750 338.332937  1022.4579     11.138     -0.004  0.000e+00
     11.199    28.5402   5.717536    35.2568     2.0245     0.0795          0    137.000 338.332940  1022.4579     11.138     -0.013  0.000e+00
     11.221    28.5401   5.717537    35.2568     2.0243     0.0818          0    137.250 338.332943  1022.4580     11.159     -0.006  0.000e+00
     11.210    28.5402   5.717506    35.2565     2.0223     0.0818          0    137.500 338.332946  1022.4577     11.148     -0.003  0.000e+00
     11.210    28.5400   5.717475    35.2565     2.0241     0.0856          0    137.750 338.332948  1022.4578     11.148      0.001  0.000e+00
     11.199    28.5399   5.717506    35.2568     2.0229     0.1329          0    138.000 338.332951  1022.4580     11.138      0.000  0.000e+00
     11.199    28.5401   5.717506    35.2566     2.0239     0.1261          0    138.250 338.332954  1022.4578     11.138     -0.001  0.000e+00
     11.189    28.5401   5.717536    35.2568     2.0249     0.1276          0    138.500 338.332957  1022.4579     11.127     -0.004  0.000e+00
