ctd_mafia/cnv/SBE19plus_01906740_2018_12_07_0101.cnv
* Sea-Bird SBE19plus  Data File:
* FileName = C:\Users\all user\Desktop\Patroba _ WWF Mapping Mafia\SBE19plus_01906740_2018_12_07_0101.hex
* Software version 2.6.3.104
* Temperature SN = 6740
* Conductivity SN = 6740
* System UpLoad Time = Dec 07 2018 14:35:33
* <ApplicationData>
* <Seaterm232>
# nquan = 13
# nvalues = 548                                   
# units = specified
# name 0 = prdM: Pressure, Strain Gauge [db]
# name 1 = tv290C: Temperature [ITS-90, deg C]
# name 2 = c0S/m: Conductivity [S/m]
# name 3 = sal00: Salinity, Practical [PSU]
# name 4 = sbeox0ML/L: Oxygen, SBE 43 [ml/l]
# name 5 = flECO-AFL: Fluorescence, WET Labs ECO-AFL/FL [mg/m^3]
# name 6 = nbf: Bottles Fired
# name 7 = timeS: Time, Elapsed [seconds]
# name 8 = timeJ: Julian Days
# name 9 = density00: Density [density, kg/m^3]
# name 10 = depSM: Depth [salt water, m], lat = 0.00
# name 11 = dz/dtM: Descent Rate [m/s]
# name 12 = flag:  0.000e+00
# span 0 =     -1.407,      9.069                 
# span 1 =    27.0543,    28.4377                 
# span 2 =   0.732504,   5.717380                 
# span 3 =     3.7805,    35.3935                 
# span 4 =     1.7757,     2.6174                 
# span 5 =    -0.0319,    48.6864                 
# span 6 =          0,          0                 
# span 7 =      0.000,    136.750                 
# span 8 = 338.402396, 338.403979                 
# span 9 =   999.0610,  1022.9256                 
# span 10 =     -1.399,      9.019                
# span 11 =     -1.242,      0.423                
# span 12 = 0.0000e+00, 0.0000e+00                
# interval = seconds: 0.25
# start_time = Dec 04 2018 09:39:27 [Instrument's time stamp, header]
# bad_flag = -9.990e-29
*END*
[from data line 445]
      8.788    27.0686   5.559015    35.2452     2.0878     0.0116          0    111.250 338.403683  1022.9183      8.740      0.012  0.000e+00
      8.821    27.0675   5.559045    35.2463     2.0893     0.0459          0    111.500 338.403686  1022.9196      8.772      0.022  0.000e+00
      8.831    27.0664   5.558955    35.2464     2.0876     0.0345          0    111.750 338.403689  1022.9201      8.783      0.030  0.000e+00
      8.874    27.0657   5.558955    35.2470     2.0882     0.0345          0    112.000 338.403692  1022.9209      8.826      0.048  0.000e+00
      8.864    27.0652   5.558917    35.2471     2.0865     0.0406          0    112.250 338.403695  1022.9211      8.815      0.053  0.000e+00
      8.831    27.0647   5.558902    35.2473     2.0909     0.0398          0    112.500 338.403698  1022.9213      8.783      0.043  0.000e+00
      8.648    27.0646   5.558917    35.2476     2.0888     0.0406          0    112.750 338.403701  1022.9207      8.600     -0.017  0.000e+00
      8.312    27.0650   5.559294    35.2501     2.0854     0.0360          0    113.000 338.403704  1022.9210      8.267     -0.154  0.000e+00
      7.977    27.0665   5.559354    35.2495     2.0863     0.0261          0    113.250 338.403707  1022.9186      7.933     -0.345  0.000e+00
      7.685    27.0677   5.559135    35.2471     2.0876     0.0253          0    113.500 338.403709  1022.9152      7.643     -0.563  0.000e+00
      7.448    27.0678   5.558954    35.2458     2.0876     0.0398          0    113.750 338.403712  1022.9132      7.407     -0.760  0.000e+00
      7.166    27.0669   5.558826    35.2457     2.0856     0.0406          0    114.000 338.403715  1022.9122      7.127     -0.936  0.000e+00
      6.831    27.0661   5.558712    35.2456     2.0870     0.0353          0    114.250 338.403718  1022.9110      6.794     -1.077  0.000e+00
      6.529    27.0651   5.558765    35.2468     2.0885     0.0406          0    114.500 338.403721  1022.9109      6.493     -1.165  0.000e+00
      6.323    27.0649   5.558825    35.2474     2.0945     0.0643          0    114.750 338.403724  1022.9105      6.288     -1.164  0.000e+00
      6.302    27.0652   5.559134    35.2494     2.1006     0.0490          0    115.000 338.403727  1022.9118      6.267     -1.062  0.000e+00
      6.150    27.0665   5.559541    35.2514     2.0940     0.0620          0    115.250 338.403730  1022.9122      6.116     -0.956  0.000e+00
      5.880    27.0686   5.559541    35.2499     2.0882     0.0559          0    115.500 338.403733  1022.9093      5.848     -0.890  0.000e+00
      5.502    27.0701   5.559413    35.2479     2.0948     0.0231          0    115.750 338.403736  1022.9057      5.471     -0.882  0.000e+00
      5.167    27.0706   5.559254    35.2466     2.0891     0.0154          0    116.000 338.403738  1022.9031      5.138     -0.897  0.000e+00
      4.864    27.0699   5.559013    35.2454     2.0859     0.0223          0    116.250 338.403741  1022.9012      4.837     -0.935  0.000e+00
      4.561    27.0686   5.558983    35.2463     2.0846     0.0315          0    116.500 338.403744  1022.9009      4.536     -1.011  0.000e+00
      4.204    27.0677   5.558884    35.2464     2.0804     0.0353          0    116.750 338.403747  1022.8998      4.181     -1.132  0.000e+00
      3.923    27.0672   5.558673    35.2454     2.0833     0.0429          0    117.000 338.403750  1022.8979      3.902     -1.242  0.000e+00
      3.794    27.0695   5.560219    35.2547     2.0934     0.0330          0    117.250 338.403753  1022.9036      3.773     -1.233  0.000e+00
      3.772    27.0738   5.560799    35.2556     2.1060     0.0253          0    117.500 338.403756  1022.9029      3.751     -1.114  0.000e+00
      3.696    27.0785   5.561146    35.2545     2.1012     0.0322          0    117.750 338.403759  1022.9003      3.676     -0.946  0.000e+00
      3.458    27.0827   5.561176    35.2516     2.1046     0.0200          0    118.000 338.403762  1022.8957      3.439     -0.822  0.000e+00
      3.113    27.0847   5.561086    35.2495     2.0988     0.0299          0    118.250 338.403764  1022.8920      3.095     -0.765  0.000e+00
      2.799    27.0859   5.561425    35.2512     2.0959     0.0261          0    118.500 338.403767  1022.8915      2.784     -0.757  0.000e+00
      2.561    27.0878   5.562322    35.2562     2.0956     0.0177          0    118.750 338.403770  1022.8936      2.547     -0.775  0.000e+00
      2.367    27.0926   5.565196    35.2731     2.0939     0.0414          0    119.000 338.403773  1022.9040      2.354     -0.830  0.000e+00
      2.215    27.1061   5.566410    35.2716     2.0909     0.0383          0    119.250 338.403776  1022.8979      2.203     -0.897  0.000e+00
      1.977    27.1199   5.567270    35.2673     2.0860     0.0391          0    119.500 338.403779  1022.8893      1.966     -0.957  0.000e+00
      1.685    27.1313   5.568824    35.2699     2.0872     0.0315          0    119.750 338.403782  1022.8863      1.676     -0.981  0.000e+00
      1.480    27.1441   5.570152    35.2697     2.0863     0.0299          0    120.000 338.403785  1022.8812      1.472     -0.946  0.000e+00
      1.339    27.1570   5.573352    35.2828     2.0877     0.0292          0    120.250 338.403788  1022.8863      1.332     -0.879  0.000e+00
      1.188    27.1791   5.581363    35.3232     2.0850     0.0376          0    120.500 338.403791  1022.9089      1.182     -0.827  0.000e+00
      0.875    27.2193   5.584528    35.3154     2.0812     0.0330          0    120.750 338.403793  1022.8888      0.870     -0.835  0.000e+00
      0.626    27.2566   5.586741    35.3029     2.0941     0.0215          0    121.000 338.403796  1022.8663      0.622     -0.861  0.000e+00
      0.431    27.2912   5.596182    35.3440     2.0982     0.0200          0    121.250 338.403799  1022.8853      0.429     -0.874  0.000e+00
      0.377    27.3427   5.602762    35.3518     2.1006     0.0162          0    121.500 338.403802  1022.8744      0.375     -0.822  0.000e+00
      0.366    27.3984   5.605266    35.3274     2.0967     0.0192          0    121.750 338.403805  1022.8380      0.364     -0.731  0.000e+00
      0.377    27.4402   5.605045    35.2943     2.0963     0.0131          0    122.000 338.403808  1022.7996      0.375     -0.626  0.000e+00
      0.410    27.4615   5.604636    35.2753     2.0950     0.0276          0    122.250 338.403811  1022.7785      0.407     -0.494  0.000e+00
      0.420    27.4719   5.606664    35.2817     2.0932     0.0261          0    122.500 338.403814  1022.7801      0.418     -0.335  0.000e+00
      0.377    27.4845   5.608511    35.2853     2.0892     0.0162          0    122.750 338.403817  1022.7785      0.375     -0.177  0.000e+00
      0.312    27.4990   5.608541    35.2747     2.0859     0.0246          0    123.000 338.403819  1022.7655      0.311     -0.086  0.000e+00
      0.204    27.5068   5.607632    35.2624     2.0857     0.0490          0    123.250 338.403822  1022.7533      0.203     -0.069  0.000e+00
      0.096    27.5074   5.608321    35.2668     2.0890     0.0429          0    123.500 338.403825  1022.7560      0.096     -0.118  0.000e+00
     -0.001    27.5093   5.611857    35.2905     2.0904     0.0513          0    123.750 338.403828  1022.7728     -0.001     -0.189  0.000e+00
     -0.055    27.5236   5.613893    35.2941     2.0915     0.0475          0    124.000 338.403831  1022.7707     -0.055     -0.252  0.000e+00
     -0.196    27.5471   5.622263    35.3357     2.0906     0.0299          0    124.250 338.403834  1022.7938     -0.195     -0.321  0.000e+00
     -0.315    27.5870   5.621664    35.3014     2.0888     0.0284          0    124.500 338.403837  1022.7545     -0.313     -0.373  0.000e+00
     -0.380    27.6111   5.624831    35.3057     2.0969     0.0345          0    124.750 338.403840  1022.7496     -0.377     -0.391  0.000e+00
     -0.423    27.6370   5.631206    35.3312     2.0912     0.0261          0    125.000 338.403843  1022.7602     -0.420     -0.381  0.000e+00
     -0.477    27.6715   5.627528    35.2792     2.0901     0.0154          0    125.250 338.403845  1022.7097     -0.474     -0.353  0.000e+00
     -0.488    27.6877   5.639640    35.3526     2.0916     0.0093          0    125.500 338.403848  1022.7596     -0.485     -0.312  0.000e+00
     -0.509    27.7368   5.650676    35.3935     2.0848     0.0170          0    125.750 338.403851  1022.7743     -0.506     -0.267  0.000e+00
     -0.520    27.8116   5.654723    35.3657     2.0884     0.0093          0    126.000 338.403854  1022.7290     -0.517     -0.216  0.000e+00
     -0.542    27.8698   5.652853    35.3087     2.0874     0.0101          0    126.250 338.403857  1022.6671     -0.539     -0.155  0.000e+00
     -0.552    27.8952   5.652602    35.2879     2.0892    -0.0166          0    126.500 338.403860  1022.6431     -0.549     -0.111  0.000e+00
     -0.542    27.9055   5.655321    35.2993     2.0870    -0.0097          0    126.750 338.403863  1022.6483     -0.539     -0.080  0.000e+00
     -0.498    27.9227   5.662563    35.3373     2.0914    -0.0227          0    127.000 338.403866  1022.6714     -0.496     -0.044  0.000e+00
     -0.477    27.9588   5.665534    35.3311     2.0880    -0.0128          0    127.250 338.403869  1022.6551     -0.474     -0.009  0.000e+00
     -0.434    27.9934   5.664872    35.3005     2.0976     0.0070          0    127.500 338.403872  1022.6209     -0.431      0.024  0.000e+00
     -0.401    28.0132   5.665761    35.2918     2.0872     0.0009          0    127.750 338.403874  1022.6080     -0.399      0.058  0.000e+00
     -0.412    28.0231   5.665913    35.2855     2.0958     0.0040          0    128.000 338.403877  1022.6000     -0.410      0.077  0.000e+00
     -0.434    28.0278   5.665252    35.2773     2.0953    -0.0036          0    128.250 338.403880  1022.5923     -0.431      0.080  0.000e+00
     -0.455    28.0261   5.664841    35.2757     2.0966     0.0231          0    128.500 338.403883  1022.5915     -0.453      0.064  0.000e+00
     -0.455    28.0229   5.664712    35.2772     2.1016     0.0231          0    128.750 338.403886  1022.5937     -0.453      0.039  0.000e+00
     -0.477    28.0200   5.664773    35.2798     2.0996     0.0246          0    129.000 338.403889  1022.5965     -0.474      0.005  0.000e+00
     -0.499    28.0184   5.663792    35.2741     2.0997     0.0177          0    129.250 338.403892  1022.5927     -0.496     -0.025  0.000e+00
     -0.596    28.0131   5.661170    35.2598     2.0999     0.0208          0    129.500 338.403895  1022.5832     -0.593     -0.073  0.000e+00
     -0.693    27.9997   5.658541    35.2514     2.1006     0.0246          0    129.750 338.403898  1022.5808     -0.689     -0.125  0.000e+00
     -0.790    27.9804   5.656421    35.2509     2.1016     0.0253          0    130.000 338.403900  1022.5864     -0.786     -0.174  0.000e+00
     -0.942    27.9622   5.658670    35.2804     2.1026     0.0192          0    130.250 338.403903  1022.6139     -0.937     -0.242  0.000e+00
     -1.104    27.9635   5.665663    35.3287     2.1064     0.0261          0    130.500 338.403906  1022.6491     -1.098     -0.325  0.000e+00
     -1.255    27.9876   5.666613    35.3173     2.0953     1.0035          0    130.750 338.403909  1022.6320     -1.248     -0.411  0.000e+00
     -1.353    28.0145   5.674507    35.3525     2.1103     1.0073          0    131.000 338.403912  1022.6492     -1.345     -0.469  0.000e+00
     -1.407    28.0649   5.683532    35.3781     2.1057     1.0035          0    131.250 338.403915  1022.6517     -1.399     -0.489  0.000e+00
     -1.407    28.1338   2.152901    12.0758     2.3923     1.0042          0    131.500 338.403918  1005.2033     -1.399     -0.455  0.000e+00
     -1.396    28.1766   1.035377     5.4602     2.5454    48.6864          0    131.750 338.403921  1000.2618     -1.388     -0.389  0.000e+00
     -1.385    28.1856   0.828160     4.2948     2.5641    48.6764          0    132.000 338.403924   999.3901     -1.377     -0.300  0.000e+00
     -1.374    28.1800   0.899037     4.6910     2.6012    48.6787          0    132.250 338.403927   999.6873     -1.367     -0.194  0.000e+00
     -1.385    28.1685   0.838608     4.3545     2.6138    48.6780          0    132.500 338.403929   999.4396     -1.377     -0.102  0.000e+00
     -1.385    28.1556   0.916966     4.7940     2.6158    -0.0212          0    132.750 338.403932   999.7712     -1.377     -0.035  0.000e+00
     -1.385    28.1424   0.825771     4.2854     2.6174    -0.0220          0    133.000 338.403935   999.3956     -1.377      0.000  0.000e+00
     -1.385    28.1284   0.803961     4.1654     2.6032    -0.0166          0    133.250 338.403938   999.3101     -1.377      0.012  0.000e+00
     -1.363    28.1141   0.906483     4.7392     2.5756    -0.0227          0    133.500 338.403941   999.7425     -1.356      0.013  0.000e+00
     -1.363    28.0995   0.988118     5.2009     2.5386    -0.0258          0    133.750 338.403944  1000.0911     -1.356      0.012  0.000e+00
     -1.385    28.0862   0.994854     5.2405     2.5595    -0.0242          0    134.000 338.403947  1000.1245     -1.377      0.005  0.000e+00
     -1.374    28.0758   0.999004     5.2651     2.5901    -0.0288          0    134.250 338.403950  1000.1459     -1.366      0.004  0.000e+00
     -1.363    28.0684   0.922355     4.8330     2.5821    -0.0227          0    134.500 338.403953   999.8258     -1.356      0.009  0.000e+00
     -1.374    28.0635   0.823575     4.2802     2.5746    -0.0204          0    134.750 338.403955   999.4147     -1.366      0.007  0.000e+00
     -1.385    28.0598   0.836739     4.3539     2.5667    -0.0311          0    135.000 338.403958   999.4707     -1.377      0.001  0.000e+00
     -1.385    28.0562   1.017947     5.3748     2.5387    -0.0242          0    135.250 338.403961  1000.2333     -1.377     -0.004  0.000e+00
     -1.374    28.0530   0.845981     4.4061     2.5629    -0.0296          0    135.500 338.403964   999.5117     -1.367     -0.007  0.000e+00
     -1.385    28.0491   1.107677     5.8874     2.5686    -0.0319          0    135.750 338.403967  1000.6177     -1.377     -0.007  0.000e+00
     -1.374    28.0431   0.946610     4.9722     2.5629    -0.0258          0    136.000 338.403970   999.9370     -1.367     -0.001  0.000e+00
     -1.385    28.0330   0.816632     4.2442     2.5633    -0.0319          0    136.250 338.403973   999.3966     -1.377     -0.006  0.000e+00
     -1.385    28.0163   0.935867     4.9144     2.5587    -0.0273          0    136.500 338.403976   999.9016     -1.377     -0.006  0.000e+00
     -1.396    27.9966   0.732504     3.7805     2.5615    -0.0242          0    136.750 338.403979   999.0610     -1.388     -0.006  0.000e+00
