ctd_mafia/cnv/SBE19plus_01906740_2018_12_07_0090.cnv
* Sea-Bird SBE19plus  Data File:
* FileName = C:\Users\all user\Desktop\Patroba _ WWF Mapping Mafia\SBE19plus_01906740_2018_12_07_0090.hex
* Software version 2.6.3.104
* Temperature SN = 6740
* Conductivity SN = 6740
* System UpLoad Time = Dec 07 2018 14:33:20
* <ApplicationData>
* <Seaterm232>
# nquan = 13
# nvalues = 174                                   
# units = specified
# name 0 = prdM: Pressure, Strain Gauge [db]
# name 1 = tv290C: Temperature [ITS-90, deg C]
# name 2 = c0S/m: Conductivity [S/m]
# name 3 = sal00: Salinity, Practical [PSU]
# name 4 = sbeox0ML/L: Oxygen, SBE 43 [ml/l]
# name 5 = flECO-AFL: Fluorescence, WET Labs ECO-AFL/FL [mg/m^3]
# name 6 = nbf: Bottles Fired
# name 7 = timeS: Time, Elapsed [seconds]
# name 8 = timeJ: Julian Days
# name 9 = density00: Density [density, kg/m^3]
# name 10 = depSM: Depth [salt water, m], lat = 0.00
# name 11 = dz/dtM: Descent Rate [m/s]
# name 12 = flag:  0.000e+00
# span 0 =     -1.372,      0.499                 
# span 1 =    29.4944,    30.4079                 
# span 2 =   0.281601,   5.853375                 
# span 3 =     1.3075,    35.4295                 
# span 4 =     1.9405,     2.6214                 
# span 5 =     0.0101,    48.6879                 
# span 6 =          0,          0                 
# span 7 =      0.000,     43.250                 
# span 8 = 337.457269, 337.457769                 
# span 9 =   996.5353,  1022.1900                 
# span 10 =     -1.364,      0.496                
# span 11 =     -0.523,      0.229                
# span 12 = 0.0000e+00, 0.0000e+00                
# interval = seconds: 0.25
# start_time = Dec 03 2018 10:58:28 [Instrument's time stamp, header]
# bad_flag = -9.990e-29
*END*
[from data line 112]
      0.445    29.5107   5.830325    35.3200     2.0166     0.0849          0     28.000 337.457593  1022.1345      0.442      0.089  0.000e+00
      0.445    29.5102   5.830602    35.3223     2.0137     0.0772          0     28.250 337.457595  1022.1363      0.442      0.088  0.000e+00
      0.434    29.5100   5.831048    35.3255     2.0121     0.0887          0     28.500 337.457598  1022.1388      0.431      0.071  0.000e+00
      0.412    29.5097   5.831487    35.3287     2.0159     0.0833          0     28.750 337.457601  1022.1412      0.410      0.042  0.000e+00
      0.412    29.5091   5.831672    35.3305     2.0104     0.0788          0     29.000 337.457604  1022.1427      0.410      0.009  0.000e+00
      0.380    29.5085   5.831310    35.3284     2.0081     0.0833          0     29.250 337.457607  1022.1412      0.378     -0.020  0.000e+00
      0.391    29.5080   5.830132    35.3207     2.0028     0.0856          0     29.500 337.457610  1022.1356      0.388     -0.026  0.000e+00
      0.391    29.5078   5.829601    35.3172     2.0085     0.0803          0     29.750 337.457613  1022.1331      0.388     -0.032  0.000e+00
      0.434    29.5079   5.828454    35.3093     1.9977     0.0879          0     30.000 337.457616  1022.1273      0.431     -0.022  0.000e+00
      0.455    29.5080   5.830124    35.3206     1.9979     0.0948          0     30.250 337.457619  1022.1358      0.453     -0.001  0.000e+00
      0.445    29.5077   5.832257    35.3354     1.9905     0.0818          0     30.500 337.457622  1022.1470      0.442      0.015  0.000e+00
      0.477    29.5073   5.832850    35.3398     1.9916     0.0849          0     30.750 337.457624  1022.1505      0.474      0.037  0.000e+00
      0.488    29.5074   5.833250    35.3424     1.9991     0.0719          0     31.000 337.457627  1022.1525      0.485      0.051  0.000e+00
      0.499    29.5073   5.833951    35.3473     2.0123     0.0795          0     31.250 337.457630  1022.1563      0.496      0.063  0.000e+00
      0.499    29.5086   5.834197    35.3481     2.0166     0.0780          0     31.500 337.457633  1022.1564      0.496      0.059  0.000e+00
      0.488    29.5094   5.834559    35.3499     2.0247     0.0887          0     31.750 337.457636  1022.1575      0.485      0.048  0.000e+00
      0.499    29.5099   5.834836    35.3515     2.0222     0.0894          0     32.000 337.457639  1022.1585      0.496      0.032  0.000e+00
      0.455    29.5103   5.834921    35.3517     2.0269     0.0864          0     32.250 337.457642  1022.1584      0.453      0.013  0.000e+00
      0.445    29.5106   5.833766    35.3436     2.0188     0.0849          0     32.500 337.457645  1022.1522      0.442     -0.004  0.000e+00
      0.401    29.5100   5.832757    35.3372     2.0180     0.1016          0     32.750 337.457648  1022.1474      0.399     -0.035  0.000e+00
      0.347    29.5087   5.831803    35.3317     2.0112     0.0940          0     33.000 337.457650  1022.1435      0.346     -0.066  0.000e+00
      0.347    29.5079   5.831772    35.3320     2.0054     0.0986          0     33.250 337.457653  1022.1439      0.346     -0.086  0.000e+00
      0.380    29.5068   5.829432    35.3168     2.0123     0.0871          0     33.500 337.457656  1022.1331      0.378     -0.084  0.000e+00
      0.401    29.5067   5.827946    35.3067     1.9970     0.1077          0     33.750 337.457659  1022.1256      0.399     -0.068  0.000e+00
      0.412    29.5070   5.827230    35.3016     2.0028     0.1322          0     34.000 337.457662  1022.1217      0.410     -0.046  0.000e+00
      0.412    29.5081   5.827461    35.3024     1.9974     0.1375          0     34.250 337.457665  1022.1219      0.410     -0.016  0.000e+00
      0.391    29.5085   5.827700    35.3038     1.9930     0.1352          0     34.500 337.457668  1022.1228      0.389      0.000  0.000e+00
      0.412    29.5090   5.827169    35.2998     1.9920     0.1360          0     34.750 337.457671  1022.1197      0.410      0.022  0.000e+00
      0.412    29.5105   5.826938    35.2971     1.9886     0.0246          0     35.000 337.457674  1022.1171      0.410      0.032  0.000e+00
      0.423    29.5121   5.826530    35.2931     1.9862     0.0284          0     35.250 337.457677  1022.1136      0.421      0.027  0.000e+00
      0.412    29.5135   5.826153    35.2895     2.0023     0.0246          0     35.500 337.457679  1022.1105      0.410      0.013  0.000e+00
      0.380    29.5145   5.826276    35.2896     2.0166     0.0345          0     35.750 337.457682  1022.1101      0.378     -0.003  0.000e+00
      0.272    29.5154   5.827269    35.2958     2.0073     0.0887          0     36.000 337.457685  1022.1139      0.270     -0.040  0.000e+00
      0.110    29.5160   5.826907    35.2929     2.0087     0.0810          0     36.250 337.457688  1022.1109      0.109     -0.109  0.000e+00
      0.034    29.5167   5.827761    35.2982     2.0107     0.0765          0     36.500 337.457691  1022.1143      0.034     -0.177  0.000e+00
     -0.118    29.5170   5.827530    35.2965     2.0100     0.0871          0     36.750 337.457694  1022.1122     -0.117     -0.268  0.000e+00
     -0.280    29.5171   5.827160    35.2939     2.0129     0.0566          0     37.000 337.457697  1022.1096     -0.278     -0.361  0.000e+00
     -0.420    29.5170   5.827561    35.2968     2.0174     0.0604          0     37.250 337.457700  1022.1112     -0.418     -0.445  0.000e+00
     -0.528    29.5169   5.827068    35.2935     2.0063     0.0612          0     37.500 337.457703  1022.1083     -0.525     -0.499  0.000e+00
     -0.636    29.5167   5.826529    35.2900     1.9805     0.0559          0     37.750 337.457705  1022.1053     -0.633     -0.523  0.000e+00
     -0.647    29.5173   5.826375    35.2885     1.9683     0.0612          0     38.000 337.457708  1022.1039     -0.644     -0.489  0.000e+00
     -0.669    29.5175   5.826183    35.2870     1.9630     0.0841          0     38.250 337.457711  1022.1026     -0.665     -0.430  0.000e+00
     -0.658    29.5173   5.825991    35.2859     1.9557     0.0856          0     38.500 337.457714  1022.1019     -0.654     -0.358  0.000e+00
     -0.647    29.5171   5.826021    35.2862     1.9565     0.0826          0     38.750 337.457717  1022.1023     -0.644     -0.258  0.000e+00
     -0.604    29.5170   5.826083    35.2867     1.9532     0.0955          0     39.000 337.457720  1022.1028     -0.601     -0.151  0.000e+00
     -0.615    29.5170   5.826114    35.2869     1.9674     0.0589          0     39.250 337.457723  1022.1029     -0.611     -0.069  0.000e+00
     -0.723    29.5174   5.826906    35.2921     1.9684     0.0574          0     39.500 337.457726  1022.1062     -0.719     -0.040  0.000e+00
     -0.885    29.5167   5.827283    35.2952     1.9791     0.0582          0     39.750 337.457729  1022.1081     -0.880     -0.071  0.000e+00
     -1.036    29.5166   5.828184    35.3015     1.9792     0.0658          0     40.000 337.457731  1022.1122     -1.031     -0.154  0.000e+00
     -1.101    29.5169   5.828391    35.3027     1.9837     0.6571          0     40.250 337.457734  1022.1127     -1.095     -0.231  0.000e+00
     -1.209    29.5153   5.828545    35.3050     1.9770     0.6601          0     40.500 337.457737  1022.1145     -1.203     -0.314  0.000e+00
     -1.339    29.5147   5.829138    35.3095     1.9841     0.6624          0     40.750 337.457740  1022.1176     -1.332     -0.391  0.000e+00
     -1.339    29.5146   5.827506    35.2985     1.9863     0.6525          0     41.000 337.457743  1022.1093     -1.332     -0.420  0.000e+00
     -1.372    29.5152   5.072714    30.2034     2.0460    48.6864          0     41.250 337.457746  1018.2912     -1.364     -0.397  0.000e+00
     -1.350    29.5144   3.145737    17.7782     2.2007    48.6826          0     41.500 337.457749  1009.0218     -1.343     -0.321  0.000e+00
     -1.328    29.5106   0.850810     4.3024     2.3686    48.6757          0     41.750 337.457752   999.0025     -1.321     -0.226  0.000e+00
     -1.339    29.5072   0.839195     4.2397     2.3834    48.6795          0     42.000 337.457755   998.9568     -1.332     -0.147  0.000e+00
     -1.328    29.5054   1.218880     6.3343     2.3559    48.6787          0     42.250 337.457758  1000.5160     -1.321     -0.086  0.000e+00
     -1.339    29.5085   1.326914     6.9421     2.3815    48.6703          0     42.500 337.457760  1000.9670     -1.332     -0.030  0.000e+00
     -1.350    29.5122   1.024498     5.2524     2.4039    48.6749          0     42.750 337.457763   999.7090     -1.343      0.004  0.000e+00
     -1.328    29.5117   1.965365    10.6275     2.3561    48.6787          0     43.000 337.457766  1003.7055     -1.321      0.009  0.000e+00
     -1.361    29.5114   1.165537     6.0351     2.4199    48.6795          0     43.250 337.457769  1000.2915     -1.353      0.004  0.000e+00
