ctd_mafia/cnv/SBE19plus_01906740_2018_12_07_0107.cnv
* Sea-Bird SBE19plus  Data File:
* FileName = C:\Users\all user\Desktop\Patroba _ WWF Mapping Mafia\SBE19plus_01906740_2018_12_07_0107.hex
* Software version 2.6.3.104
* Temperature SN = 6740
* Conductivity SN = 6740
* System UpLoad Time = Dec 07 2018 14:37:22
* <ApplicationData>
* <Seaterm232>
# nquan = 13
# nvalues = 380                                   
# units = specified
# name 0 = prdM: Pressure, Strain Gauge [db]
# name 1 = tv290C: Temperature [ITS-90, deg C]
# name 2 = c0S/m: Conductivity [S/m]
# name 3 = sal00: Salinity, Practical [PSU]
# name 4 = sbeox0ML/L: Oxygen, SBE 43 [ml/l]
# name 5 = flECO-AFL: Fluorescence, WET Labs ECO-AFL/FL [mg/m^3]
# name 6 = nbf: Bottles Fired
# name 7 = timeS: Time, Elapsed [seconds]
# name 8 = timeJ: Julian Days
# name 9 = density00: Density [density, kg/m^3]
# name 10 = depSM: Depth [salt water, m], lat = 0.00
# name 11 = dz/dtM: Descent Rate [m/s]
# name 12 = flag:  0.000e+00
# span 0 =     -1.384,      2.670                 
# span 1 =    27.3691,    28.5151                 
# span 2 =   0.196718,   5.725747                 
# span 3 =     0.9508,    35.4033                 
# span 4 =     1.8308,     3.6753                 
# span 5 =    -0.1730,     0.5892                 
# span 6 =          0,          0                 
# span 7 =      0.000,     94.750                 
# span 8 = 338.447083, 338.448180                 
# span 9 =   997.1229,  1022.5530                 
# span 10 =     -1.377,      2.655                
# span 11 =     -0.886,      0.265                
# span 12 = 0.0000e+00, 0.0000e+00                
# interval = seconds: 0.25
# start_time = Dec 04 2018 10:43:48 [Instrument's time stamp, header]
# bad_flag = -9.990e-29
*END*
[from data line 334]
     -1.373    28.5100   0.997349     5.2087     2.6884     0.5838          0     83.500 338.448050   999.9765     -1.366     -0.283  0.000e+00
     -1.373    28.5026   1.066101     5.5969     2.6855     0.5808          0     83.750 338.448053  1000.2680     -1.366     -0.206  0.000e+00
     -1.373    28.4935   1.012255     5.2943     2.8916    -0.1631          0     84.000 338.448056  1000.0452     -1.366     -0.133  0.000e+00
     -1.363    28.4836   1.055702     5.5403     3.0661    -0.1730          0     84.250 338.448058  1000.2315     -1.355     -0.052  0.000e+00
     -1.373    28.4741   1.109126     5.8440     3.1880    -0.1646          0     84.500 338.448061  1000.4605     -1.366     -0.009  0.000e+00
     -1.373    28.4639   0.828979     4.2747     3.2251    -0.1700          0     84.750 338.448064   999.2938     -1.366      0.003  0.000e+00
     -1.384    28.4511   0.984083     5.1405     3.1735    -0.0242          0     85.000 338.448067   999.9430     -1.377      0.000  0.000e+00
     -1.352    28.4393   0.942620     4.9093     3.1719    -0.0189          0     85.250 338.448070   999.7742     -1.344      0.007  0.000e+00
     -1.363    28.4298   1.115040     5.8830     3.1259    -0.0166          0     85.500 338.448073  1000.5027     -1.355      0.005  0.000e+00
     -1.363    28.4243   0.882021     4.5726     3.0592    -0.0128          0     85.750 338.448076   999.5275     -1.355      0.006  0.000e+00
     -1.352    28.4202   0.881323     4.5691     3.0019    -0.0273          0     86.000 338.448079   999.5262     -1.344      0.009  0.000e+00
     -1.362    28.4164   0.795020     4.0913     2.9560    -0.0258          0     86.250 338.448082   999.1710     -1.355      0.007  0.000e+00
     -1.373    28.4124   0.839872     4.3396     2.9023    -0.0204          0     86.500 338.448084   999.3573     -1.366      0.006  0.000e+00
     -1.352    28.4096   1.464127     7.8980     2.9358    -0.0319          0     86.750 338.448087  1002.0097     -1.344      0.007  0.000e+00
     -1.362    28.4067   0.978655     5.1147     3.2572    -0.0227          0     87.000 338.448090   999.9369     -1.355      0.004  0.000e+00
     -1.362    28.3987   0.889450     4.6164     3.4541    -0.0204          0     87.250 338.448093   999.5677     -1.355     -0.003  0.000e+00
     -1.373    28.3820   0.924956     4.8162     3.5889    -0.0349          0     87.500 338.448096   999.7216     -1.366     -0.004  0.000e+00
     -1.362    28.3648   0.877756     4.5544     3.6753    -0.0296          0     87.750 338.448099   999.5315     -1.355     -0.004  0.000e+00
     -1.373    28.3527   2.397410    13.5189     3.3774    -0.0151          0     88.000 338.448102  1006.2123     -1.366     -0.006  0.000e+00
     -1.373    28.3477   5.474795    33.7159     2.9005     0.0063          0     88.250 338.448105  1021.3099     -1.366     -0.005  0.000e+00
     -1.373    28.3608   5.344488    32.8062     2.7904     0.0116          0     88.500 338.448108  1020.6225     -1.366     -0.006  0.000e+00
     -1.384    28.3927   5.662774    34.9888     2.6316     0.0032          0     88.750 338.448111  1022.2514     -1.377     -0.012  0.000e+00
     -1.373    28.4106   5.457898    33.5544     2.5213     0.0063          0     89.000 338.448113  1021.1679     -1.366     -0.008  0.000e+00
     -1.373    28.4168   1.976178    10.9352     2.7308    -0.0212          0     89.250 338.448116  1004.2689     -1.366     -0.006  0.000e+00
     -1.352    28.4184   1.289650     6.8842     2.6918    -0.0189          0     89.500 338.448119  1001.2520     -1.344      0.003  0.000e+00
     -1.362    28.4184   1.049968     5.5154     2.6784    -0.0227          0     89.750 338.448122  1000.2321     -1.355      0.004  0.000e+00
     -1.362    28.4177   0.743315     3.8069     2.7014    -0.0296          0     90.000 338.448125   998.9584     -1.355      0.009  0.000e+00
     -1.363    28.4165   0.645848     3.2757     2.6951    -0.0250          0     90.250 338.448128   998.5624     -1.355      0.009  0.000e+00
     -1.373    28.4149   0.557070     2.7977     2.6748    -0.0296          0     90.500 338.448131   998.2058     -1.366      0.006  0.000e+00
     -1.363    28.4139   0.501827     2.5033     2.6653    -0.0326          0     90.750 338.448134   997.9862     -1.355      0.006  0.000e+00
     -1.373    28.4130   0.444786     2.2020     2.6602    -0.0242          0     91.000 338.448137   997.7613     -1.366     -0.001  0.000e+00
     -1.352    28.4122   0.404209     1.9894     2.6653    -0.0120          0     91.250 338.448139   997.6027     -1.344      0.001  0.000e+00
     -1.384    28.4116   0.436842     2.1603     2.6725    -0.0067          0     91.500 338.448142   997.7305     -1.377     -0.008  0.000e+00
     -1.373    28.4108   0.523760     2.6201     2.6616    -0.0128          0     91.750 338.448145   998.0744     -1.366     -0.006  0.000e+00
     -1.363    28.4096   0.532713     2.6679     2.6592    -0.0044          0     92.000 338.448148   998.1104     -1.355     -0.003  0.000e+00
     -1.373    28.4089   0.485304     2.4160     2.6503     0.0040          0     92.250 338.448151   997.9224     -1.366     -0.003  0.000e+00
     -1.352    28.4077   0.429607     2.1225     2.6583    -0.0387          0     92.500 338.448154   997.7035     -1.344      0.004  0.000e+00
     -1.363    28.4066   0.465495     2.3114     2.6524    -0.0357          0     92.750 338.448157   997.8450     -1.355      0.003  0.000e+00
     -1.373    28.4052   0.538643     2.6998     2.6482    -0.0426          0     93.000 338.448160   998.1355     -1.366      0.002  0.000e+00
     -1.352    28.4038   0.501105     2.5000     2.6459    -0.0342          0     93.250 338.448163   997.9868     -1.344      0.004  0.000e+00
     -1.363    28.4024   0.470581     2.3384     2.6429    -0.0227          0     93.500 338.448166   997.8664     -1.355      0.009  0.000e+00
     -1.363    28.4010   0.454534     2.2538     2.6477    -0.0319          0     93.750 338.448168   997.8036     -1.355      0.004  0.000e+00
     -1.373    28.3998   0.427377     2.1111     2.6470    -0.0311          0     94.000 338.448171   997.6972     -1.366     -0.001  0.000e+00
     -1.384    28.3984   0.398738     1.9614     2.6476    -0.0273          0     94.250 338.448174   997.5856     -1.377     -0.007  0.000e+00
     -1.384    28.3971   0.378277     1.8549     2.6467    -0.0830          0     94.500 338.448177   997.5064     -1.377     -0.014  0.000e+00
     -1.373    28.3958   0.358283     1.7513     2.6446    -0.0883          0     94.750 338.448180   997.4293     -1.366     -0.010  0.000e+00
