ctd_mafia/cnv/SBE19plus_01906740_2018_12_07_0096.cnv
* Sea-Bird SBE19plus  Data File:
* FileName = C:\Users\all user\Desktop\Patroba _ WWF Mapping Mafia\SBE19plus_01906740_2018_12_07_0096.hex
* Software version 2.6.3.104
* Temperature SN = 6740
* Conductivity SN = 6740
* System UpLoad Time = Dec 07 2018 14:34:29
* <ApplicationData>
* <Seaterm232>
# nquan = 13
# nvalues = 462                                   
# units = specified
# name 0 = prdM: Pressure, Strain Gauge [db]
# name 1 = tv290C: Temperature [ITS-90, deg C]
# name 2 = c0S/m: Conductivity [S/m]
# name 3 = sal00: Salinity, Practical [PSU]
# name 4 = sbeox0ML/L: Oxygen, SBE 43 [ml/l]
# name 5 = flECO-AFL: Fluorescence, WET Labs ECO-AFL/FL [mg/m^3]
# name 6 = nbf: Bottles Fired
# name 7 = timeS: Time, Elapsed [seconds]
# name 8 = timeJ: Julian Days
# name 9 = density00: Density [density, kg/m^3]
# name 10 = depSM: Depth [salt water, m], lat = 0.00
# name 11 = dz/dtM: Descent Rate [m/s]
# name 12 = flag:  0.000e+00
# span 0 =     -1.372,      4.163                 
# span 1 =    27.6852,    28.6022                 
# span 2 =   0.367425,   5.707481                 
# span 3 =     1.8093,    35.2908                 
# span 4 =     1.4553,     2.7635                 
# span 5 =    -0.4332,     0.2924                 
# span 6 =          0,          0                 
# span 7 =      0.000,    115.250                 
# span 8 = 338.368125, 338.369459                 
# span 9 =   997.5569,  1022.5460                 
# span 10 =     -1.365,      4.140                
# span 11 =     -0.832,      0.297                
# span 12 = 0.0000e+00, 0.0000e+00                
# interval = seconds: 0.25
# start_time = Dec 04 2018 08:50:06 [Instrument's time stamp, header]
# bad_flag = -9.990e-29
*END*
     -1.331    27.6852   0.379095     1.8867     2.6545     0.2909          0      0.000 338.368125   997.7346     -1.323      0.000  0.000e+00
     -1.255    27.8222   0.408576     2.0368     2.6428     0.2924          0      0.250 338.368128   997.8084     -1.248      0.020  0.000e+00
     -1.201    28.1070   0.367425     1.8093     2.7635     0.2909          0      0.500 338.368131   997.5569     -1.194      0.050  0.000e+00
     -1.104    28.3142   2.481357    14.0487     2.6340     0.2909          0      0.750 338.368134  1006.6198     -1.097      0.097  0.000e+00
     -0.985    28.4461   1.861330    10.2394     2.7002     0.0688          0      1.000 338.368137  1003.7437     -0.979      0.160  0.000e+00
     -0.920    28.5242   3.079454    17.7258     2.5655     0.0688          0      1.250 338.368139  1009.2959     -0.915      0.218  0.000e+00
     -0.877    28.5624   3.078434    17.7052     2.5329     0.0719          0      1.500 338.368142  1009.2689     -0.872      0.260  0.000e+00
     -0.812    28.5809   3.189533    18.4026     2.4838     0.0742          0      1.750 338.368145  1009.7832     -0.807      0.288  0.000e+00
     -0.758    28.5938   4.775127    28.7758     2.3017    -0.1463          0      2.000 338.368148  1017.5278     -0.753      0.297  0.000e+00
     -0.714    28.5993   5.566103    34.1674     2.1925    -0.1494          0      2.250 338.368151  1021.5690     -0.710      0.279  0.000e+00
     -0.671    28.6006   5.036589    30.5393     2.1925    -0.1517          0      2.500 338.368154  1018.8470     -0.667      0.257  0.000e+00
     -0.671    28.6022   5.633804    34.6337     2.1317    -0.1532          0      2.750 338.368157  1021.9184     -0.667      0.213  0.000e+00
     -0.638    28.6018   5.697797    35.0775     2.1389     0.0521          0      3.000 338.368160  1022.2521     -0.635      0.176  0.000e+00
     -0.606    28.5971   5.703446    35.1202     2.1463     0.0459          0      3.250 338.368163  1022.2858     -0.603      0.156  0.000e+00
     -0.584    28.5805   5.707481    35.1605     2.1540     0.0490          0      3.500 338.368166  1022.3217     -0.581      0.138  0.000e+00
     -0.563    28.5437   5.705559    35.1744     2.1651     0.0444          0      3.750 338.368168  1022.3445     -0.560      0.118  0.000e+00
     -0.498    28.5069   5.701473    35.1733     2.1725     0.0498          0      4.000 338.368171  1022.3561     -0.495      0.115  0.000e+00
     -0.444    28.4711   5.697975    35.1755     2.1749     0.0101          0      4.250 338.368174  1022.3698     -0.441      0.125  0.000e+00
     -0.390    28.4370   5.695568    35.1840     2.1777     0.0086          0      4.500 338.368177  1022.3877     -0.387      0.142  0.000e+00
     -0.379    28.4057   5.693625    35.1938     2.1808     0.0208          0      4.750 338.368180  1022.4054     -0.377      0.155  0.000e+00
     -0.346    28.3808   5.692094    35.2016     2.1871     0.0147          0      5.000 338.368183  1022.4197     -0.344      0.157  0.000e+00
     -0.346    28.3602   5.690823    35.2080     2.1919     0.0391          0      5.250 338.368186  1022.4313     -0.344      0.149  0.000e+00
     -0.314    28.3437   5.689924    35.2140     2.1985     0.0315          0      5.500 338.368189  1022.4414     -0.312      0.140  0.000e+00
     -0.303    28.3313   5.689803    35.2224     2.2037     0.0376          0      5.750 338.368192  1022.4519     -0.301      0.122  0.000e+00
     -0.324    28.3214   5.689163    35.2254     2.2067     0.0360          0      6.000 338.368194  1022.4572     -0.323      0.087  0.000e+00
     -0.314    28.3138   5.688813    35.2285     2.2155     0.0444          0      6.250 338.368197  1022.4621     -0.312      0.060  0.000e+00
     -0.324    28.3081   5.688592    35.2312     2.2198     0.0452          0      6.500 338.368200  1022.4660     -0.323      0.036  0.000e+00
     -0.314    28.3038   5.688371    35.2329     2.2181     0.0490          0      6.750 338.368203  1022.4687     -0.312      0.025  0.000e+00
     -0.314    28.3003   5.688303    35.2350     2.2191     0.0482          0      7.000 338.368206  1022.4715     -0.312      0.013  0.000e+00
     -0.335    28.2971   5.687633    35.2328     2.2196     0.0444          0      7.250 338.368209  1022.4708     -0.333      0.001  0.000e+00
     -0.314    28.2945   5.687602    35.2345     2.2230     0.0521          0      7.500 338.368212  1022.4730     -0.312     -0.005  0.000e+00
     -0.303    28.2928   5.687732    35.2367     2.2236     0.0421          0      7.750 338.368215  1022.4752     -0.301     -0.000  0.000e+00
     -0.314    28.2913   5.687671    35.2373     2.2244     0.0475          0      8.000 338.368218  1022.4762     -0.312      0.005  0.000e+00
     -0.270    28.2891   5.687442    35.2374     2.2250     0.0437          0      8.250 338.368220  1022.4772     -0.269      0.015  0.000e+00
     -0.249    28.2862   5.687161    35.2376     2.2273     0.0238          0      8.500 338.368223  1022.4783     -0.247      0.031  0.000e+00
     -0.238    28.2837   5.686841    35.2372     2.2338     0.0253          0      8.750 338.368226  1022.4789     -0.237      0.042  0.000e+00
     -0.249    28.2802   5.686871    35.2400     2.2301     0.0154          0      9.000 338.368229  1022.4821     -0.247      0.048  0.000e+00
     -0.249    28.2758   5.686331    35.2395     2.2744     0.0246          0      9.250 338.368232  1022.4832     -0.247      0.049  0.000e+00
     -0.260    28.2713   5.685630    35.2380     2.3106     0.0162          0      9.500 338.368235  1022.4835     -0.258      0.036  0.000e+00
     -0.249    28.2672   5.685120    35.2375     2.3055     0.0116          0      9.750 338.368238  1022.4845     -0.247      0.028  0.000e+00
     -0.249    28.2630   5.684679    35.2375     2.2971     0.0124          0     10.000 338.368241  1022.4859     -0.247      0.019  0.000e+00
     -0.238    28.2598   5.684389    35.2379     2.2787     0.0109          0     10.250 338.368244  1022.4873     -0.237      0.007  0.000e+00
     -0.249    28.2576   5.684100    35.2375     2.2614     0.0673          0     10.500 338.368247  1022.4877     -0.247      0.000  0.000e+00
     -0.238    28.2567   5.683879    35.2367     2.2401     0.0612          0     10.750 338.368249  1022.4874     -0.236      0.002  0.000e+00
     -0.216    28.2571   5.683887    35.2364     2.2181     0.0673          0     11.000 338.368252  1022.4872     -0.215      0.013  0.000e+00
     -0.227    28.2583   5.684009    35.2363     2.1895     0.0635          0     11.250 338.368255  1022.4866     -0.226      0.016  0.000e+00
     -0.227    28.2604   5.684100    35.2354     2.1695     0.0429          0     11.500 338.368258  1022.4853     -0.226      0.017  0.000e+00
     -0.227    28.2629   5.684260    35.2346     2.1619     0.0353          0     11.750 338.368261  1022.4839     -0.226      0.014  0.000e+00
     -0.216    28.2655   5.684420    35.2339     2.1460     0.0353          0     12.000 338.368264  1022.4825     -0.215      0.015  0.000e+00
     -0.238    28.2674   5.684580    35.2335     2.1336     0.0398          0     12.250 338.368267  1022.4815     -0.236      0.007  0.000e+00
     -0.227    28.2690   5.684869    35.2344     2.1208     0.0276          0     12.500 338.368270  1022.4817     -0.226      0.006  0.000e+00
     -0.227    28.2703   5.684838    35.2332     2.1069     0.0215          0     12.750 338.368273  1022.4804     -0.226      0.000  0.000e+00
     -0.238    28.2715   5.684800    35.2320     2.0926     0.0246          0     13.000 338.368275  1022.4790     -0.236     -0.006  0.000e+00
     -0.238    28.2725   5.684709    35.2306     2.0828     0.0215          0     13.250 338.368278  1022.4777     -0.236     -0.006  0.000e+00
     -0.227    28.2732   5.684587    35.2293     2.0723     0.0215          0     13.500 338.368281  1022.4765     -0.226     -0.004  0.000e+00
     -0.238    28.2737   5.684420    35.2277     2.0599     0.0315          0     13.750 338.368284  1022.4751     -0.236     -0.006  0.000e+00
     -0.227    28.2741   5.684199    35.2259     2.0491     0.0253          0     14.000 338.368287  1022.4736     -0.226     -0.004  0.000e+00
     -0.227    28.2745   5.683978    35.2241     2.0381     0.0215          0     14.250 338.368290  1022.4721     -0.226      0.002  0.000e+00
     -0.238    28.2749   5.683719    35.2220     2.0311     0.0284          0     14.500 338.368293  1022.4704     -0.236     -0.001  0.000e+00
     -0.227    28.2746   5.683559    35.2211     2.0204     0.0307          0     14.750 338.368296  1022.4698     -0.226      0.001  0.000e+00
     -0.227    28.2743   5.683559    35.2213     2.0091     0.0284          0     15.000 338.368299  1022.4701     -0.226      0.004  0.000e+00
     -0.227    28.2741   5.683658    35.2221     2.0026     0.0238          0     15.250 338.368302  1022.4708     -0.226      0.004  0.000e+00
     -0.216    28.2739   5.683788    35.2232     1.9922     0.0223          0     15.500 338.368304  1022.4717     -0.215      0.005  0.000e+00
     -0.227    28.2730   5.683948    35.2250     1.9838     0.0398          0     15.750 338.368307  1022.4733     -0.226      0.006  0.000e+00
     -0.227    28.2715   5.684161    35.2275     1.9736     0.0383          0     16.000 338.368310  1022.4757     -0.226      0.003  0.000e+00
     -0.227    28.2696   5.684328    35.2302     1.9642     0.0406          0     16.250 338.368313  1022.4783     -0.226      0.003  0.000e+00
     -0.238    28.2681   5.684328    35.2313     1.9587     0.0345          0     16.500 338.368316  1022.4796     -0.236      0.000  0.000e+00
     -0.216    28.2672   5.684359    35.2321     1.9502     0.0368          0     16.750 338.368319  1022.4806     -0.215      0.000  0.000e+00
     -0.216    28.2668   5.684260    35.2317     1.9427     0.0383          0     17.000 338.368322  1022.4804     -0.215      0.002  0.000e+00
     -0.227    28.2667   5.684199    35.2314     1.9387     0.0391          0     17.250 338.368325  1022.4802     -0.226      0.001  0.000e+00
     -0.216    28.2673   5.684229    35.2312     1.9307     0.0444          0     17.500 338.368328  1022.4798     -0.215      0.002  0.000e+00
     -0.216    28.2683   5.684260    35.2306     1.9201     0.0459          0     17.750 338.368330  1022.4791     -0.215      0.006  0.000e+00
     -0.216    28.2695   5.684328    35.2302     1.9162     0.0376          0     18.000 338.368333  1022.4784     -0.215      0.007  0.000e+00
     -0.205    28.2703   5.684374    35.2300     1.9086     0.0322          0     18.250 338.368336  1022.4780     -0.204      0.010  0.000e+00
     -0.205    28.2709   5.684420    35.2299     1.8982     0.0376          0     18.500 338.368339  1022.4777     -0.204      0.012  0.000e+00
     -0.227    28.2710   5.684519    35.2305     1.8948     0.0337          0     18.750 338.368342  1022.4781     -0.226      0.002  0.000e+00
     -0.216    28.2710   5.684580    35.2309     1.8856     0.0223          0     19.000 338.368345  1022.4785     -0.215      0.002  0.000e+00
     -0.227    28.2705   5.684679    35.2320     1.8854     0.0238          0     19.250 338.368348  1022.4794     -0.226     -0.001  0.000e+00
     -0.216    28.2700   5.684739    35.2327     1.8772     0.0231          0     19.500 338.368351  1022.4802     -0.215     -0.004  0.000e+00
     -0.205    28.2693   5.684740    35.2333     1.8745     0.0231          0     19.750 338.368354  1022.4808     -0.204     -0.001  0.000e+00
     -0.194    28.2684   5.684709    35.2337     1.8670     0.0597          0     20.000 338.368356  1022.4815     -0.193      0.004  0.000e+00
     -0.205    28.2681   5.684610    35.2332     1.8630     0.0559          0     20.250 338.368359  1022.4812     -0.204      0.005  0.000e+00
     -0.227    28.2672   5.684549    35.2335     1.8580     0.0597          0     20.500 338.368362  1022.4816     -0.226      0.003  0.000e+00
     -0.205    28.2664   5.684435    35.2333     1.8558     0.0620          0     20.750 338.368365  1022.4818     -0.204      0.008  0.000e+00
     -0.216    28.2655   5.684450    35.2341     1.8487     0.0589          0     21.000 338.368368  1022.4827     -0.215      0.003  0.000e+00
     -0.238    28.2644   5.684549    35.2356     1.8452     0.0093          0     21.250 338.368371  1022.4840     -0.236     -0.005  0.000e+00
     -0.238    28.2634   5.684519    35.2361     1.8420     0.0215          0     21.500 338.368374  1022.4848     -0.236     -0.015  0.000e+00
     -0.194    28.2627   5.684420    35.2359     1.8380     0.0116          0     21.750 338.368377  1022.4850     -0.193     -0.009  0.000e+00
     -0.216    28.2620   5.684298    35.2356     1.8321     0.0101          0     22.000 338.368380  1022.4850     -0.215     -0.007  0.000e+00
     -0.183    28.2617   5.684039    35.2340     1.8300     0.0315          0     22.250 338.368383  1022.4840     -0.182      0.008  0.000e+00
     -0.205    28.2614   5.683910    35.2334     1.8251     0.0391          0     22.500 338.368385  1022.4835     -0.204      0.013  0.000e+00
     -0.216    28.2609   5.683849    35.2333     1.8208     0.0345          0     22.750 338.368388  1022.4836     -0.215      0.008  0.000e+00
     -0.227    28.2608   5.684009    35.2345     1.8181     0.0368          0     23.000 338.368391  1022.4845     -0.225      0.006  0.000e+00
     -0.216    28.2606   5.684161    35.2357     1.8156    -0.0250          0     23.250 338.368394  1022.4855     -0.215      0.006  0.000e+00
     -0.205    28.2603   5.684199    35.2362     1.8079    -0.0220          0     23.500 338.368397  1022.4860     -0.204      0.001  0.000e+00
     -0.194    28.2601   5.684070    35.2354     1.8062    -0.0296          0     23.750 338.368400  1022.4855     -0.193     -0.004  0.000e+00
     -0.184    28.2600   5.683088    35.2286     1.7987    -0.0242          0     24.000 338.368403  1022.4805     -0.183      0.006  0.000e+00
     -0.194    28.2601   5.681398    35.2168     1.7937     0.0459          0     24.250 338.368406  1022.4715     -0.193      0.006  0.000e+00
     -0.205    28.2604   5.680157    35.2079     1.7898     0.0376          0     24.500 338.368409  1022.4647     -0.204      0.011  0.000e+00
     -0.205    28.2609   5.679875    35.2055     1.7860     0.0467          0     24.750 338.368411  1022.4628     -0.204      0.011  0.000e+00
     -0.205    28.2610   5.681398    35.2161     1.7828     0.0505          0     25.000 338.368414  1022.4707     -0.204      0.008  0.000e+00
     -0.184    28.2609   5.682037    35.2206     1.7788     0.0490          0     25.250 338.368417  1022.4742     -0.183      0.006  0.000e+00
     -0.194    28.2601   5.681938    35.2205     1.7754     0.0330          0     25.500 338.368420  1022.4743     -0.193      0.001  0.000e+00
     -0.184    28.2599   5.681314    35.2163     1.7738     0.0391          0     25.750 338.368423  1022.4713     -0.183      0.002  0.000e+00
     -0.184    28.2600   5.680256    35.2088     1.7699     0.0307          0     26.000 338.368426  1022.4656     -0.183      0.005  0.000e+00
     -0.205    28.2604   5.679084    35.2004     1.7634     0.0360          0     26.250 338.368429  1022.4590     -0.204      0.005  0.000e+00
     -0.194    28.2606   5.678543    35.1964     1.7622     0.0704          0     26.500 338.368432  1022.4561     -0.193      0.006  0.000e+00
     -0.205    28.2611   5.678384    35.1950     1.7575     0.0757          0     26.750 338.368435  1022.4547     -0.204     -0.000  0.000e+00
     -0.205    28.2614   5.678125    35.1929     1.7565     0.0887          0     27.000 338.368438  1022.4531     -0.204     -0.006  0.000e+00
     -0.194    28.2615   5.677904    35.1913     1.7523     0.0734          0     27.250 338.368440  1022.4519     -0.193     -0.009  0.000e+00
     -0.205    28.2618   5.677615    35.1891     1.7465     0.0070          0     27.500 338.368443  1022.4501     -0.204     -0.008  0.000e+00
