ctd_mafia/cnv/SBE19plus_01906740_2018_12_07_0076.cnv
* Sea-Bird SBE19plus  Data File:
* FileName = C:\Users\all user\Desktop\Patroba _ WWF Mapping Mafia\SBE19plus_01906740_2018_12_07_0076.hex
* Software version 2.6.3.104
* Temperature SN = 6740
* Conductivity SN = 6740
* System UpLoad Time = Dec 07 2018 14:30:18
* <ApplicationData>
* <Seaterm232>
# nquan = 13
# nvalues = 728                                   
# units = specified
# name 0 = prdM: Pressure, Strain Gauge [db]
# name 1 = tv290C: Temperature [ITS-90, deg C]
# name 2 = c0S/m: Conductivity [S/m]
# name 3 = sal00: Salinity, Practical [PSU]
# name 4 = sbeox0ML/L: Oxygen, SBE 43 [ml/l]
# name 5 = flECO-AFL: Fluorescence, WET Labs ECO-AFL/FL [mg/m^3]
# name 6 = nbf: Bottles Fired
# name 7 = timeS: Time, Elapsed [seconds]
# name 8 = timeJ: Julian Days
# name 9 = density00: Density [density, kg/m^3]
# name 10 = depSM: Depth [salt water, m], lat = 0.00
# name 11 = dz/dtM: Descent Rate [m/s]
# name 12 = flag:  0.000e+00
# span 0 =     -1.396,     12.541                 
# span 1 =    28.8591,    29.0755                 
# span 2 =   0.146164,   5.765152                 
# span 3 =     0.6737,    35.2638                 
# span 4 =     2.0526,     4.4753                 
# span 5 =    -0.4042,    48.6864                 
# span 6 =          0,          0                 
# span 7 =      0.000,    181.750                 
# span 8 = 337.346701, 337.348805                 
# span 9 =   996.4377,  1022.3222                 
# span 10 =     -1.388,     12.472                
# span 11 =     -1.035,      0.333                
# span 12 = 0.0000e+00, 0.0000e+00                
# interval = seconds: 0.25
# start_time = Dec 03 2018 08:19:15 [Instrument's time stamp, header]
# bad_flag = -9.990e-29
*END*
[from data line 112]
     -0.336    28.9686   5.760642    35.2412     2.2129     0.0147          0     28.000 337.347025  1022.2543     -0.334      0.030  0.000e+00
     -0.336    28.9683   5.761063    35.2443     2.2105     0.0246          0     28.250 337.347028  1022.2567     -0.334     -0.001  0.000e+00
     -0.303    28.9675   5.761308    35.2466     2.2018     0.0078          0     28.500 337.347031  1022.2588     -0.301     -0.027  0.000e+00
     -0.238    28.9671   5.761393    35.2475     2.2027     0.0147          0     28.750 337.347034  1022.2599     -0.237     -0.032  0.000e+00
     -0.227    28.9671   5.761132    35.2457     2.2028     0.0063          0     29.000 337.347037  1022.2586     -0.226     -0.025  0.000e+00
     -0.271    28.9671   5.760811    35.2435     2.1987     0.0086          0     29.250 337.347040  1022.2567     -0.269     -0.014  0.000e+00
     -0.281    28.9673   5.760872    35.2437     2.1935     0.0116          0     29.500 337.347043  1022.2568     -0.280      0.010  0.000e+00
     -0.249    28.9676   5.761324    35.2466     2.2042     0.0566          0     29.750 337.347046  1022.2590     -0.248      0.039  0.000e+00
     -0.227    28.9681   5.761515    35.2476     2.1947     0.0574          0     30.000 337.347049  1022.2597     -0.226      0.047  0.000e+00
     -0.195    28.9683   5.761247    35.2456     2.1947     0.0574          0     30.250 337.347052  1022.2582     -0.194      0.048  0.000e+00
     -0.195    28.9685   5.760811    35.2424     2.1896     0.0559          0     30.500 337.347054  1022.2558     -0.194      0.039  0.000e+00
     -0.249    28.9686   5.760481    35.2401     2.1862    -0.0204          0     30.750 337.347057  1022.2538     -0.248      0.017  0.000e+00
     -0.303    28.9689   5.760351    35.2390     2.1759    -0.0136          0     31.000 337.347060  1022.2526     -0.301     -0.001  0.000e+00
     -0.335    28.9691   5.760343    35.2388     2.1720    -0.0166          0     31.250 337.347063  1022.2523     -0.334     -0.019  0.000e+00
     -0.346    28.9693   5.760680    35.2410     2.1690    -0.0197          0     31.500 337.347066  1022.2538     -0.344     -0.048  0.000e+00
     -0.303    28.9692   5.761101    35.2439     2.1671    -0.0014          0     31.750 337.347069  1022.2562     -0.301     -0.064  0.000e+00
     -0.206    28.9690   5.761484    35.2467     2.1591    -0.0082          0     32.000 337.347072  1022.2588     -0.205     -0.042  0.000e+00
     -0.162    28.9690   5.761500    35.2468     2.1603     0.0017          0     32.250 337.347075  1022.2591     -0.162     -0.004  0.000e+00
     -0.173    28.9692   5.761193    35.2445     2.1501    -0.0075          0     32.500 337.347078  1022.2572     -0.172      0.038  0.000e+00
     -0.217    28.9690   5.760680    35.2411     2.1543     0.1894          0     32.750 337.347080  1022.2546     -0.215      0.067  0.000e+00
     -0.314    28.9689   5.760389    35.2392     2.1642     0.1901          0     33.000 337.347083  1022.2528     -0.312      0.053  0.000e+00
     -0.357    28.9688   5.760313    35.2388     2.1544     0.1863          0     33.250 337.347086  1022.2523     -0.355      0.014  0.000e+00
     -0.346    28.9690   5.760512    35.2400     2.1513     0.1894          0     33.500 337.347089  1022.2532     -0.344     -0.029  0.000e+00
     -0.303    28.9690   5.760872    35.2425     2.1548     0.2031          0     33.750 337.347092  1022.2552     -0.301     -0.063  0.000e+00
     -0.238    28.9693   5.760971    35.2429     2.1596     0.1383          0     34.000 337.347095  1022.2557     -0.237     -0.069  0.000e+00
     -0.162    28.9694   5.760910    35.2424     2.1574     0.1344          0     34.250 337.347098  1022.2556     -0.162     -0.027  0.000e+00
     -0.141    28.9696   5.760611    35.2402     2.1583     0.1352          0     34.500 337.347101  1022.2540     -0.140      0.033  0.000e+00
     -0.162    28.9693   5.760351    35.2386     2.1486     0.1314          0     34.750 337.347104  1022.2528     -0.162      0.082  0.000e+00
     -0.249    28.9694   5.760129    35.2371     2.1494     0.0185          0     35.000 337.347106  1022.2512     -0.247      0.093  0.000e+00
     -0.357    28.9693   5.759976    35.2361     2.1472     0.0269          0     35.250 337.347109  1022.2501     -0.355      0.045  0.000e+00
     -0.346    28.9693   5.760060    35.2367     2.1428     0.0276          0     35.500 337.347112  1022.2506     -0.344     -0.012  0.000e+00
     -0.335    28.9692   5.760420    35.2392     2.1384     0.0200          0     35.750 337.347115  1022.2526     -0.333     -0.063  0.000e+00
     -0.281    28.9689   5.760711    35.2415     2.1398     0.0574          0     36.000 337.347118  1022.2546     -0.280     -0.086  0.000e+00
     -0.195    28.9692   5.760719    35.2413     2.1335     0.0498          0     36.250 337.347121  1022.2547     -0.194     -0.066  0.000e+00
     -0.173    28.9691   5.760481    35.2397     2.1331     0.0444          0     36.500 337.347124  1022.2536     -0.172     -0.018  0.000e+00
     -0.216    28.9689   5.760190    35.2378     2.1425     0.0467          0     36.750 337.347127  1022.2521     -0.215      0.027  0.000e+00
     -0.281    28.9685   5.759999    35.2368     2.1434     0.0749          0     37.000 337.347130  1022.2512     -0.280      0.052  0.000e+00
     -0.357    28.9684   5.759846    35.2359     2.1425     0.0673          0     37.250 337.347133  1022.2502     -0.355      0.036  0.000e+00
     -0.411    28.9683   5.759899    35.2363     2.1383     0.0772          0     37.500 337.347135  1022.2504     -0.409     -0.023  0.000e+00
     -0.379    28.9681   5.760259    35.2390     2.1395     0.0726          0     37.750 337.347138  1022.2525     -0.376     -0.066  0.000e+00
     -0.281    28.9678   5.760711    35.2423     2.1404     0.0650          0     38.000 337.347141  1022.2556     -0.280     -0.078  0.000e+00
     -0.195    28.9677   5.760971    35.2441     2.1369     0.0643          0     38.250 337.347144  1022.2573     -0.194     -0.052  0.000e+00
     -0.152    28.9676   5.761002    35.2444     2.1431     0.0589          0     38.500 337.347147  1022.2578     -0.151      0.009  0.000e+00
     -0.184    28.9676   5.760841    35.2433     2.1344     0.0498          0     38.750 337.347150  1022.2568     -0.183      0.065  0.000e+00
     -0.281    28.9676   5.760481    35.2408     2.1332     0.0551          0     39.000 337.347153  1022.2545     -0.280      0.081  0.000e+00
     -0.357    28.9676   5.760190    35.2388     2.1337     0.0406          0     39.250 337.347156  1022.2527     -0.355      0.061  0.000e+00
     -0.357    28.9678   5.760290    35.2394     2.1299     0.0345          0     39.500 337.347159  1022.2531     -0.355      0.019  0.000e+00
     -0.314    28.9677   5.760772    35.2428     2.1311     0.0215          0     39.750 337.347161  1022.2558     -0.312     -0.028  0.000e+00
     -0.195    28.9679   5.761132    35.2451     2.1319     0.0337          0     40.000 337.347164  1022.2580     -0.194     -0.040  0.000e+00
     -0.152    28.9675   5.761278    35.2464     2.1263     0.0185          0     40.250 337.347167  1022.2593     -0.151     -0.019  0.000e+00
     -0.173    28.9678   5.761262    35.2460     2.1167     0.0200          0     40.500 337.347170  1022.2588     -0.172      0.015  0.000e+00
     -0.271    28.9680   5.761102    35.2448     2.1141     0.0177          0     40.750 337.347173  1022.2574     -0.269      0.037  0.000e+00
     -0.368    28.9681   5.760711    35.2421     2.1111     0.0292          0     41.000 337.347176  1022.2549     -0.366      0.030  0.000e+00
     -0.400    28.9679   5.760910    35.2436     2.1117     0.0269          0     41.250 337.347179  1022.2560     -0.398     -0.006  0.000e+00
     -0.346    28.9681   5.761484    35.2474     2.1097     0.0376          0     41.500 337.347182  1022.2590     -0.344     -0.045  0.000e+00
     -0.227    28.9683   5.761906    35.2501     2.1023     0.0246          0     41.750 337.347185  1022.2615     -0.226     -0.053  0.000e+00
     -0.162    28.9685   5.761975    35.2504     2.1043     0.0345          0     42.000 337.347188  1022.2620     -0.162     -0.038  0.000e+00
     -0.162    28.9685   5.761967    35.2504     2.1029     0.0376          0     42.250 337.347190  1022.2619     -0.161      0.007  0.000e+00
     -0.162    28.9687   5.761936    35.2500     2.1043     0.0322          0     42.500 337.347193  1022.2616     -0.161      0.063  0.000e+00
     -0.227    28.9687   5.761844    35.2494     2.1091     0.0170          0     42.750 337.347196  1022.2608     -0.226      0.097  0.000e+00
     -0.238    28.9687   5.761714    35.2485     2.1088     0.0231          0     43.000 337.347199  1022.2601     -0.237      0.098  0.000e+00
     -0.260    28.9686   5.761653    35.2482     2.1061     0.0170          0     43.250 337.347202  1022.2598     -0.258      0.059  0.000e+00
     -0.292    28.9684   5.761553    35.2476     2.1092     0.0139          0     43.500 337.347205  1022.2593     -0.291     -0.006  0.000e+00
     -0.281    28.9685   5.761454    35.2469     2.1081     0.0139          0     43.750 337.347208  1022.2588     -0.280     -0.058  0.000e+00
     -0.292    28.9685   5.761370    35.2463     2.1053     0.0170          0     44.000 337.347211  1022.2583     -0.291     -0.078  0.000e+00
     -0.260    28.9684   5.761393    35.2465     2.1024     0.0261          0     44.250 337.347214  1022.2586     -0.258     -0.063  0.000e+00
     -0.260    28.9685   5.761324    35.2460     2.0979     0.0284          0     44.500 337.347216  1022.2582     -0.258     -0.041  0.000e+00
     -0.260    28.9685   5.761324    35.2460     2.0970     0.0315          0     44.750 337.347219  1022.2582     -0.258     -0.013  0.000e+00
     -0.249    28.9685   5.761278    35.2456     2.0925     0.0315          0     45.000 337.347222  1022.2580     -0.248      0.003  0.000e+00
     -0.292    28.9688   5.761293    35.2455     2.0955     0.0315          0     45.250 337.347225  1022.2576     -0.291      0.005  0.000e+00
     -0.281    28.9688   5.761224    35.2451     2.0969     0.0131          0     45.500 337.347228  1022.2573     -0.280      0.006  0.000e+00
     -0.281    28.9689   5.761224    35.2450     2.1025     0.0070          0     45.750 337.347231  1022.2572     -0.280     -0.001  0.000e+00
     -0.260    28.9687   5.761247    35.2453     2.1050     0.0124          0     46.000 337.347234  1022.2576     -0.258     -0.001  0.000e+00
     -0.227    28.9686   5.761262    35.2455     2.1125     0.0200          0     46.250 337.347237  1022.2579     -0.226      0.004  0.000e+00
     -0.206    28.9686   5.761293    35.2457     2.1123     0.0047          0     46.500 337.347240  1022.2582     -0.204      0.020  0.000e+00
     -0.270    28.9687   5.761293    35.2456     2.1153     0.0177          0     46.750 337.347242  1022.2578     -0.269      0.016  0.000e+00
     -0.292    28.9687   5.761247    35.2453     2.1178     0.0177          0     47.000 337.347245  1022.2575     -0.290      0.007  0.000e+00
     -0.281    28.9686   5.761132    35.2446     2.1126     0.0131          0     47.250 337.347248  1022.2570     -0.280      0.006  0.000e+00
     -0.281    28.9685   5.761033    35.2440     2.1126     0.0208          0     47.500 337.347251  1022.2566     -0.280     -0.007  0.000e+00
     -0.216    28.9687   5.761033    35.2438     2.1139     0.0559          0     47.750 337.347254  1022.2567     -0.215      0.000  0.000e+00
     -0.216    28.9686   5.761094    35.2443     2.1117     0.0574          0     48.000 337.347257  1022.2571     -0.215      0.003  0.000e+00
     -0.184    28.9685   5.761193    35.2450     2.1042     0.0559          0     48.250 337.347260  1022.2578     -0.183      0.017  0.000e+00
     -0.195    28.9684   5.761262    35.2456     2.1017     0.0620          0     48.500 337.347263  1022.2582     -0.194      0.035  0.000e+00
     -0.260    28.9686   5.761293    35.2457     2.0975     0.0063          0     48.750 337.347266  1022.2579     -0.258      0.040  0.000e+00
     -0.314    28.9684   5.761308    35.2460     2.0941     0.0162          0     49.000 337.347269  1022.2580     -0.312      0.012  0.000e+00
     -0.303    28.9684   5.761193    35.2452     2.0870     0.0040          0     49.250 337.347271  1022.2574     -0.301     -0.017  0.000e+00
     -0.303    28.9683   5.761002    35.2439     2.0894     0.0078          0     49.500 337.347274  1022.2565     -0.301     -0.041  0.000e+00
     -0.227    28.9683   5.760971    35.2437     2.0863     0.0086          0     49.750 337.347277  1022.2567     -0.226     -0.044  0.000e+00
     -0.206    28.9680   5.761063    35.2445     2.0857     0.0101          0     50.000 337.347280  1022.2575     -0.204     -0.023  0.000e+00
     -0.173    28.9679   5.761132    35.2451     2.0841     0.0032          0     50.250 337.347283  1022.2581     -0.172      0.006  0.000e+00
     -0.205    28.9677   5.761193    35.2456     2.0795     0.0063          0     50.500 337.347286  1022.2584     -0.204      0.034  0.000e+00
     -0.227    28.9678   5.761163    35.2454     2.0753     0.0032          0     50.750 337.347289  1022.2581     -0.226      0.054  0.000e+00
     -0.270    28.9674   5.761216    35.2460     2.0706     0.0253          0     51.000 337.347292  1022.2586     -0.269      0.043  0.000e+00
     -0.270    28.9672   5.761354    35.2471     2.0771     0.0231          0     51.250 337.347295  1022.2595     -0.269      0.015  0.000e+00
     -0.238    28.9671   5.761484    35.2481     2.0685     0.0147          0     51.500 337.347297  1022.2604     -0.237     -0.004  0.000e+00
     -0.227    28.9672   5.761515    35.2482     2.0648     0.0261          0     51.750 337.347300  1022.2605     -0.226     -0.024  0.000e+00
     -0.238    28.9672   5.761592    35.2488     2.0695     0.0376          0     52.000 337.347303  1022.2608     -0.237     -0.027  0.000e+00
     -0.249    28.9673   5.761615    35.2489     2.0761     0.0337          0     52.250 337.347306  1022.2608     -0.247     -0.025  0.000e+00
     -0.227    28.9677   5.761584    35.2483     2.0746     0.0315          0     52.500 337.347309  1022.2604     -0.226     -0.003  0.000e+00
     -0.227    28.9677   5.761645    35.2488     2.0827     0.0276          0     52.750 337.347312  1022.2607     -0.226      0.011  0.000e+00
     -0.162    28.9678   5.761684    35.2489     2.0763     0.0261          0     53.000 337.347315  1022.2611     -0.161      0.037  0.000e+00
     -0.141    28.9681   5.761714    35.2489     2.0763     0.0353          0     53.250 337.347318  1022.2611     -0.140      0.050  0.000e+00
     -0.141    28.9681   5.761714    35.2489     2.0739     0.0284          0     53.500 337.347321  1022.2611     -0.140      0.055  0.000e+00
     -0.227    28.9682   5.761684    35.2487     2.0676     0.0376          0     53.750 337.347323  1022.2605     -0.226      0.038  0.000e+00
     -0.314    28.9682   5.761684    35.2487     2.0633    -0.0181          0     54.000 337.347326  1022.2601     -0.312      0.001  0.000e+00
     -0.368    28.9683   5.761645    35.2484     2.0622    -0.0128          0     54.250 337.347329  1022.2596     -0.366     -0.048  0.000e+00
     -0.346    28.9683   5.761775    35.2493     2.0611    -0.0143          0     54.500 337.347332  1022.2604     -0.344     -0.086  0.000e+00
     -0.281    28.9684   5.761936    35.2503     2.0684    -0.0113          0     54.750 337.347335  1022.2614     -0.280     -0.093  0.000e+00
     -0.162    28.9685   5.762067    35.2511     2.0612    -0.0204          0     55.000 337.347338  1022.2624     -0.161     -0.065  0.000e+00
     -0.097    28.9686   5.762227    35.2521     2.0638     0.0101          0     55.250 337.347341  1022.2634     -0.097     -0.002  0.000e+00
