ctd_mafia/cnv/SBE19plus_01906740_2018_12_07_0109.cnv
* Sea-Bird SBE19plus  Data File:
* FileName = C:\Users\all user\Desktop\Patroba _ WWF Mapping Mafia\SBE19plus_01906740_2018_12_07_0109.hex
* Software version 2.6.3.104
* Temperature SN = 6740
* Conductivity SN = 6740
* System UpLoad Time = Dec 07 2018 14:37:40
* <ApplicationData>
* <Seaterm232>
# nquan = 13
# nvalues = 361                                   
# units = specified
# name 0 = prdM: Pressure, Strain Gauge [db]
# name 1 = tv290C: Temperature [ITS-90, deg C]
# name 2 = c0S/m: Conductivity [S/m]
# name 3 = sal00: Salinity, Practical [PSU]
# name 4 = sbeox0ML/L: Oxygen, SBE 43 [ml/l]
# name 5 = flECO-AFL: Fluorescence, WET Labs ECO-AFL/FL [mg/m^3]
# name 6 = nbf: Bottles Fired
# name 7 = timeS: Time, Elapsed [seconds]
# name 8 = timeJ: Julian Days
# name 9 = density00: Density [density, kg/m^3]
# name 10 = depSM: Depth [salt water, m], lat = 0.00
# name 11 = dz/dtM: Descent Rate [m/s]
# name 12 = flag:  0.000e+00
# span 0 =     -1.393,      5.807                 
# span 1 =    27.1130,    28.5272                 
# span 2 =   0.574311,   5.723669                 
# span 3 =     2.8934,    35.3471                 
# span 4 =     2.1072,     3.5202                 
# span 5 =    -0.3287,     0.6662                 
# span 6 =          0,          0                 
# span 7 =      0.000,     90.000                 
# span 8 = 338.459225, 338.460266                 
# span 9 =   998.2932,  1022.5579                 
# span 10 =     -1.386,      5.775                
# span 11 =     -0.989,      0.333                
# span 12 = 0.0000e+00, 0.0000e+00                
# interval = seconds: 0.25
# start_time = Dec 04 2018 11:01:17 [Instrument's time stamp, header]
# bad_flag = -9.990e-29
*END*
[from data line 112]
     -0.107    28.3458   5.672759    35.0927     2.1510     0.0864          0     28.000 338.459549  1022.3504     -0.106      0.010  0.000e+00
     -0.118    28.3471   5.673429    35.0965     2.1471     0.0803          0     28.250 338.459552  1022.3527     -0.117      0.005  0.000e+00
     -0.107    28.3497   5.672630    35.0889     2.1416     0.0971          0     28.500 338.459554  1022.3463     -0.106      0.009  0.000e+00
     -0.085    28.3510   5.670759    35.0749     2.1401     0.0978          0     28.750 338.459557  1022.3354     -0.085      0.014  0.000e+00
     -0.085    28.3495   5.669177    35.0650     2.1360     0.0917          0     29.000 338.459560  1022.3284     -0.085      0.019  0.000e+00
     -0.118    28.3469   5.668668    35.0634     2.1321     0.1001          0     29.250 338.459563  1022.3280     -0.117      0.011  0.000e+00
     -0.096    28.3446   5.668668    35.0651     2.1328     0.0963          0     29.500 338.459566  1022.3301     -0.095      0.011  0.000e+00
     -0.064    28.3429   5.673741    35.1017     2.1334     0.0971          0     29.750 338.459569  1022.3583     -0.063      0.018  0.000e+00
     -0.010    28.3449   5.681868    35.1569     2.1304     0.0948          0     30.000 338.459572  1022.3993     -0.009      0.036  0.000e+00
      0.045    28.3480   5.682416    35.1583     2.1304     0.1024          0     30.250 338.459575  1022.3996      0.044      0.065  0.000e+00
      0.077    28.3403   5.675331    35.1147     2.1232     0.0932          0     30.500 338.459578  1022.3695      0.077      0.089  0.000e+00
      0.077    28.3313   5.673650    35.1096     2.1191     0.0513          0     30.750 338.459580  1022.3687      0.077      0.103  0.000e+00
      0.109    28.3144   5.679935    35.1660     2.1185     0.0459          0     31.000 338.459583  1022.4168      0.109      0.121  0.000e+00
      0.196    28.3069   5.687122    35.2218     2.1131     0.0368          0     31.250 338.459586  1022.4615      0.195      0.149  0.000e+00
      0.239    28.3050   5.686551    35.2191     2.1098     0.0452          0     31.500 338.459589  1022.4604      0.238      0.159  0.000e+00
      0.272    28.3047   5.685820    35.2143     2.1077     0.1062          0     31.750 338.459592  1022.4569      0.270      0.161  0.000e+00
      0.336    28.3050   5.685881    35.2144     2.1072     0.1055          0     32.000 338.459595  1022.4572      0.335      0.167  0.000e+00
      0.369    28.3051   5.685881    35.2144     2.1104     0.1100          0     32.250 338.459598  1022.4573      0.367      0.173  0.000e+00
      0.401    28.3053   5.682387    35.1898     2.1115     0.1100          0     32.500 338.459601  1022.4389      0.399      0.180  0.000e+00
      0.423    28.3050   5.685600    35.2125     2.1106     0.0597          0     32.750 338.459604  1022.4561      0.421      0.180  0.000e+00
      0.477    28.3049   5.686551    35.2192     2.1097     0.0582          0     33.000 338.459606  1022.4614      0.474      0.172  0.000e+00
      0.520    28.3046   5.687062    35.2229     2.1136     0.0543          0     33.250 338.459609  1022.4645      0.517      0.159  0.000e+00
      0.563    28.3042   5.689864    35.2428     2.1166     0.0551          0     33.500 338.459612  1022.4798      0.560      0.159  0.000e+00
      0.607    28.3053   5.691045    35.2502     2.1203     0.0536          0     33.750 338.459615  1022.4852      0.603      0.160  0.000e+00
      0.671    28.3052   5.691175    35.2512     2.1240     0.0986          0     34.000 338.459618  1022.4862      0.668      0.165  0.000e+00
      0.736    28.3038   5.690885    35.2501     2.1219     0.0856          0     34.250 338.459621  1022.4862      0.732      0.182  0.000e+00
      0.780    28.3021   5.687823    35.2301     2.1293     0.1001          0     34.500 338.459624  1022.4718      0.775      0.195  0.000e+00
      0.823    28.2997   5.684709    35.2101     2.1342     0.0932          0     34.750 338.459627  1022.4578      0.818      0.203  0.000e+00
      0.888    28.2984   5.683148    35.2002     2.1376     0.0803          0     35.000 338.459630  1022.4511      0.883      0.208  0.000e+00
      0.931    28.2984   5.682768    35.1975     2.1425     0.0864          0     35.250 338.459633  1022.4492      0.926      0.210  0.000e+00
      0.996    28.2986   5.686202    35.2213     2.1522     0.0841          0     35.500 338.459635  1022.4673      0.990      0.215  0.000e+00
      1.017    28.2982   5.688402    35.2370     2.1618     0.0818          0     35.750 338.459638  1022.4793      1.012      0.208  0.000e+00
      1.050    28.2972   5.687443    35.2310     2.1684     0.1207          0     36.000 338.459641  1022.4753      1.044      0.193  0.000e+00
      1.115    28.2947   5.688372    35.2393     2.1719     0.1192          0     36.250 338.459644  1022.4826      1.109      0.188  0.000e+00
      1.180    28.2927   5.687253    35.2330     2.1658     0.1207          0     36.500 338.459647  1022.4788      1.173      0.192  0.000e+00
      1.223    28.2903   5.685250    35.2207     2.1706     0.1207          0     36.750 338.459650  1022.4706      1.216      0.193  0.000e+00
      1.266    28.2888   5.684679    35.2179     2.1646     0.0894          0     37.000 338.459653  1022.4692      1.259      0.190  0.000e+00
      1.331    28.2879   5.683948    35.2134     2.1617     0.0887          0     37.250 338.459656  1022.4664      1.324      0.197  0.000e+00
      1.363    28.2875   5.684489    35.2175     2.1616     0.0810          0     37.500 338.459659  1022.4697      1.356      0.197  0.000e+00
      1.396    28.2869   5.683659    35.2121     2.1579     0.0818          0     37.750 338.459661  1022.4660      1.388      0.198  0.000e+00
      1.461    28.2866   5.687283    35.2376     2.1620     0.0856          0     38.000 338.459664  1022.4855      1.453      0.197  0.000e+00
      1.526    28.2856   5.689134    35.2513     2.1626     0.1093          0     38.250 338.459667  1022.4964      1.517      0.195  0.000e+00
      1.580    28.2832   5.688944    35.2517     2.1653     0.1093          0     38.500 338.459670  1022.4978      1.571      0.198  0.000e+00
      1.644    28.2797   5.685981    35.2336     2.1636     0.1085          0     38.750 338.459673  1022.4856      1.635      0.208  0.000e+00
      1.677    28.2765   5.686431    35.2391     2.1630     0.1032          0     39.000 338.459676  1022.4909      1.668      0.210  0.000e+00
      1.731    28.2752   5.684421    35.2261     2.1586     0.0994          0     39.250 338.459679  1022.4818      1.721      0.210  0.000e+00
      1.763    28.2743   5.682670    35.2145     2.1601     0.0994          0     39.500 338.459682  1022.4735      1.754      0.210  0.000e+00
      1.807    28.2741   5.684406    35.2267     2.1557     0.0917          0     39.750 338.459685  1022.4830      1.797      0.204  0.000e+00
      1.861    28.2735   5.687634    35.2497     2.1588     0.0986          0     40.000 338.459687  1022.5007      1.850      0.193  0.000e+00
      1.882    28.2727   5.688084    35.2534     2.1584     0.0963          0     40.250 338.459690  1022.5038      1.872      0.179  0.000e+00
      1.936    28.2713   5.688213    35.2554     2.1568     0.1001          0     40.500 338.459693  1022.5059      1.926      0.172  0.000e+00
      2.012    28.2701   5.686332    35.2431     2.1561     0.1024          0     40.750 338.459696  1022.4975      2.001      0.177  0.000e+00
      2.066    28.2682   5.686172    35.2434     2.1541     0.0917          0     41.000 338.459699  1022.4985      2.055      0.188  0.000e+00
      2.109    28.2673   5.686271    35.2447     2.1535     0.0994          0     41.250 338.459702  1022.5000      2.098      0.194  0.000e+00
      2.131    28.2669   5.683279    35.2241     2.1532     0.0894          0     41.500 338.459705  1022.4847      2.119      0.195  0.000e+00
      2.196    28.2668   5.683820    35.2279     2.1522     0.0963          0     41.750 338.459708  1022.4879      2.184      0.197  0.000e+00
      2.207    28.2668   5.685449    35.2393     2.1500     0.0910          0     42.000 338.459711  1022.4965      2.194      0.187  0.000e+00
      2.282    28.2667   5.686873    35.2493     2.1465     0.1001          0     42.250 338.459714  1022.5044      2.270      0.190  0.000e+00
      2.336    28.2666   5.687543    35.2541     2.1436     0.0932          0     42.500 338.459716  1022.5082      2.324      0.185  0.000e+00
      2.358    28.2665   5.687543    35.2542     2.1453     0.0932          0     42.750 338.459719  1022.5085      2.345      0.174  0.000e+00
      2.401    28.2659   5.687764    35.2562     2.1454     0.1009          0     43.000 338.459722  1022.5103      2.388      0.172  0.000e+00
      2.466    28.2650   5.687985    35.2583     2.1490     0.0925          0     43.250 338.459725  1022.5125      2.453      0.179  0.000e+00
      2.499    28.2641   5.685853    35.2441     2.1431     0.1161          0     43.500 338.459728  1022.5023      2.485      0.183  0.000e+00
      2.531    28.2632   5.684642    35.2363     2.1433     0.1177          0     43.750 338.459731  1022.4968      2.517      0.177  0.000e+00
      2.563    28.2627   5.684840    35.2380     2.1418     0.1207          0     44.000 338.459734  1022.4984      2.549      0.174  0.000e+00
      2.607    28.2623   5.687125    35.2543     2.1418     0.1222          0     44.250 338.459737  1022.5109      2.592      0.161  0.000e+00
      2.639    28.2621   5.687224    35.2552     2.1462     0.0902          0     44.500 338.459740  1022.5119      2.625      0.156  0.000e+00
      2.693    28.2614   5.687193    35.2554     2.1417     0.1016          0     44.750 338.459742  1022.5125      2.678      0.160  0.000e+00
      2.704    28.2607   5.686812    35.2533     2.1380     0.0978          0     45.000 338.459745  1022.5112      2.689      0.150  0.000e+00
      2.769    28.2604   5.686081    35.2484     2.1382     0.1032          0     45.250 338.459748  1022.5079      2.754      0.148  0.000e+00
      2.790    28.2601   5.687033    35.2552     2.1349     0.0879          0     45.500 338.459751  1022.5132      2.775      0.150  0.000e+00
      2.834    28.2598   5.686142    35.2492     2.1353     0.0818          0     45.750 338.459754  1022.5090      2.818      0.152  0.000e+00
      2.866    28.2599   5.684551    35.2380     2.1350     0.0810          0     46.000 338.459757  1022.5007      2.850      0.151  0.000e+00
      2.899    28.2596   5.686234    35.2500     2.1367     0.0833          0     46.250 338.459760  1022.5099      2.883      0.148  0.000e+00
      2.931    28.2597   5.687704    35.2602     2.1354     0.0818          0     46.500 338.459763  1022.5177      2.915      0.145  0.000e+00
      2.985    28.2599   5.688168    35.2633     2.1361     0.1055          0     46.750 338.459766  1022.5201      2.969      0.146  0.000e+00
      3.028    28.2598   5.687924    35.2616     2.1351     0.1100          0     47.000 338.459769  1022.5191      3.012      0.153  0.000e+00
      3.050    28.2592   5.686432    35.2516     2.1305     0.1093          0     47.250 338.459771  1022.5119      3.033      0.147  0.000e+00
      3.082    28.2583   5.685571    35.2463     2.1332     0.1123          0     47.500 338.459774  1022.5083      3.065      0.148  0.000e+00
      3.093    28.2585   5.687353    35.2586     2.1314     0.0704          0     47.750 338.459777  1022.5175      3.076      0.139  0.000e+00
      3.136    28.2588   5.687925    35.2623     2.1270     0.0704          0     48.000 338.459780  1022.5204      3.119      0.135  0.000e+00
      3.180    28.2591   5.686653    35.2532     2.1310     0.0673          0     48.250 338.459783  1022.5137      3.162      0.134  0.000e+00
      3.212    28.2592   5.685792    35.2471     2.1295     0.0688          0     48.500 338.459786  1022.5092      3.194      0.131  0.000e+00
      3.234    28.2593   5.686622    35.2528     2.1297     0.1184          0     48.750 338.459789  1022.5135      3.216      0.124  0.000e+00
      3.255    28.2596   5.687323    35.2575     2.1303     0.1070          0     49.000 338.459792  1022.5171      3.237      0.120  0.000e+00
      3.320    28.2598   5.687864    35.2611     2.1306     0.1108          0     49.250 338.459795  1022.5200      3.302      0.130  0.000e+00
      3.331    28.2606   5.687353    35.2570     2.1275     0.1055          0     49.500 338.459797  1022.5167      3.313      0.131  0.000e+00
      3.363    28.2607   5.686462    35.2506     2.1281     0.0849          0     49.750 338.459800  1022.5120      3.345      0.133  0.000e+00
      3.385    28.2605   5.687734    35.2597     2.1270     0.0795          0     50.000 338.459803  1022.5190      3.366      0.125  0.000e+00
      3.417    28.2609   5.687544    35.2580     2.1235     0.0818          0     50.250 338.459806  1022.5177      3.399      0.120  0.000e+00
      3.461    28.2611   5.687673    35.2588     2.1228     0.0803          0     50.500 338.459809  1022.5184      3.442      0.123  0.000e+00
      3.493    28.2608   5.688404    35.2641     2.1235     0.0780          0     50.750 338.459812  1022.5227      3.474      0.127  0.000e+00
      3.504    28.2614   5.688275    35.2628     2.1224     0.1344          0     51.000 338.459815  1022.5215      3.485      0.122  0.000e+00
      3.547    28.2617   5.687605    35.2578     2.1225     0.1131          0     51.250 338.459818  1022.5179      3.528      0.117  0.000e+00
      3.580    28.2611   5.688572    35.2650     2.1240     0.1207          0     51.500 338.459821  1022.5236      3.560      0.124  0.000e+00
      3.634    28.2615   5.688526    35.2644     2.1202     0.1245          0     51.750 338.459823  1022.5233      3.614      0.131  0.000e+00
      3.634    28.2620   5.688785    35.2659     2.1217     0.1032          0     52.000 338.459826  1022.5242      3.614      0.129  0.000e+00
      3.699    28.2621   5.689357    35.2698     2.1205     0.1062          0     52.250 338.459829  1022.5274      3.678      0.133  0.000e+00
      3.753    28.2624   5.689577    35.2710     2.1221     0.1116          0     52.500 338.459832  1022.5284      3.732      0.142  0.000e+00
      3.796    28.2629   5.689646    35.2711     2.1245     0.1047          0     52.750 338.459835  1022.5285      3.775      0.154  0.000e+00
      3.817    28.2631   5.689836    35.2723     2.1226     0.0940          0     53.000 338.459838  1022.5294      3.796      0.161  0.000e+00
      3.850    28.2633   5.689776    35.2717     2.1242     0.0994          0     53.250 338.459841  1022.5290      3.829      0.158  0.000e+00
      3.882    28.2635   5.689677    35.2708     2.1265     0.0971          0     53.500 338.459844  1022.5285      3.861      0.155  0.000e+00
      3.915    28.2635   5.689517    35.2697     2.1248     0.0887          0     53.750 338.459847  1022.5278      3.893      0.149  0.000e+00
      3.947    28.2634   5.689517    35.2698     2.1258     0.1100          0     54.000 338.459850  1022.5280      3.925      0.148  0.000e+00
      3.980    28.2638   5.689357    35.2684     2.1281     0.1116          0     54.250 338.459852  1022.5269      3.958      0.134  0.000e+00
      4.023    28.2640   5.689227    35.2673     2.1273     0.1108          0     54.500 338.459855  1022.5263      4.001      0.130  0.000e+00
      4.044    28.2640   5.688626    35.2631     2.1275     0.0963          0     54.750 338.459858  1022.5232      4.022      0.129  0.000e+00
      4.088    28.2639   5.689166    35.2669     2.1298     0.1077          0     55.000 338.459861  1022.5263      4.065      0.134  0.000e+00
      4.109    28.2637   5.689166    35.2671     2.1275     0.0818          0     55.250 338.459864  1022.5266      4.087      0.133  0.000e+00
