ctd_mafia/cnv/SBE19plus_01906740_2018_12_07_0109.cnv
* Sea-Bird SBE19plus  Data File:
* FileName = C:\Users\all user\Desktop\Patroba _ WWF Mapping Mafia\SBE19plus_01906740_2018_12_07_0109.hex
* Software version 2.6.3.104
* Temperature SN = 6740
* Conductivity SN = 6740
* System UpLoad Time = Dec 07 2018 14:37:40
* <ApplicationData>
* <Seaterm232>
# nquan = 13
# nvalues = 361                                   
# units = specified
# name 0 = prdM: Pressure, Strain Gauge [db]
# name 1 = tv290C: Temperature [ITS-90, deg C]
# name 2 = c0S/m: Conductivity [S/m]
# name 3 = sal00: Salinity, Practical [PSU]
# name 4 = sbeox0ML/L: Oxygen, SBE 43 [ml/l]
# name 5 = flECO-AFL: Fluorescence, WET Labs ECO-AFL/FL [mg/m^3]
# name 6 = nbf: Bottles Fired
# name 7 = timeS: Time, Elapsed [seconds]
# name 8 = timeJ: Julian Days
# name 9 = density00: Density [density, kg/m^3]
# name 10 = depSM: Depth [salt water, m], lat = 0.00
# name 11 = dz/dtM: Descent Rate [m/s]
# name 12 = flag:  0.000e+00
# span 0 =     -1.393,      5.807                 
# span 1 =    27.1130,    28.5272                 
# span 2 =   0.574311,   5.723669                 
# span 3 =     2.8934,    35.3471                 
# span 4 =     2.1072,     3.5202                 
# span 5 =    -0.3287,     0.6662                 
# span 6 =          0,          0                 
# span 7 =      0.000,     90.000                 
# span 8 = 338.459225, 338.460266                 
# span 9 =   998.2932,  1022.5579                 
# span 10 =     -1.386,      5.775                
# span 11 =     -0.989,      0.333                
# span 12 = 0.0000e+00, 0.0000e+00                
# interval = seconds: 0.25
# start_time = Dec 04 2018 11:01:17 [Instrument's time stamp, header]
# bad_flag = -9.990e-29
*END*
     -1.383    27.1173   1.366069     7.5281     2.7007    -0.0250          0      0.000 338.459225  1002.1108     -1.376      0.000  0.000e+00
     -1.372    27.1130   3.172029    18.8652     2.5388    -0.0273          0      0.250 338.459227  1010.5751     -1.365      0.003  0.000e+00
     -1.372    27.1938   0.963159     5.1565     2.8072    -0.0281          0      0.500 338.459230  1000.3184     -1.365      0.005  0.000e+00
     -1.318    27.3906   0.903393     4.7936     2.9203    -0.0303          0      0.750 338.459233   999.9917     -1.311      0.021  0.000e+00
     -1.243    27.6121   0.943303     4.9983     3.0401    -0.0899          0      1.000 338.459236  1000.0815     -1.236      0.053  0.000e+00
     -1.134    27.8487   2.173152    12.2727     3.0276    -0.0983          0      1.250 338.459239  1005.4366     -1.128      0.104  0.000e+00
     -1.005    28.0033   3.965586    23.6935     2.9128    -0.0914          0      1.500 338.459242  1013.9125     -0.999      0.173  0.000e+00
     -0.897    28.1215   5.050101    30.9418     2.8466    -0.0860          0      1.750 338.459245  1019.3033     -0.892      0.246  0.000e+00
     -0.832    28.2239   3.125759    18.1326     3.0537     0.1421          0      2.000 338.459248  1009.6924     -0.827      0.303  0.000e+00
     -0.799    28.2920   3.856148    22.8309     2.8832     0.1482          0      2.250 338.459251  1013.1781     -0.795      0.333  0.000e+00
     -0.788    28.3223   5.659735    35.0196     2.6218     0.1367          0      2.500 338.459253  1022.3002     -0.784      0.330  0.000e+00
     -0.788    28.3399   5.677682    35.1316     2.5746     0.1398          0      2.750 338.459256  1022.3787     -0.784      0.288  0.000e+00
     -0.734    28.3720   5.700736    35.2685     2.5095     0.0627          0      3.000 338.459259  1022.4712     -0.730      0.240  0.000e+00
     -0.702    28.4071   5.709719    35.3049     2.4583     0.0589          0      3.250 338.459262  1022.4871     -0.698      0.187  0.000e+00
     -0.659    28.4456   5.712472    35.2954     2.4344     0.0543          0      3.500 338.459265  1022.4675     -0.655      0.145  0.000e+00
     -0.615    28.4740   5.713815    35.2836     2.4146     0.0521          0      3.750 338.459268  1022.4493     -0.612      0.126  0.000e+00
     -0.615    28.4909   5.714715    35.2773     2.3835     0.0566          0      4.000 338.459271  1022.4391     -0.612      0.118  0.000e+00
     -0.572    28.5012   5.715127    35.2725     2.5751     0.0498          0      4.250 338.459274  1022.4322     -0.569      0.123  0.000e+00
     -0.561    28.5082   5.714600    35.2636     2.5948     0.0360          0      4.500 338.459277  1022.4232     -0.558      0.125  0.000e+00
     -0.475    28.5094   5.712601    35.2488     2.5795     0.0376          0      4.750 338.459280  1022.4121     -0.472      0.138  0.000e+00
     -0.431    28.4945   5.707002    35.2209     2.5643     0.0475          0      5.000 338.459282  1022.3962     -0.429      0.142  0.000e+00
     -0.367    28.4613   5.704249    35.2264     2.5485     0.0574          0      5.250 338.459285  1022.4116     -0.365      0.157  0.000e+00
     -0.345    28.4308   5.703549    35.2442     2.5276     0.0566          0      5.500 338.459288  1022.4352     -0.343      0.164  0.000e+00
     -0.312    28.4095   5.702177    35.2505     2.4988     0.0589          0      5.750 338.459291  1022.4471     -0.311      0.171  0.000e+00
     -0.323    28.3936   5.700416    35.2501     2.4675     0.0574          0      6.000 338.459294  1022.4520     -0.321      0.166  0.000e+00
     -0.291    28.3821   5.698617    35.2461     2.4209     0.0604          0      6.250 338.459297  1022.4529     -0.289      0.150  0.000e+00
     -0.291    28.3745   5.697672    35.2451     2.4282     0.0604          0      6.500 338.459300  1022.4547     -0.289      0.127  0.000e+00
     -0.280    28.3702   5.695729    35.2348     2.4397     0.0536          0      6.750 338.459303  1022.4484     -0.278      0.092  0.000e+00
     -0.269    28.3666   5.695409    35.2353     2.4378     0.0604          0      7.000 338.459306  1022.4500     -0.268      0.069  0.000e+00
     -0.237    28.3595   5.696240    35.2463     2.4314     0.0887          0      7.250 338.459308  1022.4608     -0.235      0.056  0.000e+00
     -0.226    28.3456   5.697581    35.2660     2.4321     0.0864          0      7.500 338.459311  1022.4802     -0.225      0.055  0.000e+00
     -0.204    28.3365   5.697803    35.2744     2.4296     0.1016          0      7.750 338.459314  1022.4896     -0.203      0.057  0.000e+00
     -0.204    28.3344   5.695600    35.2605     2.4229     0.1016          0      8.000 338.459317  1022.4799     -0.203      0.061  0.000e+00
     -0.215    28.3290   5.692423    35.2424     2.4181     0.0902          0      8.250 338.459320  1022.4680     -0.214      0.051  0.000e+00
     -0.183    28.3227   5.691456    35.2403     2.4118     0.0597          0      8.500 338.459323  1022.4686     -0.182      0.053  0.000e+00
     -0.183    28.3192   5.691425    35.2427     2.4078     0.0612          0      8.750 338.459326  1022.4716     -0.182      0.048  0.000e+00
     -0.172    28.3188   5.690473    35.2364     2.4018     0.0521          0      9.000 338.459329  1022.4670     -0.171      0.042  0.000e+00
     -0.172    28.3188   5.689452    35.2292     2.3963     0.0658          0      9.250 338.459332  1022.4616     -0.171      0.032  0.000e+00
     -0.161    28.3190   5.690085    35.2335     2.3923     0.0543          0      9.500 338.459334  1022.4648     -0.160      0.030  0.000e+00
     -0.172    28.3150   5.690626    35.2403     2.3873     0.0620          0      9.750 338.459337  1022.4712     -0.171      0.024  0.000e+00
     -0.161    28.3042   5.689262    35.2388     2.3814     0.0574          0     10.000 338.459340  1022.4737     -0.160      0.024  0.000e+00
     -0.161    28.2959   5.686932    35.2287     2.3777     0.0589          0     10.250 338.459343  1022.4688     -0.160      0.021  0.000e+00
     -0.150    28.2889   5.686483    35.2308     2.3713     0.0696          0     10.500 338.459346  1022.4728     -0.149      0.014  0.000e+00
     -0.150    28.2844   5.685881    35.2300     2.3653     0.0795          0     10.750 338.459349  1022.4736     -0.149      0.014  0.000e+00
     -0.139    28.2827   5.685029    35.2253     2.3599     0.0681          0     11.000 338.459352  1022.4707     -0.139      0.015  0.000e+00
     -0.129    28.2811   5.685150    35.2273     2.3512     0.0734          0     11.250 338.459355  1022.4728     -0.128      0.019  0.000e+00
     -0.139    28.2803   5.685341    35.2292     2.3463     0.0414          0     11.500 338.459358  1022.4744     -0.139      0.018  0.000e+00
     -0.150    28.2713   5.684838    35.2324     2.3423     0.0345          0     11.750 338.459361  1022.4797     -0.149      0.015  0.000e+00
     -0.150    28.2610   5.683628    35.2317     2.3393     0.0459          0     12.000 338.459363  1022.4826     -0.149      0.008  0.000e+00
     -0.139    28.2538   5.682129    35.2265     2.3359     0.0421          0     12.250 338.459366  1022.4811     -0.139      0.006  0.000e+00
     -0.139    28.2495   5.681048    35.2222     2.3336     0.0429          0     12.500 338.459369  1022.4793     -0.139      0.002  0.000e+00
     -0.150    28.2462   5.680355    35.2198     2.3285     0.0772          0     12.750 338.459372  1022.4785     -0.149     -0.002  0.000e+00
     -0.118    28.2432   5.679571    35.2166     2.3249     0.0864          0     13.000 338.459375  1022.4772     -0.117      0.002  0.000e+00
     -0.139    28.2405   5.679845    35.2205     2.3189     0.0849          0     13.250 338.459378  1022.4809     -0.139      0.002  0.000e+00
     -0.129    28.2382   5.680195    35.2247     2.3111     0.0833          0     13.500 338.459381  1022.4849     -0.128      0.009  0.000e+00
     -0.129    28.2361   5.679777    35.2233     2.3071     0.0452          0     13.750 338.459384  1022.4846     -0.128      0.012  0.000e+00
     -0.128    28.2345   5.679046    35.2194     2.3043     0.0467          0     14.000 338.459387  1022.4822     -0.128      0.010  0.000e+00
     -0.128    28.2325   5.678095    35.2142     2.3006     0.0482          0     14.250 338.459389  1022.4789     -0.128      0.007  0.000e+00
     -0.118    28.2299   5.676984    35.2084     2.2953     0.0467          0     14.500 338.459392  1022.4755     -0.117      0.009  0.000e+00
     -0.118    28.2276   5.676155    35.2043     2.2904     0.0704          0     14.750 338.459395  1022.4732     -0.117      0.010  0.000e+00
     -0.139    28.2268   5.676794    35.2094     2.2845     0.0665          0     15.000 338.459398  1022.4772     -0.139      0.000  0.000e+00
     -0.150    28.2270   5.677966    35.2175     2.2768     0.0734          0     15.250 338.459401  1022.4831     -0.149     -0.003  0.000e+00
     -0.118    28.2292   5.679237    35.2247     2.2715     0.0719          0     15.500 338.459404  1022.4879     -0.117     -0.002  0.000e+00
     -0.118    28.2383   5.680310    35.2254     2.2665     0.0559          0     15.750 338.459407  1022.4855     -0.117      0.001  0.000e+00
     -0.118    28.2531   5.681048    35.2195     2.2611     0.0673          0     16.000 338.459410  1022.4762     -0.117      0.003  0.000e+00
     -0.128    28.2661   5.681436    35.2126     2.2560     0.0566          0     16.250 338.459413  1022.4667     -0.128      0.001  0.000e+00
     -0.139    28.2753   5.681588    35.2068     2.2488     0.0574          0     16.500 338.459416  1022.4592     -0.139     -0.003  0.000e+00
     -0.128    28.2827   5.681846    35.2030     2.2435     0.0566          0     16.750 338.459418  1022.4540     -0.128      0.000  0.000e+00
     -0.129    28.2876   5.682196    35.2018     2.2378     0.0429          0     17.000 338.459421  1022.4515     -0.128      0.004  0.000e+00
     -0.118    28.2925   5.682478    35.2002     2.2360     0.0391          0     17.250 338.459424  1022.4487     -0.117      0.004  0.000e+00
     -0.139    28.2980   5.682706    35.1977     2.2301     0.0482          0     17.500 338.459427  1022.4449     -0.139     -0.007  0.000e+00
     -0.139    28.3025   5.682927    35.1959     2.2243     0.0391          0     17.750 338.459430  1022.4421     -0.139     -0.008  0.000e+00
     -0.129    28.3091   5.683787    35.1969     2.2237     0.0543          0     18.000 338.459433  1022.4407     -0.128     -0.004  0.000e+00
     -0.129    28.3157   5.685150    35.2015     2.2176     0.0604          0     18.250 338.459436  1022.4420     -0.128     -0.000  0.000e+00
     -0.118    28.3230   5.686543    35.2058     2.2159     0.0612          0     18.500 338.459439  1022.4428     -0.117      0.004  0.000e+00
     -0.129    28.3303   5.686969    35.2034     2.2139     0.0551          0     18.750 338.459442  1022.4386     -0.128      0.001  0.000e+00
     -0.129    28.3353   5.685789    35.1914     2.2133     0.0688          0     19.000 338.459444  1022.4279     -0.128      0.001  0.000e+00
     -0.139    28.3366   5.683596    35.1752     2.2129     0.0673          0     19.250 338.459447  1022.4153     -0.139     -0.001  0.000e+00
     -0.129    28.3349   5.683436    35.1753     2.2127     0.0734          0     19.500 338.459450  1022.4160     -0.128      0.003  0.000e+00
     -0.139    28.3368   5.683977    35.1777     2.2127     0.0688          0     19.750 338.459453  1022.4171     -0.139     -0.002  0.000e+00
     -0.129    28.3424   5.683558    35.1706     2.2102     0.0978          0     20.000 338.459456  1022.4100     -0.128     -0.004  0.000e+00
     -0.129    28.3492   5.683056    35.1620     2.2128     0.0925          0     20.250 338.459459  1022.4012     -0.128     -0.004  0.000e+00
     -0.139    28.3556   5.682416    35.1528     2.2327     0.1016          0     20.500 338.459462  1022.3922     -0.139     -0.006  0.000e+00
     -0.129    28.3608   5.682005    35.1461     2.2234     0.0910          0     20.750 338.459465  1022.3855     -0.128     -0.001  0.000e+00
     -0.118    28.3644   5.681837    35.1422     2.2212     0.1016          0     21.000 338.459468  1022.3814     -0.117      0.004  0.000e+00
     -0.129    28.3674   5.682005    35.1412     2.2200     0.0864          0     21.250 338.459470  1022.3796     -0.128      0.006  0.000e+00
     -0.139    28.3705   5.681875    35.1379     2.2152     0.0833          0     21.500 338.459473  1022.3761     -0.139      0.001  0.000e+00
     -0.129    28.3742   5.680695    35.1269     2.2114     0.0826          0     21.750 338.459476  1022.3667     -0.128      0.002  0.000e+00
     -0.139    28.3766   5.679302    35.1155     2.2083     0.0810          0     22.000 338.459479  1022.3572     -0.139     -0.003  0.000e+00
     -0.129    28.3766   5.678153    35.1075     2.2068     0.0978          0     22.250 338.459482  1022.3512     -0.128     -0.001  0.000e+00
     -0.118    28.3748   5.677202    35.1022     2.2036     0.0917          0     22.500 338.459485  1022.3479     -0.117      0.003  0.000e+00
     -0.129    28.3733   5.676951    35.1016     2.2069     0.0925          0     22.750 338.459488  1022.3479     -0.128      0.000  0.000e+00
     -0.107    28.3722   5.676852    35.1017     2.2066     0.0994          0     23.000 338.459491  1022.3484     -0.106      0.006  0.000e+00
     -0.118    28.3717   5.676190    35.0974     2.2042     0.0948          0     23.250 338.459494  1022.3454     -0.117      0.011  0.000e+00
     -0.096    28.3709   5.675741    35.0949     2.2029     0.0940          0     23.500 338.459497  1022.3438     -0.095      0.018  0.000e+00
     -0.128    28.3699   5.675483    35.0938     2.2042     0.0887          0     23.750 338.459499  1022.3432     -0.128      0.011  0.000e+00
     -0.128    28.3689   5.675140    35.0922     2.2002     0.0948          0     24.000 338.459502  1022.3423     -0.128      0.007  0.000e+00
     -0.107    28.3680   5.674821    35.0907     2.1992     0.0902          0     24.250 338.459505  1022.3415     -0.106      0.004  0.000e+00
     -0.139    28.3668   5.674121    35.0867     2.1954     0.0963          0     24.500 338.459508  1022.3388     -0.139     -0.005  0.000e+00
     -0.118    28.3656   5.673139    35.0807     2.1890     0.0925          0     24.750 338.459511  1022.3348     -0.117     -0.004  0.000e+00
     -0.118    28.3638   5.672569    35.0780     2.1891     0.1001          0     25.000 338.459514  1022.3334     -0.117     -0.007  0.000e+00
     -0.118    28.3619   5.672219    35.0770     2.1856     0.0963          0     25.250 338.459517  1022.3333     -0.117     -0.004  0.000e+00
     -0.107    28.3602   5.672280    35.0787     2.1838     0.0925          0     25.500 338.459520  1022.3351     -0.106     -0.000  0.000e+00
     -0.107    28.3587   5.672919    35.0842     2.1800     0.0978          0     25.750 338.459523  1022.3398     -0.106      0.010  0.000e+00
     -0.139    28.3582   5.672318    35.0804     2.1794     0.0986          0     26.000 338.459525  1022.3369     -0.139      0.001  0.000e+00
     -0.118    28.3576   5.671557    35.0756     2.1747     0.0986          0     26.250 338.459528  1022.3336     -0.117     -0.001  0.000e+00
     -0.128    28.3561   5.671268    35.0747     2.1728     0.0971          0     26.500 338.459531  1022.3334     -0.128      0.001  0.000e+00
     -0.118    28.3542   5.670751    35.0725     2.1685     0.0871          0     26.750 338.459534  1022.3324     -0.117     -0.004  0.000e+00
     -0.128    28.3523   5.670287    35.0707     2.1619     0.0917          0     27.000 338.459537  1022.3316     -0.128     -0.006  0.000e+00
     -0.118    28.3499   5.669998    35.0704     2.1593     0.1009          0     27.250 338.459540  1022.3322     -0.117     -0.005  0.000e+00
     -0.118    28.3479   5.670188    35.0732     2.1540     0.0803          0     27.500 338.459543  1022.3350     -0.117     -0.004  0.000e+00
