ctd_mafia/cnv/SBE19plus_01906740_2018_12_07_0091.cnv
* Sea-Bird SBE19plus  Data File:
* FileName = C:\Users\all user\Desktop\Patroba _ WWF Mapping Mafia\SBE19plus_01906740_2018_12_07_0091.hex
* Software version 2.6.3.104
* Temperature SN = 6740
* Conductivity SN = 6740
* System UpLoad Time = Dec 07 2018 14:33:36
* <ApplicationData>
* <Seaterm232>
# nquan = 13
# nvalues = 715                                   
# units = specified
# name 0 = prdM: Pressure, Strain Gauge [db]
# name 1 = tv290C: Temperature [ITS-90, deg C]
# name 2 = c0S/m: Conductivity [S/m]
# name 3 = sal00: Salinity, Practical [PSU]
# name 4 = sbeox0ML/L: Oxygen, SBE 43 [ml/l]
# name 5 = flECO-AFL: Fluorescence, WET Labs ECO-AFL/FL [mg/m^3]
# name 6 = nbf: Bottles Fired
# name 7 = timeS: Time, Elapsed [seconds]
# name 8 = timeJ: Julian Days
# name 9 = density00: Density [density, kg/m^3]
# name 10 = depSM: Depth [salt water, m], lat = 0.00
# name 11 = dz/dtM: Descent Rate [m/s]
# name 12 = flag:  0.000e+00
# span 0 =     -1.428,     11.232                 
# span 1 =    28.1922,    28.6382                 
# span 2 =   0.006597,   5.724202                 
# span 3 =     0.0357,    35.2683                 
# span 4 =     1.6155,     3.1663                 
# span 5 =    -0.4309,    48.6833                 
# span 6 =          0,          0                 
# span 7 =      0.000,    178.500                 
# span 8 = 338.331354, 338.333420                 
# span 9 =   996.1610,  1022.4581                 
# span 10 =     -1.420,     11.170                
# span 11 =     -0.961,      0.264                
# span 12 = 0.0000e+00, 0.0000e+00                
# interval = seconds: 0.25
# start_time = Dec 04 2018 07:57:09 [Instrument's time stamp, header]
# bad_flag = -9.990e-29
*END*
[from data line 556]
     11.210    28.5402   5.717537    35.2568     2.0220     0.1200          0    139.000 338.332963  1022.4579     11.148     -0.003  0.000e+00
     11.199    28.5403   5.717536    35.2567     2.0233     0.1001          0    139.250 338.332966  1022.4578     11.138     -0.006  0.000e+00
     11.199    28.5403   5.717536    35.2567     2.0278     0.1070          0    139.500 338.332969  1022.4578     11.138     -0.003  0.000e+00
     11.189    28.5404   5.717536    35.2566     2.0253     0.1016          0    139.750 338.332972  1022.4576     11.127     -0.004  0.000e+00
     11.199    28.5403   5.717567    35.2569     2.0204     0.0994          0    140.000 338.332975  1022.4579     11.138     -0.001  0.000e+00
     11.199    28.5404   5.717567    35.2568     2.0264     0.1169          0    140.250 338.332977  1022.4578     11.138     -0.001  0.000e+00
     11.210    28.5403   5.717567    35.2569     2.0239     0.1291          0    140.500 338.332980  1022.4580     11.148      0.001  0.000e+00
     11.210    28.5404   5.717567    35.2568     2.0263     0.1215          0    140.750 338.332983  1022.4579     11.148     -0.000  0.000e+00
     11.210    28.5404   5.717598    35.2570     2.0258     0.1238          0    141.000 338.332986  1022.4580     11.148      0.004  0.000e+00
     11.199    28.5406   5.717567    35.2567     2.0189     0.1055          0    141.250 338.332989  1022.4577     11.138      0.006  0.000e+00
     11.156    28.5405   5.717567    35.2568     2.0203     0.1032          0    141.500 338.332992  1022.4576     11.095     -0.007  0.000e+00
     10.951    28.5404   5.717536    35.2567     2.0171     0.0955          0    141.750 338.332995  1022.4567     10.890     -0.072  0.000e+00
     10.789    28.5404   5.717506    35.2565     2.0222     0.0994          0    142.000 338.332998  1022.4559     10.729     -0.167  0.000e+00
     10.648    28.5403   5.717536    35.2568     2.0221     0.0856          0    142.250 338.333001  1022.4555     10.589     -0.270  0.000e+00
     10.497    28.5402   5.717597    35.2574     2.0209     0.0902          0    142.500 338.333003  1022.4553     10.439     -0.375  0.000e+00
     10.324    28.5403   5.717567    35.2572     2.0197     0.0879          0    142.750 338.333006  1022.4544     10.267     -0.477  0.000e+00
     10.140    28.5405   5.716895    35.2524     2.0217     0.0971          0    143.000 338.333009  1022.4499     10.084     -0.569  0.000e+00
      9.967    28.5402   5.717475    35.2567     2.0246     0.0910          0    143.250 338.333012  1022.4525      9.912     -0.635  0.000e+00
      9.805    28.5403   5.717345    35.2558     2.0245     0.0917          0    143.500 338.333015  1022.4511      9.751     -0.665  0.000e+00
      9.686    28.5401   5.717505    35.2571     2.0266     0.0963          0    143.750 338.333018  1022.4516      9.633     -0.649  0.000e+00
      9.578    28.5401   5.717536    35.2573     2.0243     0.1055          0    144.000 338.333021  1022.4514      9.525     -0.631  0.000e+00
      9.427    28.5403   5.717536    35.2572     2.0272     0.1047          0    144.250 338.333024  1022.4506      9.375     -0.617  0.000e+00
      9.405    28.5402   5.717536    35.2573     2.0250     0.0810          0    144.500 338.333027  1022.4506      9.353     -0.564  0.000e+00
      9.405    28.5402   5.717566    35.2575     2.0262     0.0864          0    144.750 338.333030  1022.4507      9.353     -0.479  0.000e+00
      9.437    28.5400   5.717536    35.2574     2.0256     0.0788          0    145.000 338.333032  1022.4509      9.385     -0.370  0.000e+00
      9.437    28.5403   5.717566    35.2574     2.0265     0.0818          0    145.250 338.333035  1022.4508      9.385     -0.264  0.000e+00
      9.383    28.5402   5.717566    35.2575     2.0250     0.1230          0    145.500 338.333038  1022.4506      9.332     -0.182  0.000e+00
      9.383    28.5402   5.717536    35.2573     2.0220     0.1253          0    145.750 338.333041  1022.4505      9.332     -0.116  0.000e+00
      9.383    28.5403   5.717566    35.2574     2.0203     0.1268          0    146.000 338.333044  1022.4506      9.332     -0.061  0.000e+00
      9.383    28.5400   5.717536    35.2574     2.0235     0.1131          0    146.250 338.333047  1022.4507      9.332     -0.022  0.000e+00
      9.394    28.5401   5.717566    35.2576     2.0215     0.0841          0    146.500 338.333050  1022.4508      9.342     -0.018  0.000e+00
      9.405    28.5400   5.717566    35.2576     2.0187     0.0887          0    146.750 338.333053  1022.4509      9.353     -0.016  0.000e+00
      9.351    28.5401   5.717535    35.2574     2.0189     0.0826          0    147.000 338.333056  1022.4504      9.299     -0.028  0.000e+00
      9.200    28.5402   5.717566    35.2576     2.0198     0.0871          0    147.250 338.333058  1022.4499      9.149     -0.066  0.000e+00
      8.973    28.5402   5.717505    35.2572     2.0228     0.0849          0    147.500 338.333061  1022.4487      8.923     -0.149  0.000e+00
      8.778    28.5402   5.717505    35.2573     2.0221     0.1047          0    147.750 338.333064  1022.4479      8.730     -0.271  0.000e+00
      8.692    28.5399   5.717535    35.2577     2.0199     0.1016          0    148.000 338.333067  1022.4479      8.644     -0.375  0.000e+00
      8.659    28.5400   5.717566    35.2579     2.0232     0.0932          0    148.250 338.333070  1022.4479      8.611     -0.443  0.000e+00
      8.616    28.5403   5.717535    35.2574     2.0230     0.0986          0    148.500 338.333073  1022.4473      8.568     -0.473  0.000e+00
      8.443    28.5403   5.717535    35.2575     2.0235     0.1024          0    148.750 338.333076  1022.4466      8.396     -0.494  0.000e+00
      8.129    28.5403   5.717535    35.2576     2.0255     0.1154          0    149.000 338.333079  1022.4453      8.085     -0.533  0.000e+00
      7.881    28.5404   5.717504    35.2574     2.0258     0.1116          0    149.250 338.333082  1022.4440      7.837     -0.570  0.000e+00
      7.654    28.5401   5.717473    35.2574     2.0288     0.1062          0    149.500 338.333084  1022.4432      7.612     -0.620  0.000e+00
      7.546    28.5400   5.717405    35.2571     2.0298     0.1116          0    149.750 338.333087  1022.4425      7.504     -0.672  0.000e+00
      7.384    28.5397   5.717382    35.2572     2.0295     0.1192          0    150.000 338.333090  1022.4420      7.343     -0.737  0.000e+00
      7.189    28.5395   5.717343    35.2571     2.0282     0.1100          0    150.250 338.333093  1022.4412      7.149     -0.790  0.000e+00
      7.005    28.5393   5.717313    35.2571     2.0284     0.1207          0    150.500 338.333096  1022.4405      6.967     -0.802  0.000e+00
      6.940    28.5390   5.717275    35.2571     2.0270     0.1360          0    150.750 338.333099  1022.4403      6.902     -0.736  0.000e+00
      6.930    28.5386   5.717183    35.2567     2.0312     0.1390          0    151.000 338.333102  1022.4401      6.891     -0.618  0.000e+00
      6.919    28.5382   5.717114    35.2566     2.0310     0.1230          0    151.250 338.333105  1022.4400      6.881     -0.507  0.000e+00
      6.908    28.5378   5.717160    35.2572     2.0307     0.1406          0    151.500 338.333108  1022.4406      6.870     -0.401  0.000e+00
      6.897    28.5375   5.717114    35.2571     2.0320     0.1306          0    151.750 338.333111  1022.4406      6.859     -0.309  0.000e+00
      6.908    28.5375   5.717153    35.2573     2.0296     0.1123          0    152.000 338.333113  1022.4408      6.870     -0.200  0.000e+00
      6.908    28.5375   5.717114    35.2571     2.0288     0.1192          0    152.250 338.333116  1022.4406      6.870     -0.102  0.000e+00
      6.930    28.5372   5.717023    35.2567     2.0305     0.1261          0    152.500 338.333119  1022.4406      6.891     -0.031  0.000e+00
      6.930    28.5372   5.716992    35.2565     2.0262     0.1306          0    152.750 338.333122  1022.4404      6.891     -0.004  0.000e+00
      6.930    28.5371   5.716977    35.2565     2.0263     0.1146          0    153.000 338.333125  1022.4404      6.891      0.006  0.000e+00
      6.940    28.5368   5.716992    35.2568     2.0287     0.1207          0    153.250 338.333128  1022.4408      6.902      0.016  0.000e+00
      6.962    28.5366   5.716992    35.2569     2.0275     0.1200          0    153.500 338.333131  1022.4411      6.924      0.027  0.000e+00
      6.962    28.5366   5.716992    35.2569     2.0259     0.1169          0    153.750 338.333134  1022.4411      6.924      0.032  0.000e+00
      6.930    28.5365   5.717023    35.2572     2.0254     0.1077          0    154.000 338.333137  1022.4412      6.891      0.022  0.000e+00
      6.800    28.5364   5.716992    35.2571     2.0270     0.1200          0    154.250 338.333139  1022.4406      6.762     -0.022  0.000e+00
      6.659    28.5366   5.717007    35.2571     2.0289     0.1024          0    154.500 338.333142  1022.4399      6.623     -0.097  0.000e+00
      6.422    28.5366   5.716992    35.2571     2.0318     0.1093          0    154.750 338.333145  1022.4389      6.386     -0.210  0.000e+00
      6.119    28.5368   5.716954    35.2568     2.0293     0.1146          0    155.000 338.333148  1022.4373      6.085     -0.371  0.000e+00
      5.741    28.5368   5.717022    35.2574     2.0274     0.1146          0    155.250 338.333151  1022.4361      5.709     -0.579  0.000e+00
      5.460    28.5369   5.716991    35.2572     2.0313     0.1192          0    155.500 338.333154  1022.4347      5.429     -0.778  0.000e+00
      5.297    28.5368   5.716923    35.2568     2.0346     0.1146          0    155.750 338.333157  1022.4338      5.268     -0.915  0.000e+00
      5.222    28.5369   5.715869    35.2494     2.0606     0.1009          0    156.000 338.333160  1022.4279      5.193     -0.961  0.000e+00
      5.179    28.5364   5.716862    35.2567     2.0578     0.1062          0    156.250 338.333163  1022.4333      5.150     -0.914  0.000e+00
      5.006    28.5361   5.716862    35.2570     2.0476     0.1116          0    156.500 338.333166  1022.4329      4.978     -0.839  0.000e+00
      4.779    28.5362   5.716831    35.2568     2.0458     0.1161          0    156.750 338.333168  1022.4317      4.752     -0.752  0.000e+00
      4.562    28.5359   5.716762    35.2566     2.0427     0.1123          0    157.000 338.333171  1022.4307      4.537     -0.676  0.000e+00
      4.411    28.5358   5.716731    35.2565     2.0436     0.1222          0    157.250 338.333174  1022.4301      4.387     -0.618  0.000e+00
      4.346    28.5353   5.716701    35.2566     2.0384     0.1230          0    157.500 338.333177  1022.4301      4.322     -0.589  0.000e+00
      4.238    28.5353   5.716571    35.2558     2.0321     0.1207          0    157.750 338.333180  1022.4290      4.215     -0.590  0.000e+00
      4.011    28.5347   5.716540    35.2561     2.0249     0.1230          0    158.000 338.333183  1022.4284      3.989     -0.623  0.000e+00
      3.665    28.5342   5.716571    35.2567     2.0310     0.1245          0    158.250 338.333186  1022.4276      3.645     -0.689  0.000e+00
      3.352    28.5339   5.716510    35.2566     2.0281     0.1291          0    158.500 338.333189  1022.4263      3.333     -0.749  0.000e+00
      3.146    28.5338   5.716471    35.2565     2.0290     0.1207          0    158.750 338.333192  1022.4253      3.129     -0.799  0.000e+00
      3.016    28.5336   5.716517    35.2570     2.0300     0.1161          0    159.000 338.333194  1022.4252      3.000     -0.836  0.000e+00
      2.833    28.5336   5.715639    35.2510     2.0347     0.1276          0    159.250 338.333197  1022.4199      2.817     -0.876  0.000e+00
      2.681    28.5340   5.716700    35.2581     2.0335     0.1131          0    159.500 338.333200  1022.4245      2.666     -0.892  0.000e+00
      2.519    28.5348   5.716891    35.2589     2.0380     0.1138          0    159.750 338.333203  1022.4241      2.505     -0.858  0.000e+00
      2.432    28.5359   5.716990    35.2588     2.0365     0.1207          0    160.000 338.333206  1022.4233      2.419     -0.760  0.000e+00
      2.378    28.5372   5.717181    35.2592     2.0390     0.1146          0    160.250 338.333209  1022.4229      2.365     -0.633  0.000e+00
      2.389    28.5384   5.717349    35.2594     2.0368     0.1497          0    160.500 338.333212  1022.4227      2.376     -0.509  0.000e+00
      2.335    28.5399   5.717432    35.2589     2.0323     0.1467          0    160.750 338.333215  1022.4216      2.322     -0.419  0.000e+00
      2.184    28.5411   5.717562    35.2589     2.0324     0.1360          0    161.000 338.333218  1022.4206      2.172     -0.370  0.000e+00
      1.881    28.5421   5.717402    35.2572     2.0290     0.1451          0    161.250 338.333220  1022.4177      1.871     -0.381  0.000e+00
      1.579    28.5419   5.717340    35.2570     2.0289     0.1505          0    161.500 338.333223  1022.4163      1.570     -0.458  0.000e+00
      1.341    28.5420   5.717661    35.2592     2.0269     0.1573          0    161.750 338.333226  1022.4169      1.333     -0.565  0.000e+00
      1.157    28.5441   5.718859    35.2661     2.0316     0.1619          0    162.000 338.333229  1022.4206      1.151     -0.686  0.000e+00
      0.995    28.5488   5.719134    35.2645     2.0369     0.1535          0    162.250 338.333232  1022.4171      0.989     -0.788  0.000e+00
      0.811    28.5539   5.719714    35.2648     2.0512     0.1131          0    162.500 338.333235  1022.4149      0.807     -0.862  0.000e+00
      0.670    28.5575   5.720156    35.2652     2.0546     0.1222          0    162.750 338.333238  1022.4134      0.667     -0.865  0.000e+00
      0.595    28.5609   5.720317    35.2639     2.0588     0.1192          0    163.000 338.333241  1022.4110      0.592     -0.791  0.000e+00
      0.562    28.5635   5.720927    35.2661     2.0511     0.1146          0    163.250 338.333244  1022.4117      0.559     -0.661  0.000e+00
      0.584    28.5671   5.721416    35.2669     2.0469     0.1093          0    163.500 338.333247  1022.4111      0.581     -0.517  0.000e+00
      0.562    28.5704   5.721317    35.2637     2.0378     0.1474          0    163.750 338.333249  1022.4075      0.559     -0.394  0.000e+00
      0.411    28.5724   5.721347    35.2625     2.0359     0.1520          0    164.000 338.333252  1022.4053      0.409     -0.323  0.000e+00
      0.152    28.5734   5.721278    35.2614     2.0303     0.1390          0    164.250 338.333255  1022.4030      0.151     -0.320  0.000e+00
     -0.205    28.5736   5.720866    35.2585     2.0258     0.1337          0    164.500 338.333258  1022.3993     -0.204     -0.399  0.000e+00
     -0.465    28.5731   5.720797    35.2584     2.0231     0.1413          0    164.750 338.333261  1022.3983     -0.462     -0.529  0.000e+00
     -0.594    28.5727   5.721072    35.2607     2.0830     0.1474          0    165.000 338.333264  1022.3995     -0.591     -0.655  0.000e+00
     -0.648    28.5723   5.721117    35.2613     2.0998     0.1444          0    165.250 338.333267  1022.3999     -0.645     -0.737  0.000e+00
     -0.670    28.5724   5.721316    35.2626     2.0803     0.1467          0    165.500 338.333270  1022.4008     -0.666     -0.752  0.000e+00
     -0.692    28.5732   5.721346    35.2622     2.0724     0.0467          0    165.750 338.333273  1022.4001     -0.688     -0.683  0.000e+00
     -0.702    28.5739   5.721278    35.2612     2.0559     0.0459          0    166.000 338.333275  1022.3991     -0.699     -0.540  0.000e+00
     -0.702    28.5741   5.721232    35.2608     2.0432     0.0467          0    166.250 338.333278  1022.3987     -0.699     -0.363  0.000e+00
