ctd_mafia/cnv/SBE19plus_01906740_2018_12_07_0076.cnv
* Sea-Bird SBE19plus  Data File:
* FileName = C:\Users\all user\Desktop\Patroba _ WWF Mapping Mafia\SBE19plus_01906740_2018_12_07_0076.hex
* Software version 2.6.3.104
* Temperature SN = 6740
* Conductivity SN = 6740
* System UpLoad Time = Dec 07 2018 14:30:18
* <ApplicationData>
* <Seaterm232>
# nquan = 13
# nvalues = 728                                   
# units = specified
# name 0 = prdM: Pressure, Strain Gauge [db]
# name 1 = tv290C: Temperature [ITS-90, deg C]
# name 2 = c0S/m: Conductivity [S/m]
# name 3 = sal00: Salinity, Practical [PSU]
# name 4 = sbeox0ML/L: Oxygen, SBE 43 [ml/l]
# name 5 = flECO-AFL: Fluorescence, WET Labs ECO-AFL/FL [mg/m^3]
# name 6 = nbf: Bottles Fired
# name 7 = timeS: Time, Elapsed [seconds]
# name 8 = timeJ: Julian Days
# name 9 = density00: Density [density, kg/m^3]
# name 10 = depSM: Depth [salt water, m], lat = 0.00
# name 11 = dz/dtM: Descent Rate [m/s]
# name 12 = flag:  0.000e+00
# span 0 =     -1.396,     12.541                 
# span 1 =    28.8591,    29.0755                 
# span 2 =   0.146164,   5.765152                 
# span 3 =     0.6737,    35.2638                 
# span 4 =     2.0526,     4.4753                 
# span 5 =    -0.4042,    48.6864                 
# span 6 =          0,          0                 
# span 7 =      0.000,    181.750                 
# span 8 = 337.346701, 337.348805                 
# span 9 =   996.4377,  1022.3222                 
# span 10 =     -1.388,     12.472                
# span 11 =     -1.035,      0.333                
# span 12 = 0.0000e+00, 0.0000e+00                
# interval = seconds: 0.25
# start_time = Dec 03 2018 08:19:15 [Instrument's time stamp, header]
# bad_flag = -9.990e-29
*END*
[from data line 223]
     -0.195    28.9687   5.762273    35.2524     2.0637     0.0131          0     55.750 337.347347  1022.2632     -0.194      0.098  0.000e+00
     -0.303    28.9684   5.762227    35.2523     2.0593     0.0025          0     56.000 337.347350  1022.2628     -0.301      0.081  0.000e+00
     -0.368    28.9685   5.761974    35.2505     2.0597    -0.0036          0     56.250 337.347352  1022.2611     -0.366      0.024  0.000e+00
     -0.357    28.9683   5.761584    35.2479     2.0542    -0.0006          0     56.500 337.347355  1022.2593     -0.355     -0.045  0.000e+00
     -0.249    28.9681   5.761438    35.2471     2.0545     0.0101          0     56.750 337.347358  1022.2592     -0.247     -0.079  0.000e+00
     -0.151    28.9681   5.761745    35.2491     2.0612     0.0025          0     57.000 337.347361  1022.2612     -0.151     -0.072  0.000e+00
     -0.108    28.9682   5.762005    35.2508     2.0594     0.0162          0     57.250 337.347364  1022.2626     -0.108     -0.022  0.000e+00
     -0.119    28.9685   5.762036    35.2508     2.0608     0.0215          0     57.500 337.347367  1022.2624     -0.118      0.043  0.000e+00
     -0.173    28.9682   5.762059    35.2512     2.0619     0.0116          0     57.750 337.347370  1022.2626     -0.172      0.091  0.000e+00
     -0.249    28.9685   5.761875    35.2498     2.0637     0.0261          0     58.000 337.347373  1022.2611     -0.247      0.094  0.000e+00
     -0.303    28.9682   5.761745    35.2491     2.0646     0.0116          0     58.250 337.347376  1022.2605     -0.301      0.051  0.000e+00
     -0.324    28.9683   5.761584    35.2479     2.0662     0.0147          0     58.500 337.347378  1022.2595     -0.323     -0.019  0.000e+00
     -0.216    28.9683   5.761592    35.2480     2.0557     0.0093          0     58.750 337.347381  1022.2599     -0.215     -0.061  0.000e+00
     -0.076    28.9681   5.762005    35.2509     2.0526     0.0017          0     59.000 337.347384  1022.2628     -0.075     -0.037  0.000e+00
     -0.022    28.9684   5.762197    35.2520     2.0624     0.0131          0     59.250 337.347387  1022.2638     -0.022      0.021  0.000e+00
      0.032    28.9682   5.762266    35.2526     2.0597     0.0368          0     59.500 337.347390  1022.2645      0.032      0.099  0.000e+00
     -0.011    28.9683   5.762335    35.2530     2.0603     0.0261          0     59.750 337.347393  1022.2646     -0.011      0.154  0.000e+00
     -0.151    28.9682   5.762327    35.2531     2.0635     0.0330          0     60.000 337.347396  1022.2641     -0.151      0.145  0.000e+00
     -0.249    28.9682   5.762135    35.2518     2.0640     0.0315          0     60.250 337.347399  1022.2627     -0.247      0.084  0.000e+00
     -0.184    28.9682   5.761875    35.2500     2.0721     0.0704          0     60.500 337.347402  1022.2616     -0.183      0.022  0.000e+00
     -0.022    28.9682   5.762304    35.2529     2.0959     0.0719          0     60.750 337.347405  1022.2645     -0.022     -0.012  0.000e+00
      0.130    28.9682   5.762618    35.2550     2.0894     0.0635          0     61.000 337.347407  1022.2667      0.129      0.010  0.000e+00
      0.205    28.9682   5.762687    35.2555     2.0773     0.0658          0     61.250 337.347410  1022.2674      0.204      0.076  0.000e+00
      0.173    28.9682   5.762687    35.2555     2.0818    -0.0036          0     61.500 337.347413  1022.2673      0.172      0.133  0.000e+00
      0.076    28.9681   5.762496    35.2543     2.0721    -0.0189          0     61.750 337.347416  1022.2660      0.075      0.169  0.000e+00
      0.000    28.9680   5.762166    35.2521     2.0668    -0.0090          0     62.000 337.347419  1022.2641      0.000      0.168  0.000e+00
     -0.043    28.9680   5.761875    35.2501     2.0673    -0.0166          0     62.250 337.347422  1022.2624     -0.043      0.107  0.000e+00
      0.076    28.9681   5.761814    35.2496     2.0710    -0.0021          0     62.500 337.347425  1022.2624      0.075      0.039  0.000e+00
      0.216    28.9682   5.761967    35.2505     2.0735    -0.0059          0     62.750 337.347428  1022.2637      0.215      0.008  0.000e+00
      0.324    28.9685   5.762358    35.2529     2.0801    -0.0006          0     63.000 337.347431  1022.2659      0.323      0.033  0.000e+00
      0.389    28.9681   5.762427    35.2537     2.0801    -0.0036          0     63.250 337.347433  1022.2669      0.387      0.103  0.000e+00
      0.368    28.9681   5.762465    35.2540     2.0804    -0.0075          0     63.500 337.347436  1022.2670      0.366      0.175  0.000e+00
      0.292    28.9682   5.762427    35.2536     2.0725     0.0017          0     63.750 337.347439  1022.2664      0.290      0.205  0.000e+00
      0.259    28.9682   5.762266    35.2525     2.0691    -0.0014          0     64.000 337.347442  1022.2654      0.258      0.187  0.000e+00
      0.314    28.9681   5.762067    35.2512     2.0689    -0.0014          0     64.250 337.347445  1022.2647      0.312      0.145  0.000e+00
      0.368    28.9681   5.762090    35.2514     2.0655    -0.0052          0     64.500 337.347448  1022.2651      0.366      0.082  0.000e+00
      0.497    28.9682   5.762327    35.2529     2.0717     0.0017          0     64.750 337.347451  1022.2667      0.495      0.066  0.000e+00
      0.595    28.9682   5.762526    35.2542     2.0644     0.0055          0     65.000 337.347454  1022.2682      0.591      0.095  0.000e+00
      0.627    28.9682   5.762588    35.2547     2.0630     0.0154          0     65.250 337.347457  1022.2686      0.624      0.143  0.000e+00
      0.627    28.9683   5.762618    35.2548     2.0714     0.0002          0     65.500 337.347459  1022.2687      0.624      0.193  0.000e+00
      0.616    28.9683   5.762618    35.2548     2.0649     0.0505          0     65.750 337.347462  1022.2686      0.613      0.217  0.000e+00
      0.616    28.9681   5.763139    35.2585     2.0836     0.0536          0     66.000 337.347465  1022.2715      0.613      0.199  0.000e+00
      0.616    28.9681   5.763361    35.2601     2.0788     0.0490          0     66.250 337.347468  1022.2727      0.613      0.148  0.000e+00
      0.660    28.9682   5.763430    35.2605     2.0844     0.0429          0     66.500 337.347471  1022.2731      0.656      0.104  0.000e+00
      0.724    28.9682   5.763492    35.2609     2.0934     0.0566          0     66.750 337.347474  1022.2737      0.720      0.071  0.000e+00
      0.735    28.9686   5.763530    35.2608     2.0932     0.0543          0     67.000 337.347477  1022.2736      0.731      0.061  0.000e+00
      0.811    28.9686   5.763492    35.2605     2.0903     0.0490          0     67.250 337.347480  1022.2737      0.806      0.088  0.000e+00
      0.897    28.9687   5.763461    35.2602     2.0886     0.0551          0     67.500 337.347483  1022.2738      0.892      0.134  0.000e+00
      0.941    28.9686   5.763561    35.2610     2.0981     0.0650          0     67.750 337.347486  1022.2746      0.936      0.174  0.000e+00
      0.984    28.9687   5.763591    35.2611     2.0995     0.0414          0     68.000 337.347488  1022.2748      0.979      0.200  0.000e+00
      1.006    28.9687   5.763530    35.2607     2.1071     0.0315          0     68.250 337.347491  1022.2746      1.000      0.208  0.000e+00
      1.006    28.9685   5.763461    35.2603     2.1170     0.0391          0     68.500 337.347494  1022.2744      1.000      0.190  0.000e+00
      1.006    28.9682   5.763492    35.2608     2.1302     0.0276          0     68.750 337.347497  1022.2748      1.000      0.161  0.000e+00
      1.016    28.9682   5.763530    35.2610     2.1478     0.0444          0     69.000 337.347500  1022.2751      1.011      0.133  0.000e+00
      1.060    28.9680   5.763561    35.2614     2.1594     0.0490          0     69.250 337.347503  1022.2756      1.054      0.100  0.000e+00
      1.157    28.9682   5.763584    35.2614     2.1785     0.0559          0     69.500 337.347506  1022.2759      1.151      0.097  0.000e+00
      1.265    28.9682   5.763561    35.2612     2.1861     0.0482          0     69.750 337.347509  1022.2762      1.258      0.129  0.000e+00
      1.352    28.9681   5.763530    35.2610     2.1903     0.0154          0     70.000 337.347512  1022.2765      1.344      0.174  0.000e+00
      1.373    28.9680   5.763492    35.2608     2.1984     0.0208          0     70.250 337.347514  1022.2765      1.366      0.211  0.000e+00
      1.308    28.9681   5.763492    35.2608     2.2045     0.0177          0     70.500 337.347517  1022.2761      1.301      0.213  0.000e+00
      1.254    28.9680   5.763492    35.2609     2.2019     0.0185          0     70.750 337.347520  1022.2760      1.247      0.179  0.000e+00
      1.222    28.9680   5.763530    35.2611     2.2063     0.0177          0     71.000 337.347523  1022.2761      1.215      0.121  0.000e+00
      1.297    28.9680   5.763553    35.2613     2.2176     0.0231          0     71.250 337.347526  1022.2765      1.290      0.072  0.000e+00
      1.384    28.9681   5.763561    35.2612     2.2253     0.0215          0     71.500 337.347529  1022.2768      1.376      0.042  0.000e+00
      1.503    28.9684   5.763561    35.2610     2.2420     0.0200          0     71.750 337.347532  1022.2770      1.495      0.054  0.000e+00
      1.600    28.9683   5.763561    35.2610     2.2473     0.0200          0     72.000 337.347535  1022.2775      1.591      0.105  0.000e+00
      1.633    28.9682   5.763553    35.2610     2.2462     0.0315          0     72.250 337.347538  1022.2777      1.624      0.172  0.000e+00
      1.600    28.9681   5.763530    35.2609     2.2466     0.0345          0     72.500 337.347541  1022.2775      1.591      0.218  0.000e+00
      1.589    28.9681   5.763561    35.2612     2.2503     0.0391          0     72.750 337.347543  1022.2776      1.581      0.224  0.000e+00
      1.600    28.9681   5.763592    35.2614     2.2537     0.0368          0     73.000 337.347546  1022.2778      1.591      0.197  0.000e+00
      1.622    28.9681   5.763584    35.2613     2.2526     0.0459          0     73.250 337.347549  1022.2779      1.613      0.141  0.000e+00
      1.687    28.9684   5.763592    35.2611     2.2564     0.0475          0     73.500 337.347552  1022.2779      1.677      0.102  0.000e+00
      1.730    28.9683   5.763592    35.2612     2.2642     0.0513          0     73.750 337.347555  1022.2782      1.720      0.076  0.000e+00
      1.784    28.9682   5.763530    35.2608     2.2789     0.0513          0     74.000 337.347558  1022.2782      1.774      0.082  0.000e+00
      1.827    28.9680   5.763523    35.2609     2.2807     0.0330          0     74.250 337.347561  1022.2785      1.817      0.113  0.000e+00
      1.849    28.9680   5.763531    35.2609     2.2984     0.0284          0     74.500 337.347564  1022.2786      1.839      0.146  0.000e+00
      1.881    28.9681   5.763531    35.2609     2.2987     0.0437          0     74.750 337.347567  1022.2787      1.871      0.161  0.000e+00
      1.914    28.9679   5.763531    35.2610     2.2975     0.0368          0     75.000 337.347569  1022.2790      1.903      0.164  0.000e+00
      1.979    28.9677   5.763523    35.2611     2.2953     0.0345          0     75.250 337.347572  1022.2794      1.968      0.165  0.000e+00
      2.000    28.9677   5.763531    35.2611     2.2973     0.0101          0     75.500 337.347575  1022.2795      1.989      0.154  0.000e+00
      2.022    28.9677   5.763531    35.2611     2.2960     0.0177          0     75.750 337.347578  1022.2796      2.011      0.146  0.000e+00
      2.022    28.9677   5.763561    35.2613     2.3007     0.0200          0     76.000 337.347581  1022.2798      2.011      0.129  0.000e+00
      2.043    28.9678   5.763554    35.2612     2.3001     0.0360          0     76.250 337.347584  1022.2797      2.032      0.117  0.000e+00
      2.065    28.9677   5.763561    35.2613     2.3040     0.0261          0     76.500 337.347587  1022.2799      2.054      0.107  0.000e+00
      2.152    28.9678   5.763561    35.2612     2.3001     0.0368          0     76.750 337.347590  1022.2802      2.140      0.112  0.000e+00
      2.281    28.9679   5.763584    35.2613     2.2991     0.0337          0     77.000 337.347593  1022.2807      2.269      0.143  0.000e+00
      2.379    28.9679   5.763592    35.2613     2.2935     0.0452          0     77.250 337.347595  1022.2812      2.366      0.183  0.000e+00
      2.400    28.9680   5.763592    35.2612     2.2993     0.0185          0     77.500 337.347598  1022.2812      2.387      0.220  0.000e+00
      2.357    28.9683   5.763653    35.2614     2.2940     0.0208          0     77.750 337.347601  1022.2811      2.344      0.224  0.000e+00
      2.335    28.9685   5.763738    35.2619     2.2994     0.0116          0     78.000 337.347604  1022.2812      2.323      0.206  0.000e+00
      2.325    28.9687   5.763692    35.2614     2.3016     0.0162          0     78.250 337.347607  1022.2808      2.312      0.164  0.000e+00
      2.346    28.9687   5.763722    35.2616     2.3132     0.0276          0     78.500 337.347610  1022.2810      2.333      0.115  0.000e+00
      2.400    28.9687   5.763722    35.2616     2.3195     0.0246          0     78.750 337.347613  1022.2812      2.387      0.068  0.000e+00
      2.465    28.9687   5.763738    35.2617     2.3261     0.0307          0     79.000 337.347616  1022.2816      2.452      0.044  0.000e+00
      2.519    28.9689   5.763753    35.2616     2.3262     0.0177          0     79.250 337.347619  1022.2817      2.505      0.057  0.000e+00
      2.552    28.9688   5.763784    35.2619     2.3296     0.0215          0     79.500 337.347622  1022.2821      2.538      0.095  0.000e+00
      2.562    28.9691   5.763784    35.2617     2.3259     0.0086          0     79.750 337.347624  1022.2818      2.548      0.132  0.000e+00
      2.616    28.9689   5.763738    35.2615     2.3297     0.0261          0     80.000 337.347627  1022.2820      2.602      0.158  0.000e+00
      2.660    28.9691   5.763784    35.2616     2.3348     0.0261          0     80.250 337.347630  1022.2822      2.645      0.171  0.000e+00
      2.671    28.9691   5.763753    35.2614     2.3266     0.0269          0     80.500 337.347633  1022.2821      2.656      0.161  0.000e+00
      2.703    28.9689   5.763784    35.2618     2.3239     0.0505          0     80.750 337.347636  1022.2826      2.688      0.145  0.000e+00
      2.757    28.9690   5.763768    35.2616     2.3211     0.0459          0     81.000 337.347639  1022.2826      2.742      0.137  0.000e+00
      2.800    28.9690   5.763784    35.2617     2.3258     0.0391          0     81.250 337.347642  1022.2829      2.785      0.138  0.000e+00
      2.800    28.9691   5.763822    35.2619     2.3213     0.0353          0     81.500 337.347645  1022.2830      2.785      0.135  0.000e+00
      2.800    28.9691   5.763784    35.2616     2.3178     0.0223          0     81.750 337.347648  1022.2828      2.785      0.125  0.000e+00
      2.800    28.9693   5.763799    35.2616     2.3267     0.0299          0     82.000 337.347650  1022.2827      2.785      0.101  0.000e+00
      2.822    28.9693   5.763822    35.2617     2.3290     0.0429          0     82.250 337.347653  1022.2829      2.806      0.085  0.000e+00
      2.865    28.9693   5.763822    35.2617     2.3311     0.0315          0     82.500 337.347656  1022.2831      2.849      0.081  0.000e+00
      2.962    28.9692   5.763837    35.2619     2.3295     0.0528          0     82.750 337.347659  1022.2837      2.946      0.094  0.000e+00
      3.027    28.9694   5.763853    35.2618     2.3363     0.0528          0     83.000 337.347662  1022.2838      3.011      0.115  0.000e+00
