ctd_mafia/cnv/SBE19plus_01906740_2018_12_07_0078.cnv
* Sea-Bird SBE19plus  Data File:
* FileName = C:\Users\all user\Desktop\Patroba _ WWF Mapping Mafia\SBE19plus_01906740_2018_12_07_0078.hex
* Software version 2.6.3.104
* Temperature SN = 6740
* Conductivity SN = 6740
* System UpLoad Time = Dec 07 2018 14:30:50
* <ApplicationData>
* <Seaterm232>
# nquan = 13
# nvalues = 809                                   
# units = specified
# name 0 = prdM: Pressure, Strain Gauge [db]
# name 1 = tv290C: Temperature [ITS-90, deg C]
# name 2 = c0S/m: Conductivity [S/m]
# name 3 = sal00: Salinity, Practical [PSU]
# name 4 = sbeox0ML/L: Oxygen, SBE 43 [ml/l]
# name 5 = flECO-AFL: Fluorescence, WET Labs ECO-AFL/FL [mg/m^3]
# name 6 = nbf: Bottles Fired
# name 7 = timeS: Time, Elapsed [seconds]
# name 8 = timeJ: Julian Days
# name 9 = density00: Density [density, kg/m^3]
# name 10 = depSM: Depth [salt water, m], lat = 0.00
# name 11 = dz/dtM: Descent Rate [m/s]
# name 12 = flag:  0.000e+00
# span 0 =     -1.374,     14.443                 
# span 1 =    27.7772,    28.7663                 
# span 2 =   0.399537,   5.691876                 
# span 3 =     1.9755,    35.2796                 
# span 4 =     1.9519,     3.3615                 
# span 5 =    -0.4637,    48.6864                 
# span 6 =          0,          0                 
# span 7 =      0.000,    202.000                 
# span 8 = 337.361817, 337.364155                 
# span 9 =   997.6671,  1022.5389                 
# span 10 =     -1.366,     14.363                
# span 11 =     -1.222,      0.241                
# span 12 = 0.0000e+00, 0.0000e+00                
# interval = seconds: 0.25
# start_time = Dec 03 2018 08:41:01 [Instrument's time stamp, header]
# bad_flag = -9.990e-29
*END*
[from data line 778]
     -0.854    28.2624   5.682828    35.2252     2.0725     0.0818          0    194.500 337.364068  1022.4742     -0.849      0.048  0.000e+00
     -1.016    28.2629   5.682828    35.2249     2.0446     0.0887          0    194.750 337.364071  1022.4731     -1.011     -0.046  0.000e+00
     -1.103    28.2633   5.682828    35.2246     2.0438     0.0849          0    195.000 337.364074  1022.4724     -1.097     -0.157  0.000e+00
     -1.287    28.2640   5.682996    35.2253     2.0644     0.0864          0    195.250 337.364077  1022.4720     -1.280     -0.292  0.000e+00
     -1.362    28.2649   5.668608    35.1242     2.0908    48.6864          0    195.500 337.364080  1022.3953     -1.355     -0.401  0.000e+00
     -1.330    28.2656   2.192088    12.2820     2.3651    48.6757          0    195.750 337.364083  1005.3176     -1.323     -0.432  0.000e+00
     -1.341    28.2646   0.905261     4.7176     2.4798    48.6810          0    196.000 337.364086   999.6826     -1.333     -0.402  0.000e+00
     -1.341    28.2612   1.147671     6.0899     2.4679    48.6749          0    196.250 337.364089  1000.7067     -1.333     -0.324  0.000e+00
     -1.330    28.2569   0.993629     5.2151     2.4679     0.2588          0    196.500 337.364091  1000.0559     -1.323     -0.226  0.000e+00
     -1.330    28.2498   1.035347     5.4518     2.5058     0.2619          0    196.750 337.364094  1000.2344     -1.323     -0.135  0.000e+00
     -1.341    28.2410   0.995207     5.2257     2.4969     0.2664          0    197.000 337.364097  1000.0684     -1.333     -0.068  0.000e+00
     -1.341    28.2336   0.899337     4.6875     2.6989     0.2657          0    197.250 337.364100   999.6692     -1.333     -0.009  0.000e+00
     -1.351    28.2276   1.003044     5.2714     2.7030    -0.2852          0    197.500 337.364103  1000.1063     -1.344      0.001  0.000e+00
     -1.330    28.2242   0.975051     5.1137     2.9304    -0.2836          0    197.750 337.364106   999.9899     -1.323     -0.003  0.000e+00
     -1.330    28.2214   1.048105     5.5274     3.2310    -0.2829          0    198.000 337.364109  1000.2991     -1.323      0.001  0.000e+00
     -1.351    28.2179   1.040823     5.4864     3.3450    -0.2859          0    198.250 337.364112  1000.2695     -1.344     -0.004  0.000e+00
     -1.319    28.2143   0.838525     4.3499     3.3615    -0.2875          0    198.500 337.364115   999.4231     -1.312      0.001  0.000e+00
     -1.351    28.2120   1.125973     5.9720     3.1974     0.0170          0    198.750 337.364117  1000.6332     -1.344     -0.001  0.000e+00
     -1.330    28.2061   1.284502     6.8848     3.0287     0.0246          0    199.000 337.364120  1001.3153     -1.323      0.004  0.000e+00
     -1.330    28.1960   1.101819     5.8360     2.8591     0.0231          0    199.250 337.364123  1000.5366     -1.323      0.005  0.000e+00
     -1.330    28.1875   0.860908     4.4771     2.7402     0.0246          0    199.500 337.364126   999.5257     -1.323      0.006  0.000e+00
     -1.341    28.1810   0.904227     4.7200     2.5496    -0.4576          0    199.750 337.364129   999.7088     -1.333     -0.001  0.000e+00
     -1.330    28.1740   1.017617     5.3598     2.4175    -0.4622          0    200.000 337.364132  1000.1880     -1.322      0.002  0.000e+00
     -1.341    28.1656   0.696162     3.5676     2.4072    -0.4637          0    200.250 337.364135   998.8534     -1.333      0.002  0.000e+00
     -1.341    28.1586   0.696883     3.5721     2.4017    -0.4576          0    200.500 337.364138   998.8587     -1.333     -0.004  0.000e+00
     -1.341    28.1536   0.763001     3.9364     2.4161     0.2718          0    200.750 337.364141   999.1321     -1.333     -0.001  0.000e+00
     -1.340    28.1486   0.641646     3.2710     2.4351     0.2756          0    201.000 337.364144   998.6368     -1.333     -0.006  0.000e+00
     -1.330    28.1429   0.637530     3.2490     2.4342     0.2741          0    201.250 337.364146   998.6221     -1.322     -0.003  0.000e+00
     -1.351    28.1377   0.653080     3.3341     2.4371     0.2687          0    201.500 337.364149   998.6870     -1.344     -0.005  0.000e+00
     -1.340    28.1331   0.703363     3.6095     2.4407    -0.1135          0    201.750 337.364152   998.8941     -1.333     -0.003  0.000e+00
     -1.340    28.1286   0.693075     3.5534     2.4357    -0.1227          0    202.000 337.364155   998.8535     -1.333     -0.003  0.000e+00
