ctd_mafia/cnv/SBE19plus_01906740_2018_12_07_0098.cnv
* Sea-Bird SBE19plus  Data File:
* FileName = C:\Users\all user\Desktop\Patroba _ WWF Mapping Mafia\SBE19plus_01906740_2018_12_07_0098.hex
* Software version 2.6.3.104
* Temperature SN = 6740
* Conductivity SN = 6740
* System UpLoad Time = Dec 07 2018 14:34:51
* <ApplicationData>
* <Seaterm232>
# nquan = 13
# nvalues = 535                                   
# units = specified
# name 0 = prdM: Pressure, Strain Gauge [db]
# name 1 = tv290C: Temperature [ITS-90, deg C]
# name 2 = c0S/m: Conductivity [S/m]
# name 3 = sal00: Salinity, Practical [PSU]
# name 4 = sbeox0ML/L: Oxygen, SBE 43 [ml/l]
# name 5 = flECO-AFL: Fluorescence, WET Labs ECO-AFL/FL [mg/m^3]
# name 6 = nbf: Bottles Fired
# name 7 = timeS: Time, Elapsed [seconds]
# name 8 = timeJ: Julian Days
# name 9 = density00: Density [density, kg/m^3]
# name 10 = depSM: Depth [salt water, m], lat = 0.00
# name 11 = dz/dtM: Descent Rate [m/s]
# name 12 = flag:  0.000e+00
# span 0 =     -1.398,      8.883                 
# span 1 =    27.6023,    28.3220                 
# span 2 =   0.395158,   5.694961                 
# span 3 =     1.9585,    35.3129                 
# span 4 =     1.8261,     3.7958                 
# span 5 =    -0.0532,     1.0927                 
# span 6 =          0,          0                 
# span 7 =      0.000,    133.500                 
# span 8 = 338.377882, 338.379427                 
# span 9 =   997.6968,  1022.6660                 
# span 10 =     -1.391,      8.834                
# span 11 =     -0.710,      0.475                
# span 12 = 0.0000e+00, 0.0000e+00                
# interval = seconds: 0.25
# start_time = Dec 04 2018 09:04:09 [Instrument's time stamp, header]
# bad_flag = -9.990e-29
*END*
[from data line 445]
      6.872    28.0162   5.667248    35.2979     2.5575     0.0536          0    111.250 338.379170  1022.6428      6.834     -0.497  0.000e+00
      6.688    28.0222   5.667856    35.2977     2.5586     0.0879          0    111.500 338.379172  1022.6399      6.651     -0.525  0.000e+00
      6.547    28.0280   5.669027    35.3016     2.5875     0.0910          0    111.750 338.379175  1022.6404      6.511     -0.554  0.000e+00
      6.396    28.0362   5.670487    35.3057     2.6092     0.0849          0    112.000 338.379178  1022.6401      6.361     -0.600  0.000e+00
      6.191    28.0461   5.671026    35.3021     2.6538     0.0894          0    112.250 338.379181  1022.6333      6.157     -0.648  0.000e+00
      6.029    28.0543   5.672479    35.3063     2.7828     0.0688          0    112.500 338.379184  1022.6330      5.995     -0.658  0.000e+00
      5.856    28.0648   5.674130    35.3100     2.8071     0.0726          0    112.750 338.379187  1022.6317      5.823     -0.663  0.000e+00
      5.629    28.0764   5.675240    35.3092     2.8578     0.0719          0    113.000 338.379190  1022.6262      5.598     -0.690  0.000e+00
      5.488    28.0884   5.677051    35.3129     2.9283     0.0627          0    113.250 338.379193  1022.6245      5.458     -0.698  0.000e+00
      5.337    28.1014   5.677530    35.3066     2.9898     0.0719          0    113.500 338.379196  1022.6148      5.307     -0.697  0.000e+00
      5.131    28.1106   5.677940    35.3027     2.9769     0.1116          0    113.750 338.379198  1022.6080      5.103     -0.710  0.000e+00
      4.980    28.1174   5.679211    35.3065     2.9642     0.1039          0    114.000 338.379201  1022.6080      4.953     -0.706  0.000e+00
      4.796    28.1255   5.679500    35.3026     2.9803     0.1131          0    114.250 338.379204  1022.6016      4.770     -0.698  0.000e+00
      4.634    28.1309   5.679751    35.3003     2.9425     0.1009          0    114.500 338.379207  1022.5974      4.609     -0.694  0.000e+00
      4.548    28.1350   5.680200    35.3004     2.8980     0.0643          0    114.750 338.379210  1022.5958      4.523     -0.664  0.000e+00
      4.342    28.1385   5.680162    35.2976     2.7827     0.0620          0    115.000 338.379213  1022.5916      4.318     -0.647  0.000e+00
      4.158    28.1406   5.680230    35.2966     2.7566     0.0559          0    115.250 338.379216  1022.5894      4.136     -0.654  0.000e+00
      4.029    28.1420   5.680550    35.2977     2.7933     0.0559          0    115.500 338.379219  1022.5893      4.007     -0.645  0.000e+00
      3.888    28.1433   5.680451    35.2961     2.8324     0.0620          0    115.750 338.379222  1022.5871      3.867     -0.626  0.000e+00
      3.769    28.1445   5.680740    35.2973     2.7674     0.0604          0    116.000 338.379225  1022.5870      3.749     -0.611  0.000e+00
      3.661    28.1459   5.680861    35.2971     2.7134     0.0574          0    116.250 338.379227  1022.5860      3.641     -0.584  0.000e+00
      3.531    28.1470   5.680740    35.2955     2.6973     0.0604          0    116.500 338.379230  1022.5838      3.512     -0.566  0.000e+00
      3.348    28.1471   5.680960    35.2970     2.7621     0.0574          0    116.750 338.379233  1022.5842      3.329     -0.566  0.000e+00
      3.250    28.1481   5.681150    35.2976     2.7190     0.0604          0    117.000 338.379236  1022.5838      3.232     -0.535  0.000e+00
      3.056    28.1491   5.681051    35.2962     2.7636     0.0559          0    117.250 338.379239  1022.5816      3.039     -0.538  0.000e+00
      2.959    28.1498   5.681592    35.2995     2.6709     0.0604          0    117.500 338.379242  1022.5835      2.942     -0.542  0.000e+00
      2.818    28.1519   5.681782    35.2993     2.6999     0.0620          0    117.750 338.379245  1022.5820      2.802     -0.547  0.000e+00
      2.613    28.1540   5.681690    35.2972     2.9369     0.0803          0    118.000 338.379248  1022.5789      2.598     -0.573  0.000e+00
      2.483    28.1555   5.682771    35.3037     2.9323     0.0856          0    118.250 338.379251  1022.5827      2.469     -0.588  0.000e+00
      2.353    28.1595   5.682961    35.3020     2.9156     0.0833          0    118.500 338.379253  1022.5796      2.340     -0.588  0.000e+00
      2.180    28.1632   5.683182    35.3009     2.8884     0.0810          0    118.750 338.379256  1022.5768      2.168     -0.590  0.000e+00
      2.083    28.1663   5.684362    35.3069     2.9223     0.0505          0    119.000 338.379259  1022.5798      2.071     -0.590  0.000e+00
      1.931    28.1715   5.684491    35.3039     2.9147     0.0582          0    119.250 338.379262  1022.5752      1.921     -0.577  0.000e+00
      1.758    28.1759   5.684582    35.3013     2.9220     0.0543          0    119.500 338.379265  1022.5711      1.749     -0.588  0.000e+00
      1.650    28.1789   5.685153    35.3031     2.9845     0.0589          0    119.750 338.379268  1022.5711      1.641     -0.574  0.000e+00
      1.488    28.1818   5.685443    35.3030     2.9495     0.0444          0    120.000 338.379271  1022.5693      1.480     -0.562  0.000e+00
      1.304    28.1847   5.685732    35.3029     2.9834     0.0398          0    120.250 338.379274  1022.5675      1.297     -0.579  0.000e+00
      1.207    28.1877   5.686333    35.3049     2.8594     0.0536          0    120.500 338.379277  1022.5676      1.200     -0.579  0.000e+00
      1.023    28.1911   5.686394    35.3028     2.8094     0.0429          0    120.750 338.379280  1022.5641      1.018     -0.585  0.000e+00
      0.872    28.1942   5.687224    35.3064     2.7244     0.0864          0    121.000 338.379282  1022.5651      0.867     -0.601  0.000e+00
      0.753    28.1986   5.687742    35.3068     2.6713     0.0833          0    121.250 338.379285  1022.5635      0.749     -0.594  0.000e+00
      0.591    28.2028   5.687673    35.3031     2.6616     0.0902          0    121.500 338.379288  1022.5586      0.588     -0.592  0.000e+00
      0.461    28.2053   5.688213    35.3051     2.7029     0.0871          0    121.750 338.379291  1022.5588      0.459     -0.592  0.000e+00
      0.310    28.2084   5.688724    35.3064     2.5014     0.0818          0    122.000 338.379294  1022.5581      0.308     -0.583  0.000e+00
      0.158    28.2119   5.688815    35.3045     2.4707     0.0559          0    122.250 338.379297  1022.5548      0.157     -0.579  0.000e+00
      0.039    28.2151   5.689675    35.3082     2.5151     0.0627          0    122.500 338.379300  1022.5560      0.039     -0.579  0.000e+00
     -0.058    28.2190   5.689927    35.3070     2.5523     0.0521          0    122.750 338.379303  1022.5535     -0.058     -0.553  0.000e+00
     -0.274    28.2225   5.690025    35.3052     2.6005     0.0673          0    123.000 338.379306  1022.5500     -0.273     -0.561  0.000e+00
     -0.350    28.2252   5.690536    35.3067     2.7019     0.0444          0    123.250 338.379308  1022.5499     -0.348     -0.554  0.000e+00
     -0.490    28.2282   5.690833    35.3066     2.6352     0.0353          0    123.500 338.379311  1022.5482     -0.488     -0.543  0.000e+00
     -0.631    28.2313   5.690947    35.3052     2.7218     0.0391          0    123.750 338.379314  1022.5456     -0.627     -0.540  0.000e+00
     -0.717    28.2333   5.691297    35.3061     2.7663     0.0345          0    124.000 338.379317  1022.5452     -0.713     -0.522  0.000e+00
     -0.750    28.2360   5.691998    35.3090     2.8309     0.0711          0    124.250 338.379320  1022.5464     -0.746     -0.484  0.000e+00
     -0.782    28.2396   5.692257    35.3082     2.7650     0.0742          0    124.500 338.379323  1022.5444     -0.778     -0.435  0.000e+00
     -0.793    28.2429   5.692097    35.3046     2.8672     0.0810          0    124.750 338.379326  1022.5406     -0.789     -0.366  0.000e+00
     -0.761    28.2442   5.691678    35.3007     2.8625     0.0780          0    125.000 338.379329  1022.5374     -0.756     -0.265  0.000e+00
     -0.750    28.2426   5.691236    35.2987     2.8310     0.2817          0    125.250 338.379332  1022.5365     -0.746     -0.187  0.000e+00
     -0.728    28.2398   5.690680    35.2970     2.7858     0.2695          0    125.500 338.379334  1022.5362     -0.724     -0.096  0.000e+00
     -0.728    28.2365   5.690886    35.3008     2.7737     0.2794          0    125.750 338.379337  1022.5402     -0.724     -0.027  0.000e+00
     -0.717    28.2357   5.691587    35.3064     2.7820     0.2809          0    126.000 338.379340  1022.5447     -0.713      0.014  0.000e+00
     -0.717    28.2377   5.692158    35.3088     2.7677     0.2725          0    126.250 338.379343  1022.5458     -0.713      0.032  0.000e+00
     -0.728    28.2413   5.691998    35.3050     2.7808     0.0948          0    126.500 338.379346  1022.5417     -0.724      0.037  0.000e+00
     -0.750    28.2432   5.691906    35.3030     2.7515     0.1016          0    126.750 338.379349  1022.5395     -0.746      0.023  0.000e+00
     -0.728    28.2437   5.692028    35.3035     2.7690     0.1032          0    127.000 338.379352  1022.5398     -0.724      0.009  0.000e+00
     -0.739    28.2446   5.692958    35.3093     2.8055     0.0955          0    127.250 338.379355  1022.5439     -0.735     -0.001  0.000e+00
     -0.696    28.2487   5.693590    35.3107     2.7956     0.0490          0    127.500 338.379358  1022.5437     -0.692      0.003  0.000e+00
     -0.706    28.2528   5.693407    35.3063     2.7905     0.0475          0    127.750 338.379361  1022.5390     -0.703      0.007  0.000e+00
     -0.739    28.2550   5.693689    35.3066     2.8050     0.0475          0    128.000 338.379363  1022.5384     -0.735      0.001  0.000e+00
     -0.728    28.2574   5.693689    35.3049     2.7179     0.0414          0    128.250 338.379366  1022.5363     -0.724      0.003  0.000e+00
     -0.728    28.2589   5.694809    35.3115     2.8691     0.0673          0    128.500 338.379369  1022.5408     -0.724      0.005  0.000e+00
     -0.728    28.2627   5.694961    35.3097     2.7605     0.0757          0    128.750 338.379372  1022.5382     -0.724      0.004  0.000e+00
     -0.728    28.2661   5.694611    35.3048     2.7264     0.0742          0    129.000 338.379375  1022.5334     -0.724     -0.004  0.000e+00
     -0.739    28.2673   5.694519    35.3032     2.8262     0.0673          0    129.250 338.379378  1022.5318     -0.735     -0.009  0.000e+00
     -0.771    28.2676   5.694649    35.3039     2.8123     0.0650          0    129.500 338.379381  1022.5321     -0.767     -0.025  0.000e+00
     -0.901    28.2677   5.694664    35.3040     2.7138     0.0688          0    129.750 338.379384  1022.5315     -0.896     -0.060  0.000e+00
     -1.106    28.2679   5.693909    35.2986     2.7036     0.0704          0    130.000 338.379387  1022.5266     -1.100     -0.139  0.000e+00
     -1.301    28.2654   5.693978    35.3011     2.3875     0.0788          0    130.250 338.379389  1022.5284     -1.294     -0.254  0.000e+00
     -1.398    28.2644   5.574969    34.4716     2.6124     0.0803          0    130.500 338.379392  1021.9049     -1.391     -0.355  0.000e+00
     -1.388    28.2674   0.975989     5.1145     3.1020     1.0904          0    130.750 338.379395   999.9775     -1.380     -0.407  0.000e+00
     -1.377    28.2665   0.942223     4.9246     3.2432     1.0920          0    131.000 338.379398   999.8363     -1.369     -0.413  0.000e+00
     -1.377    28.2496   0.771717     3.9766     3.3913     1.0927          0    131.250 338.379401   999.1341     -1.369     -0.376  0.000e+00
     -1.388    28.2067   0.691605     3.5397     3.1536     1.0920          0    131.500 338.379404   998.8204     -1.380     -0.301  0.000e+00
     -1.377    28.1467   0.681361     3.4879     2.8505    -0.0311          0    131.750 338.379407   998.7992     -1.369     -0.192  0.000e+00
     -1.398    28.0770   0.498216     2.5014     2.6766    -0.0288          0    132.000 338.379410   998.0822     -1.391     -0.091  0.000e+00
     -1.388    28.0054   0.395158     1.9585     2.5490    -0.0258          0    132.250 338.379413   997.6968     -1.380     -0.022  0.000e+00
     -1.388    27.9359   0.490378     2.4668     2.3584    -0.0296          0    132.500 338.379416   998.0969     -1.380     -0.000  0.000e+00
     -1.377    27.8813   0.681155     3.5061     2.2876    -0.0204          0    132.750 338.379418   998.8893     -1.369     -0.001  0.000e+00
     -1.388    27.8521   0.755818     3.9212     2.2664    -0.0258          0    133.000 338.379421   999.2077     -1.380     -0.004  0.000e+00
     -1.377    27.8458   0.656904     3.3753     2.3378    -0.0227          0    133.250 338.379424   998.8019     -1.369      0.001  0.000e+00
     -1.377    27.8509   0.802627     4.1820     2.4723    -0.0342          0    133.500 338.379427   999.4029     -1.369      0.005  0.000e+00
