ctd_mafia/cnv/SBE19plus_01906740_2018_12_07_0086.cnv
* Sea-Bird SBE19plus  Data File:
* FileName = C:\Users\all user\Desktop\Patroba _ WWF Mapping Mafia\SBE19plus_01906740_2018_12_07_0086.hex
* Software version 2.6.3.104
* Temperature SN = 6740
* Conductivity SN = 6740
* System UpLoad Time = Dec 07 2018 14:32:43
* <ApplicationData>
* <Seaterm232>
# nquan = 13
# nvalues = 642                                   
# units = specified
# name 0 = prdM: Pressure, Strain Gauge [db]
# name 1 = tv290C: Temperature [ITS-90, deg C]
# name 2 = c0S/m: Conductivity [S/m]
# name 3 = sal00: Salinity, Practical [PSU]
# name 4 = sbeox0ML/L: Oxygen, SBE 43 [ml/l]
# name 5 = flECO-AFL: Fluorescence, WET Labs ECO-AFL/FL [mg/m^3]
# name 6 = nbf: Bottles Fired
# name 7 = timeS: Time, Elapsed [seconds]
# name 8 = timeJ: Julian Days
# name 9 = density00: Density [density, kg/m^3]
# name 10 = depSM: Depth [salt water, m], lat = 0.00
# name 11 = dz/dtM: Descent Rate [m/s]
# name 12 = flag:  0.000e+00
# span 0 =     -1.400,     16.267                 
# span 1 =    27.7298,    28.2115                 
# span 2 =   0.144078,   5.677204                 
# span 3 =     0.6810,    35.2297                 
# span 4 =     1.8495,     2.7684                 
# span 5 =    -0.0456,    48.6864                 
# span 6 =          0,          0                 
# span 7 =      0.000,    160.250                 
# span 8 = 337.436296, 337.438151                 
# span 9 =   996.8113,  1022.5936                 
# span 10 =     -1.392,     16.177                
# span 11 =     -0.938,      0.373                
# span 12 = 0.0000e+00, 0.0000e+00                
# interval = seconds: 0.25
# start_time = Dec 03 2018 10:28:16 [Instrument's time stamp, header]
# bad_flag = -9.990e-29
*END*
[from data line 334]
      9.878    28.1193   5.668107    35.2258     2.0099     0.0551          0     83.500 337.437263  1022.5677      9.823      0.218  0.000e+00
      9.900    28.1192   5.668107    35.2259     2.0157     0.0604          0     83.750 337.437266  1022.5679      9.845      0.259  0.000e+00
      9.878    28.1190   5.668107    35.2260     2.0156     0.0559          0     84.000 337.437269  1022.5679      9.823      0.272  0.000e+00
      9.889    28.1191   5.668137    35.2262     2.0102     0.0543          0     84.250 337.437271  1022.5681      9.834      0.261  0.000e+00
      9.964    28.1191   5.668168    35.2264     2.0147     0.0612          0     84.500 337.437274  1022.5685      9.909      0.234  0.000e+00
     10.072    28.1190   5.668168    35.2264     2.0076     0.0673          0     84.750 337.437277  1022.5691     10.017      0.218  0.000e+00
     10.159    28.1193   5.668206    35.2264     2.0101     0.0444          0     85.000 337.437280  1022.5693     10.103      0.208  0.000e+00
     10.267    28.1197   5.668236    35.2263     2.0150     0.0475          0     85.250 337.437283  1022.5696     10.210      0.215  0.000e+00
     10.332    28.1199   5.668267    35.2264     2.0207     0.0513          0     85.500 337.437286  1022.5699     10.275      0.244  0.000e+00
     10.332    28.1202   5.668267    35.2261     2.0160     0.0383          0     85.750 337.437289  1022.5696     10.275      0.269  0.000e+00
     10.332    28.1206   5.668236    35.2256     2.0092     0.0543          0     86.000 337.437292  1022.5691     10.275      0.272  0.000e+00
     10.321    28.1205   5.668236    35.2257     2.0181     0.0543          0     86.250 337.437295  1022.5691     10.264      0.235  0.000e+00
     10.375    28.1207   5.668267    35.2258     2.0163     0.0658          0     86.500 337.437297  1022.5693     10.318      0.187  0.000e+00
     10.483    28.1207   5.668297    35.2259     2.0270     0.0673          0     86.750 337.437300  1022.5699     10.425      0.160  0.000e+00
     10.624    28.1209   5.668328    35.2260     2.0228     0.0429          0     87.000 337.437303  1022.5705     10.565      0.172  0.000e+00
     10.753    28.1208   5.668297    35.2258     2.0242     0.0482          0     87.250 337.437306  1022.5709     10.694      0.211  0.000e+00
     10.840    28.1206   5.668328    35.2261     2.0283     0.0429          0     87.500 337.437309  1022.5716     10.780      0.270  0.000e+00
     10.861    28.1207   5.668297    35.2258     2.0272     0.0475          0     87.750 337.437312  1022.5715     10.802      0.317  0.000e+00
     10.818    28.1206   5.668290    35.2259     2.0281     0.0475          0     88.000 337.437315  1022.5713     10.759      0.318  0.000e+00
     10.775    28.1208   5.668297    35.2258     2.0280     0.0391          0     88.250 337.437318  1022.5710     10.716      0.275  0.000e+00
     10.797    28.1207   5.668328    35.2261     2.0327     0.0376          0     88.500 337.437321  1022.5714     10.737      0.204  0.000e+00
     10.937    28.1207   5.668358    35.2262     2.0295     0.0490          0     88.750 337.437323  1022.5721     10.877      0.157  0.000e+00
     11.099    28.1211   5.668396    35.2262     2.0329     0.0391          0     89.000 337.437326  1022.5726     11.038      0.152  0.000e+00
     11.207    28.1213   5.668358    35.2257     2.0346     0.0612          0     89.250 337.437329  1022.5727     11.146      0.182  0.000e+00
     11.272    28.1212   5.668328    35.2256     2.0297     0.0658          0     89.500 337.437332  1022.5729     11.210      0.233  0.000e+00
     11.251    28.1212   5.668298    35.2254     2.0263     0.0604          0     89.750 337.437335  1022.5726     11.189      0.272  0.000e+00
     11.283    28.1210   5.668298    35.2255     2.0258     0.0612          0     90.000 337.437338  1022.5729     11.221      0.301  0.000e+00
     11.305    28.1208   5.668328    35.2258     2.0204     0.0467          0     90.250 337.437341  1022.5733     11.242      0.292  0.000e+00
     11.381    28.1206   5.668328    35.2260     2.0152     0.0368          0     90.500 337.437344  1022.5738     11.318      0.257  0.000e+00
     11.435    28.1207   5.668359    35.2261     2.0061     0.0498          0     90.750 337.437347  1022.5741     11.371      0.203  0.000e+00
     11.435    28.1209   5.668298    35.2255     2.0052     0.0414          0     91.000 337.437350  1022.5736     11.371      0.153  0.000e+00
     11.456    28.1207   5.668298    35.2257     2.0078     0.0414          0     91.250 337.437352  1022.5739     11.393      0.130  0.000e+00
     11.554    28.1207   5.668290    35.2256     2.0119     0.0452          0     91.500 337.437355  1022.5742     11.490      0.145  0.000e+00
     11.651    28.1207   5.668298    35.2256     2.0139     0.0353          0     91.750 337.437358  1022.5747     11.587      0.185  0.000e+00
     11.802    28.1208   5.668328    35.2257     2.0149     0.0406          0     92.000 337.437361  1022.5754     11.737      0.232  0.000e+00
     11.867    28.1207   5.668359    35.2260     2.0126     0.0429          0     92.250 337.437364  1022.5759     11.802      0.271  0.000e+00
     11.878    28.1209   5.668359    35.2258     2.0073     0.0307          0     92.500 337.437367  1022.5757     11.812      0.281  0.000e+00
     11.813    28.1208   5.668359    35.2259     2.0059     0.0353          0     92.750 337.437370  1022.5756     11.748      0.261  0.000e+00
     11.770    28.1207   5.668359    35.2260     2.0104     0.0360          0     93.000 337.437373  1022.5755     11.705      0.218  0.000e+00
     11.705    28.1210   5.668359    35.2258     2.0079     0.0459          0     93.250 337.437376  1022.5750     11.640      0.136  0.000e+00
     11.759    28.1211   5.668397    35.2260     2.0081     0.0421          0     93.500 337.437378  1022.5753     11.694      0.058  0.000e+00
     11.899    28.1216   5.668458    35.2260     2.0104     0.0368          0     93.750 337.437381  1022.5757     11.834      0.029  0.000e+00
     12.105    28.1218   5.668488    35.2260     2.0117     0.0536          0     94.000 337.437384  1022.5766     12.038      0.064  0.000e+00
     12.245    28.1222   5.668519    35.2259     2.0225     0.0452          0     94.250 337.437387  1022.5770     12.178      0.157  0.000e+00
     12.310    28.1220   5.668458    35.2256     2.0225     0.0398          0     94.500 337.437390  1022.5771     12.242      0.259  0.000e+00
     12.289    28.1220   5.668397    35.2252     2.0169     0.0505          0     94.750 337.437393  1022.5767     12.221      0.330  0.000e+00
     12.245    28.1216   5.668382    35.2254     2.0194     0.0498          0     95.000 337.437396  1022.5768     12.178      0.340  0.000e+00
     12.213    28.1215   5.668427    35.2258     2.0189     0.0574          0     95.250 337.437399  1022.5769     12.145      0.298  0.000e+00
     12.170    28.1215   5.668427    35.2258     2.0131     0.0383          0     95.500 337.437402  1022.5768     12.102      0.194  0.000e+00
     12.202    28.1216   5.668488    35.2261     2.0144     0.0391          0     95.750 337.437405  1022.5771     12.135      0.085  0.000e+00
     12.299    28.1218   5.668549    35.2264     2.0156     0.0406          0     96.000 337.437407  1022.5777     12.231      0.019  0.000e+00
     12.429    28.1222   5.668519    35.2258     2.0069     0.0444          0     96.250 337.437410  1022.5777     12.360      0.030  0.000e+00
     12.548    28.1222   5.668519    35.2257     2.0104     0.0376          0     96.500 337.437413  1022.5781     12.479      0.098  0.000e+00
     12.678    28.1221   5.668488    35.2256     2.0131     0.0459          0     96.750 337.437416  1022.5786     12.608      0.202  0.000e+00
     12.786    28.1220   5.668458    35.2254     2.0164     0.0459          0     97.000 337.437419  1022.5790     12.715      0.303  0.000e+00
     12.840    28.1218   5.668428    35.2254     2.0183     0.0383          0     97.250 337.437422  1022.5792     12.769      0.370  0.000e+00
     12.786    28.1217   5.668397    35.2252     2.0177     0.0444          0     97.500 337.437425  1022.5789     12.715      0.373  0.000e+00
     12.753    28.1218   5.668458    35.2256     2.0251     0.0543          0     97.750 337.437428  1022.5790     12.683      0.315  0.000e+00
     12.732    28.1218   5.668489    35.2258     2.0282     0.0597          0     98.000 337.437431  1022.5791     12.662      0.223  0.000e+00
     12.775    28.1220   5.668489    35.2257     2.0261     0.0604          0     98.250 337.437433  1022.5791     12.705      0.139  0.000e+00
     12.894    28.1219   5.668519    35.2259     2.0193     0.0490          0     98.500 337.437436  1022.5799     12.823      0.099  0.000e+00
     13.024    28.1222   5.668565    35.2259     2.0233     0.0582          0     98.750 337.437439  1022.5803     12.952      0.102  0.000e+00
     13.099    28.1222   5.668519    35.2256     2.0187     0.0429          0     99.000 337.437442  1022.5804     13.027      0.136  0.000e+00
     13.099    28.1222   5.668519    35.2256     2.0142     0.0368          0     99.250 337.437445  1022.5804     13.027      0.179  0.000e+00
     13.089    28.1222   5.668519    35.2256     2.0171     0.0421          0     99.500 337.437448  1022.5804     13.016      0.216  0.000e+00
     13.067    28.1222   5.668550    35.2258     2.0107     0.0467          0     99.750 337.437451  1022.5804     12.995      0.212  0.000e+00
     13.121    28.1222   5.668588    35.2260     2.0127     0.0536          0    100.000 337.437454  1022.5808     13.049      0.193  0.000e+00
     13.153    28.1224   5.668550    35.2256     2.0134     0.0475          0    100.250 337.437457  1022.5805     13.081      0.151  0.000e+00
     13.229    28.1226   5.668588    35.2257     2.0135     0.0376          0    100.500 337.437459  1022.5809     13.156      0.116  0.000e+00
     13.337    28.1224   5.668588    35.2258     2.0090     0.0452          0    100.750 337.437462  1022.5815     13.264      0.119  0.000e+00
     13.402    28.1225   5.668618    35.2259     2.0141     0.0521          0    101.000 337.437465  1022.5818     13.328      0.153  0.000e+00
     13.467    28.1224   5.668550    35.2255     2.0093     0.0406          0    101.250 337.437468  1022.5818     13.393      0.204  0.000e+00
     13.467    28.1222   5.668519    35.2254     2.0158     0.0459          0    101.500 337.437471  1022.5818     13.393      0.231  0.000e+00
     13.499    28.1222   5.668550    35.2256     2.0159     0.0459          0    101.750 337.437474  1022.5821     13.425      0.238  0.000e+00
     13.521    28.1222   5.668550    35.2256     2.0178     0.0253          0    102.000 337.437477  1022.5822     13.446      0.216  0.000e+00
     13.575    28.1223   5.668535    35.2254     2.0152     0.0368          0    102.250 337.437480  1022.5823     13.500      0.197  0.000e+00
     13.662    28.1221   5.668550    35.2257     2.0159     0.0391          0    102.500 337.437483  1022.5830     13.586      0.181  0.000e+00
     13.726    28.1222   5.668550    35.2257     2.0141     0.0315          0    102.750 337.437486  1022.5831     13.651      0.174  0.000e+00
     13.813    28.1220   5.668520    35.2256     2.0109     0.0551          0    103.000 337.437488  1022.5835     13.737      0.192  0.000e+00
     13.899    28.1219   5.668520    35.2256     2.0085     0.0467          0    103.250 337.437491  1022.5839     13.823      0.224  0.000e+00
     13.975    28.1219   5.668550    35.2258     2.0157     0.0398          0    103.500 337.437494  1022.5844     13.898      0.264  0.000e+00
     14.018    28.1219   5.668550    35.2258     2.0173     0.0521          0    103.750 337.437497  1022.5846     13.941      0.282  0.000e+00
     14.029    28.1221   5.668618    35.2261     2.0207     0.0437          0    104.000 337.437500  1022.5848     13.952      0.277  0.000e+00
     14.062    28.1222   5.668619    35.2260     2.0275     0.0353          0    104.250 337.437503  1022.5848     13.984      0.253  0.000e+00
     14.051    28.1223   5.668588    35.2257     2.0221     0.0444          0    104.500 337.437506  1022.5845     13.973      0.208  0.000e+00
     14.062    28.1223   5.668588    35.2257     2.0292     0.0345          0    104.750 337.437509  1022.5845     13.984      0.162  0.000e+00
     14.072    28.1225   5.668619    35.2257     2.0304     0.0391          0    105.000 337.437512  1022.5846     13.995      0.115  0.000e+00
     14.126    28.1224   5.668649    35.2260     2.0213     0.0543          0    105.250 337.437514  1022.5850     14.048      0.087  0.000e+00
     14.213    28.1226   5.668619    35.2256     2.0165     0.0406          0    105.500 337.437517  1022.5850     14.134      0.091  0.000e+00
     14.278    28.1225   5.668596    35.2255     2.0188     0.0391          0    105.750 337.437520  1022.5853     14.199      0.116  0.000e+00
     14.343    28.1225   5.668588    35.2254     2.0249     0.0490          0    106.000 337.437523  1022.5855     14.263      0.153  0.000e+00
     14.386    28.1224   5.668588    35.2255     2.0147     0.0429          0    106.250 337.437526  1022.5858     14.306      0.183  0.000e+00
     14.418    28.1224   5.668588    35.2255     2.0222     0.0490          0    106.500 337.437529  1022.5859     14.339      0.209  0.000e+00
     14.483    28.1222   5.668588    35.2256     2.0249     0.0490          0    106.750 337.437532  1022.5863     14.403      0.225  0.000e+00
     14.559    28.1222   5.668588    35.2256     2.0323     0.0505          0    107.000 337.437535  1022.5866     14.478      0.236  0.000e+00
     14.645    28.1221   5.668588    35.2257     2.0365     0.0429          0    107.250 337.437538  1022.5872     14.564      0.240  0.000e+00
     14.743    28.1223   5.668588    35.2255     2.0214     0.0513          0    107.500 337.437541  1022.5873     14.661      0.250  0.000e+00
     14.840    28.1222   5.668589    35.2255     2.0276     0.0482          0    107.750 337.437543  1022.5878     14.758      0.274  0.000e+00
     14.916    28.1223   5.668589    35.2254     2.0238     0.0459          0    108.000 337.437546  1022.5880     14.833      0.298  0.000e+00
     14.959    28.1222   5.668619    35.2257     2.0302     0.0459          0    108.250 337.437549  1022.5884     14.876      0.312  0.000e+00
     14.970    28.1222   5.668619    35.2258     2.0251     0.0444          0    108.500 337.437552  1022.5885     14.887      0.303  0.000e+00
     14.959    28.1222   5.668619    35.2257     2.0178     0.0444          0    108.750 337.437555  1022.5884     14.876      0.262  0.000e+00
     15.002    28.1222   5.668619    35.2257     2.0231     0.0490          0    109.000 337.437558  1022.5886     14.919      0.219  0.000e+00
     15.056    28.1223   5.668619    35.2256     2.0257     0.0452          0    109.250 337.437561  1022.5887     14.973      0.181  0.000e+00
     15.121    28.1224   5.668627    35.2256     2.0216     0.0147          0    109.500 337.437564  1022.5889     15.037      0.156  0.000e+00
     15.218    28.1224   5.668650    35.2257     2.0187     0.0215          0    109.750 337.437567  1022.5895     15.134      0.157  0.000e+00
     15.305    28.1223   5.668650    35.2257     2.0254     0.0208          0    110.000 337.437569  1022.5899     15.220      0.182  0.000e+00
     15.402    28.1225   5.668680    35.2258     2.0254     0.0185          0    110.250 337.437572  1022.5903     15.317      0.228  0.000e+00
     15.456    28.1226   5.668650    35.2255     2.0263     0.0383          0    110.500 337.437575  1022.5902     15.371      0.270  0.000e+00
     15.521    28.1225   5.668619    35.2253     2.0283     0.0421          0    110.750 337.437578  1022.5904     15.435      0.299  0.000e+00
