ctd_mafia/cnv/SBE19plus_01906740_2018_12_07_0076.cnv
* Sea-Bird SBE19plus  Data File:
* FileName = C:\Users\all user\Desktop\Patroba _ WWF Mapping Mafia\SBE19plus_01906740_2018_12_07_0076.hex
* Software version 2.6.3.104
* Temperature SN = 6740
* Conductivity SN = 6740
* System UpLoad Time = Dec 07 2018 14:30:18
* <ApplicationData>
* <Seaterm232>
# nquan = 13
# nvalues = 728                                   
# units = specified
# name 0 = prdM: Pressure, Strain Gauge [db]
# name 1 = tv290C: Temperature [ITS-90, deg C]
# name 2 = c0S/m: Conductivity [S/m]
# name 3 = sal00: Salinity, Practical [PSU]
# name 4 = sbeox0ML/L: Oxygen, SBE 43 [ml/l]
# name 5 = flECO-AFL: Fluorescence, WET Labs ECO-AFL/FL [mg/m^3]
# name 6 = nbf: Bottles Fired
# name 7 = timeS: Time, Elapsed [seconds]
# name 8 = timeJ: Julian Days
# name 9 = density00: Density [density, kg/m^3]
# name 10 = depSM: Depth [salt water, m], lat = 0.00
# name 11 = dz/dtM: Descent Rate [m/s]
# name 12 = flag:  0.000e+00
# span 0 =     -1.396,     12.541                 
# span 1 =    28.8591,    29.0755                 
# span 2 =   0.146164,   5.765152                 
# span 3 =     0.6737,    35.2638                 
# span 4 =     2.0526,     4.4753                 
# span 5 =    -0.4042,    48.6864                 
# span 6 =          0,          0                 
# span 7 =      0.000,    181.750                 
# span 8 = 337.346701, 337.348805                 
# span 9 =   996.4377,  1022.3222                 
# span 10 =     -1.388,     12.472                
# span 11 =     -1.035,      0.333                
# span 12 = 0.0000e+00, 0.0000e+00                
# interval = seconds: 0.25
# start_time = Dec 03 2018 08:19:15 [Instrument's time stamp, header]
# bad_flag = -9.990e-29
*END*
[from data line 667]
      3.709    28.9731   5.764305    35.2620     2.3771     0.0376          0    166.750 337.348631  1022.2856      3.689     -1.026  0.000e+00
      3.536    28.9727   5.764267    35.2621     2.3804     0.0429          0    167.000 337.348634  1022.2851      3.517     -0.981  0.000e+00
      3.331    28.9726   5.764205    35.2618     2.3814     0.0315          0    167.250 337.348637  1022.2840      3.312     -0.921  0.000e+00
      3.114    28.9723   5.764205    35.2620     2.3832     0.0368          0    167.500 337.348640  1022.2834      3.097     -0.843  0.000e+00
      2.941    28.9721   5.764174    35.2620     2.3839     0.0353          0    167.750 337.348643  1022.2827      2.925     -0.771  0.000e+00
      2.693    28.9722   5.764205    35.2622     2.3755     0.0330          0    168.000 337.348646  1022.2818      2.678     -0.743  0.000e+00
      2.433    28.9720   5.764174    35.2623     2.3676     0.0345          0    168.250 337.348649  1022.2808      2.420     -0.770  0.000e+00
      2.141    28.9720   5.764143    35.2621     2.3651     0.0376          0    168.500 337.348652  1022.2794      2.130     -0.843  0.000e+00
      1.850    28.9718   5.764113    35.2621     2.3585     0.0360          0    168.750 337.348655  1022.2783      1.839     -0.923  0.000e+00
      1.666    28.9718   5.764112    35.2622     2.3631     0.0459          0    169.000 337.348657  1022.2775      1.657     -0.959  0.000e+00
      1.633    28.9718   5.764112    35.2622     2.3584     0.0490          0    169.250 337.348660  1022.2774      1.624     -0.925  0.000e+00
      1.623    28.9717   5.764112    35.2623     2.3523     0.0475          0    169.500 337.348663  1022.2774      1.614     -0.835  0.000e+00
      1.547    28.9716   5.764112    35.2624     2.3554     0.0444          0    169.750 337.348666  1022.2772      1.538     -0.724  0.000e+00
      1.406    28.9717   5.764074    35.2621     2.3574    -0.0090          0    170.000 337.348669  1022.2763      1.399     -0.604  0.000e+00
      1.244    28.9718   5.764074    35.2621     2.3543    -0.0036          0    170.250 337.348672  1022.2756      1.237     -0.507  0.000e+00
      1.093    28.9715   5.764074    35.2623     2.3581     0.0002          0    170.500 337.348675  1022.2753      1.087     -0.441  0.000e+00
      0.909    28.9715   5.764051    35.2622     2.3465    -0.0014          0    170.750 337.348678  1022.2744      0.904     -0.432  0.000e+00
      0.660    28.9715   5.763721    35.2600     2.3515     0.0833          0    171.000 337.348681  1022.2717      0.657     -0.504  0.000e+00
      0.390    28.9713   5.763821    35.2609     2.3573     0.0795          0    171.250 337.348683  1022.2713      0.388     -0.630  0.000e+00
      0.087    28.9713   5.763851    35.2612     2.3630     0.0849          0    171.500 337.348686  1022.2702      0.087     -0.763  0.000e+00
     -0.129    28.9712   5.763989    35.2623     2.3621     0.0818          0    171.750 337.348689  1022.2701     -0.128     -0.853  0.000e+00
     -0.226    28.9712   5.764012    35.2625     2.3601     0.0261          0    172.000 337.348692  1022.2698     -0.225     -0.879  0.000e+00
     -0.248    28.9710   5.763981    35.2624     2.3600     0.0246          0    172.250 337.348695  1022.2698     -0.246     -0.838  0.000e+00
     -0.204    28.9712   5.763981    35.2623     2.3512     0.0269          0    172.500 337.348698  1022.2698     -0.203     -0.730  0.000e+00
     -0.096    28.9710   5.763989    35.2625     2.3435     0.0238          0    172.750 337.348701  1022.2704     -0.096     -0.547  0.000e+00
     -0.053    28.9709   5.763951    35.2623     2.3422     0.0215          0    173.000 337.348704  1022.2705     -0.053     -0.334  0.000e+00
     -0.064    28.9709   5.763981    35.2625     2.3426     0.0620          0    173.250 337.348707  1022.2706     -0.064     -0.143  0.000e+00
     -0.140    28.9709   5.763989    35.2625     2.3430     0.0612          0    173.500 337.348709  1022.2703     -0.139     -0.014  0.000e+00
     -0.259    28.9712   5.764012    35.2625     2.3443     0.0574          0    173.750 337.348712  1022.2697     -0.257      0.017  0.000e+00
     -0.367    28.9710   5.764012    35.2627     2.3523     0.0566          0    174.000 337.348715  1022.2695     -0.365     -0.029  0.000e+00
     -0.410    28.9712   5.763981    35.2623     2.3486    -0.0265          0    174.250 337.348718  1022.2689     -0.408     -0.103  0.000e+00
     -0.496    28.9711   5.763989    35.2625     2.3532    -0.0311          0    174.500 337.348721  1022.2687     -0.494     -0.195  0.000e+00
     -0.464    28.9711   5.764012    35.2626     2.3520    -0.0288          0    174.750 337.348724  1022.2690     -0.462     -0.248  0.000e+00
     -0.432    28.9716   5.764042    35.2625     2.3488    -0.0273          0    175.000 337.348727  1022.2688     -0.429     -0.239  0.000e+00
     -0.442    28.9719   5.764203    35.2634     2.3512     0.1108          0    175.250 337.348730  1022.2693     -0.440     -0.195  0.000e+00
     -0.486    28.9729   5.764364    35.2638     2.3508     0.1032          0    175.500 337.348733  1022.2691     -0.483     -0.141  0.000e+00
     -0.540    28.9737   5.764402    35.2634     2.3607     0.1131          0    175.750 337.348736  1022.2684     -0.537     -0.099  0.000e+00
     -0.615    28.9744   5.764364    35.2627     2.3646     0.1146          0    176.000 337.348738  1022.2672     -0.612     -0.089  0.000e+00
     -0.691    28.9745   5.764364    35.2626     2.3642     0.0490          0    176.250 337.348741  1022.2668     -0.687     -0.112  0.000e+00
     -0.724    28.9745   5.764333    35.2624     2.3924     0.0521          0    176.500 337.348744  1022.2666     -0.720     -0.137  0.000e+00
     -0.767    28.9743   5.764272    35.2622     2.4149     0.0536          0    176.750 337.348747  1022.2662     -0.763     -0.181  0.000e+00
     -0.842    28.9740   5.764272    35.2624     2.4616     0.0459          0    177.000 337.348750  1022.2662     -0.838     -0.216  0.000e+00
     -0.951    28.9738   5.764241    35.2624     2.4385     0.0452          0    177.250 337.348753  1022.2658     -0.945     -0.244  0.000e+00
     -1.113    28.9737   5.764233    35.2624     2.4591     0.2779          0    177.500 337.348756  1022.2652     -1.107     -0.285  0.000e+00
     -1.275    28.9738   5.764203    35.2622     2.4605     0.2771          0    177.750 337.348759  1022.2643     -1.268     -0.338  0.000e+00
     -1.351    28.9735   5.764172    35.2622     2.4650     0.2786          0    178.000 337.348762  1022.2641     -1.343     -0.377  0.000e+00
     -1.372    28.9735   5.381260    32.6371     2.5327     0.2725          0    178.250 337.348764  1020.2940     -1.365     -0.393  0.000e+00
     -1.383    28.9709   1.783352     9.6686     2.8635     0.7196          0    178.500 337.348767  1003.1584     -1.375     -0.386  0.000e+00
     -1.372    28.9627   0.907179     4.6608     2.9131     0.7242          0    178.750 337.348770   999.4339     -1.365     -0.342  0.000e+00
     -1.361    28.9546   1.059583     5.5086     2.8664     0.7318          0    179.000 337.348773  1000.0678     -1.354     -0.265  0.000e+00
     -1.372    28.9474   0.983369     5.0843     2.8684     0.7257          0    179.250 337.348776   999.7539     -1.364     -0.177  0.000e+00
     -1.350    28.9402   1.023279     5.3073     2.8516    48.6734          0    179.500 337.348779   999.9223     -1.343     -0.084  0.000e+00
     -1.372    28.9358   1.192213     6.2574     2.9291    48.6795          0    179.750 337.348782  1000.6309     -1.364     -0.024  0.000e+00
     -1.394    28.9300   1.119241     5.8463     3.5554    48.6833          0    180.000 337.348785  1000.3264     -1.386     -0.007  0.000e+00
     -1.350    28.9207   1.166853     6.1159     3.3898    48.6787          0    180.250 337.348788  1000.5302     -1.343      0.004  0.000e+00
     -1.361    28.9099   1.061393     5.5238     3.2472    48.6795          0    180.500 337.348791  1000.0925     -1.354      0.006  0.000e+00
     -1.361    28.9013   1.259829     6.6459     3.1765    48.6856          0    180.750 337.348793  1000.9305     -1.354      0.003  0.000e+00
     -1.350    28.8938   0.870537     4.4654     3.1781    48.6764          0    181.000 337.348796   999.3089     -1.343      0.005  0.000e+00
     -1.361    28.8918   1.199980     6.3071     3.0135    48.6833          0    181.250 337.348799  1000.6811     -1.354      0.006  0.000e+00
     -1.350    28.8763   1.342732     7.1232     2.8298    48.6864          0    181.500 337.348802  1001.2933     -1.343      0.007  0.000e+00
     -1.372    28.8591   0.765202     3.8916     2.7362    -0.0227          0    181.750 337.348805   998.8914     -1.365      0.008  0.000e+00
