ctd_mafia/cnv/SBE19plus_01906740_2018_12_07_0105.cnv
* Sea-Bird SBE19plus  Data File:
* FileName = C:\Users\all user\Desktop\Patroba _ WWF Mapping Mafia\SBE19plus_01906740_2018_12_07_0105.hex
* Software version 2.6.3.104
* Temperature SN = 6740
* Conductivity SN = 6740
* System UpLoad Time = Dec 07 2018 14:37:02
* <ApplicationData>
* <Seaterm232>
# nquan = 13
# nvalues = 814                                   
# units = specified
# name 0 = prdM: Pressure, Strain Gauge [db]
# name 1 = tv290C: Temperature [ITS-90, deg C]
# name 2 = c0S/m: Conductivity [S/m]
# name 3 = sal00: Salinity, Practical [PSU]
# name 4 = sbeox0ML/L: Oxygen, SBE 43 [ml/l]
# name 5 = flECO-AFL: Fluorescence, WET Labs ECO-AFL/FL [mg/m^3]
# name 6 = nbf: Bottles Fired
# name 7 = timeS: Time, Elapsed [seconds]
# name 8 = timeJ: Julian Days
# name 9 = density00: Density [density, kg/m^3]
# name 10 = depSM: Depth [salt water, m], lat = 0.00
# name 11 = dz/dtM: Descent Rate [m/s]
# name 12 = flag:  0.000e+00
# span 0 =     -1.420,     20.892                 
# span 1 =    27.9443,    28.6468                 
# span 2 =   0.478774,   5.724422                 
# span 3 =     2.3949,    35.3945                 
# span 4 =     1.0842,    10.5825                 
# span 5 =    -0.0784,     1.1637                 
# span 6 =          0,          0                 
# span 7 =      0.000,    203.250                 
# span 8 = 338.431574, 338.433927                 
# span 9 =   997.9862,  1022.7191                 
# span 10 =     -1.412,     20.776                
# span 11 =     -1.150,      0.536                
# span 12 = 0.0000e+00, 0.0000e+00                
# interval = seconds: 0.25
# start_time = Dec 04 2018 10:21:28 [Instrument's time stamp, header]
# bad_flag = -9.990e-29
*END*
     -1.185    28.3267   2.105729    11.7403     2.5401    -0.0319          0      0.000 338.431574  1004.8964     -1.179      0.000  0.000e+00
     -1.066    28.4007   3.199661    18.5365     2.4304    -0.0395          0      0.250 338.431577  1009.9380     -1.060      0.032  0.000e+00
     -0.958    28.4569   2.588018    14.6673     2.4615    -0.0418          0      0.500 338.431580  1007.0377     -0.953      0.084  0.000e+00
     -0.882    28.4963   3.091263    17.8109     2.3666    -0.0380          0      0.750 338.431583  1009.3682     -0.877      0.142  0.000e+00
     -0.828    28.5197   3.298128    19.1183     2.3170     0.0376          0      1.000 338.431586  1010.3359     -0.824      0.194  0.000e+00
     -0.763    28.5309   3.524474    20.5661     2.2844     0.0360          0      1.250 338.431589  1011.4124     -0.759      0.239  0.000e+00
     -0.763    28.5363   3.600712    21.0557     2.2529     0.0360          0      1.500 338.431591  1011.7761     -0.759      0.257  0.000e+00
     -0.730    28.5484   3.446203    20.0551     2.2501     0.0360          0      1.750 338.431594  1011.0259     -0.726      0.255  0.000e+00
     -0.698    28.5626   3.680501    21.5603     2.2299     0.0459          0      2.000 338.431597  1012.1446     -0.694      0.231  0.000e+00
     -0.676    28.5736   5.534364    33.9666     2.0868     0.0559          0      2.250 338.431600  1021.4268     -0.673      0.180  0.000e+00
     -0.644    28.5846   5.686005    35.0084     2.0803     0.0543          0      2.500 338.431603  1022.2059     -0.640      0.144  0.000e+00
     -0.687    28.5957   5.700763    35.1026     2.0956     0.0459          0      2.750 338.431606  1022.2728     -0.683      0.105  0.000e+00
     -0.698    28.6090   5.712149    35.1718     2.0966     0.0292          0      3.000 338.431609  1022.3203     -0.694      0.070  0.000e+00
     -0.665    28.6217   5.711797    35.1600     2.0976     0.0246          0      3.250 338.431612  1022.3073     -0.661      0.049  0.000e+00
     -0.589    28.6340   5.714422    35.1691     2.0985     0.0231          0      3.500 338.431615  1022.3104     -0.586      0.059  0.000e+00
     -0.470    28.6459   5.723689    35.2244     2.1018     0.0208          0      3.750 338.431617  1022.3486     -0.468      0.089  0.000e+00
     -0.395    28.6468   5.724422    35.2288     2.1099     0.0131          0      4.000 338.431620  1022.3519     -0.392      0.131  0.000e+00
     -0.276    28.6388   5.720299    35.2061     2.1133    -0.0014          0      4.250 338.431623  1022.3380     -0.274      0.193  0.000e+00
     -0.232    28.6323   5.717590    35.1922     2.1175    -0.0021          0      4.500 338.431626  1022.3299     -0.231      0.245  0.000e+00
     -0.211    28.6258   5.716949    35.1925     2.1133     0.0017          0      4.750 338.431629  1022.3324     -0.209      0.285  0.000e+00
     -0.200    28.6168   5.717559    35.2034     2.1282     0.0017          0      5.000 338.431632  1022.3436     -0.199      0.284  0.000e+00
     -0.167    28.6020   5.717750    35.2157     2.1251    -0.0067          0      5.250 338.431635  1022.3579     -0.166      0.256  0.000e+00
     -0.167    28.5704   5.714965    35.2198     2.1418    -0.0181          0      5.500 338.431638  1022.3714     -0.166      0.203  0.000e+00
     -0.167    28.5336   5.710197    35.2140     2.1532    -0.0181          0      5.750 338.431641  1022.3793     -0.166      0.143  0.000e+00
     -0.146    28.4998   5.706773    35.2153     2.1643    -0.0128          0      6.000 338.431644  1022.3915     -0.145      0.100  0.000e+00
     -0.113    28.4735   5.706171    35.2307     2.1663    -0.0044          0      6.250 338.431646  1022.4119     -0.113      0.069  0.000e+00
     -0.124    28.4541   5.706171    35.2451     2.1731     0.0009          0      6.500 338.431649  1022.4291     -0.123      0.056  0.000e+00
     -0.146    28.4312   5.703800    35.2456     2.1776    -0.0082          0      6.750 338.431652  1022.4369     -0.145      0.041  0.000e+00
     -0.167    28.4053   5.700736    35.2435     2.1821    -0.0059          0      7.000 338.431655  1022.4439     -0.166      0.022  0.000e+00
     -0.167    28.3815   5.698442    35.2453     2.1855     0.0086          0      7.250 338.431658  1022.4530     -0.166      0.004  0.000e+00
     -0.167    28.3625   5.696529    35.2461     2.1929     0.0177          0      7.500 338.431661  1022.4599     -0.166     -0.005  0.000e+00
     -0.135    28.3491   5.695158    35.2465     2.2044     0.0124          0      7.750 338.431664  1022.4648     -0.134     -0.006  0.000e+00
     -0.124    28.3391   5.694259    35.2476     2.2016     0.0017          0      8.000 338.431667  1022.4690     -0.123     -0.006  0.000e+00
     -0.124    28.3336   5.693787    35.2484     2.2006     0.0078          0      8.250 338.431670  1022.4714     -0.123     -0.001  0.000e+00
     -0.124    28.3325   5.693398    35.2465     2.2057     0.0215          0      8.500 338.431672  1022.4703     -0.123      0.012  0.000e+00
     -0.102    28.3343   5.693558    35.2463     2.2083     0.0231          0      8.750 338.431675  1022.4697     -0.102      0.029  0.000e+00
     -0.124    28.3368   5.694038    35.2479     2.3205     0.0292          0      9.000 338.431678  1022.4699     -0.123      0.031  0.000e+00
     -0.157    28.3387   5.694739    35.2513     2.3283     0.0223          0      9.250 338.431681  1022.4717     -0.156      0.016  0.000e+00
     -0.124    28.3424   5.695311    35.2526     2.3103     0.0200          0      9.500 338.431684  1022.4716     -0.124      0.009  0.000e+00
     -0.103    28.3474   5.695951    35.2533     2.2971     0.0284          0      9.750 338.431687  1022.4706     -0.102      0.004  0.000e+00
     -0.070    28.3518   5.695508    35.2469     2.2740     0.0261          0     10.000 338.431690  1022.4645     -0.070      0.015  0.000e+00
     -0.059    28.3550   5.696431    35.2509     2.2464     0.0261          0     10.250 338.431693  1022.4665     -0.059      0.028  0.000e+00
     -0.059    28.3573   5.696301    35.2484     2.2306     0.0032          0     10.500 338.431696  1022.4638     -0.059      0.037  0.000e+00
     -0.081    28.3587   5.696331    35.2475     2.2063    -0.0067          0     10.750 338.431698  1022.4626     -0.080      0.035  0.000e+00
     -0.113    28.3584   5.696369    35.2480     2.1788    -0.0006          0     11.000 338.431701  1022.4629     -0.113      0.030  0.000e+00
     -0.124    28.3565   5.696400    35.2496     2.1706     0.0009          0     11.250 338.431704  1022.4648     -0.123      0.014  0.000e+00
     -0.113    28.3539   5.696370    35.2513     2.1754     0.0238          0     11.500 338.431707  1022.4669     -0.113     -0.009  0.000e+00
     -0.102    28.3508   5.695554    35.2480     2.1762     0.0185          0     11.750 338.431710  1022.4655     -0.102     -0.021  0.000e+00
     -0.113    28.3474   5.695219    35.2482     2.1647     0.0215          0     12.000 338.431713  1022.4667     -0.113     -0.030  0.000e+00
     -0.102    28.3470   5.694518    35.2436     2.1802     0.0261          0     12.250 338.431716  1022.4635     -0.102     -0.025  0.000e+00
     -0.092    28.3503   5.693817    35.2362     2.1679     0.0246          0     12.500 338.431719  1022.4569     -0.091     -0.011  0.000e+00
     -0.048    28.3558   5.693085    35.2270     2.1627     0.0032          0     12.750 338.431722  1022.4483     -0.048      0.016  0.000e+00
     -0.070    28.3612   5.692666    35.2201     2.1626    -0.0036          0     13.000 338.431725  1022.4412     -0.070      0.030  0.000e+00
     -0.059    28.3657   5.692384    35.2148     2.1579     0.0017          0     13.250 338.431727  1022.4358     -0.059      0.035  0.000e+00
     -0.070    28.3709   5.692384    35.2109     2.1620     0.0093          0     13.500 338.431730  1022.4311     -0.070      0.030  0.000e+00
     -0.070    28.3758   5.692514    35.2081     2.1565    -0.0059          0     13.750 338.431733  1022.4274     -0.070      0.025  0.000e+00
     -0.081    28.3798   5.692666    35.2062     2.1504    -0.0082          0     14.000 338.431736  1022.4246     -0.080      0.017  0.000e+00
     -0.135    28.3836   5.693115    35.2066     2.1390     0.0047          0     14.250 338.431739  1022.4234     -0.134     -0.009  0.000e+00
     -0.135    28.3891   5.694136    35.2096     2.1382    -0.0029          0     14.500 338.431742  1022.4239     -0.134     -0.031  0.000e+00
     -0.156    28.3963   5.695058    35.2106     2.1331     0.0017          0     14.750 338.431745  1022.4222     -0.156     -0.053  0.000e+00
     -0.124    28.4030   5.695279    35.2072     2.1270     0.0040          0     15.000 338.431748  1022.4175     -0.123     -0.047  0.000e+00
     -0.092    28.4083   5.695507    35.2048     2.1142    -0.0006          0     15.250 338.431751  1022.4141     -0.091     -0.035  0.000e+00
     -0.081    28.4124   5.696170    35.2064     2.1086     0.0025          0     15.500 338.431753  1022.4140     -0.080     -0.014  0.000e+00
     -0.081    28.4174   5.696993    35.2085     2.1037     0.0253          0     15.750 338.431756  1022.4139     -0.080      0.004  0.000e+00
     -0.081    28.4205   5.697229    35.2078     2.0894     0.0215          0     16.000 338.431759  1022.4123     -0.080      0.022  0.000e+00
     -0.081    28.4223   5.697450    35.2080     2.1029     0.0200          0     16.250 338.431762  1022.4119     -0.080      0.038  0.000e+00
     -0.081    28.4243   5.698533    35.2140     2.1168     0.0246          0     16.500 338.431765  1022.4157     -0.080      0.036  0.000e+00
     -0.092    28.4251   5.700095    35.2243     2.1091     0.0200          0     16.750 338.431768  1022.4232     -0.091      0.027  0.000e+00
     -0.102    28.4241   5.700385    35.2270     2.1081    -0.0242          0     17.000 338.431771  1022.4255     -0.102      0.006  0.000e+00
     -0.091    28.4222   5.700415    35.2287     2.1044    -0.0143          0     17.250 338.431774  1022.4275     -0.091     -0.006  0.000e+00
     -0.070    28.4196   5.700324    35.2300     2.0953    -0.0166          0     17.500 338.431777  1022.4294     -0.069     -0.003  0.000e+00
     -0.059    28.4168   5.700187    35.2311     2.0946    -0.0113          0     17.750 338.431780  1022.4312     -0.059      0.005  0.000e+00
     -0.091    28.4144   5.700134    35.2325     2.0920     0.0231          0     18.000 338.431782  1022.4329     -0.091      0.003  0.000e+00
     -0.102    28.4130   5.699874    35.2317     2.1165     0.0276          0     18.250 338.431785  1022.4327     -0.102     -0.001  0.000e+00
     -0.070    28.4121   5.699493    35.2298     2.1203     0.0208          0     18.500 338.431788  1022.4318     -0.069      0.004  0.000e+00
     -0.102    28.4112   5.698884    35.2262     2.1381     0.0215          0     18.750 338.431791  1022.4292     -0.102      0.001  0.000e+00
     -0.081    28.4120   5.698823    35.2252     2.1189    -0.0281          0     19.000 338.431794  1022.4283     -0.080      0.001  0.000e+00
     -0.081    28.4148   5.699333    35.2267     2.1154    -0.0311          0     19.250 338.431797  1022.4284     -0.080     -0.004  0.000e+00
     -0.059    28.4179   5.699478    35.2254     2.0945    -0.0273          0     19.500 338.431800  1022.4266     -0.059     -0.000  0.000e+00
     -0.059    28.4199   5.699074    35.2210     2.0776    -0.0220          0     19.750 338.431803  1022.4226     -0.059      0.009  0.000e+00
     -0.037    28.4216   5.699303    35.2214     2.0628     0.0147          0     20.000 338.431806  1022.4224     -0.037      0.026  0.000e+00
     -0.027    28.4245   5.700194    35.2254     2.0584     0.0063          0     20.250 338.431808  1022.4245     -0.027      0.034  0.000e+00
     -0.016    28.4268   5.700614    35.2266     2.0588     0.0086          0     20.500 338.431811  1022.4247     -0.016      0.037  0.000e+00
     -0.005    28.4277   5.700865    35.2277     2.0491     0.0116          0     20.750 338.431814  1022.4253     -0.005      0.048  0.000e+00
     -0.027    28.4272   5.701025    35.2292     2.0550     0.0109          0     21.000 338.431817  1022.4265     -0.027      0.037  0.000e+00
     -0.037    28.4264   5.700995    35.2296     2.0669    -0.0120          0     21.250 338.431820  1022.4270     -0.037      0.027  0.000e+00
     -0.059    28.4245   5.701201    35.2324     2.0668    -0.0082          0     21.500 338.431823  1022.4296     -0.059      0.007  0.000e+00
     -0.070    28.4206   5.701567    35.2379     2.0752    -0.0044          0     21.750 338.431826  1022.4350     -0.070     -0.009  0.000e+00
     -0.059    28.4167   5.701536    35.2406     2.0970    -0.0014          0     22.000 338.431829  1022.4384     -0.059     -0.022  0.000e+00
     -0.070    28.4128   5.700964    35.2395     2.0953     0.0047          0     22.250 338.431832  1022.4388     -0.070     -0.031  0.000e+00
     -0.081    28.4066   5.700324    35.2397     2.0841     0.0078          0     22.500 338.431834  1022.4410     -0.080     -0.037  0.000e+00
     -0.070    28.3991   5.699745    35.2412     2.0817     0.0116          0     22.750 338.431837  1022.4446     -0.070     -0.033  0.000e+00
     -0.016    28.3919   5.699013    35.2414     2.0868     0.0162          0     23.000 338.431840  1022.4474     -0.016     -0.007  0.000e+00
     -0.038    28.3856   5.698556    35.2429     2.0843     0.0414          0     23.250 338.431843  1022.4505     -0.037      0.007  0.000e+00
     -0.038    28.3803   5.698213    35.2445     2.0737     0.0345          0     23.500 338.431846  1022.4534     -0.037      0.018  0.000e+00
     -0.038    28.3759   5.697901    35.2456     2.0537     0.0322          0     23.750 338.431849  1022.4557     -0.037      0.022  0.000e+00
     -0.038    28.3726   5.697901    35.2481     2.0703     0.0330          0     24.000 338.431852  1022.4587     -0.037      0.020  0.000e+00
     -0.027    28.3695   5.697802    35.2497     2.0451     0.0269          0     24.250 338.431855  1022.4609     -0.026      0.023  0.000e+00
     -0.037    28.3666   5.697543    35.2501     2.0588     0.0185          0     24.500 338.431858  1022.4621     -0.037      0.017  0.000e+00
     -0.037    28.3647   5.697231    35.2493     2.0634     0.0292          0     24.750 338.431861  1022.4621     -0.037      0.006  0.000e+00
     -0.037    28.3626   5.696171    35.2435     2.0593     0.0200          0     25.000 338.431863  1022.4585     -0.037     -0.005  0.000e+00
     -0.037    28.3604   5.695737    35.2421     2.0656     0.0315          0     25.250 338.431866  1022.4582     -0.037      0.000  0.000e+00
     -0.048    28.3585   5.693718    35.2294     2.0627     0.0025          0     25.500 338.431869  1022.4492     -0.048     -0.004  0.000e+00
     -0.070    28.3569   5.691745    35.2169     2.0645     0.0070          0     25.750 338.431872  1022.4402     -0.069     -0.012  0.000e+00
     -0.059    28.3551   5.691135    35.2139     2.0600     0.0177          0     26.000 338.431875  1022.4387     -0.059     -0.016  0.000e+00
     -0.059    28.3537   5.690823    35.2128     2.0563     0.0078          0     26.250 338.431878  1022.4382     -0.059     -0.018  0.000e+00
     -0.048    28.3526   5.690404    35.2107     2.0413     0.0429          0     26.500 338.431881  1022.4370     -0.048     -0.012  0.000e+00
     -0.037    28.3516   5.690153    35.2097     2.0300     0.0475          0     26.750 338.431884  1022.4367     -0.037     -0.006  0.000e+00
     -0.059    28.3506   5.689421    35.2053     2.0335     0.0543          0     27.000 338.431887  1022.4337     -0.059     -0.005  0.000e+00
     -0.037    28.3496   5.688652    35.2007     2.0452     0.0391          0     27.250 338.431889  1022.4306     -0.037      0.003  0.000e+00
     -0.027    28.3488   5.688348    35.1991     2.0455     0.0391          0     27.500 338.431892  1022.4297     -0.026      0.014  0.000e+00
