ctd_mafia/cnv/SBE19plus_01906740_2018_12_07_0104.cnv
* Sea-Bird SBE19plus  Data File:
* FileName = C:\Users\all user\Desktop\Patroba _ WWF Mapping Mafia\SBE19plus_01906740_2018_12_07_0104.hex
* Software version 2.6.3.104
* Temperature SN = 6740
* Conductivity SN = 6740
* System UpLoad Time = Dec 07 2018 14:36:44
* <ApplicationData>
* <Seaterm232>
# nquan = 13
# nvalues = 1082                                  
# units = specified
# name 0 = prdM: Pressure, Strain Gauge [db]
# name 1 = tv290C: Temperature [ITS-90, deg C]
# name 2 = c0S/m: Conductivity [S/m]
# name 3 = sal00: Salinity, Practical [PSU]
# name 4 = sbeox0ML/L: Oxygen, SBE 43 [ml/l]
# name 5 = flECO-AFL: Fluorescence, WET Labs ECO-AFL/FL [mg/m^3]
# name 6 = nbf: Bottles Fired
# name 7 = timeS: Time, Elapsed [seconds]
# name 8 = timeJ: Julian Days
# name 9 = density00: Density [density, kg/m^3]
# name 10 = depSM: Depth [salt water, m], lat = 0.00
# name 11 = dz/dtM: Descent Rate [m/s]
# name 12 = flag:  0.000e+00
# span 0 =     -1.401,     18.502                 
# span 1 =    27.3551,    28.6746                 
# span 2 =   0.512993,   5.695220                 
# span 3 =     2.5489,    35.5061                 
# span 4 =     1.7655,     3.0306                 
# span 5 =    -0.4317,    48.6848                 
# span 6 =          0,          0                 
# span 7 =      0.000,    270.250                 
# span 8 = 338.423287, 338.426415                 
# span 9 =   997.9451,  1022.9116                 
# span 10 =     -1.393,     18.399                
# span 11 =     -0.957,      0.377                
# span 12 = 0.0000e+00, 0.0000e+00                
# interval = seconds: 0.25
# start_time = Dec 04 2018 10:09:32 [Instrument's time stamp, header]
# bad_flag = -9.990e-29
*END*
[from data line 112]
      0.189    28.2212   5.686842    35.2837     2.0156     0.0177          0     28.000 338.423611  1022.5363      0.188      0.018  0.000e+00
      0.178    28.2202   5.686637    35.2830     2.0109     0.0101          0     28.250 338.423614  1022.5360      0.177      0.014  0.000e+00
      0.178    28.2188   5.686431    35.2827     2.0101    -0.0090          0     28.500 338.423617  1022.5362      0.177      0.006  0.000e+00
      0.189    28.2176   5.686363    35.2831     2.0118    -0.0136          0     28.750 338.423620  1022.5370      0.188     -0.000  0.000e+00
      0.167    28.2166   5.686393    35.2840     2.0088    -0.0113          0     29.000 338.423623  1022.5379      0.167     -0.007  0.000e+00
      0.167    28.2159   5.686302    35.2839     2.0125    -0.0181          0     29.250 338.423626  1022.5380      0.166     -0.014  0.000e+00
      0.167    28.2154   5.686172    35.2833     2.0104    -0.0052          0     29.500 338.423628  1022.5378      0.166     -0.012  0.000e+00
      0.167    28.2149   5.686081    35.2831     2.0072     0.0093          0     29.750 338.423631  1022.5378      0.167     -0.012  0.000e+00
      0.178    28.2143   5.686043    35.2833     2.0014     0.0002          0     30.000 338.423634  1022.5382      0.177     -0.008  0.000e+00
      0.178    28.2136   5.685982    35.2834     1.9934    -0.0090          0     30.250 338.423637  1022.5385      0.177     -0.003  0.000e+00
      0.189    28.2131   5.685906    35.2832     1.9865    -0.0036          0     30.500 338.423640  1022.5386      0.188      0.002  0.000e+00
      0.189    28.2124   5.685822    35.2832     1.9911     0.0063          0     30.750 338.423643  1022.5387      0.188      0.006  0.000e+00
      0.178    28.2119   5.685731    35.2829     1.9905    -0.0059          0     31.000 338.423646  1022.5386      0.177      0.011  0.000e+00
      0.167    28.2114   5.685662    35.2828     1.9858    -0.0029          0     31.250 338.423649  1022.5387      0.167      0.006  0.000e+00
      0.178    28.2108   5.685571    35.2826     1.9905    -0.0052          0     31.500 338.423652  1022.5389      0.177      0.004  0.000e+00
      0.178    28.2102   5.685441    35.2822     1.9862     0.0009          0     31.750 338.423655  1022.5387      0.177      0.001  0.000e+00
      0.168    28.2096   5.685312    35.2817     1.9778     0.0101          0     32.000 338.423657  1022.5385      0.167     -0.006  0.000e+00
      0.189    28.2088   5.685221    35.2816     1.9709     0.0162          0     32.250 338.423660  1022.5388      0.188     -0.003  0.000e+00
      0.189    28.2082   5.685190    35.2819     1.9687     0.0101          0     32.500 338.423663  1022.5392      0.188     -0.001  0.000e+00
      0.189    28.2075   5.685122    35.2819     1.9572     0.0116          0     32.750 338.423666  1022.5394      0.188      0.004  0.000e+00
      0.178    28.2069   5.685106    35.2823     1.9451     0.0116          0     33.000 338.423669  1022.5399      0.177      0.007  0.000e+00
      0.157    28.2063   5.685061    35.2824     1.9614     0.0101          0     33.250 338.423672  1022.5401      0.156      0.000  0.000e+00
      0.200    28.2057   5.685030    35.2826     1.9627     0.0002          0     33.500 338.423675  1022.5406      0.199      0.003  0.000e+00
      0.189    28.2051   5.684992    35.2828     1.9565     0.0200          0     33.750 338.423678  1022.5409      0.188      0.004  0.000e+00
      0.211    28.2043   5.684931    35.2830     1.9304     0.0353          0     34.000 338.423681  1022.5414      0.210      0.011  0.000e+00
      0.211    28.2038   5.684870    35.2829     1.9340     0.0215          0     34.250 338.423683  1022.5415      0.210      0.012  0.000e+00
      0.189    28.2034   5.684802    35.2827     1.9289     0.0261          0     34.500 338.423686  1022.5414      0.188      0.011  0.000e+00
      0.189    28.2029   5.684711    35.2825     1.9160     0.0231          0     34.750 338.423689  1022.5413      0.188      0.010  0.000e+00
      0.178    28.2023   5.684612    35.2823     1.9128     0.0093          0     35.000 338.423692  1022.5414      0.177      0.006  0.000e+00
      0.178    28.2017   5.684497    35.2819     1.9178     0.0101          0     35.250 338.423695  1022.5413      0.177 1.0277e-09  0.000e+00
      0.189    28.2009   5.684452    35.2822     1.9297     0.0147          0     35.500 338.423698  1022.5418      0.188     -0.011  0.000e+00
      0.168    28.2001   5.684452    35.2828     1.9265     0.0116          0     35.750 338.423701  1022.5424      0.167     -0.015  0.000e+00
      0.178    28.1996   5.684421    35.2829     1.9209    -0.0052          0     36.000 338.423704  1022.5427      0.177     -0.018  0.000e+00
      0.178    28.1990   5.684391    35.2831     1.9044    -0.0029          0     36.250 338.423707  1022.5431      0.177     -0.013  0.000e+00
      0.189    28.1985   5.684360    35.2834     1.9041    -0.0105          0     36.500 338.423709  1022.5435      0.188     -0.003  0.000e+00
      0.178    28.1979   5.684299    35.2834     1.9032    -0.0029          0     36.750 338.423712  1022.5436      0.177     -0.001  0.000e+00
      0.222    28.1973   5.684231    35.2833     1.8872    -0.0067          0     37.000 338.423715  1022.5440      0.220      0.012  0.000e+00
      0.200    28.1967   5.684231    35.2838     1.9101     0.0025          0     37.250 338.423718  1022.5444      0.199      0.014  0.000e+00
      0.200    28.1959   5.684201    35.2841     1.8888    -0.0036          0     37.500 338.423721  1022.5449      0.199      0.015  0.000e+00
      0.200    28.1954   5.684162    35.2842     1.8883    -0.0090          0     37.750 338.423724  1022.5452      0.199      0.018  0.000e+00
      0.200    28.1952   5.684102    35.2840     1.8807     0.0017          0     38.000 338.423727  1022.5450      0.199      0.013  0.000e+00
      0.200    28.1947   5.684010    35.2837     1.8921     0.0269          0     38.250 338.423730  1022.5451      0.199      0.009  0.000e+00
      0.189    28.1940   5.683949    35.2838     1.8870     0.0215          0     38.500 338.423733  1022.5453      0.188      0.001  0.000e+00
      0.189    28.1937   5.683911    35.2838     1.9138     0.0261          0     38.750 338.423736  1022.5454      0.188     -0.004  0.000e+00
      0.168    28.1927   5.683881    35.2843     1.9158     0.0223          0     39.000 338.423738  1022.5460      0.167     -0.018  0.000e+00
      0.189    28.1922   5.683850    35.2845     1.9062    -0.0006          0     39.250 338.423741  1022.5464      0.188     -0.011  0.000e+00
      0.200    28.1915   5.683820    35.2848     1.9108    -0.0052          0     39.500 338.423744  1022.5469      0.199     -0.007  0.000e+00
      0.189    28.1911   5.683789    35.2848     1.9200    -0.0059          0     39.750 338.423747  1022.5470      0.188     -0.006  0.000e+00
      0.168    28.1905   5.683751    35.2851     1.8836     0.0078          0     40.000 338.423750  1022.5473      0.167     -0.009  0.000e+00
      0.178    28.1900   5.683736    35.2853     1.8751     0.0231          0     40.250 338.423753  1022.5477      0.177     -0.008  0.000e+00
      0.189    28.1897   5.683721    35.2854     1.8669     0.0200          0     40.500 338.423756  1022.5479      0.188     -0.002  0.000e+00
      0.178    28.1892   5.683691    35.2856     1.8582     0.0261          0     40.750 338.423759  1022.5482      0.177     -0.002  0.000e+00
      0.189    28.1886   5.683660    35.2858     1.8599     0.0299          0     41.000 338.423762  1022.5486      0.188      0.001  0.000e+00
      0.211    28.1881   5.683599    35.2858     1.8643    -0.0029          0     41.250 338.423764  1022.5488      0.210      0.004  0.000e+00
      0.200    28.1878   5.683561    35.2857     1.8620     0.0047          0     41.500 338.423767  1022.5488      0.199      0.007  0.000e+00
      0.200    28.1872   5.683531    35.2859     1.8708    -0.0014          0     41.750 338.423770  1022.5492      0.199      0.014  0.000e+00
      0.189    28.1867   5.683470    35.2860     1.8757    -0.0044          0     42.000 338.423773  1022.5493      0.188      0.014  0.000e+00
      0.178    28.1862   5.683439    35.2861     1.8712    -0.0082          0     42.250 338.423776  1022.5495      0.177      0.004  0.000e+00
      0.189    28.1855   5.683409    35.2864     1.8700     0.0154          0     42.500 338.423779  1022.5500      0.188     -0.001  0.000e+00
      0.178    28.1851   5.683394    35.2866     1.8780     0.0269          0     42.750 338.423782  1022.5503      0.177     -0.005  0.000e+00
      0.178    28.1847   5.683371    35.2867     1.8720     0.0200          0     43.000 338.423785  1022.5505      0.177     -0.012  0.000e+00
      0.168    28.1841   5.683310    35.2867     1.8695     0.0246          0     43.250 338.423788  1022.5506      0.167     -0.019  0.000e+00
      0.189    28.1836   5.683280    35.2869     1.8689     0.0200          0     43.500 338.423791  1022.5510      0.188     -0.011  0.000e+00
      0.168    28.1831   5.683280    35.2873     1.8600     0.0086          0     43.750 338.423793  1022.5513      0.167     -0.011  0.000e+00
      0.178    28.1827   5.683249    35.2874     1.8517     0.0147          0     44.000 338.423796  1022.5517      0.177     -0.006  0.000e+00
      0.189    28.1823   5.683280    35.2879     1.8539     0.0124          0     44.250 338.423799  1022.5522      0.188      0.000  0.000e+00
      0.200    28.1819   5.683211    35.2877     1.8598     0.0002          0     44.500 338.423802  1022.5522      0.199      0.005  0.000e+00
      0.200    28.1817   5.683181    35.2876     1.8447    -0.0014          0     44.750 338.423805  1022.5523      0.199      0.012  0.000e+00
      0.178    28.1812   5.683181    35.2880     1.8560    -0.0082          0     45.000 338.423808  1022.5526      0.177      0.009  0.000e+00
      0.178    28.1809   5.683150    35.2880     1.8495    -0.0029          0     45.250 338.423811  1022.5527      0.177      0.007  0.000e+00
      0.200    28.1804   5.683089    35.2880     1.8467     0.0261          0     45.500 338.423814  1022.5529      0.199      0.006  0.000e+00
      0.189    28.1800   5.683059    35.2880     1.8483     0.0177          0     45.750 338.423817  1022.5531      0.188      0.007  0.000e+00
      0.211    28.1797   5.683021    35.2880     1.8438     0.0231          0     46.000 338.423819  1022.5532      0.210      0.007  0.000e+00
      0.200    28.1792   5.682990    35.2881     1.8336     0.0200          0     46.250 338.423822  1022.5534      0.199      0.005  0.000e+00
      0.189    28.1788   5.682990    35.2885     1.8371     0.0200          0     46.500 338.423825  1022.5538      0.188      0.002  0.000e+00
      0.189    28.1783   5.682990    35.2889     1.8313     0.0101          0     46.750 338.423828  1022.5543      0.188      0.003  0.000e+00
      0.211    28.1779   5.682960    35.2889     1.8329     0.0070          0     47.000 338.423831  1022.5545      0.210      0.010  0.000e+00
      0.222    28.1775   5.682929    35.2890     1.8318     0.0101          0     47.250 338.423834  1022.5548      0.220      0.012  0.000e+00
      0.211    28.1772   5.682960    35.2894     1.8304     0.0047          0     47.500 338.423837  1022.5551      0.210      0.009  0.000e+00
      0.297    28.1769   5.683303    35.2920     1.8409     0.0101          0     47.750 338.423840  1022.5576      0.296      0.033  0.000e+00
      0.330    28.1773   5.683531    35.2933     1.8441     0.0070          0     48.000 338.423843  1022.5585      0.328      0.056  0.000e+00
      0.341    28.1787   5.683630    35.2930     1.8406     0.0093          0     48.250 338.423845  1022.5579      0.339      0.080  0.000e+00
      0.341    28.1798   5.683561    35.2917     1.8368     0.0101          0     48.500 338.423848  1022.5565      0.339      0.091  0.000e+00
      0.384    28.1803   5.683470    35.2906     1.8314     0.0139          0     48.750 338.423851  1022.5557      0.382      0.102  0.000e+00
      0.427    28.1799   5.683599    35.2918     1.8360     0.0109          0     49.000 338.423854  1022.5570      0.425      0.110  0.000e+00
      0.470    28.1809   5.683531    35.2906     1.8218     0.0070          0     49.250 338.423857  1022.5559      0.468      0.122  0.000e+00
      0.492    28.1830   5.683561    35.2892     1.8122     0.0040          0     49.500 338.423860  1022.5542      0.489      0.125  0.000e+00
      0.514    28.1860   5.683561    35.2870     1.8113    -0.0014          0     49.750 338.423863  1022.5517      0.511      0.113  0.000e+00
      0.546    28.1882   5.683500    35.2849     1.8146    -0.0029          0     50.000 338.423866  1022.5495      0.543      0.118  0.000e+00
      0.557    28.1892   5.683394    35.2834     1.8153     0.0002          0     50.250 338.423869  1022.5481      0.554      0.120  0.000e+00
      0.578    28.1889   5.683371    35.2835     1.8068     0.0002          0     50.500 338.423872  1022.5484      0.575      0.117  0.000e+00
      0.622    28.1885   5.683371    35.2837     1.8135    -0.0006          0     50.750 338.423874  1022.5489      0.618      0.109  0.000e+00
      0.654    28.1885   5.683371    35.2837     1.8180     0.0475          0     51.000 338.423877  1022.5490      0.650      0.105  0.000e+00
      0.708    28.1889   5.683409    35.2837     1.8147     0.0337          0     51.250 338.423880  1022.5491      0.704      0.112  0.000e+00
      0.686    28.1901   5.683371    35.2826     1.8194     0.0376          0     51.500 338.423883  1022.5478      0.683      0.109  0.000e+00
      0.708    28.1909   5.683310    35.2815     1.8148     0.0246          0     51.750 338.423886  1022.5468      0.704      0.105  0.000e+00
      0.751    28.1909   5.683249    35.2810     1.8143     0.0093          0     52.000 338.423889  1022.5466      0.747      0.105  0.000e+00
      0.805    28.1907   5.683371    35.2821     1.8100     0.0139          0     52.250 338.423892  1022.5477      0.801      0.115  0.000e+00
      0.913    28.1916   5.683752    35.2840     1.8114     0.0086          0     52.500 338.423895  1022.5493      0.908      0.139  0.000e+00
      1.022    28.1939   5.683980    35.2839     1.7940     0.0116          0     52.750 338.423898  1022.5489      1.016      0.176  0.000e+00
      1.076    28.1955   5.684231    35.2844     1.7874     0.0231          0     53.000 338.423900  1022.5490      1.070      0.212  0.000e+00
      1.076    28.1960   5.684391    35.2851     1.7822     0.0177          0     53.250 338.423903  1022.5494      1.070      0.228  0.000e+00
      1.076    28.1945   5.684422    35.2865     1.7721     0.0185          0     53.500 338.423906  1022.5510      1.070      0.235  0.000e+00
      1.119    28.1924   5.684422    35.2880     1.7674     0.0223          0     53.750 338.423909  1022.5530      1.113      0.221  0.000e+00
      1.130    28.1906   5.684521    35.2901     1.7673     0.0131          0     54.000 338.423912  1022.5552      1.124      0.189  0.000e+00
      1.141    28.1894   5.684551    35.2912     1.7728     0.0032          0     54.250 338.423915  1022.5564      1.134      0.146  0.000e+00
      1.141    28.1884   5.684551    35.2919     1.7753     0.0116          0     54.500 338.423918  1022.5573      1.134      0.094  0.000e+00
      1.151    28.1879   5.684551    35.2923     1.7862     0.0124          0     54.750 338.423921  1022.5578      1.145      0.060  0.000e+00
      1.173    28.1871   5.684491    35.2924     1.7888    -0.0014          0     55.000 338.423924  1022.5582      1.167      0.051  0.000e+00
      1.162    28.1865   5.684376    35.2922     1.7920     0.0185          0     55.250 338.423927  1022.5582      1.156      0.048  0.000e+00
