ctd_mafia/cnv/SBE19plus_01906740_2018_12_07_0101.cnv
* Sea-Bird SBE19plus  Data File:
* FileName = C:\Users\all user\Desktop\Patroba _ WWF Mapping Mafia\SBE19plus_01906740_2018_12_07_0101.hex
* Software version 2.6.3.104
* Temperature SN = 6740
* Conductivity SN = 6740
* System UpLoad Time = Dec 07 2018 14:35:33
* <ApplicationData>
* <Seaterm232>
# nquan = 13
# nvalues = 548                                   
# units = specified
# name 0 = prdM: Pressure, Strain Gauge [db]
# name 1 = tv290C: Temperature [ITS-90, deg C]
# name 2 = c0S/m: Conductivity [S/m]
# name 3 = sal00: Salinity, Practical [PSU]
# name 4 = sbeox0ML/L: Oxygen, SBE 43 [ml/l]
# name 5 = flECO-AFL: Fluorescence, WET Labs ECO-AFL/FL [mg/m^3]
# name 6 = nbf: Bottles Fired
# name 7 = timeS: Time, Elapsed [seconds]
# name 8 = timeJ: Julian Days
# name 9 = density00: Density [density, kg/m^3]
# name 10 = depSM: Depth [salt water, m], lat = 0.00
# name 11 = dz/dtM: Descent Rate [m/s]
# name 12 = flag:  0.000e+00
# span 0 =     -1.407,      9.069                 
# span 1 =    27.0543,    28.4377                 
# span 2 =   0.732504,   5.717380                 
# span 3 =     3.7805,    35.3935                 
# span 4 =     1.7757,     2.6174                 
# span 5 =    -0.0319,    48.6864                 
# span 6 =          0,          0                 
# span 7 =      0.000,    136.750                 
# span 8 = 338.402396, 338.403979                 
# span 9 =   999.0610,  1022.9256                 
# span 10 =     -1.399,      9.019                
# span 11 =     -1.242,      0.423                
# span 12 = 0.0000e+00, 0.0000e+00                
# interval = seconds: 0.25
# start_time = Dec 04 2018 09:39:27 [Instrument's time stamp, header]
# bad_flag = -9.990e-29
*END*
[from data line 223]
      0.550    28.0536   5.680230    35.3628     1.8011     0.0109          0     55.750 338.403041  1022.6523      0.547      0.012  0.000e+00
      0.561    28.0532   5.680291    35.3635     1.7965     0.0147          0     56.000 338.403044  1022.6530      0.558      0.020  0.000e+00
      0.539    28.0526   5.680511    35.3655     1.7970     0.0192          0     56.250 338.403047  1022.6546      0.536      0.022  0.000e+00
      0.539    28.0526   5.680960    35.3687     1.7951     0.0162          0     56.500 338.403050  1022.6570      0.536      0.023  0.000e+00
      0.528    28.0530   5.681052    35.3690     1.7896     0.0322          0     56.750 338.403053  1022.6571      0.526      0.016  0.000e+00
      0.550    28.0534   5.681105    35.3691     1.7876     0.0330          0     57.000 338.403056  1022.6571      0.547      0.013  0.000e+00
      0.572    28.0541   5.680991    35.3678     1.7895     0.0109          0     57.250 338.403058  1022.6560      0.569      0.017  0.000e+00
      0.593    28.0544   5.680450    35.3637     1.7863     0.0063          0     57.500 338.403061  1022.6529      0.590      0.022  0.000e+00
      0.637    28.0547   5.680291    35.3624     1.7884     0.0086          0     57.750 338.403064  1022.6520      0.633      0.035  0.000e+00
      0.669    28.0540   5.679819    35.3596     1.7937     0.0025          0     58.000 338.403067  1022.6503      0.665      0.058  0.000e+00
      0.723    28.0528   5.679560    35.3586     1.7945     0.0276          0     58.250 338.403070  1022.6502      0.719      0.092  0.000e+00
      0.766    28.0510   5.678959    35.3558     1.7980     0.0192          0     58.500 338.403073  1022.6488      0.762      0.120  0.000e+00
      0.853    28.0487   5.678609    35.3550     1.8104     0.0101          0     58.750 338.403076  1022.6494      0.848      0.155  0.000e+00
      0.918    28.0458   5.678449    35.3560     1.8122     0.0185          0     59.000 338.403079  1022.6513      0.913      0.183  0.000e+00
      0.993    28.0434   5.678350    35.3571     1.8065     0.0215          0     59.250 338.403082  1022.6533      0.988      0.213  0.000e+00
      1.004    28.0414   5.678929    35.3627     1.8033     0.0299          0     59.500 338.403084  1022.6582      0.999      0.223  0.000e+00
      1.101    28.0409   5.678693    35.3614     1.8004     0.0330          0     59.750 338.403087  1022.6578      1.095      0.237  0.000e+00
      1.145    28.0408   5.677719    35.3546     1.7977     0.0376          0     60.000 338.403090  1022.6529      1.138      0.244  0.000e+00
      1.242    28.0362   5.652350    35.1800     1.7995     0.0307          0     60.250 338.403093  1022.5235      1.235      0.253  0.000e+00
      1.285    27.9477   5.617082    34.9985     1.7939     0.0490          0     60.500 338.403096  1022.4161      1.278      0.254  0.000e+00
      1.285    27.7739   5.614419    35.1094     1.7875     0.0429          0     60.750 338.403099  1022.5561      1.278      0.231  0.000e+00
      1.329    27.6522   5.612324    35.1858     1.7839     0.0429          0     61.000 338.403102  1022.6533      1.321      0.215  0.000e+00
      1.372    27.5834   5.611841    35.2341     1.7815     0.0437          0     61.250 338.403105  1022.7123      1.364      0.200  0.000e+00
      1.448    27.5476   5.611327    35.2574     1.7788     0.0315          0     61.500 338.403108  1022.7416      1.440      0.200  0.000e+00
      1.469    27.5290   5.610918    35.2685     1.7757     0.0475          0     61.750 338.403111  1022.7561      1.461      0.179  0.000e+00
      1.523    27.5194   5.610888    35.2755     1.7846     0.0360          0     62.000 338.403113  1022.7648      1.515      0.174  0.000e+00
      1.567    27.5146   5.610510    35.2764     1.7915     0.0315          0     62.250 338.403116  1022.7672      1.558      0.167  0.000e+00
      1.631    27.5120   5.610419    35.2778     1.8112     0.0307          0     62.500 338.403119  1022.7693      1.622      0.181  0.000e+00
      1.675    27.5100   5.610230    35.2779     1.8198     0.0139          0     62.750 338.403122  1022.7703      1.665      0.195  0.000e+00
      1.696    27.5085   5.610230    35.2790     1.8381     0.0337          0     63.000 338.403125  1022.7717      1.687      0.190  0.000e+00
      1.761    27.5080   5.610169    35.2790     1.8531     0.0231          0     63.250 338.403128  1022.7721      1.751      0.188  0.000e+00
      1.815    27.5081   5.610139    35.2787     1.8697     0.0200          0     63.500 338.403131  1022.7721      1.805      0.187  0.000e+00
      1.858    27.5082   5.610041    35.2778     1.8852     0.0330          0     63.750 338.403134  1022.7716      1.848      0.192  0.000e+00
      1.934    27.5080   5.609889    35.2770     1.8931     0.0376          0     64.000 338.403137  1022.7713      1.924      0.198  0.000e+00
      1.956    27.5076   5.609730    35.2761     1.9082     0.0429          0     64.250 338.403139  1022.7709      1.945      0.197  0.000e+00
      1.967    27.5066   5.609700    35.2766     1.9173     0.0322          0     64.500 338.403142  1022.7716      1.956      0.184  0.000e+00
      1.967    27.5061   5.609919    35.2785     1.9251     0.0162          0     64.750 338.403145  1022.7732      1.956      0.166  0.000e+00
      1.988    27.5071   5.609730    35.2765     1.9367     0.0177          0     65.000 338.403148  1022.7715      1.977      0.146  0.000e+00
      2.021    27.5073   5.609889    35.2774     1.9458     0.0231          0     65.250 338.403151  1022.7723      2.010      0.120  0.000e+00
      2.085    27.5083   5.610230    35.2790     1.9506     0.0246          0     65.500 338.403154  1022.7734      2.074      0.112  0.000e+00
      2.161    27.5103   5.609670    35.2735     1.9549     0.0116          0     65.750 338.403157  1022.7689      2.149      0.121  0.000e+00
      2.204    27.5094   5.609072    35.2700     1.9654     0.0002          0     66.000 338.403160  1022.7668      2.192      0.133  0.000e+00
      2.237    27.5060   5.608951    35.2717     1.9699     0.0055          0     66.250 338.403163  1022.7692      2.225      0.155  0.000e+00
      2.269    27.5035   5.608943    35.2735     1.9787     0.0131          0     66.500 338.403166  1022.7716      2.257      0.173  0.000e+00
      2.313    27.5020   5.608921    35.2744     1.9843     0.0040          0     66.750 338.403168  1022.7730      2.300      0.185  0.000e+00
      2.345    27.5016   5.608890    35.2746     1.9867     0.0315          0     67.000 338.403171  1022.7734      2.332      0.183  0.000e+00
      2.399    27.5013   5.608792    35.2741     1.9901     0.0398          0     67.250 338.403174  1022.7733      2.386      0.177  0.000e+00
      2.442    27.5007   5.608353    35.2714     1.9953     0.0330          0     67.500 338.403177  1022.7716      2.429      0.166  0.000e+00
      2.507    27.4979   5.606763    35.2623     1.9999     0.0398          0     67.750 338.403180  1022.7660      2.493      0.166  0.000e+00
      2.507    27.4908   5.606415    35.2651     1.9981     0.0086          0     68.000 338.403183  1022.7704      2.493      0.164  0.000e+00
      2.518    27.4850   5.606575    35.2706     2.0024     0.0101          0     68.250 338.403186  1022.7765      2.504      0.155  0.000e+00
      2.539    27.4822   5.606824    35.2745     2.0070     0.0047          0     68.500 338.403189  1022.7804      2.526      0.142  0.000e+00
      2.604    27.4820   5.606575    35.2728     2.0152     0.0162          0     68.750 338.403192  1022.7795      2.590      0.137  0.000e+00
      2.658    27.4808   5.603449    35.2516     2.0230     0.0406          0     69.000 338.403194  1022.7641      2.644      0.138  0.000e+00
      2.734    27.4666   5.595144    35.2034     2.0227     0.0398          0     69.250 338.403197  1022.7327      2.719      0.148  0.000e+00
      2.767    27.4265   5.587298    35.1780     2.0310     0.0391          0     69.500 338.403200  1022.7267      2.751      0.158  0.000e+00
      2.788    27.3700   5.584345    35.1996     2.0338     0.0292          0     69.750 338.403203  1022.7613      2.773      0.164  0.000e+00
      2.799    27.3266   5.586771    35.2496     2.0356     0.0376          0     70.000 338.403206  1022.8130      2.784      0.171  0.000e+00
      2.842    27.3129   5.591223    35.2915     2.0334     0.0391          0     70.250 338.403209  1022.8492      2.827      0.170  0.000e+00
      2.875    27.3235   5.587655    35.2581     2.0398     0.0315          0     70.500 338.403212  1022.8207      2.859      0.159  0.000e+00
      2.929    27.3198   5.584376    35.2376     2.0419     0.0353          0     70.750 338.403215  1022.8067      2.913      0.146  0.000e+00
      2.994    27.3019   5.581642    35.2316     2.0413     0.0429          0     71.000 338.403218  1022.8082      2.977      0.146  0.000e+00
      3.048    27.2803   5.577752    35.2203     2.0466     0.0452          0     71.250 338.403220  1022.8069      3.031      0.153  0.000e+00
      3.026    27.2555   5.579278    35.2499     2.0446     0.0490          0     71.500 338.403223  1022.8371      3.009      0.153  0.000e+00
      3.026    27.2443   5.580117    35.2644     2.0441     0.0482          0     71.750 338.403226  1022.8516      3.009      0.144  0.000e+00
      3.004    27.2441   5.583229    35.2867     2.0467     0.0490          0     72.000 338.403229  1022.8684      2.988      0.120  0.000e+00
      3.004    27.2564   5.585027    35.2902     2.0414     0.0208          0     72.250 338.403232  1022.8670      2.988      0.084  0.000e+00
      3.026    27.2730   5.586833    35.2905     2.0429     0.0307          0     72.500 338.403235  1022.8620      3.009      0.056  0.000e+00
      3.123    27.2895   5.584029    35.2580     2.0461     0.0177          0     72.750 338.403238  1022.8326      3.106      0.051  0.000e+00
      3.210    27.2900   5.579369    35.2244     2.0503     0.0215          0     73.000 338.403241  1022.8076      3.192      0.071  0.000e+00
      3.242    27.2676   5.576884    35.2237     2.0610     0.0261          0     73.250 338.403244  1022.8144      3.224      0.103  0.000e+00
      3.307    27.2428   5.576515    35.2398     2.0691     0.0261          0     73.500 338.403247  1022.8347      3.289      0.153  0.000e+00
      3.361    27.2283   5.577754    35.2596     2.0713     0.0246          0     73.750 338.403249  1022.8545      3.343      0.194  0.000e+00
      3.426    27.2250   5.577603    35.2610     2.0719     0.0162          0     74.000 338.403252  1022.8569      3.407      0.229  0.000e+00
      3.502    27.2237   5.576296    35.2526     2.0808     0.0299          0     74.250 338.403255  1022.8514      3.482      0.251  0.000e+00
      3.577    27.2175   5.574281    35.2429     2.0771     0.0246          0     74.500 338.403258  1022.8464      3.558      0.259  0.000e+00
      3.653    27.2088   5.575489    35.2581     2.0697     0.0246          0     74.750 338.403261  1022.8609      3.633      0.257  0.000e+00
      3.761    27.2055   5.573292    35.2449     2.0718     0.0292          0     75.000 338.403264  1022.8525      3.740      0.275  0.000e+00
      3.837    27.1968   5.572417    35.2453     2.0689     0.0154          0     75.250 338.403267  1022.8559      3.816      0.298  0.000e+00
      3.913    27.1873   5.573043    35.2568     2.0678     0.0116          0     75.500 338.403270  1022.8680      3.891      0.311  0.000e+00
      3.956    27.1837   5.571428    35.2481     2.0746     0.0078          0     75.750 338.403273  1022.8628      3.934      0.313  0.000e+00
      4.010    27.1774   5.571089    35.2504     2.0785     0.0009          0     76.000 338.403275  1022.8667      3.988      0.303  0.000e+00
      4.096    27.1710   5.568825    35.2391     2.0771     0.0063          0     76.250 338.403278  1022.8606      4.074      0.295  0.000e+00
      4.172    27.1599   5.567618    35.2388     2.0839    -0.0014          0     76.500 338.403281  1022.8644      4.149      0.288  0.000e+00
      4.204    27.1486   5.567988    35.2500     2.0789     0.0147          0     76.750 338.403284  1022.8766      4.181      0.270  0.000e+00
      4.226    27.1432   5.567995    35.2541     2.0768     0.0070          0     77.000 338.403287  1022.8815      4.203      0.241  0.000e+00
      4.237    27.1403   5.567708    35.2543     2.0748     0.0002          0     77.250 338.403290  1022.8826      4.213      0.213  0.000e+00
      4.226    27.1384   5.567927    35.2574     2.0694     0.0475          0     77.500 338.403293  1022.8855      4.203      0.176  0.000e+00
      4.215    27.1386   5.568667    35.2624     2.0641     0.0490          0     77.750 338.403296  1022.8891      4.192      0.135  0.000e+00
      4.248    27.1419   5.569633    35.2668     2.0678     0.0574          0     78.000 338.403299  1022.8915      4.224      0.097  0.000e+00
      4.312    27.1480   5.568667    35.2553     2.0730     0.0421          0     78.250 338.403302  1022.8812      4.289      0.074  0.000e+00
      4.410    27.1485   5.567897    35.2494     2.0774     0.0437          0     78.500 338.403304  1022.8770      4.385      0.086  0.000e+00
      4.496    27.1443   5.567377    35.2489     2.0911     0.0498          0     78.750 338.403307  1022.8783      4.471      0.126  0.000e+00
      4.561    27.1404   5.567739    35.2544     2.0908     0.0391          0     79.000 338.403310  1022.8840      4.536      0.172  0.000e+00
      4.637    27.1381   5.566781    35.2493     2.0894     0.0444          0     79.250 338.403313  1022.8812      4.611      0.222  0.000e+00
      4.658    27.1352   5.566532    35.2496     2.0850     0.0459          0     79.500 338.403316  1022.8825      4.633      0.254  0.000e+00
      4.658    27.1332   5.566313    35.2496     2.0849     0.0353          0     79.750 338.403319  1022.8832      4.633      0.254  0.000e+00
      4.658    27.1307   5.566653    35.2539     2.0787     0.0360          0     80.000 338.403322  1022.8872      4.633      0.221  0.000e+00
      4.637    27.1304   5.567400    35.2595     2.0757     0.0284          0     80.250 338.403325  1022.8914      4.611      0.164  0.000e+00
      4.615    27.1327   5.567399    35.2578     2.0779     0.0391          0     80.500 338.403328  1022.8893      4.590      0.097  0.000e+00
      4.626    27.1350   5.567671    35.2580     2.0751     0.0185          0     80.750 338.403330  1022.8887      4.601      0.045  0.000e+00
      4.626    27.1372   5.567648    35.2561     2.0758     0.0063          0     81.000 338.403333  1022.8866      4.601      0.008  0.000e+00
      4.648    27.1381   5.567211    35.2523     2.0794     0.0055          0     81.250 338.403336  1022.8836      4.622     -0.011  0.000e+00
      4.680    27.1372   5.566962    35.2512     2.0757     0.0139          0     81.500 338.403339  1022.8831      4.654     -0.001  0.000e+00
      4.691    27.1355   5.567030    35.2530     2.0775     0.0414          0     81.750 338.403342  1022.8851      4.665      0.015  0.000e+00
      4.691    27.1352   5.567211    35.2545     2.0801     0.0421          0     82.000 338.403345  1022.8864      4.665      0.030  0.000e+00
      4.691    27.1354   5.567369    35.2555     2.0789     0.0414          0     82.250 338.403348  1022.8870      4.665      0.042  0.000e+00
      4.745    27.1363   5.567415    35.2551     2.0793     0.0322          0     82.500 338.403351  1022.8867      4.719      0.059  0.000e+00
      4.821    27.1364   5.565136    35.2388     2.0814     0.0429          0     82.750 338.403354  1022.8747      4.794      0.082  0.000e+00
      4.896    27.1279   5.563710    35.2350     2.0908     0.0383          0     83.000 338.403356  1022.8748      4.869      0.115  0.000e+00
