ctd_mafia/cnv/SBE19plus_01906740_2018_12_07_0106.cnv
* Sea-Bird SBE19plus  Data File:
* FileName = C:\Users\all user\Desktop\Patroba _ WWF Mapping Mafia\SBE19plus_01906740_2018_12_07_0106.hex
* Software version 2.6.3.104
* Temperature SN = 6740
* Conductivity SN = 6740
* System UpLoad Time = Dec 07 2018 14:37:12
* <ApplicationData>
* <Seaterm232>
# nquan = 13
# nvalues = 369                                   
# units = specified
# name 0 = prdM: Pressure, Strain Gauge [db]
# name 1 = tv290C: Temperature [ITS-90, deg C]
# name 2 = c0S/m: Conductivity [S/m]
# name 3 = sal00: Salinity, Practical [PSU]
# name 4 = sbeox0ML/L: Oxygen, SBE 43 [ml/l]
# name 5 = flECO-AFL: Fluorescence, WET Labs ECO-AFL/FL [mg/m^3]
# name 6 = nbf: Bottles Fired
# name 7 = timeS: Time, Elapsed [seconds]
# name 8 = timeJ: Julian Days
# name 9 = density00: Density [density, kg/m^3]
# name 10 = depSM: Depth [salt water, m], lat = 0.00
# name 11 = dz/dtM: Descent Rate [m/s]
# name 12 = flag:  0.000e+00
# span 0 =     -1.412,      6.416                 
# span 1 =    27.4763,    27.7845                 
# span 2 =   0.363687,   5.635481                 
# span 3 =     1.8133,    35.2821                 
# span 4 =     1.2931,     7.1328                 
# span 5 =    -0.1707,     1.4513                 
# span 6 =          0,          0                 
# span 7 =      0.000,     92.000                 
# span 8 = 338.439039, 338.440104                 
# span 9 =   997.7396,  1022.7357                 
# span 10 =     -1.404,      6.380                
# span 11 =     -0.584,      0.567                
# span 12 = 0.0000e+00, 0.0000e+00                
# interval = seconds: 0.25
# start_time = Dec 04 2018 10:32:13 [Instrument's time stamp, header]
# bad_flag = -9.990e-29
*END*
     -1.281    27.4804   0.421906     2.1224     2.7991    -0.0281          0      0.000 338.439039   997.9693     -1.274 8.4212e-16  0.000e+00
     -1.205    27.4763   0.391488     1.9606     4.7472    -0.0227          0      0.250 338.439042   997.8496     -1.199      0.020  0.000e+00
     -1.119    27.4768   0.363687     1.8133     7.1328    -0.0235          0      0.500 338.439045   997.7396     -1.113      0.058  0.000e+00
     -1.076    27.5459   0.711249     3.6977     4.0482    -0.0212          0      0.750 338.439048   999.1298     -1.070      0.097  0.000e+00
     -1.011    27.6551   1.082347     5.7899     3.5880    -0.0242          0      1.000 338.439051  1000.6609     -1.005      0.140  0.000e+00
     -0.957    27.7248   2.572484    14.7958     3.0496    -0.0296          0      1.250 338.439054  1007.3554     -0.952      0.179  0.000e+00
     -0.892    27.7609   2.926886    17.0329     2.5778    -0.0242          0      1.500 338.439057  1009.0135     -0.887      0.213  0.000e+00
     -0.838    27.7773   2.988167    17.4191     2.1837    -0.0273          0      1.750 338.439060  1009.2969     -0.833      0.236  0.000e+00
     -0.762    27.7833   4.580541    27.9431     1.7062     0.0315          0      2.000 338.439062  1017.1637     -0.758      0.250  0.000e+00
     -0.708    27.7845   5.597413    34.9823     1.2931     0.0345          0      2.250 338.439065  1022.4485     -0.704      0.244  0.000e+00
     -0.665    27.7831   5.626616    35.1890     1.4319     0.0421          0      2.500 338.439068  1022.6047     -0.661      0.236  0.000e+00
     -0.654    27.7817   5.628413    35.2027     2.1857     0.0406          0      2.750 338.439071  1022.6155     -0.651      0.223  0.000e+00
     -0.600    27.7796   5.628504    35.2049     2.2518     0.0536          0      3.000 338.439074  1022.6181     -0.597      0.209  0.000e+00
     -0.492    27.7747   5.629384    35.2148     2.2878     0.0498          0      3.250 338.439077  1022.6276     -0.489      0.213  0.000e+00
     -0.481    27.7679   5.629194    35.2186     2.3200     0.0475          0      3.500 338.439080  1022.6327     -0.479      0.204  0.000e+00
     -0.449    27.7598   5.628565    35.2202     2.3451     0.0513          0      3.750 338.439083  1022.6367     -0.446      0.193  0.000e+00
     -0.384    27.7523   5.628414    35.2247     2.3698     0.0406          0      4.000 338.439086  1022.6428     -0.382      0.188  0.000e+00
     -0.308    27.7462   5.628664    35.2311     2.3811     0.0803          0      4.250 338.439089  1022.6499     -0.307      0.198  0.000e+00
     -0.254    27.7419   5.628725    35.2347     2.3796     0.0704          0      4.500 338.439091  1022.6542     -0.253      0.210  0.000e+00
     -0.233    27.7388   5.628755    35.2373     2.3914     0.0742          0      4.750 338.439094  1022.6573     -0.231      0.213  0.000e+00
     -0.222    27.7362   5.628596    35.2381     2.3996     0.0711          0      5.000 338.439097  1022.6588     -0.221      0.192  0.000e+00
     -0.222    27.7341   5.628224    35.2370     2.4048     0.0589          0      5.250 338.439100  1022.6586     -0.221      0.161  0.000e+00
     -0.222    27.7325   5.628255    35.2384     2.4155     0.0704          0      5.500 338.439103  1022.6602     -0.221      0.141  0.000e+00
     -0.222    27.7310   5.628156    35.2389     2.4228     0.0635          0      5.750 338.439106  1022.6611     -0.221      0.107  0.000e+00
     -0.211    27.7305   5.628005    35.2382     2.4252     0.0604          0      6.000 338.439109  1022.6607     -0.210      0.068  0.000e+00
     -0.211    27.7298   5.627595    35.2358     2.4371     0.0299          0      6.250 338.439112  1022.6592     -0.210      0.036  0.000e+00
     -0.200    27.7297   5.626906    35.2310     2.4437     0.0322          0      6.500 338.439115  1022.6556     -0.199      0.020  0.000e+00
     -0.189    27.7295   5.626087    35.2253     2.4515     0.0360          0      6.750 338.439117  1022.6515     -0.188      0.018  0.000e+00
     -0.200    27.7293   5.625518    35.2216     2.4625     0.0345          0      7.000 338.439120  1022.6487     -0.199      0.016  0.000e+00
     -0.189    27.7293   5.626276    35.2268     2.4706     0.0444          0      7.250 338.439123  1022.6527     -0.188      0.018  0.000e+00
     -0.168    27.7292   5.627467    35.2354     2.4739     0.0521          0      7.500 338.439126  1022.6593     -0.167      0.024  0.000e+00
     -0.179    27.7290   5.627626    35.2366     2.4824     0.0414          0      7.750 338.439129  1022.6602     -0.178      0.023  0.000e+00
     -0.168    27.7285   5.627876    35.2388     2.4824     0.0452          0      8.000 338.439132  1022.6620     -0.167      0.022  0.000e+00
     -0.168    27.7284   5.628005    35.2397     2.4853     0.0421          0      8.250 338.439135  1022.6628     -0.167      0.022  0.000e+00
     -0.179    27.7287   5.628126    35.2404     2.4897     0.0650          0      8.500 338.439138  1022.6631     -0.178      0.015  0.000e+00
     -0.179    27.7291   5.628096    35.2399     2.7361     0.0543          0      8.750 338.439141  1022.6626     -0.178      0.010  0.000e+00
     -0.179    27.7297   5.627937    35.2382     2.7484     0.0604          0      9.000 338.439144  1022.6612     -0.178      0.007  0.000e+00
     -0.157    27.7298   5.627815    35.2373     2.7232     0.0574          0      9.250 338.439146  1022.6606     -0.156      0.006  0.000e+00
     -0.179    27.7302   5.627626    35.2357     2.6910     0.0475          0      9.500 338.439149  1022.6591     -0.178     -0.001  0.000e+00
     -0.179    27.7301   5.627467    35.2346     2.6546     0.0475          0      9.750 338.439152  1022.6584     -0.178     -0.001  0.000e+00
     -0.200    27.7302   5.627277    35.2332     2.6071     0.0513          0     10.000 338.439155  1022.6572     -0.199     -0.009  0.000e+00
     -0.179    27.7300   5.626868    35.2305     2.5493     0.0505          0     10.250 338.439158  1022.6553     -0.178     -0.007  0.000e+00
     -0.168    27.7297   5.626466    35.2279     2.4879     0.0566          0     10.500 338.439161  1022.6534     -0.167     -0.001  0.000e+00
     -0.168    27.7293   5.625928    35.2244     2.4217     0.0559          0     10.750 338.439164  1022.6510     -0.167      0.001  0.000e+00
     -0.168    27.7289   5.625428    35.2212     2.4241     0.0574          0     11.000 338.439167  1022.6487     -0.167      0.002  0.000e+00
     -0.146    27.7286   5.625018    35.2185     2.4300     0.0635          0     11.250 338.439170  1022.6469     -0.145      0.009  0.000e+00
     -0.168    27.7284   5.624677    35.2163     2.4241     0.0482          0     11.500 338.439172  1022.6451     -0.167      0.014  0.000e+00
     -0.168    27.7279   5.624829    35.2177     2.4169     0.0490          0     11.750 338.439175  1022.6464     -0.167      0.014  0.000e+00
     -0.189    27.7278   5.625647    35.2235     2.4115     0.0505          0     12.000 338.439178  1022.6507     -0.188      0.006  0.000e+00
     -0.179    27.7275   5.626527    35.2300     2.4023     0.0459          0     12.250 338.439181  1022.6557     -0.178     -0.004  0.000e+00
     -0.179    27.7274   5.627125    35.2343     2.3937     0.0429          0     12.500 338.439184  1022.6589     -0.178     -0.009  0.000e+00
     -0.179    27.7268   5.627565    35.2379     2.3812     0.0749          0     12.750 338.439187  1022.6619     -0.178     -0.011  0.000e+00
     -0.168    27.7257   5.627656    35.2393     2.3724     0.0726          0     13.000 338.439190  1022.6633     -0.167     -0.009  0.000e+00
     -0.157    27.7252   5.627345    35.2375     2.3594     0.0719          0     13.250 338.439193  1022.6622     -0.156     -0.004  0.000e+00
     -0.157    27.7252   5.626868    35.2341     2.3516     0.0757          0     13.500 338.439196  1022.6596     -0.156      0.008  0.000e+00
     -0.168    27.7253   5.626398    35.2307     2.3430     0.0459          0     13.750 338.439198  1022.6570     -0.167      0.010  0.000e+00
     -0.179    27.7254   5.625898    35.2271     2.3349     0.0475          0     14.000 338.439201  1022.6542     -0.178      0.009  0.000e+00
     -0.179    27.7254   5.625617    35.2251     2.3299     0.0536          0     14.250 338.439204  1022.6527     -0.178      0.002  0.000e+00
     -0.189    27.7255   5.625488    35.2241     2.3211     0.0482          0     14.500 338.439207  1022.6519     -0.188     -0.005  0.000e+00
     -0.200    27.7254   5.625428    35.2238     2.3150     0.0459          0     14.750 338.439210  1022.6516     -0.199     -0.014  0.000e+00
     -0.200    27.7254   5.625428    35.2238     2.3095     0.0429          0     15.000 338.439213  1022.6516     -0.199     -0.022  0.000e+00
     -0.179    27.7258   5.625647    35.2251     2.3100     0.0467          0     15.250 338.439216  1022.6526     -0.178     -0.019  0.000e+00
     -0.211    27.7260   5.626148    35.2284     2.2980     0.0467          0     15.500 338.439219  1022.6549     -0.210     -0.021  0.000e+00
     -0.179    27.7264   5.626504    35.2307     2.2886     0.0772          0     15.750 338.439222  1022.6566     -0.178     -0.010  0.000e+00
     -0.179    27.7265   5.626648    35.2316     2.2863     0.0810          0     16.000 338.439225  1022.6573     -0.178     -0.001  0.000e+00
     -0.168    27.7264   5.626686    35.2319     2.2793     0.0719          0     16.250 338.439227  1022.6576     -0.167      0.007  0.000e+00
     -0.168    27.7264   5.626746    35.2324     2.2777     0.0726          0     16.500 338.439230  1022.6579     -0.167      0.015  0.000e+00
     -0.189    27.7262   5.626936    35.2339     2.2756     0.0749          0     16.750 338.439233  1022.6590     -0.188      0.013  0.000e+00
     -0.200    27.7260   5.627088    35.2351     2.2696     0.0742          0     17.000 338.439236  1022.6599     -0.199      0.004  0.000e+00
     -0.179    27.7259   5.627057    35.2349     2.2676     0.0704          0     17.250 338.439239  1022.6600     -0.178      0.001  0.000e+00
     -0.179    27.7259   5.626997    35.2345     2.2670     0.0772          0     17.500 338.439242  1022.6596     -0.178      0.004  0.000e+00
     -0.179    27.7257   5.626906    35.2340     2.2623     0.0696          0     17.750 338.439245  1022.6593     -0.178     -0.004  0.000e+00
     -0.200    27.7257   5.626868    35.2337     2.2573     0.0589          0     18.000 338.439248  1022.6590     -0.199     -0.009  0.000e+00
     -0.200    27.7258   5.626966    35.2344     2.2533     0.0604          0     18.250 338.439251  1022.6595     -0.199     -0.012  0.000e+00
     -0.200    27.7259   5.627057    35.2349     2.2493     0.0620          0     18.500 338.439253  1022.6599     -0.199     -0.011  0.000e+00
     -0.189    27.7260   5.627027    35.2346     2.2458     0.0597          0     18.750 338.439256  1022.6597     -0.188     -0.004  0.000e+00
     -0.179    27.7260   5.626868    35.2335     2.2415     0.0826          0     19.000 338.439259  1022.6589     -0.178     -0.001  0.000e+00
     -0.168    27.7262   5.626716    35.2323     2.2401     0.0887          0     19.250 338.439262  1022.6579     -0.167      0.001  0.000e+00
     -0.179    27.7263   5.626777    35.2327     2.2365     0.0818          0     19.500 338.439265  1022.6581     -0.178      0.006  0.000e+00
     -0.189    27.7264   5.626906    35.2335     2.2376     0.0795          0     19.750 338.439268  1022.6587     -0.188      0.007  0.000e+00
     -0.179    27.7265   5.627027    35.2343     2.2351     0.0330          0     20.000 338.439271  1022.6593     -0.178      0.012  0.000e+00
     -0.179    27.7267   5.627057    35.2343     2.2336     0.0315          0     20.250 338.439274  1022.6593     -0.178      0.010  0.000e+00
     -0.189    27.7269   5.627027    35.2339     2.2325     0.0398          0     20.500 338.439277  1022.6588     -0.188      0.004  0.000e+00
     -0.200    27.7269   5.626997    35.2337     2.2321     0.0276          0     20.750 338.439280  1022.6586     -0.199     -0.007  0.000e+00
     -0.189    27.7271   5.627027    35.2338     2.2314     0.0376          0     21.000 338.439282  1022.6586     -0.188     -0.010  0.000e+00
     -0.189    27.7270   5.626997    35.2336     2.2276     0.0482          0     21.250 338.439285  1022.6586     -0.188     -0.010  0.000e+00
     -0.168    27.7272   5.626997    35.2335     2.2238     0.0482          0     21.500 338.439288  1022.6585     -0.167     -0.000  0.000e+00
     -0.179    27.7272   5.626868    35.2326     2.2217     0.0452          0     21.750 338.439291  1022.6577     -0.178      0.004  0.000e+00
     -0.190    27.7273   5.626837    35.2323     2.2200     0.0467          0     22.000 338.439294  1022.6575     -0.188      0.001  0.000e+00
     -0.200    27.7273   5.626906    35.2328     2.2191     0.0620          0     22.250 338.439297  1022.6578     -0.199     -0.001  0.000e+00
     -0.168    27.7273   5.626997    35.2334     2.2189     0.0551          0     22.500 338.439300  1022.6584     -0.167      0.006  0.000e+00
     -0.168    27.7275   5.626906    35.2326     2.2157     0.0574          0     22.750 338.439303  1022.6577     -0.167      0.010  0.000e+00
     -0.190    27.7275   5.626716    35.2313     2.2109     0.0635          0     23.000 338.439306  1022.6566     -0.188      0.003  0.000e+00
     -0.179    27.7275   5.626527    35.2300     2.2033     0.0589          0     23.250 338.439308  1022.6557     -0.178      0.001  0.000e+00
     -0.168    27.7275   5.626307    35.2284     2.2115     0.0574          0     23.500 338.439311  1022.6546     -0.167      0.002  0.000e+00
     -0.179    27.7275   5.626246    35.2280     2.2017     0.0650          0     23.750 338.439314  1022.6542     -0.178      0.006  0.000e+00
     -0.168    27.7275   5.626307    35.2284     2.1968     0.0635          0     24.000 338.439317  1022.6546     -0.167      0.009  0.000e+00
     -0.168    27.7278   5.626337    35.2284     2.1980     0.0734          0     24.250 338.439320  1022.6545     -0.167      0.009  0.000e+00
     -0.179    27.7277   5.626367    35.2287     2.1991     0.0726          0     24.500 338.439323  1022.6547     -0.178      0.000  0.000e+00
     -0.168    27.7279   5.626337    35.2283     2.2011     0.0772          0     24.750 338.439326  1022.6544     -0.167      0.004  0.000e+00
     -0.190    27.7280   5.626337    35.2283     2.1960     0.0726          0     25.000 338.439329  1022.6542     -0.188      0.001  0.000e+00
     -0.179    27.7279   5.626337    35.2283     2.1976     0.0749          0     25.250 338.439332  1022.6543     -0.178     -0.004  0.000e+00
     -0.200    27.7279   5.626087    35.2266     2.1950     0.0292          0     25.500 338.439334  1022.6529     -0.199     -0.012  0.000e+00
     -0.190    27.7278   5.625458    35.2222     2.1913     0.0215          0     25.750 338.439337  1022.6497     -0.188     -0.012  0.000e+00
     -0.179    27.7273   5.624518    35.2159     2.1912     0.0269          0     26.000 338.439340  1022.6452     -0.178     -0.011  0.000e+00
     -0.157    27.7266   5.623859    35.2118     2.1841     0.0261          0     26.250 338.439343  1022.6425     -0.156     -0.001  0.000e+00
     -0.157    27.7256   5.623540    35.2103     2.1836     0.0559          0     26.500 338.439346  1022.6416     -0.156      0.009  0.000e+00
     -0.135    27.7249   5.623321    35.2093     2.1793     0.0543          0     26.750 338.439349  1022.6411     -0.135      0.019  0.000e+00
     -0.168    27.7244   5.623260    35.2093     2.1810     0.0604          0     27.000 338.439352  1022.6412     -0.167      0.022  0.000e+00
     -0.190    27.7236   5.623101    35.2087     2.1744     0.0582          0     27.250 338.439355  1022.6410     -0.189      0.012  0.000e+00
     -0.179    27.7233   5.622790    35.2068     2.1645     0.0566          0     27.500 338.439358  1022.6396     -0.178      0.009  0.000e+00
