ctd_mafia/cnv/SBE19plus_01906740_2018_12_07_0105.cnv
* Sea-Bird SBE19plus  Data File:
* FileName = C:\Users\all user\Desktop\Patroba _ WWF Mapping Mafia\SBE19plus_01906740_2018_12_07_0105.hex
* Software version 2.6.3.104
* Temperature SN = 6740
* Conductivity SN = 6740
* System UpLoad Time = Dec 07 2018 14:37:02
* <ApplicationData>
* <Seaterm232>
# nquan = 13
# nvalues = 814                                   
# units = specified
# name 0 = prdM: Pressure, Strain Gauge [db]
# name 1 = tv290C: Temperature [ITS-90, deg C]
# name 2 = c0S/m: Conductivity [S/m]
# name 3 = sal00: Salinity, Practical [PSU]
# name 4 = sbeox0ML/L: Oxygen, SBE 43 [ml/l]
# name 5 = flECO-AFL: Fluorescence, WET Labs ECO-AFL/FL [mg/m^3]
# name 6 = nbf: Bottles Fired
# name 7 = timeS: Time, Elapsed [seconds]
# name 8 = timeJ: Julian Days
# name 9 = density00: Density [density, kg/m^3]
# name 10 = depSM: Depth [salt water, m], lat = 0.00
# name 11 = dz/dtM: Descent Rate [m/s]
# name 12 = flag:  0.000e+00
# span 0 =     -1.420,     20.892                 
# span 1 =    27.9443,    28.6468                 
# span 2 =   0.478774,   5.724422                 
# span 3 =     2.3949,    35.3945                 
# span 4 =     1.0842,    10.5825                 
# span 5 =    -0.0784,     1.1637                 
# span 6 =          0,          0                 
# span 7 =      0.000,    203.250                 
# span 8 = 338.431574, 338.433927                 
# span 9 =   997.9862,  1022.7191                 
# span 10 =     -1.412,     20.776                
# span 11 =     -1.150,      0.536                
# span 12 = 0.0000e+00, 0.0000e+00                
# interval = seconds: 0.25
# start_time = Dec 04 2018 10:21:28 [Instrument's time stamp, header]
# bad_flag = -9.990e-29
*END*
[from data line 112]
     -0.027    28.3471   5.688523    35.2017     2.0173     0.0368          0     28.000 338.431898  1022.4322     -0.026      0.018  0.000e+00
     -0.027    28.3460   5.687441    35.1949     2.0158     0.0391          0     28.250 338.431901  1022.4275     -0.026      0.017  0.000e+00
     -0.027    28.3449   5.686170    35.1869     2.0191     0.0246          0     28.500 338.431904  1022.4218     -0.026      0.013  0.000e+00
     -0.016    28.3441   5.685248    35.1810     2.0052     0.0154          0     28.750 338.431907  1022.4177     -0.016      0.014  0.000e+00
     -0.027    28.3434   5.684578    35.1769     1.9979     0.0215          0     29.000 338.431910  1022.4148     -0.026      0.013  0.000e+00
     -0.027    28.3426   5.684327    35.1757     1.9987     0.0116          0     29.250 338.431913  1022.4142     -0.026      0.004  0.000e+00
     -0.016    28.3417   5.684068    35.1746     2.0051     0.0200          0     29.500 338.431916  1022.4137     -0.016      0.004  0.000e+00
     -0.027    28.3407   5.683703    35.1728     1.9902     0.0208          0     29.750 338.431918  1022.4126     -0.026      0.002  0.000e+00
     -0.016    28.3396   5.683596    35.1729     1.9913     0.0109          0     30.000 338.431921  1022.4131     -0.016      0.004  0.000e+00
     -0.027    28.3387   5.683848    35.1753     1.9896     0.0223          0     30.250 338.431924  1022.4151     -0.026      0.001  0.000e+00
     -0.059    28.3378   5.683018    35.1701     1.9840     0.0147          0     30.500 338.431927  1022.4114     -0.059     -0.009  0.000e+00
     -0.048    28.3370   5.682226    35.1653     2.0037    -0.0052          0     30.750 338.431930  1022.4081     -0.048     -0.015  0.000e+00
     -0.048    28.3362   5.681655    35.1619     1.9862    -0.0006          0     31.000 338.431933  1022.4058     -0.048     -0.016  0.000e+00
     -0.027    28.3356   5.681206    35.1592     1.9999    -0.0029          0     31.250 338.431936  1022.4041     -0.027     -0.012  0.000e+00
     -0.005    28.3347   5.681275    35.1603     1.9920     0.0025          0     31.500 338.431939  1022.4053     -0.005     -0.003  0.000e+00
     -0.038    28.3337   5.681625    35.1635     1.9941     0.0398          0     31.750 338.431942  1022.4079     -0.037     -0.000  0.000e+00
     -0.016    28.3326   5.681434    35.1630     1.9870     0.0444          0     32.000 338.431944  1022.4079     -0.016      0.006  0.000e+00
     -0.048    28.3318   5.681366    35.1631     1.9850     0.0368          0     32.250 338.431947  1022.4082     -0.048      0.007  0.000e+00
     -0.048    28.3308   5.680430    35.1573     1.9722     0.0391          0     32.500 338.431950  1022.4042     -0.048      0.006  0.000e+00
     -0.081    28.3297   5.679813    35.1539     1.9699     0.0437          0     32.750 338.431953  1022.4018     -0.080     -0.012  0.000e+00
     -0.048    28.3287   5.679204    35.1503     1.9665     0.0315          0     33.000 338.431956  1022.3996     -0.048     -0.017  0.000e+00
     -0.027    28.3279   5.679204    35.1509     1.9576     0.0345          0     33.250 338.431959  1022.4004     -0.026     -0.017  0.000e+00
     -0.037    28.3274   5.679144    35.1509     1.9626     0.0330          0     33.500 338.431962  1022.4005     -0.037     -0.013  0.000e+00
     -0.016    28.3264   5.679174    35.1518     1.9604     0.0360          0     33.750 338.431965  1022.4016     -0.016      0.004  0.000e+00
     -0.016    28.3249   5.679303    35.1538     1.9654     0.0475          0     34.000 338.431968  1022.4036     -0.016      0.012  0.000e+00
     -0.027    28.3238   5.678664    35.1502     1.9558     0.0513          0     34.250 338.431970  1022.4012     -0.026      0.022  0.000e+00
     -0.027    28.3227   5.678443    35.1495     1.9557     0.0429          0     34.500 338.431973  1022.4010     -0.026      0.022  0.000e+00
     -0.048    28.3219   5.678033    35.1472     1.9533     0.0414          0     34.750 338.431976  1022.3995     -0.048      0.014  0.000e+00
     -0.059    28.3210   5.677614    35.1450     1.9512     0.0086          0     35.000 338.431979  1022.3981     -0.059     -0.006  0.000e+00
     -0.059    28.3201   5.677401    35.1442     1.9510     0.0086          0     35.250 338.431982  1022.3977     -0.059     -0.018  0.000e+00
     -0.048    28.3194   5.677523    35.1455     1.9446     0.0177          0     35.500 338.431985  1022.3990     -0.048     -0.019  0.000e+00
     -0.037    28.3184   5.677302    35.1447     1.9394     0.0185          0     35.750 338.431988  1022.3988     -0.037     -0.019  0.000e+00
     -0.016    28.3175   5.677302    35.1454     1.9348     0.0170          0     36.000 338.431991  1022.3997     -0.016     -0.006  0.000e+00
     -0.005    28.3165   5.677203    35.1455     1.9299     0.0185          0     36.250 338.431994  1022.4001     -0.005      0.010  0.000e+00
     -0.037    28.3156   5.677013    35.1448     1.9239     0.0276          0     36.500 338.431997  1022.3998     -0.037      0.013  0.000e+00
     -0.070    28.3143   5.676663    35.1433     1.9143     0.0315          0     36.750 338.431999  1022.3990     -0.069      0.008  0.000e+00
     -0.059    28.3134   5.676412    35.1422     1.9101     0.0154          0     37.000 338.432002  1022.3985     -0.059      0.001  0.000e+00
     -0.048    28.3125   5.676252    35.1418     1.9054     0.0315          0     37.250 338.432005  1022.3985     -0.048     -0.005  0.000e+00
     -0.005    28.3115   5.676381    35.1434     1.8971     0.0231          0     37.500 338.432008  1022.4003     -0.005     -0.001  0.000e+00
      0.006    28.3107   5.676503    35.1449     1.8947     0.0292          0     37.750 338.432011  1022.4016      0.006      0.006  0.000e+00
      0.006    28.3098   5.676092    35.1426     1.8960     0.0215          0     38.000 338.432014  1022.4003      0.006      0.014  0.000e+00
     -0.027    28.3090   5.675902    35.1419     1.8945     0.0429          0     38.250 338.432017  1022.3998     -0.026      0.017  0.000e+00
     -0.016    28.3080   5.675841    35.1423     1.8912     0.0337          0     38.500 338.432020  1022.4005     -0.016      0.027  0.000e+00
     -0.048    28.3074   5.675552    35.1407     1.8918     0.0376          0     38.750 338.432023  1022.3994     -0.048      0.018  0.000e+00
     -0.016    28.3063   5.675202    35.1391     1.8926     0.0360          0     39.000 338.432025  1022.3986     -0.016      0.008  0.000e+00
     -0.027    28.3056   5.675172    35.1394     1.8861     0.0124          0     39.250 338.432028  1022.3991     -0.026     -0.005  0.000e+00
     -0.037    28.3051   5.675423    35.1415     1.8825     0.0070          0     39.500 338.432031  1022.4008     -0.037     -0.020  0.000e+00
     -0.027    28.3043   5.675552    35.1430     1.8848     0.0086          0     39.750 338.432034  1022.4022     -0.026     -0.017  0.000e+00
     -0.016    28.3034   5.675682    35.1445     1.8761     0.0101          0     40.000 338.432037  1022.4037     -0.016     -0.007  0.000e+00
     -0.016    28.3029   5.675233    35.1418     1.8734     0.0253          0     40.250 338.432040  1022.4018     -0.016      0.004  0.000e+00
     -0.005    28.3021   5.674951    35.1404     1.8704     0.0276          0     40.500 338.432043  1022.4011     -0.005      0.009  0.000e+00
     -0.027    28.3014   5.674731    35.1394     1.8625     0.0391          0     40.750 338.432046  1022.4005     -0.026      0.011  0.000e+00
     -0.005    28.3005   5.674746    35.1402     1.8635     0.0376          0     41.000 338.432049  1022.4014     -0.005      0.008  0.000e+00
     -0.005    28.2997   5.674852    35.1415     1.8716     0.0131          0     41.250 338.432052  1022.4027     -0.005      0.013  0.000e+00
     -0.037    28.2989   5.675081    35.1437     1.8677     0.0086          0     41.500 338.432054  1022.4044     -0.037      0.005  0.000e+00
     -0.037    28.2984   5.674822    35.1423     1.8721     0.0116          0     41.750 338.432057  1022.4036     -0.037     -0.006  0.000e+00
     -0.005    28.2976   5.674472    35.1404     1.8743    -0.0014          0     42.000 338.432060  1022.4026     -0.005     -0.004  0.000e+00
     -0.016    28.2970   5.674122    35.1384     1.8608     0.0101          0     42.250 338.432063  1022.4012     -0.016     -0.004  0.000e+00
     -0.016    28.2963   5.674061    35.1385     1.8663    -0.0067          0     42.500 338.432066  1022.4015     -0.016     -0.003  0.000e+00
     -0.016    28.2957   5.674092    35.1392     1.8569     0.0009          0     42.750 338.432069  1022.4022     -0.016      0.001  0.000e+00
     -0.005    28.2951   5.674350    35.1414     1.8574     0.0047          0     43.000 338.432072  1022.4041     -0.005      0.002  0.000e+00
      0.017    28.2945   5.674541    35.1432     1.8324    -0.0029          0     43.250 338.432075  1022.4057      0.017      0.014  0.000e+00
      0.006    28.2938   5.674350    35.1424     1.8238     0.0032          0     43.500 338.432078  1022.4054      0.006      0.022  0.000e+00
      0.017    28.2931   5.674312    35.1427     1.8314     0.0147          0     43.750 338.432080  1022.4058      0.017      0.022  0.000e+00
      0.006    28.2927   5.674198    35.1422     1.8206     0.0025          0     44.000 338.432083  1022.4056      0.006      0.014  0.000e+00
      0.017    28.2919   5.673841    35.1402     1.8244     0.0200          0     44.250 338.432086  1022.4044      0.017      0.018  0.000e+00
     -0.005    28.2913   5.673582    35.1389     1.8287     0.0292          0     44.500 338.432089  1022.4035     -0.005      0.011  0.000e+00
     -0.005    28.2904   5.673552    35.1393     1.8401     0.0223          0     44.750 338.432092  1022.4041     -0.005      0.003  0.000e+00
      0.006    28.2899   5.673742    35.1410     1.8415     0.0208          0     45.000 338.432095  1022.4056      0.006     -0.003  0.000e+00
      0.006    28.2893   5.673780    35.1417     1.8376     0.0208          0     45.250 338.432098  1022.4063      0.006     -0.006  0.000e+00
     -0.005    28.2889   5.673932    35.1431     1.8338     0.0139          0     45.500 338.432101  1022.4075     -0.005     -0.007  0.000e+00
      0.017    28.2883   5.673871    35.1432     1.8326     0.0177          0     45.750 338.432104  1022.4078      0.017     -0.003  0.000e+00
      0.017    28.2880   5.673362    35.1398     1.8276     0.0078          0     46.000 338.432106  1022.4054      0.017      0.004  0.000e+00
      0.027    28.2878   5.673171    35.1386     1.8328     0.0093          0     46.250 338.432109  1022.4046      0.027      0.009  0.000e+00
      0.049    28.2873   5.673270    35.1397     1.8263     0.0101          0     46.500 338.432112  1022.4056      0.049      0.023  0.000e+00
      0.082    28.2867   5.673620    35.1425     1.8077     0.0200          0     46.750 338.432115  1022.4081      0.081      0.036  0.000e+00
      0.082    28.2862   5.674092    35.1462     1.8137     0.0284          0     47.000 338.432118  1022.4110      0.081      0.043  0.000e+00
      0.082    28.2857   5.674107    35.1467     1.8171     0.0154          0     47.250 338.432121  1022.4116      0.081      0.048  0.000e+00
      0.092    28.2853   5.674092    35.1469     1.8102     0.0261          0     47.500 338.432124  1022.4119      0.092      0.051  0.000e+00
      0.092    28.2848   5.673932    35.1461     1.8036     0.0337          0     47.750 338.432127  1022.4115      0.092      0.045  0.000e+00
      0.103    28.2842   5.673491    35.1435     1.8053     0.0215          0     48.000 338.432130  1022.4098      0.103      0.042  0.000e+00
      0.103    28.2835   5.673461    35.1438     1.8021     0.0261          0     48.250 338.432133  1022.4102      0.103      0.033  0.000e+00
      0.136    28.2830   5.673841    35.1468     1.8043     0.0200          0     48.500 338.432135  1022.4128      0.135      0.031  0.000e+00
      0.146    28.2826   5.674822    35.1540     1.8066     0.0192          0     48.750 338.432138  1022.4184      0.146      0.032  0.000e+00
      0.136    28.2825   5.674472    35.1516     1.8041     0.0131          0     49.000 338.432141  1022.4166      0.135      0.034  0.000e+00
      0.168    28.2823   5.673742    35.1466     1.7993     0.0162          0     49.250 338.432144  1022.4130      0.167      0.041  0.000e+00
      0.190    28.2818   5.674381    35.1515     1.7995     0.0253          0     49.500 338.432147  1022.4169      0.189      0.048  0.000e+00
      0.211    28.2817   5.674701    35.1538     1.8085     0.0055          0     49.750 338.432150  1022.4188      0.210      0.058  0.000e+00
      0.201    28.2817   5.674731    35.1540     1.7957     0.0055          0     50.000 338.432153  1022.4189      0.199      0.056  0.000e+00
      0.233    28.2811   5.674899    35.1556     1.7870     0.0078          0     50.250 338.432156  1022.4204      0.232      0.060  0.000e+00
      0.222    28.2808   5.674571    35.1535     1.7834     0.0101          0     50.500 338.432159  1022.4189      0.221      0.052  0.000e+00
      0.233    28.2802   5.674663    35.1546     1.7882     0.0078          0     50.750 338.432161  1022.4199      0.232      0.050  0.000e+00
      0.265    28.2798   5.674282    35.1523     1.7934     0.0322          0     51.000 338.432164  1022.4185      0.264      0.053  0.000e+00
      0.265    28.2791   5.674031    35.1510     1.7964     0.0376          0     51.250 338.432167  1022.4178      0.264      0.045  0.000e+00
      0.298    28.2780   5.674442    35.1547     1.7936     0.0322          0     51.500 338.432170  1022.4211      0.296      0.048  0.000e+00
      0.363    28.2774   5.675774    35.1644     1.7901     0.0246          0     51.750 338.432173  1022.4288      0.361      0.067  0.000e+00
      0.428    28.2779   5.677463    35.1758     1.7951     0.0017          0     52.000 338.432176  1022.4375      0.425      0.099  0.000e+00
      0.449    28.2786   5.677334    35.1744     1.7913    -0.0014          0     52.250 338.432179  1022.4363      0.447      0.118  0.000e+00
      0.449    28.2794   5.679365    35.1880     1.7895     0.0002          0     52.500 338.432182  1022.4463      0.447      0.132  0.000e+00
      0.428    28.2814   5.678003    35.1770     1.7761    -0.0044          0     52.750 338.432185  1022.4372      0.425      0.122  0.000e+00
      0.438    28.2824   5.677843    35.1751     1.7702     0.0200          0     53.000 338.432188  1022.4356      0.436      0.105  0.000e+00
      0.460    28.2827   5.677554    35.1729     1.7708     0.0025          0     53.250 338.432190  1022.4339      0.457      0.090  0.000e+00
      0.492    28.2831   5.676953    35.1684     1.7714     0.0124          0     53.500 338.432193  1022.4305      0.490      0.071  0.000e+00
      0.525    28.2831   5.679175    35.1839     1.7699     0.0093          0     53.750 338.432196  1022.4423      0.522      0.057  0.000e+00
      0.514    28.2850   5.678414    35.1771     1.7611     0.0231          0     54.000 338.432199  1022.4365      0.511      0.046  0.000e+00
      0.536    28.2874   5.678064    35.1729     1.7577     0.0231          0     54.250 338.432202  1022.4327      0.533      0.053  0.000e+00
      0.514    28.2894   5.679175    35.1792     1.7583     0.0147          0     54.500 338.432205  1022.4366      0.511      0.053  0.000e+00
      0.536    28.2918   5.679205    35.1776     1.7600     0.0231          0     54.750 338.432208  1022.4348      0.533      0.055  0.000e+00
      0.579    28.2938   5.679776    35.1801     1.7690     0.0231          0     55.000 338.432211  1022.4362      0.576      0.056  0.000e+00
      0.655    28.2957   5.680827    35.1860     1.7725     0.0124          0     55.250 338.432214  1022.4403      0.651      0.071  0.000e+00
