ctd_mafia/cnv/SBE19plus_01906740_2018_12_07_0083.cnv
* Sea-Bird SBE19plus  Data File:
* FileName = C:\Users\all user\Desktop\Patroba _ WWF Mapping Mafia\SBE19plus_01906740_2018_12_07_0083.hex
* Software version 2.6.3.104
* Temperature SN = 6740
* Conductivity SN = 6740
* System UpLoad Time = Dec 07 2018 14:31:54
* <ApplicationData>
* <Seaterm232>
# nquan = 13
# nvalues = 824                                   
# units = specified
# name 0 = prdM: Pressure, Strain Gauge [db]
# name 1 = tv290C: Temperature [ITS-90, deg C]
# name 2 = c0S/m: Conductivity [S/m]
# name 3 = sal00: Salinity, Practical [PSU]
# name 4 = sbeox0ML/L: Oxygen, SBE 43 [ml/l]
# name 5 = flECO-AFL: Fluorescence, WET Labs ECO-AFL/FL [mg/m^3]
# name 6 = nbf: Bottles Fired
# name 7 = timeS: Time, Elapsed [seconds]
# name 8 = timeJ: Julian Days
# name 9 = density00: Density [density, kg/m^3]
# name 10 = depSM: Depth [salt water, m], lat = 0.00
# name 11 = dz/dtM: Descent Rate [m/s]
# name 12 = flag:  0.000e+00
# span 0 =     -1.366,     14.018                 
# span 1 =    27.6314,    29.9838                 
# span 2 =   0.363105,   5.777279                 
# span 3 =     1.7998,    35.7400                 
# span 4 =     1.7769,     3.5493                 
# span 5 =    -0.0349,    48.6787                 
# span 6 =          0,          0                 
# span 7 =      0.000,    205.750                 
# span 8 = 337.401620, 337.404002                 
# span 9 =   997.6495,  1022.7982                 
# span 10 =     -1.358,     13.940                
# span 11 =     -1.020,      0.419                
# span 12 = 0.0000e+00, 0.0000e+00                
# interval = seconds: 0.25
# start_time = Dec 03 2018 09:38:20 [Instrument's time stamp, header]
# bad_flag = -9.990e-29
*END*
[from data line 223]
      0.559    28.1527   5.689898    35.3562     1.7902     0.0162          0     55.750 337.402266  1022.6149      0.555      0.048  0.000e+00
      0.591    28.1504   5.688291    35.3467     1.7818     0.0246          0     56.000 337.402269  1022.6086      0.588      0.079  0.000e+00
      0.591    28.1479   5.688245    35.3483     1.7926     0.0116          0     56.250 337.402271  1022.6107      0.588      0.108  0.000e+00
      0.569    28.1462   5.687324    35.3431     1.7957     0.0078          0     56.500 337.402274  1022.6072      0.566      0.115  0.000e+00
      0.559    28.1446   5.688656    35.3536     1.7953     0.0147          0     56.750 337.402277  1022.6156      0.555      0.103  0.000e+00
      0.580    28.1443   5.688847    35.3552     1.8032     0.0093          0     57.000 337.402280  1022.6170      0.577      0.086  0.000e+00
      0.623    28.1444   5.689136    35.3571     1.8111     0.0017          0     57.250 337.402283  1022.6185      0.620      0.063  0.000e+00
      0.688    28.1443   5.689007    35.3563     1.8133     0.0009          0     57.500 337.402286  1022.6183      0.684      0.058  0.000e+00
      0.732    28.1438   5.687575    35.3466     1.8212     0.0177          0     57.750 337.402289  1022.6114      0.727      0.071  0.000e+00
      0.796    28.1438   5.687354    35.3451     1.8213     0.0063          0     58.000 337.402292  1022.6105      0.792      0.103  0.000e+00
      0.829    28.1434   5.686882    35.3420     1.8187     0.0299          0     58.250 337.402295  1022.6084      0.824      0.139  0.000e+00
      0.861    28.1423   5.686935    35.3432     1.8292     0.0315          0     58.500 337.402297  1022.6098      0.857      0.168  0.000e+00
      0.861    28.1409   5.687575    35.3487     1.8062     0.0421          0     58.750 337.402300  1022.6144      0.857      0.172  0.000e+00
      0.883    28.1400   5.686905    35.3447     1.8110     0.0307          0     59.000 337.402303  1022.6118      0.878      0.158  0.000e+00
      0.861    28.1382   5.686204    35.3412     1.8089     0.0253          0     59.250 337.402306  1022.6096      0.857      0.124  0.000e+00
      0.851    28.1364   5.687354    35.3506     1.7989     0.0315          0     59.500 337.402309  1022.6173      0.846      0.083  0.000e+00
      0.861    28.1354   5.686905    35.3482     1.8073     0.0231          0     59.750 337.402312  1022.6158      0.857      0.051  0.000e+00
      0.883    28.1351   5.685953    35.3417     1.7986     0.0147          0     60.000 337.402315  1022.6111      0.878      0.028  0.000e+00
      0.991    28.1342   5.677238    35.2813     1.7962     0.0162          0     60.250 337.402318  1022.5665      0.986      0.045  0.000e+00
      1.056    28.1278   5.671463    35.2456     1.8024    -0.0044          0     60.500 337.402321  1022.5420      1.050      0.078  0.000e+00
      1.099    28.1131   5.669844    35.2452     1.8027    -0.0021          0     60.750 337.402323  1022.5467      1.093      0.117  0.000e+00
      1.142    28.0997   5.669258    35.2512     1.8080     0.0032          0     61.000 337.402326  1022.5558      1.136      0.153  0.000e+00
      1.110    28.0900   5.668612    35.2539     1.8298    -0.0052          0     61.250 337.402329  1022.5609      1.104      0.168  0.000e+00
      1.067    28.0834   5.668323    35.2568     1.8283     0.0276          0     61.500 337.402332  1022.5650      1.061      0.149  0.000e+00
      1.034    28.0794   5.668133    35.2585     1.8334     0.0231          0     61.750 337.402335  1022.5675      1.029      0.104  0.000e+00
      1.067    28.0767   5.667882    35.2587     1.8458     0.0208          0     62.000 337.402338  1022.5686      1.061      0.060  0.000e+00
      1.175    28.0752   5.667822    35.2594     1.8613     0.0177          0     62.250 337.402341  1022.5701      1.168      0.037  0.000e+00
      1.283    28.0743   5.667692    35.2591     1.8715     0.0261          0     62.500 337.402344  1022.5707      1.276      0.061  0.000e+00
      1.348    28.0730   5.667373    35.2578     1.8777     0.0261          0     62.750 337.402347  1022.5704      1.340      0.103  0.000e+00
      1.380    28.0709   5.666962    35.2565     1.8899     0.0246          0     63.000 337.402350  1022.5703      1.373      0.149  0.000e+00
      1.359    28.0688   5.666833    35.2572     1.8916     0.0322          0     63.250 337.402352  1022.5714      1.351      0.185  0.000e+00
      1.326    28.0674   5.666803    35.2580     1.9029     0.0299          0     63.500 337.402355  1022.5723      1.319      0.187  0.000e+00
      1.326    28.0667   5.666712    35.2579     1.9197     0.0231          0     63.750 337.402358  1022.5724      1.319      0.161  0.000e+00
      1.326    28.0666   5.666742    35.2582     1.9182     0.0231          0     64.000 337.402361  1022.5727      1.319      0.106  0.000e+00
      1.402    28.0667   5.666773    35.2583     1.9287     0.0170          0     64.250 337.402364  1022.5731      1.394      0.063  0.000e+00
      1.434    28.0670   5.666734    35.2578     1.9398     0.0315          0     64.500 337.402367  1022.5727      1.426      0.042  0.000e+00
      1.521    28.0671   5.666674    35.2573     1.9374     0.0276          0     64.750 337.402370  1022.5727      1.512      0.063  0.000e+00
      1.553    28.0669   5.666552    35.2566     1.9541     0.0391          0     65.000 337.402373  1022.5723      1.545      0.098  0.000e+00
      1.553    28.0664   5.666552    35.2569     1.9579     0.0391          0     65.250 337.402376  1022.5728      1.545      0.130  0.000e+00
      1.532    28.0660   5.666583    35.2575     1.9732     0.0383          0     65.500 337.402378  1022.5733      1.523      0.138  0.000e+00
      1.510    28.0660   5.666522    35.2570     1.9661     0.0055          0     65.750 337.402381  1022.5728      1.502      0.118  0.000e+00
      1.532    28.0662   5.666522    35.2569     1.9722     0.0093          0     66.000 337.402384  1022.5727      1.523      0.092  0.000e+00
      1.586    28.0663   5.666522    35.2568     1.9863     0.0047          0     66.250 337.402387  1022.5728      1.577      0.066  0.000e+00
      1.661    28.0665   5.666522    35.2566     1.9823     0.0032          0     66.500 337.402390  1022.5730      1.652      0.068  0.000e+00
      1.737    28.0667   5.666453    35.2560     1.9925     0.0429          0     66.750 337.402393  1022.5727      1.728      0.084  0.000e+00
      1.802    28.0665   5.666294    35.2550     1.9881     0.0269          0     67.000 337.402396  1022.5723      1.792      0.125  0.000e+00
      1.791    28.0664   5.666332    35.2553     2.0028     0.0330          0     67.250 337.402399  1022.5726      1.781      0.156  0.000e+00
      1.802    28.0661   5.666263    35.2550     2.0016     0.0299          0     67.500 337.402402  1022.5725      1.792      0.174  0.000e+00
      1.813    28.0662   5.666263    35.2550     2.0105     0.0429          0     67.750 337.402405  1022.5725      1.803      0.172  0.000e+00
      1.824    28.0661   5.666263    35.2550     2.0130     0.0093          0     68.000 337.402407  1022.5726      1.814      0.146  0.000e+00
      1.824    28.0660   5.666294    35.2554     2.0067     0.0086          0     68.250 337.402410  1022.5729      1.814      0.106  0.000e+00
      1.834    28.0660   5.666248    35.2550     2.0126     0.0147          0     68.500 337.402413  1022.5727      1.824      0.068  0.000e+00
      1.834    28.0661   5.666203    35.2546     2.0200     0.0109          0     68.750 337.402416  1022.5723      1.824      0.038  0.000e+00
      1.889    28.0660   5.666172    35.2545     2.0292     0.0177          0     69.000 337.402419  1022.5725      1.878      0.037  0.000e+00
      2.007    28.0662   5.666142    35.2541     2.0374     0.0162          0     69.250 337.402422  1022.5726      1.996      0.079  0.000e+00
      2.061    28.0662   5.666142    35.2540     2.0450     0.0154          0     69.500 337.402425  1022.5728      2.050      0.118  0.000e+00
      2.083    28.0662   5.666104    35.2538     2.0519     0.0292          0     69.750 337.402428  1022.5727      2.072      0.148  0.000e+00
      2.105    28.0660   5.666073    35.2538     2.0547     0.0063          0     70.000 337.402431  1022.5729      2.093      0.169  0.000e+00
      2.105    28.0659   5.666073    35.2538     2.0492     0.0063          0     70.250 337.402433  1022.5730      2.093      0.174  0.000e+00
      2.061    28.0661   5.666142    35.2541     2.0555     0.0047          0     70.500 337.402436  1022.5729      2.050      0.148  0.000e+00
      2.094    28.0660   5.666043    35.2535     2.0445     0.0086          0     70.750 337.402439  1022.5726      2.082      0.120  0.000e+00
      2.137    28.0662   5.666104    35.2538     2.0491     0.0162          0     71.000 337.402442  1022.5730      2.125      0.085  0.000e+00
      2.191    28.0663   5.666043    35.2532     2.0558     0.0215          0     71.250 337.402445  1022.5728      2.179      0.063  0.000e+00
      2.267    28.0662   5.666104    35.2537     2.0368     0.0284          0     71.500 337.402448  1022.5735      2.254      0.080  0.000e+00
      2.299    28.0667   5.666233    35.2543     2.0484     0.0177          0     71.750 337.402451  1022.5739      2.287      0.107  0.000e+00
      2.321    28.0674   5.666203    35.2535     2.0517     0.0139          0     72.000 337.402454  1022.5732      2.308      0.130  0.000e+00
      2.321    28.0677   5.666188    35.2532     2.0521     0.0170          0     72.250 337.402457  1022.5728      2.308      0.146  0.000e+00
      2.321    28.0680   5.666203    35.2531     2.0699     0.0177          0     72.500 337.402459  1022.5727      2.308      0.146  0.000e+00
      2.353    28.0681   5.666172    35.2528     2.0734     0.0246          0     72.750 337.402462  1022.5726      2.340      0.127  0.000e+00
      2.396    28.0682   5.666172    35.2527     2.0726     0.0307          0     73.000 337.402465  1022.5726      2.383      0.110  0.000e+00
      2.451    28.0682   5.666142    35.2525     2.0902     0.0162          0     73.250 337.402468  1022.5727      2.437      0.102  0.000e+00
      2.505    28.0679   5.666142    35.2527     2.0929     0.0192          0     73.500 337.402471  1022.5732      2.491      0.106  0.000e+00
      2.548    28.0674   5.665952    35.2517     2.0966     0.0131          0     73.750 337.402474  1022.5728      2.534      0.125  0.000e+00
      2.591    28.0670   5.666013    35.2524     2.0907     0.0315          0     74.000 337.402477  1022.5736      2.577      0.148  0.000e+00
      2.623    28.0671   5.666074    35.2527     2.0944     0.0238          0     74.250 337.402480  1022.5740      2.609      0.168  0.000e+00
      2.678    28.0674   5.666104    35.2527     2.0659     0.0276          0     74.500 337.402483  1022.5741      2.663      0.182  0.000e+00
      2.710    28.0677   5.666013    35.2519     2.0595     0.0261          0     74.750 337.402486  1022.5735      2.695      0.180  0.000e+00
      2.732    28.0675   5.665914    35.2513     2.0675     0.0162          0     75.000 337.402488  1022.5732      2.717      0.169  0.000e+00
      2.753    28.0668   5.665914    35.2518     2.0641     0.0353          0     75.250 337.402491  1022.5739      2.738      0.154  0.000e+00
      2.742    28.0666   5.665884    35.2517     2.0661     0.0589          0     75.500 337.402494  1022.5739      2.727      0.129  0.000e+00
      2.764    28.0664   5.665853    35.2517     2.0727     0.0482          0     75.750 337.402497  1022.5740      2.749      0.109  0.000e+00
      2.732    28.0661   5.665785    35.2514     2.0585     0.0414          0     76.000 337.402500  1022.5738      2.717      0.077  0.000e+00
      2.764    28.0658   5.665663    35.2508     2.0706     0.0391          0     76.250 337.402503  1022.5736      2.749      0.056  0.000e+00
      2.796    28.0650   5.665572    35.2508     2.0712     0.0299          0     76.500 337.402506  1022.5740      2.781      0.043  0.000e+00
      2.861    28.0642   5.665504    35.2509     2.0687     0.0162          0     76.750 337.402509  1022.5745      2.846      0.054  0.000e+00
      2.959    28.0634   5.665382    35.2506     2.0703     0.0162          0     77.000 337.402512  1022.5750      2.942      0.089  0.000e+00
      3.045    28.0621   5.665063    35.2493     2.0773     0.0177          0     77.250 337.402514  1022.5749      3.028      0.138  0.000e+00
      3.067    28.0605   5.664903    35.2493     2.0811     0.0131          0     77.500 337.402517  1022.5755      3.050      0.179  0.000e+00
      3.078    28.0596   5.665093    35.2513     2.0907     0.0154          0     77.750 337.402520  1022.5773      3.061      0.199  0.000e+00
      3.056    28.0596   5.665154    35.2518     2.0850     0.0002          0     78.000 337.402523  1022.5776      3.039      0.198  0.000e+00
      3.078    28.0595   5.665032    35.2510     2.1086     0.0177          0     78.250 337.402526  1022.5771      3.061      0.172  0.000e+00
      3.099    28.0596   5.665002    35.2507     2.0984     0.0315          0     78.500 337.402529  1022.5769      3.082      0.139  0.000e+00
      3.121    28.0592   5.665002    35.2510     2.0938     0.0345          0     78.750 337.402532  1022.5774      3.104      0.101  0.000e+00
      3.143    28.0592   5.664903    35.2503     2.0891     0.0299          0     79.000 337.402535  1022.5770      3.125      0.069  0.000e+00
      3.207    28.0588   5.664964    35.2510     2.0859     0.0406          0     79.250 337.402538  1022.5779      3.190      0.067  0.000e+00
      3.251    28.0584   5.664774    35.2500     2.0918     0.0215          0     79.500 337.402541  1022.5775      3.233      0.089  0.000e+00
      3.305    28.0581   5.664812    35.2505     2.0903     0.0109          0     79.750 337.402543  1022.5781      3.287      0.120  0.000e+00
      3.359    28.0579   5.664873    35.2510     2.1044     0.0170          0     80.000 337.402546  1022.5789      3.340      0.152  0.000e+00
      3.391    28.0581   5.664934    35.2513     2.0978     0.0223          0     80.250 337.402549  1022.5791      3.373      0.167  0.000e+00
      3.413    28.0586   5.664964    35.2511     2.0875     0.0215          0     80.500 337.402552  1022.5790      3.394      0.173  0.000e+00
      3.456    28.0598   5.665344    35.2528     2.0906     0.0215          0     80.750 337.402555  1022.5800      3.437      0.175  0.000e+00
      3.478    28.0613   5.665344    35.2517     2.0875     0.0162          0     81.000 337.402558  1022.5788      3.459      0.166  0.000e+00
      3.488    28.0619   5.665223    35.2504     2.0864     0.0223          0     81.250 337.402561  1022.5777      3.469      0.144  0.000e+00
      3.488    28.0614   5.665002    35.2493     2.0833     0.0261          0     81.500 337.402564  1022.5770      3.469      0.120  0.000e+00
      3.499    28.0608   5.665033    35.2499     2.0861     0.0330          0     81.750 337.402567  1022.5777      3.480      0.095  0.000e+00
      3.543    28.0603   5.665002    35.2500     2.0989     0.0292          0     82.000 337.402569  1022.5781      3.523      0.083  0.000e+00
      3.575    28.0600   5.665002    35.2503     2.0942     0.0292          0     82.250 337.402572  1022.5785      3.555      0.081  0.000e+00
      3.629    28.0595   5.664744    35.2488     2.1034     0.0391          0     82.500 337.402575  1022.5778      3.609      0.091  0.000e+00
      3.651    28.0589   5.664904    35.2504     2.1002     0.0246          0     82.750 337.402578  1022.5793      3.630      0.097  0.000e+00
      3.726    28.0590   5.665002    35.2510     2.1085     0.0276          0     83.000 337.402581  1022.5801      3.706      0.123  0.000e+00
