ctd_mafia/cnv/SBE19plus_01906740_2018_12_07_0078.cnv
* Sea-Bird SBE19plus  Data File:
* FileName = C:\Users\all user\Desktop\Patroba _ WWF Mapping Mafia\SBE19plus_01906740_2018_12_07_0078.hex
* Software version 2.6.3.104
* Temperature SN = 6740
* Conductivity SN = 6740
* System UpLoad Time = Dec 07 2018 14:30:50
* <ApplicationData>
* <Seaterm232>
# nquan = 13
# nvalues = 809                                   
# units = specified
# name 0 = prdM: Pressure, Strain Gauge [db]
# name 1 = tv290C: Temperature [ITS-90, deg C]
# name 2 = c0S/m: Conductivity [S/m]
# name 3 = sal00: Salinity, Practical [PSU]
# name 4 = sbeox0ML/L: Oxygen, SBE 43 [ml/l]
# name 5 = flECO-AFL: Fluorescence, WET Labs ECO-AFL/FL [mg/m^3]
# name 6 = nbf: Bottles Fired
# name 7 = timeS: Time, Elapsed [seconds]
# name 8 = timeJ: Julian Days
# name 9 = density00: Density [density, kg/m^3]
# name 10 = depSM: Depth [salt water, m], lat = 0.00
# name 11 = dz/dtM: Descent Rate [m/s]
# name 12 = flag:  0.000e+00
# span 0 =     -1.374,     14.443                 
# span 1 =    27.7772,    28.7663                 
# span 2 =   0.399537,   5.691876                 
# span 3 =     1.9755,    35.2796                 
# span 4 =     1.9519,     3.3615                 
# span 5 =    -0.4637,    48.6864                 
# span 6 =          0,          0                 
# span 7 =      0.000,    202.000                 
# span 8 = 337.361817, 337.364155                 
# span 9 =   997.6671,  1022.5389                 
# span 10 =     -1.366,     14.363                
# span 11 =     -1.222,      0.241                
# span 12 = 0.0000e+00, 0.0000e+00                
# interval = seconds: 0.25
# start_time = Dec 03 2018 08:41:01 [Instrument's time stamp, header]
# bad_flag = -9.990e-29
*END*
[from data line 334]
      4.951    28.2577   5.682322    35.2235     2.1143     0.0353          0     83.500 337.362784  1022.4994      4.924      0.133  0.000e+00
      4.962    28.2571   5.682322    35.2239     2.1145     0.0330          0     83.750 337.362786  1022.5000      4.935      0.146  0.000e+00
      5.027    28.2568   5.682261    35.2237     2.1138     0.0246          0     84.000 337.362789  1022.5002      5.000      0.164  0.000e+00
      5.070    28.2566   5.682299    35.2241     2.1084     0.0139          0     84.250 337.362792  1022.5007      5.043      0.174  0.000e+00
      5.092    28.2563   5.682291    35.2243     2.1123     0.0200          0     84.500 337.362795  1022.5010      5.064      0.165  0.000e+00
      5.070    28.2562   5.682291    35.2243     2.1129     0.0246          0     84.750 337.362798  1022.5010      5.043      0.140  0.000e+00
      5.060    28.2562   5.682390    35.2250     2.1153     0.0582          0     85.000 337.362801  1022.5015      5.032      0.112  0.000e+00
      5.070    28.2566   5.682421    35.2250     2.1184     0.0437          0     85.250 337.362804  1022.5014      5.043      0.087  0.000e+00
      5.114    28.2570   5.682421    35.2247     2.1168     0.0437          0     85.500 337.362807  1022.5012      5.086      0.069  0.000e+00
      5.179    28.2574   5.682390    35.2241     2.1091     0.0360          0     85.750 337.362810  1022.5009      5.150      0.073  0.000e+00
      5.243    28.2575   5.682322    35.2236     2.1119     0.0574          0     86.000 337.362813  1022.5008      5.215      0.082  0.000e+00
      5.254    28.2571   5.682322    35.2239     2.1134     0.0582          0     86.250 337.362815  1022.5012      5.225      0.097  0.000e+00
      5.276    28.2568   5.682322    35.2241     2.1147     0.0566          0     86.500 337.362818  1022.5015      5.247      0.118  0.000e+00
      5.265    28.2566   5.682360    35.2245     2.1140     0.0604          0     86.750 337.362821  1022.5018      5.236      0.128  0.000e+00
      5.276    28.2567   5.682390    35.2246     2.1136     0.0376          0     87.000 337.362824  1022.5020      5.247      0.123  0.000e+00
      5.308    28.2571   5.682421    35.2245     2.1237     0.0482          0     87.250 337.362827  1022.5019      5.279      0.110  0.000e+00
      5.384    28.2572   5.682482    35.2249     2.1293     0.0467          0     87.500 337.362830  1022.5024      5.354      0.103  0.000e+00
      5.460    28.2574   5.682360    35.2238     2.1206     0.0521          0     87.750 337.362833  1022.5019      5.430      0.110  0.000e+00
      5.524    28.2573   5.682390    35.2241     2.1162     0.0421          0     88.000 337.362836  1022.5024      5.494      0.133  0.000e+00
      5.546    28.2571   5.682390    35.2242     2.1124     0.0246          0     88.250 337.362839  1022.5027      5.516      0.161  0.000e+00
      5.535    28.2569   5.682390    35.2244     2.1145     0.0215          0     88.500 337.362841  1022.5028      5.505      0.169  0.000e+00
      5.524    28.2569   5.682451    35.2248     2.1178     0.0215          0     88.750 337.362844  1022.5031      5.494      0.162  0.000e+00
      5.525    28.2570   5.682520    35.2252     2.1189     0.0147          0     89.000 337.362847  1022.5034      5.494      0.135  0.000e+00
      5.557    28.2577   5.682482    35.2244     2.1142     0.0231          0     89.250 337.362850  1022.5027      5.526      0.104  0.000e+00
      5.665    28.2578   5.682451    35.2241     2.1082     0.0200          0     89.500 337.362853  1022.5028      5.634      0.093  0.000e+00
      5.719    28.2577   5.682390    35.2238     2.1235     0.0200          0     89.750 337.362856  1022.5029      5.688      0.098  0.000e+00
      5.751    28.2574   5.682421    35.2242     2.1175     0.0276          0     90.000 337.362859  1022.5034      5.720      0.115  0.000e+00
      5.795    28.2573   5.682451    35.2245     2.1225     0.0147          0     90.250 337.362862  1022.5039      5.763      0.145  0.000e+00
      5.795    28.2573   5.682451    35.2245     2.1183     0.0223          0     90.500 337.362865  1022.5039      5.763      0.164  0.000e+00
      5.784    28.2573   5.682421    35.2242     2.1213     0.0223          0     90.750 337.362867  1022.5037      5.752      0.161  0.000e+00
      5.838    28.2572   5.682451    35.2245     2.1199     0.0261          0     91.000 337.362870  1022.5041      5.806      0.151  0.000e+00
      5.903    28.2576   5.682520    35.2247     2.1173     0.0231          0     91.250 337.362873  1022.5044      5.870      0.138  0.000e+00
      5.968    28.2577   5.682452    35.2241     2.1246     0.0315          0     91.500 337.362876  1022.5042      5.935      0.128  0.000e+00
      6.033    28.2577   5.682452    35.2241     2.1242     0.0322          0     91.750 337.362879  1022.5045      5.999      0.144  0.000e+00
      6.033    28.2575   5.682482    35.2244     2.1179     0.0330          0     92.000 337.362882  1022.5048      5.999      0.154  0.000e+00
      6.022    28.2577   5.682452    35.2241     2.1168     0.0299          0     92.250 337.362885  1022.5044      5.989      0.150  0.000e+00
      6.033    28.2577   5.682581    35.2250     2.1077     0.0360          0     92.500 337.362888  1022.5052      5.999      0.146  0.000e+00
      6.065    28.2578   5.682520    35.2244     2.1145     0.0276          0     92.750 337.362891  1022.5048      6.032      0.134  0.000e+00
      6.141    28.2581   5.682520    35.2242     2.1038     0.0345          0     93.000 337.362894  1022.5048      6.107      0.121  0.000e+00
      6.173    28.2580   5.682551    35.2244     2.1045     0.0330          0     93.250 337.362896  1022.5052      6.139      0.111  0.000e+00
      6.184    28.2579   5.682551    35.2245     2.1041     0.0360          0     93.500 337.362899  1022.5054      6.150      0.103  0.000e+00
      6.238    28.2581   5.682520    35.2241     2.1048     0.0276          0     93.750 337.362902  1022.5052      6.204      0.112  0.000e+00
      6.260    28.2580   5.682551    35.2244     2.1192     0.0345          0     94.000 337.362905  1022.5056      6.225      0.131  0.000e+00
      6.281    28.2582   5.682551    35.2243     2.1196     0.0360          0     94.250 337.362908  1022.5055      6.247      0.141  0.000e+00
      6.314    28.2582   5.682573    35.2244     2.1199     0.0253          0     94.500 337.362911  1022.5057      6.279      0.138  0.000e+00
      6.324    28.2582   5.682551    35.2243     2.1311     0.0200          0     94.750 337.362914  1022.5057      6.290      0.123  0.000e+00
      6.324    28.2581   5.682581    35.2245     2.1299     0.0200          0     95.000 337.362917  1022.5059      6.290      0.099  0.000e+00
      6.357    28.2581   5.682581    35.2245     2.1271     0.0299          0     95.250 337.362920  1022.5060      6.322      0.092  0.000e+00
      6.400    28.2584   5.682581    35.2243     2.1273     0.0337          0     95.500 337.362922  1022.5060      6.365      0.093  0.000e+00
      6.476    28.2583   5.682551    35.2241     2.1372     0.0360          0     95.750 337.362925  1022.5062      6.440      0.102  0.000e+00
      6.519    28.2582   5.682520    35.2240     2.1499     0.0360          0     96.000 337.362928  1022.5063      6.483      0.122  0.000e+00
      6.541    28.2579   5.682452    35.2237     2.1516     0.0406          0     96.250 337.362931  1022.5063      6.505      0.135  0.000e+00
      6.573    28.2578   5.682520    35.2243     2.1393     0.0322          0     96.500 337.362934  1022.5069      6.537      0.146  0.000e+00
      6.551    28.2577   5.682520    35.2244     2.1335     0.0475          0     96.750 337.362937  1022.5069      6.515      0.143  0.000e+00
      6.584    28.2576   5.682574    35.2249     2.1388     0.0521          0     97.000 337.362940  1022.5074      6.548      0.135  0.000e+00
      6.616    28.2578   5.682581    35.2247     2.1460     0.0406          0     97.250 337.362943  1022.5074      6.580      0.120  0.000e+00
      6.703    28.2581   5.682482    35.2237     2.1376     0.0490          0     97.500 337.362946  1022.5069      6.666      0.118  0.000e+00
      6.768    28.2578   5.682482    35.2239     2.1262     0.0414          0     97.750 337.362948  1022.5074      6.730      0.125  0.000e+00
      6.800    28.2575   5.682452    35.2240     2.1186     0.0322          0     98.000 337.362951  1022.5078      6.762      0.142  0.000e+00
      6.811    28.2574   5.682482    35.2243     2.1284     0.0391          0     98.250 337.362954  1022.5081      6.773      0.154  0.000e+00
      6.757    28.2572   5.682551    35.2249     2.1190     0.0376          0     98.500 337.362957  1022.5084      6.720      0.140  0.000e+00
      6.735    28.2575   5.682612    35.2251     2.1265     0.0521          0     98.750 337.362960  1022.5083      6.698      0.116  0.000e+00
      6.746    28.2579   5.682612    35.2248     2.1241     0.0559          0     99.000 337.362963  1022.5080      6.709      0.077  0.000e+00
      6.800    28.2582   5.682581    35.2243     2.1298     0.0467          0     99.250 337.362966  1022.5078      6.763      0.051  0.000e+00
      6.865    28.2579   5.682513    35.2241     2.1356     0.0498          0     99.500 337.362969  1022.5079      6.827      0.038  0.000e+00
      6.951    28.2580   5.682482    35.2237     2.1356     0.0315          0     99.750 337.362972  1022.5080      6.913      0.060  0.000e+00
      6.984    28.2577   5.682483    35.2240     2.1357     0.0398          0    100.000 337.362975  1022.5085      6.945      0.096  0.000e+00
      7.027    28.2574   5.682483    35.2242     2.1347     0.0406          0    100.250 337.362977  1022.5089      6.988      0.140  0.000e+00
      7.038    28.2574   5.682483    35.2242     2.1456     0.0299          0    100.500 337.362980  1022.5090      6.999      0.175  0.000e+00
      7.049    28.2575   5.682521    35.2244     2.1487     0.0398          0    100.750 337.362983  1022.5091      7.010      0.180  0.000e+00
      7.070    28.2576   5.682521    35.2243     2.1464     0.0452          0    101.000 337.362986  1022.5091      7.031      0.164  0.000e+00
      7.060    28.2577   5.682551    35.2245     2.1406     0.0452          0    101.250 337.362989  1022.5092      7.021      0.127  0.000e+00
      7.103    28.2577   5.682582    35.2247     2.1433     0.0505          0    101.500 337.362992  1022.5095      7.064      0.098  0.000e+00
      7.114    28.2578   5.682551    35.2243     2.1423     0.0459          0    101.750 337.362995  1022.5092      7.074      0.074  0.000e+00
      7.200    28.2579   5.682574    35.2244     2.1332     0.0444          0    102.000 337.362998  1022.5096      7.160      0.084  0.000e+00
      7.243    28.2579   5.682551    35.2242     2.1260     0.0505          0    102.250 337.363001  1022.5097      7.203      0.101  0.000e+00
      7.276    28.2577   5.682521    35.2241     2.1216     0.0414          0    102.500 337.363003  1022.5098      7.236      0.123  0.000e+00
      7.330    28.2576   5.682551    35.2245     2.1174     0.0459          0    102.750 337.363006  1022.5104      7.289      0.147  0.000e+00
      7.395    28.2576   5.682551    35.2245     2.1179     0.0261          0    103.000 337.363009  1022.5106      7.354      0.172  0.000e+00
      7.449    28.2576   5.682582    35.2247     2.1163     0.0307          0    103.250 337.363012  1022.5110      7.408      0.196  0.000e+00
      7.459    28.2576   5.682551    35.2244     2.1200     0.0200          0    103.500 337.363015  1022.5109      7.418      0.194  0.000e+00
      7.427    28.2577   5.682582    35.2246     2.1251     0.0223          0    103.750 337.363018  1022.5108      7.386      0.171  0.000e+00
      7.395    28.2577   5.682643    35.2250     2.1360     0.0490          0    104.000 337.363021  1022.5110      7.354      0.121  0.000e+00
      7.449    28.2578   5.682643    35.2249     2.1408     0.0360          0    104.250 337.363024  1022.5111      7.408      0.096  0.000e+00
      7.525    28.2582   5.682612    35.2243     2.1459     0.0414          0    104.500 337.363027  1022.5109      7.483      0.089  0.000e+00
      7.600    28.2582   5.682605    35.2243     2.1542     0.0444          0    104.750 337.363030  1022.5111      7.558      0.094  0.000e+00
      7.643    28.2581   5.682582    35.2242     2.1436     0.0429          0    105.000 337.363032  1022.5113      7.601      0.107  0.000e+00
      7.654    28.2581   5.682582    35.2242     2.1516     0.0490          0    105.250 337.363035  1022.5113      7.612      0.123  0.000e+00
      7.643    28.2579   5.682643    35.2247     2.1487     0.0421          0    105.500 337.363038  1022.5118      7.601      0.138  0.000e+00
      7.633    28.2579   5.682673    35.2249     2.1460     0.0467          0    105.750 337.363041  1022.5119      7.590      0.140  0.000e+00
      7.676    28.2580   5.682711    35.2251     2.1411     0.0521          0    106.000 337.363044  1022.5122      7.633      0.131  0.000e+00
      7.708    28.2582   5.682673    35.2247     2.1306     0.0719          0    106.250 337.363047  1022.5119      7.666      0.104  0.000e+00
      7.762    28.2586   5.682673    35.2244     2.1370     0.0719          0    106.500 337.363050  1022.5118      7.719      0.088  0.000e+00
      7.849    28.2587   5.682612    35.2239     2.1387     0.0658          0    106.750 337.363053  1022.5117      7.805      0.099  0.000e+00
      7.914    28.2583   5.682582    35.2239     2.1532     0.0719          0    107.000 337.363056  1022.5122      7.870      0.132  0.000e+00
      7.957    28.2582   5.682605    35.2242     2.1545     0.0559          0    107.250 337.363058  1022.5126      7.913      0.169  0.000e+00
      7.924    28.2581   5.682612    35.2243     2.1465     0.0536          0    107.500 337.363061  1022.5126      7.881      0.181  0.000e+00
      7.903    28.2578   5.682643    35.2247     2.1595     0.0658          0    107.750 337.363064  1022.5129      7.859      0.165  0.000e+00
      7.881    28.2579   5.682711    35.2251     2.1617     0.0536          0    108.000 337.363067  1022.5131      7.838      0.123  0.000e+00
      7.946    28.2584   5.682673    35.2245     2.1552     0.0521          0    108.250 337.363070  1022.5127      7.902      0.095  0.000e+00
      8.032    28.2585   5.682643    35.2242     2.1491     0.0414          0    108.500 337.363073  1022.5128      7.988      0.084  0.000e+00
      8.130    28.2582   5.682613    35.2242     2.1575     0.0574          0    108.750 337.363076  1022.5133      8.085      0.094  0.000e+00
      8.173    28.2582   5.682582    35.2239     2.1567     0.0475          0    109.000 337.363079  1022.5133      8.128      0.121  0.000e+00
      8.195    28.2577   5.682613    35.2245     2.1428     0.0444          0    109.250 337.363082  1022.5140      8.150      0.154  0.000e+00
      8.184    28.2579   5.682613    35.2244     2.1436     0.0475          0    109.500 337.363084  1022.5138      8.139      0.179  0.000e+00
      8.162    28.2579   5.682666    35.2247     2.1349     0.0467          0    109.750 337.363087  1022.5140      8.117      0.172  0.000e+00
      8.173    28.2579   5.682712    35.2251     2.1374     0.0383          0    110.000 337.363090  1022.5143      8.128      0.146  0.000e+00
      8.173    28.2583   5.682742    35.2250     2.1304     0.0452          0    110.250 337.363093  1022.5141      8.128      0.094  0.000e+00
      8.184    28.2586   5.682643    35.2241     2.1181     0.0345          0    110.500 337.363096  1022.5133      8.139      0.047  0.000e+00
      8.238    28.2587   5.682673    35.2242     2.1216     0.0315          0    110.750 337.363099  1022.5136      8.192      0.027  0.000e+00
