ctd_mafia/cnv/SBE19plus_01906740_2018_12_07_0098.cnv
* Sea-Bird SBE19plus  Data File:
* FileName = C:\Users\all user\Desktop\Patroba _ WWF Mapping Mafia\SBE19plus_01906740_2018_12_07_0098.hex
* Software version 2.6.3.104
* Temperature SN = 6740
* Conductivity SN = 6740
* System UpLoad Time = Dec 07 2018 14:34:51
* <ApplicationData>
* <Seaterm232>
# nquan = 13
# nvalues = 535                                   
# units = specified
# name 0 = prdM: Pressure, Strain Gauge [db]
# name 1 = tv290C: Temperature [ITS-90, deg C]
# name 2 = c0S/m: Conductivity [S/m]
# name 3 = sal00: Salinity, Practical [PSU]
# name 4 = sbeox0ML/L: Oxygen, SBE 43 [ml/l]
# name 5 = flECO-AFL: Fluorescence, WET Labs ECO-AFL/FL [mg/m^3]
# name 6 = nbf: Bottles Fired
# name 7 = timeS: Time, Elapsed [seconds]
# name 8 = timeJ: Julian Days
# name 9 = density00: Density [density, kg/m^3]
# name 10 = depSM: Depth [salt water, m], lat = 0.00
# name 11 = dz/dtM: Descent Rate [m/s]
# name 12 = flag:  0.000e+00
# span 0 =     -1.398,      8.883                 
# span 1 =    27.6023,    28.3220                 
# span 2 =   0.395158,   5.694961                 
# span 3 =     1.9585,    35.3129                 
# span 4 =     1.8261,     3.7958                 
# span 5 =    -0.0532,     1.0927                 
# span 6 =          0,          0                 
# span 7 =      0.000,    133.500                 
# span 8 = 338.377882, 338.379427                 
# span 9 =   997.6968,  1022.6660                 
# span 10 =     -1.391,      8.834                
# span 11 =     -0.710,      0.475                
# span 12 = 0.0000e+00, 0.0000e+00                
# interval = seconds: 0.25
# start_time = Dec 04 2018 09:04:09 [Instrument's time stamp, header]
# bad_flag = -9.990e-29
*END*
[from data line 223]
      1.110    28.2258   5.672443    35.1793     2.1757     0.0536          0     55.750 338.378527  1022.4602      1.104      0.147  0.000e+00
      1.164    28.2252   5.672093    35.1773     2.1812     0.0589          0     56.000 338.378530  1022.4591      1.158      0.168  0.000e+00
      1.196    28.2244   5.672215    35.1787     2.2108     0.0238          0     56.250 338.378533  1022.4606      1.190      0.177  0.000e+00
      1.218    28.2241   5.673143    35.1854     2.3395     0.0162          0     56.500 338.378536  1022.4658      1.211      0.174  0.000e+00
      1.229    28.2235   5.672953    35.1845     2.3144     0.0246          0     56.750 338.378539  1022.4654      1.222      0.171  0.000e+00
      1.218    28.2229   5.672352    35.1809     2.2955     0.0109          0     57.000 338.378542  1022.4628      1.211      0.150  0.000e+00
      1.229    28.2218   5.671401    35.1750     2.2544     0.0566          0     57.250 338.378545  1022.4588      1.222      0.120  0.000e+00
      1.229    28.2207   5.670640    35.1705     2.2752     0.0635          0     57.500 338.378547  1022.4558      1.222      0.085  0.000e+00
      1.229    28.2201   5.670541    35.1702     2.2250     0.0620          0     57.750 338.378550  1022.4558      1.222      0.049  0.000e+00
      1.250    28.2196   5.669401    35.1626     2.1268     0.0681          0     58.000 338.378553  1022.4503      1.244      0.031  0.000e+00
      1.283    28.2192   5.669180    35.1614     2.1071     0.0429          0     58.250 338.378556  1022.4496      1.276      0.030  0.000e+00
      1.305    28.2189   5.668671    35.1581     2.1694     0.0467          0     58.500 338.378559  1022.4474      1.297      0.038  0.000e+00
      1.315    28.2192   5.668290    35.1552     2.1164     0.0376          0     58.750 338.378562  1022.4451      1.308      0.049  0.000e+00
      1.380    28.2192   5.667880    35.1523     2.1035     0.0589          0     59.000 338.378565  1022.4433      1.373      0.074  0.000e+00
      1.467    28.2188   5.667629    35.1508     2.2457     0.0566          0     59.250 338.378568  1022.4426      1.459      0.109  0.000e+00
      1.488    28.2186   5.667492    35.1500     2.2547     0.0421          0     59.500 338.378571  1022.4422      1.480      0.136  0.000e+00
      1.553    28.2180   5.667279    35.1489     2.2839     0.0421          0     59.750 338.378573  1022.4418      1.545      0.164  0.000e+00
      1.596    28.2173   5.669021    35.1616     2.2869     0.0421          0     60.000 338.378576  1022.4518      1.588      0.181  0.000e+00
      1.650    28.2166   5.687064    35.2883     2.1560     0.0490          0     60.250 338.378579  1022.5475      1.641      0.195  0.000e+00
      1.705    28.2183   5.687765    35.2919     2.1785     0.0452          0     60.500 338.378582  1022.5499      1.695      0.208  0.000e+00
      1.715    28.2154   5.687544    35.2925     2.2023     0.0521          0     60.750 338.378585  1022.5513      1.706      0.203  0.000e+00
      1.748    28.2116   5.688024    35.2987     2.1897     0.0391          0     61.000 338.378588  1022.5573      1.738      0.183  0.000e+00
      1.791    28.2109   5.688275    35.3010     2.2292     0.0475          0     61.250 338.378591  1022.5595      1.781      0.167  0.000e+00
      1.813    28.2111   5.688146    35.2999     2.2488     0.0696          0     61.500 338.378594  1022.5587      1.803      0.159  0.000e+00
      1.780    28.2114   5.688146    35.2997     2.2971     0.0704          0     61.750 338.378597  1022.5583      1.770      0.125  0.000e+00
      1.791    28.2116   5.688321    35.3007     2.2932     0.0711          0     62.000 338.378600  1022.5591      1.781      0.097  0.000e+00
      1.791    28.2120   5.688024    35.2984     2.3864     0.0719          0     62.250 338.378602  1022.5572      1.781      0.068  0.000e+00
      1.845    28.2112   5.687925    35.2982     2.3016     0.0574          0     62.500 338.378605  1022.5576      1.835      0.058  0.000e+00
      1.910    28.2100   5.687955    35.2994     2.4548     0.0566          0     62.750 338.378608  1022.5591      1.900      0.070  0.000e+00
      1.953    28.2096   5.688176    35.3012     2.3082     0.0574          0     63.000 338.378611  1022.5608      1.943      0.084  0.000e+00
      2.007    28.2104   5.688405    35.3022     2.3736     0.0620          0     63.250 338.378614  1022.5615      1.996      0.107  0.000e+00
      2.018    28.2113   5.688565    35.3026     2.4975     0.0589          0     63.500 338.378617  1022.5615      2.007      0.130  0.000e+00
      2.029    28.2127   5.688465    35.3009     2.5149     0.0749          0     63.750 338.378620  1022.5598      2.018      0.148  0.000e+00
      2.072    28.2128   5.688275    35.2995     2.5353     0.0627          0     64.000 338.378623  1022.5589      2.061      0.152  0.000e+00
      2.115    28.2120   5.688077    35.2986     2.4692     0.0719          0     64.250 338.378626  1022.5588      2.104      0.152  0.000e+00
      2.159    28.2110   5.687864    35.2979     2.5307     0.0757          0     64.500 338.378628  1022.5587      2.147      0.142  0.000e+00
      2.169    28.2096   5.687826    35.2987     2.5734     0.0704          0     64.750 338.378631  1022.5598      2.158      0.128  0.000e+00
      2.191    28.2086   5.687864    35.2997     2.6117     0.0650          0     65.000 338.378634  1022.5610      2.179      0.120  0.000e+00
      2.202    28.2079   5.687925    35.3006     2.6705     0.0749          0     65.250 338.378637  1022.5620      2.190      0.111  0.000e+00
      2.191    28.2079   5.687925    35.3006     2.6563     0.0742          0     65.500 338.378640  1022.5619      2.179      0.100  0.000e+00
      2.180    28.2079   5.687894    35.3004     2.6406     0.1192          0     65.750 338.378643  1022.5617      2.168      0.078  0.000e+00
      2.191    28.2078   5.687925    35.3007     2.6870     0.1100          0     66.000 338.378646  1022.5620      2.179      0.051  0.000e+00
      2.169    28.2079   5.687925    35.3006     2.7391     0.1070          0     66.250 338.378649  1022.5618      2.158      0.022  0.000e+00
      2.213    28.2079   5.687826    35.2999     2.8069     0.1032          0     66.500 338.378652  1022.5615      2.201      0.013  0.000e+00
      2.213    28.2075   5.687803    35.3001     2.8158     0.0604          0     66.750 338.378655  1022.5617      2.201      0.012  0.000e+00
      2.213    28.2069   5.687735    35.3000     2.7802     0.0528          0     67.000 338.378657  1022.5619      2.201      0.010  0.000e+00
      2.191    28.2067   5.687826    35.3009     2.7762     0.0604          0     67.250 338.378660  1022.5625      2.179      0.007  0.000e+00
      2.223    28.2066   5.687796    35.3007     2.7121     0.0589          0     67.500 338.378663  1022.5626      2.211      0.017  0.000e+00
      2.202    28.2067   5.687704    35.3000     2.6635     0.0582          0     67.750 338.378666  1022.5619      2.190      0.015  0.000e+00
      2.202    28.2062   5.687704    35.3004     2.6242     0.0894          0     68.000 338.378669  1022.5624      2.190      0.009  0.000e+00
      2.223    28.2060   5.687704    35.3005     2.6382     0.0887          0     68.250 338.378672  1022.5626      2.211      0.012  0.000e+00
      2.234    28.2060   5.687704    35.3005     2.6389     0.0818          0     68.500 338.378675  1022.5627      2.222      0.007  0.000e+00
      2.245    28.2059   5.687704    35.3006     2.6385     0.0917          0     68.750 338.378678  1022.5628      2.233      0.016  0.000e+00
      2.267    28.2059   5.687620    35.3000     2.6831     0.0711          0     69.000 338.378681  1022.5625      2.254      0.028  0.000e+00
      2.299    28.2053   5.687514    35.2997     2.7152     0.0658          0     69.250 338.378683  1022.5625      2.287      0.045  0.000e+00
      2.299    28.2047   5.687476    35.2999     2.7468     0.0734          0     69.500 338.378686  1022.5629      2.287      0.050  0.000e+00
      2.332    28.2041   5.687415    35.2999     2.6479     0.0734          0     69.750 338.378689  1022.5632      2.319      0.066  0.000e+00
      2.332    28.2036   5.687476    35.3007     2.6025     0.0704          0     70.000 338.378692  1022.5640      2.319      0.069  0.000e+00
      2.375    28.2035   5.687445    35.3005     2.6532     0.0780          0     70.250 338.378695  1022.5641      2.362      0.074  0.000e+00
      2.353    28.2035   5.687575    35.3014     2.5790     0.0704          0     70.500 338.378698  1022.5647      2.340      0.068  0.000e+00
      2.386    28.2038   5.687575    35.3012     2.5419     0.0757          0     70.750 338.378701  1022.5645      2.373      0.067  0.000e+00
      2.375    28.2042   5.687575    35.3009     2.5595     0.0566          0     71.000 338.378704  1022.5641      2.362      0.056  0.000e+00
      2.375    28.2043   5.687438    35.2999     2.5362     0.0574          0     71.250 338.378707  1022.5633      2.362      0.044  0.000e+00
      2.440    28.2036   5.687225    35.2989     2.6537     0.0620          0     71.500 338.378709  1022.5631      2.426      0.053  0.000e+00
      2.505    28.2028   5.687034    35.2982     2.6358     0.0635          0     71.750 338.378712  1022.5631      2.491      0.069  0.000e+00
      2.580    28.2015   5.687126    35.2997     2.9535     0.0566          0     72.000 338.378715  1022.5650      2.566      0.103  0.000e+00
      2.591    28.2008   5.687164    35.3005     3.0205     0.0749          0     72.250 338.378718  1022.5659      2.577      0.123  0.000e+00
      2.580    28.2009   5.687164    35.3004     2.8682     0.0658          0     72.500 338.378721  1022.5658      2.566      0.138  0.000e+00
      2.580    28.2009   5.687126    35.3002     2.9745     0.0681          0     72.750 338.378724  1022.5656      2.566      0.131  0.000e+00
      2.591    28.2005   5.687126    35.3005     2.9136     0.0711          0     73.000 338.378727  1022.5660      2.577      0.123  0.000e+00
      2.580    28.2007   5.687164    35.3006     2.9061     0.0849          0     73.250 338.378730  1022.5659      2.566      0.095  0.000e+00
      2.580    28.2007   5.687164    35.3006     2.8132     0.0887          0     73.500 338.378733  1022.5659      2.566      0.053  0.000e+00
      2.602    28.2007   5.687194    35.3008     2.7476     0.0765          0     73.750 338.378736  1022.5662      2.588      0.025  0.000e+00
      2.624    28.2008   5.687164    35.3005     2.6816     0.0780          0     74.000 338.378738  1022.5660      2.609      0.014  0.000e+00
      2.678    28.2007   5.686494    35.2959     3.1339     0.0459          0     74.250 338.378741  1022.5628      2.663      0.034  0.000e+00
      2.721    28.1980   5.685984    35.2943     3.1668     0.0490          0     74.500 338.378744  1022.5627      2.706      0.063  0.000e+00
      2.797    28.1945   5.685923    35.2965     3.1007     0.0482          0     74.750 338.378747  1022.5658      2.781      0.099  0.000e+00
      2.861    28.1923   5.685542    35.2954     2.8657     0.0543          0     75.000 338.378750  1022.5660      2.846      0.139  0.000e+00
      2.861    28.1895   5.685413    35.2966     2.7488     0.0734          0     75.250 338.378753  1022.5679      2.846      0.164  0.000e+00
      2.883    28.1874   5.685443    35.2984     2.7091     0.0673          0     75.500 338.378756  1022.5699      2.867      0.172  0.000e+00
      2.883    28.1866   5.685443    35.2990     2.7367     0.0734          0     75.750 338.378759  1022.5707      2.867      0.161  0.000e+00
      2.926    28.1860   5.685200    35.2978     2.5957     0.0704          0     76.000 338.378762  1022.5701      2.910      0.148  0.000e+00
      3.002    28.1849   5.684773    35.2955     2.5404     0.0788          0     76.250 338.378764  1022.5691      2.985      0.141  0.000e+00
      3.088    28.1827   5.684233    35.2934     2.5881     0.0833          0     76.500 338.378767  1022.5687      3.071      0.149  0.000e+00
      3.099    28.1793   5.684103    35.2950     2.5880     0.0826          0     76.750 338.378770  1022.5710      3.082      0.148  0.000e+00
      3.099    28.1764   5.684073    35.2970     2.6305     0.0864          0     77.000 338.378773  1022.5734      3.082      0.146  0.000e+00
      3.099    28.1751   5.684043    35.2977     2.6285     0.0818          0     77.250 338.378776  1022.5744      3.082      0.146  0.000e+00
      3.078    28.1745   5.684332    35.3002     2.6663     0.0704          0     77.500 338.378779  1022.5764      3.061      0.125  0.000e+00
      3.132    28.1754   5.684804    35.3028     2.7103     0.0681          0     77.750 338.378782  1022.5783      3.114      0.110  0.000e+00
      3.186    28.1776   5.684522    35.2992     2.7867     0.0734          0     78.000 338.378785  1022.5751      3.168      0.094  0.000e+00
      3.272    28.1782   5.684774    35.3005     2.7545     0.0726          0     78.250 338.378788  1022.5762      3.254      0.094  0.000e+00
      3.348    28.1793   5.684956    35.3009     2.8626     0.0833          0     78.500 338.378791  1022.5765      3.329      0.118  0.000e+00
      3.445    28.1802   5.684553    35.2974     3.0195     0.0871          0     78.750 338.378793  1022.5740      3.426      0.172  0.000e+00
      3.445    28.1795   5.684362    35.2966     3.1289     0.0856          0     79.000 338.378796  1022.5736      3.426      0.207  0.000e+00
      3.488    28.1781   5.684363    35.2976     3.2145     0.0803          0     79.250 338.378799  1022.5750      3.469      0.230  0.000e+00
      3.542    28.1773   5.684203    35.2971     3.1827     0.0818          0     79.500 338.378802  1022.5751      3.523      0.241  0.000e+00
      3.597    28.1758   5.683441    35.2928     3.1147     0.0688          0     79.750 338.378805  1022.5726      3.577      0.231  0.000e+00
      3.629    28.1729   5.683251    35.2937     3.1644     0.0803          0     80.000 338.378808  1022.5744      3.609      0.212  0.000e+00
      3.640    28.1695   5.682711    35.2924     3.0485     0.0673          0     80.250 338.378811  1022.5746      3.620      0.181  0.000e+00
      3.694    28.1656   5.682292    35.2924     3.1858     0.0803          0     80.500 338.378814  1022.5761      3.673      0.163  0.000e+00
      3.683    28.1625   5.682391    35.2954     3.1552     0.0704          0     80.750 338.378817  1022.5794      3.663      0.139  0.000e+00
      3.715    28.1610   5.682604    35.2980     3.1657     0.0704          0     81.000 338.378819  1022.5819      3.695      0.134  0.000e+00
      3.769    28.1611   5.682741    35.2989     2.9883     0.0749          0     81.250 338.378822  1022.5828      3.749      0.125  0.000e+00
      3.834    28.1614   5.682201    35.2949     2.7686     0.0719          0     81.500 338.378825  1022.5799      3.813      0.127  0.000e+00
      3.942    28.1598   5.681310    35.2898     2.5481     0.0589          0     81.750 338.378828  1022.5771      3.921      0.152  0.000e+00
      4.050    28.1553   5.680740    35.2892     2.3796     0.0597          0     82.000 338.378831  1022.5786      4.028      0.197  0.000e+00
      4.169    28.1506   5.680671    35.2921     2.5268     0.0604          0     82.250 338.378834  1022.5829      4.146      0.255  0.000e+00
      4.202    28.1470   5.679720    35.2882     2.6408     0.0559          0     82.500 338.378837  1022.5812      4.179      0.289  0.000e+00
      4.213    28.1423   5.679781    35.2921     2.7484     0.0673          0     82.750 338.378840  1022.5857      4.189      0.306  0.000e+00
      4.223    28.1390   5.679621    35.2934     2.7531     0.0665          0     83.000 338.378843  1022.5879      4.200      0.288  0.000e+00
