ctd_mafia/cnv/SBE19plus_01906740_2018_12_07_0102.cnv
* Sea-Bird SBE19plus  Data File:
* FileName = C:\Users\all user\Desktop\Patroba _ WWF Mapping Mafia\SBE19plus_01906740_2018_12_07_0102.hex
* Software version 2.6.3.104
* Temperature SN = 6740
* Conductivity SN = 6740
* System UpLoad Time = Dec 07 2018 14:35:50
* <ApplicationData>
* <Seaterm232>
# nquan = 13
# nvalues = 760                                   
# units = specified
# name 0 = prdM: Pressure, Strain Gauge [db]
# name 1 = tv290C: Temperature [ITS-90, deg C]
# name 2 = c0S/m: Conductivity [S/m]
# name 3 = sal00: Salinity, Practical [PSU]
# name 4 = sbeox0ML/L: Oxygen, SBE 43 [ml/l]
# name 5 = flECO-AFL: Fluorescence, WET Labs ECO-AFL/FL [mg/m^3]
# name 6 = nbf: Bottles Fired
# name 7 = timeS: Time, Elapsed [seconds]
# name 8 = timeJ: Julian Days
# name 9 = density00: Density [density, kg/m^3]
# name 10 = depSM: Depth [salt water, m], lat = 0.00
# name 11 = dz/dtM: Descent Rate [m/s]
# name 12 = flag:  0.000e+00
# span 0 =     -1.399,     19.011                 
# span 1 =    26.3858,    28.5761                 
# span 2 =   0.757904,   5.699366                 
# span 3 =     3.9136,    35.4113                 
# span 4 =     1.8102,     3.3012                 
# span 5 =    -0.4347,    48.6826                 
# span 6 =          0,          0                 
# span 7 =      0.000,    189.750                 
# span 8 = 338.408148, 338.410344                 
# span 9 =   999.1341,  1023.1763                 
# span 10 =     -1.392,     18.905                
# span 11 =     -1.129,      0.745                
# span 12 = 0.0000e+00, 0.0000e+00                
# interval = seconds: 0.25
# start_time = Dec 04 2018 09:47:44 [Instrument's time stamp, header]
# bad_flag = -9.990e-29
*END*
[from data line 334]
      7.174    27.5783   5.618281    35.2818     2.1072     0.0498          0     83.500 338.409115  1022.7746      7.134      0.079  0.000e+00
      7.217    27.5770   5.616403    35.2694     2.1105     0.0330          0     83.750 338.409117  1022.7659      7.177      0.055  0.000e+00
      7.271    27.5690   5.614676    35.2632     2.1081     0.0078          0     84.000 338.409120  1022.7641      7.231      0.063  0.000e+00
      7.282    27.5577   5.614086    35.2676     2.1070     0.0170          0     84.250 338.409123  1022.7711      7.242      0.087  0.000e+00
      7.271    27.5488   5.614677    35.2785     2.1097     0.0101          0     84.500 338.409126  1022.7821      7.231      0.101  0.000e+00
      7.293    27.5465   5.615116    35.2833     2.1039     0.0170          0     84.750 338.409129  1022.7866      7.253      0.111  0.000e+00
      7.347    27.5473   5.613988    35.2746     2.1106     0.0299          0     85.000 338.409132  1022.7800      7.306      0.118  0.000e+00
      7.444    27.5435   5.611769    35.2618     2.1217     0.0200          0     85.250 338.409135  1022.7720      7.403      0.134  0.000e+00
      7.552    27.5330   5.609453    35.2533     2.1408     0.0215          0     85.500 338.409138  1022.7695      7.511      0.157  0.000e+00
      7.628    27.5181   5.607076    35.2477     2.1547     0.0231          0     85.750 338.409141  1022.7704      7.586      0.192  0.000e+00
      7.790    27.4993   5.604791    35.2456     2.1559     0.0444          0     86.000 338.409144  1022.7756      7.747      0.255  0.000e+00
      7.909    27.4803   5.604421    35.2572     2.1589     0.0345          0     86.250 338.409146  1022.7910      7.865      0.329  0.000e+00
      8.028    27.4687   5.604232    35.2646     2.1548     0.0330          0     86.500 338.409149  1022.8009      7.984      0.396  0.000e+00
      8.158    27.4617   5.602704    35.2591     2.1538     0.0406          0     86.750 338.409152  1022.7995      8.113      0.445  0.000e+00
      8.309    27.4538   5.601660    35.2576     2.1468     0.0345          0     87.000 338.409155  1022.8016      8.263      0.481  0.000e+00
      8.417    27.4435   5.600858    35.2596     2.1412     0.0406          0     87.250 338.409158  1022.8069      8.371      0.497  0.000e+00
      8.547    27.4349   5.600548    35.2638     2.1370     0.0261          0     87.500 338.409161  1022.8134      8.500      0.509  0.000e+00
      8.579    27.4288   5.599739    35.2627     2.1279     0.0299          0     87.750 338.409164  1022.8147      8.532      0.492  0.000e+00
      8.569    27.4229   5.600079    35.2696     2.1217     0.0276          0     88.000 338.409167  1022.8217      8.521      0.428  0.000e+00
      8.612    27.4207   5.600609    35.2750     2.1253     0.0162          0     88.250 338.409170  1022.8267      8.564      0.368  0.000e+00
      8.633    27.4215   5.600140    35.2710     2.1240     0.0101          0     88.500 338.409172  1022.8235      8.586      0.298  0.000e+00
      8.709    27.4213   5.600049    35.2705     2.1277     0.0200          0     88.750 338.409175  1022.8235      8.661      0.239  0.000e+00
      8.817    27.4203   5.599300    35.2659     2.1250     0.0116          0     89.000 338.409178  1022.8209      8.768      0.208  0.000e+00
      8.925    27.4167   5.596676    35.2500     2.1261     0.0635          0     89.250 338.409181  1022.8105      8.876      0.211  0.000e+00
      9.055    27.4049   5.594120    35.2407     2.1270     0.0543          0     89.500 338.409184  1022.8079      9.005      0.244  0.000e+00
      9.174    27.3879   5.591883    35.2376     2.1251     0.0604          0     89.750 338.409187  1022.8115      9.123      0.310  0.000e+00
      9.282    27.3683   5.587613    35.2221     2.1256     0.0528          0     90.000 338.409190  1022.8067      9.231      0.373  0.000e+00
      9.390    27.3359   5.575490    35.1603     2.1284     0.0276          0     90.250 338.409193  1022.7710      9.338      0.415  0.000e+00
      9.476    27.2714   5.565046    35.1347     2.1278     0.0276          0     90.500 338.409196  1022.7729      9.424      0.440  0.000e+00
      9.563    27.1919   5.560092    35.1594     2.1284     0.0345          0     90.750 338.409198  1022.8174      9.510      0.437  0.000e+00
      9.693    27.1232   5.551687    35.1513     2.1359     0.0391          0     91.000 338.409201  1022.8339      9.639      0.432  0.000e+00
      9.812    27.0548   5.544810    35.1539     2.1379     0.0719          0     91.250 338.409204  1022.8583      9.757      0.429  0.000e+00
      9.941    26.9901   5.530937    35.1037     2.1491     0.0650          0     91.500 338.409207  1022.8417      9.886      0.430  0.000e+00
     10.093    26.8887   5.494288    34.9180     2.1583     0.0742          0     91.750 338.409210  1022.7348     10.037      0.448  0.000e+00
     10.201    26.7033   5.490324    35.0295     2.1562     0.0681          0     92.000 338.409213  1022.8783     10.144      0.464  0.000e+00
     10.341    26.5612   5.492764    35.1550     2.1602     0.0719          0     92.250 338.409216  1023.0185     10.284      0.486  0.000e+00
     10.471    26.4936   5.492645    35.2057     2.1480     0.0292          0     92.500 338.409219  1023.0786     10.413      0.507  0.000e+00
     10.633    26.4650   5.492128    35.2237     2.1474     0.0261          0     92.750 338.409222  1023.1019     10.575      0.529  0.000e+00
     10.720    26.4507   5.490418    35.2223     2.1384     0.0223          0     93.000 338.409225  1023.1057     10.661      0.525  0.000e+00
     10.741    26.4376   5.489414    35.2250     2.1309     0.0261          0     93.250 338.409227  1023.1120     10.682      0.494  0.000e+00
     10.785    26.4272   5.491094    35.2451     2.1305     0.0498          0     93.500 338.409230  1023.1306     10.725      0.443  0.000e+00
     10.903    26.4279   5.488536    35.2260     2.1313     0.0360          0     93.750 338.409233  1023.1165     10.843      0.403  0.000e+00
     11.012    26.4234   5.487224    35.2200     2.1403     0.0459          0     94.000 338.409236  1023.1138     10.951      0.378  0.000e+00
     11.109    26.4137   5.487127    35.2266     2.1428     0.0482          0     94.250 338.409239  1023.1223     11.048      0.353  0.000e+00
     11.185    26.4069   5.487285    35.2329     2.1339     0.0521          0     94.500 338.409242  1023.1295     11.123      0.335  0.000e+00
     11.250    26.4044   5.487682    35.2377     2.1349     0.0406          0     94.750 338.409245  1023.1343     11.187      0.321  0.000e+00
     11.293    26.4047   5.487802    35.2383     2.1263     0.0444          0     95.000 338.409248  1023.1348     11.230      0.321  0.000e+00
     11.379    26.4057   5.487510    35.2355     2.1264     0.0513          0     95.250 338.409251  1023.1327     11.316      0.329  0.000e+00
     11.477    26.4066   5.487015    35.2312     2.1235     0.0315          0     95.500 338.409253  1023.1296     11.413      0.327  0.000e+00
     11.660    26.4060   5.486318    35.2265     2.1263     0.0459          0     95.750 338.409256  1023.1270     11.596      0.338  0.000e+00
     11.866    26.4035   5.486310    35.2283     2.1277     0.0345          0     96.000 338.409259  1023.1300     11.800      0.386  0.000e+00
     12.060    26.4015   5.484976    35.2201     2.1233     0.0376          0     96.250 338.409262  1023.1253     11.994      0.457  0.000e+00
     12.244    26.3960   5.484796    35.2229     2.1249     0.0337          0     96.500 338.409265  1023.1300     12.176      0.540  0.000e+00
     12.428    26.3913   5.484789    35.2264     2.1218     0.0047          0     96.750 338.409268  1023.1349     12.359      0.621  0.000e+00
     12.590    26.3893   5.484766    35.2278     2.1325     0.0131          0     97.000 338.409271  1023.1372     12.520      0.685  0.000e+00
     12.806    26.3886   5.484827    35.2287     2.1302     0.0101          0     97.250 338.409274  1023.1391     12.735      0.731  0.000e+00
     12.957    26.3882   5.484737    35.2283     2.1188     0.0055          0     97.500 338.409277  1023.1395     12.886      0.745  0.000e+00
     13.120    26.3879   5.484759    35.2286     2.1145     0.0315          0     97.750 338.409280  1023.1406     13.047      0.730  0.000e+00
     13.195    26.3878   5.484827    35.2292     2.1111     0.0444          0     98.000 338.409282  1023.1414     13.122      0.687  0.000e+00
     13.206    26.3877   5.485007    35.2306     2.1156     0.0345          0     98.250 338.409285  1023.1425     13.133      0.613  0.000e+00
     13.260    26.3878   5.484947    35.2300     2.1119     0.0299          0     98.500 338.409288  1023.1423     13.187      0.528  0.000e+00
     13.357    26.3882   5.484677    35.2277     2.1157     0.0734          0     98.750 338.409291  1023.1408     13.284      0.451  0.000e+00
     13.455    26.3882   5.484677    35.2277     2.1125     0.0643          0     99.000 338.409294  1023.1412     13.380      0.387  0.000e+00
     13.498    26.3877   5.484722    35.2284     2.1133     0.0681          0     99.250 338.409297  1023.1421     13.423      0.320  0.000e+00
     13.530    26.3878   5.484767    35.2287     2.1134     0.0803          0     99.500 338.409300  1023.1424     13.455      0.273  0.000e+00
     13.541    26.3876   5.484827    35.2292     2.1164     0.0353          0     99.750 338.409303  1023.1430     13.466      0.231  0.000e+00
     13.552    26.3879   5.484857    35.2292     2.1153     0.0292          0    100.000 338.409306  1023.1429     13.477      0.207  0.000e+00
     13.595    26.3889   5.485134    35.2305     2.1165     0.0284          0    100.250 338.409308  1023.1437     13.520      0.192  0.000e+00
     13.682    26.3906   5.484707    35.2260     2.1120     0.0360          0    100.500 338.409311  1023.1402     13.606      0.176  0.000e+00
     13.746    26.3902   5.484617    35.2256     2.1151     0.0353          0    100.750 338.409314  1023.1403     13.670      0.164  0.000e+00
     13.790    26.3891   5.484565    35.2261     2.1136     0.0597          0    101.000 338.409317  1023.1412     13.713      0.163  0.000e+00
     13.855    26.3882   5.484520    35.2264     2.1131     0.0604          0    101.250 338.409320  1023.1420     13.778      0.183  0.000e+00
     13.919    26.3876   5.484520    35.2269     2.1094     0.0574          0    101.500 338.409323  1023.1428     13.842      0.208  0.000e+00
     13.952    26.3873   5.484535    35.2272     2.1095     0.0551          0    101.750 338.409326  1023.1433     13.875      0.225  0.000e+00
     13.963    26.3874   5.484550    35.2272     2.1055     0.0383          0    102.000 338.409329  1023.1433     13.885      0.220  0.000e+00
     13.952    26.3873   5.484550    35.2273     2.1054     0.0429          0    102.250 338.409332  1023.1434     13.875      0.187  0.000e+00
     13.984    26.3873   5.484677    35.2282     2.1086     0.0238          0    102.500 338.409334  1023.1442     13.907      0.151  0.000e+00
     13.973    26.3879   5.484790    35.2286     2.1078     0.0391          0    102.750 338.409337  1023.1443     13.896      0.115  0.000e+00
     13.974    26.3892   5.485127    35.2300     2.1040     0.0276          0    103.000 338.409340  1023.1449     13.896      0.081  0.000e+00
     13.963    26.3914   5.485494    35.2310     2.1063     0.0360          0    103.250 338.409343  1023.1449     13.886      0.044  0.000e+00
     13.974    26.3944   5.485577    35.2293     2.1011     0.0368          0    103.500 338.409346  1023.1428     13.896      0.020  0.000e+00
     13.974    26.3970   5.485892    35.2296     2.1087     0.0330          0    103.750 338.409349  1023.1421     13.896      0.009  0.000e+00
     13.995    26.3994   5.486102    35.2293     2.1091     0.0208          0    104.000 338.409352  1023.1412     13.918      0.011  0.000e+00
     14.092    26.4020   5.486057    35.2269     2.1045     0.0162          0    104.250 338.409355  1023.1391     14.015      0.040  0.000e+00
     14.211    26.4032   5.484707    35.2162     2.1101     0.0223          0    104.500 338.409358  1023.1311     14.133      0.088  0.000e+00
     14.341    26.3987   5.484460    35.2178     2.1096     0.0231          0    104.750 338.409361  1023.1343     14.262      0.164  0.000e+00
     14.438    26.3938   5.484580    35.2224     2.1105     0.0253          0    105.000 338.409363  1023.1397     14.359      0.239  0.000e+00
     14.525    26.3915   5.484565    35.2240     2.1059     0.0406          0    105.250 338.409366  1023.1420     14.445      0.306  0.000e+00
     14.579    26.3903   5.484490    35.2244     2.1046     0.0543          0    105.500 338.409369  1023.1429     14.498      0.347  0.000e+00
     14.633    26.3894   5.484430    35.2246     2.1006     0.0551          0    105.750 338.409372  1023.1436     14.552      0.365  0.000e+00
     14.709    26.3888   5.484475    35.2254     2.1002     0.0566          0    106.000 338.409375  1023.1447     14.627      0.360  0.000e+00
     14.730    26.3887   5.484490    35.2256     2.0996     0.0215          0    106.250 338.409378  1023.1450     14.649      0.318  0.000e+00
     14.763    26.3887   5.484520    35.2258     2.1000     0.0246          0    106.500 338.409381  1023.1453     14.681      0.268  0.000e+00
     14.763    26.3887   5.484535    35.2259     2.1004     0.0238          0    106.750 338.409384  1023.1454     14.681      0.213  0.000e+00
     14.806    26.3887   5.484490    35.2256     2.0983     0.0215          0    107.000 338.409387  1023.1453     14.724      0.177  0.000e+00
     14.882    26.3890   5.484550    35.2257     2.1003     0.0475          0    107.250 338.409389  1023.1456     14.799      0.161  0.000e+00
     14.925    26.3892   5.484580    35.2258     2.1021     0.0475          0    107.500 338.409392  1023.1458     14.842      0.157  0.000e+00
     14.990    26.3895   5.484475    35.2248     2.1019     0.0406          0    107.750 338.409395  1023.1452     14.907      0.161  0.000e+00
     15.065    26.3897   5.484430    35.2243     2.1019     0.0513          0    108.000 338.409398  1023.1451     14.982      0.177  0.000e+00
     15.141    26.3892   5.484311    35.2237     2.1052     0.0444          0    108.250 338.409401  1023.1452     15.057      0.208  0.000e+00
     15.184    26.3889   5.484281    35.2238     2.1008     0.0444          0    108.500 338.409404  1023.1455     15.100      0.230  0.000e+00
     15.281    26.3883   5.484281    35.2242     2.0985     0.0414          0    108.750 338.409407  1023.1464     15.197      0.258  0.000e+00
     15.325    26.3880   5.484281    35.2244     2.0964     0.0284          0    109.000 338.409410  1023.1468     15.240      0.263  0.000e+00
     15.379    26.3879   5.484348    35.2250     2.0932     0.0391          0    109.250 338.409413  1023.1476     15.294      0.259  0.000e+00
     15.454    26.3881   5.484371    35.2249     2.0964     0.0246          0    109.500 338.409416  1023.1478     15.369      0.263  0.000e+00
     15.519    26.3886   5.484401    35.2248     2.0985     0.0315          0    109.750 338.409418  1023.1478     15.433      0.260  0.000e+00
     15.573    26.3888   5.484476    35.2251     2.0940     0.0177          0    110.000 338.409421  1023.1483     15.487      0.254  0.000e+00
     15.649    26.3892   5.484371    35.2240     2.0935     0.0116          0    110.250 338.409424  1023.1476     15.562      0.254  0.000e+00
     15.768    26.3892   5.484461    35.2246     2.1029     0.0582          0    110.500 338.409427  1023.1486     15.681      0.272  0.000e+00
     15.876    26.3897   5.484708    35.2260     2.1092     0.0452          0    110.750 338.409430  1023.1499     15.788      0.291  0.000e+00
