ctd_mafia/cnv/SBE19plus_01906740_2018_12_07_0088.cnv
* Sea-Bird SBE19plus  Data File:
* FileName = C:\Users\all user\Desktop\Patroba _ WWF Mapping Mafia\SBE19plus_01906740_2018_12_07_0088.hex
* Software version 2.6.3.104
* Temperature SN = 6740
* Conductivity SN = 6740
* System UpLoad Time = Dec 07 2018 14:33:06
* <ApplicationData>
* <Seaterm232>
# nquan = 13
# nvalues = 385                                   
# units = specified
# name 0 = prdM: Pressure, Strain Gauge [db]
# name 1 = tv290C: Temperature [ITS-90, deg C]
# name 2 = c0S/m: Conductivity [S/m]
# name 3 = sal00: Salinity, Practical [PSU]
# name 4 = sbeox0ML/L: Oxygen, SBE 43 [ml/l]
# name 5 = flECO-AFL: Fluorescence, WET Labs ECO-AFL/FL [mg/m^3]
# name 6 = nbf: Bottles Fired
# name 7 = timeS: Time, Elapsed [seconds]
# name 8 = timeJ: Julian Days
# name 9 = density00: Density [density, kg/m^3]
# name 10 = depSM: Depth [salt water, m], lat = 0.00
# name 11 = dz/dtM: Descent Rate [m/s]
# name 12 = flag:  0.000e+00
# span 0 =     -1.365,      4.529                 
# span 1 =    28.2284,    29.3005                 
# span 2 =   0.102578,   5.717271                 
# span 3 =     0.4650,    35.3735                 
# span 4 =     1.6954,     2.9022                 
# span 5 =    -0.1204,    48.6826                 
# span 6 =          0,          0                 
# span 7 =      0.000,     96.000                 
# span 8 = 337.447882, 337.448993                 
# span 9 =   996.2416,  1022.5829                 
# span 10 =     -1.357,      4.504                
# span 11 =     -0.759,      0.327                
# span 12 = 0.0000e+00, 0.0000e+00                
# interval = seconds: 0.25
# start_time = Dec 03 2018 10:44:57 [Instrument's time stamp, header]
# bad_flag = -9.990e-29
*END*
[from data line 112]
     -0.034    28.2961   5.695982    35.2917     1.8844     0.0131          0     28.000 337.448206  1022.5167     -0.033     -0.005  0.000e+00
     -0.001    28.2944   5.695601    35.2903     1.8925     0.0070          0     28.250 337.448209  1022.5163     -0.001      0.015  0.000e+00
      0.064    28.2918   5.697453    35.3052     1.8868     0.0131          0     28.500 337.448212  1022.5286      0.063      0.047  0.000e+00
      0.075    28.2924   5.700487    35.3259     1.8720     0.0177          0     28.750 337.448215  1022.5441      0.074      0.071  0.000e+00
      0.064    28.2946   5.702941    35.3414     1.8651     0.0276          0     29.000 337.448218  1022.5549      0.063      0.086  0.000e+00
      0.075    28.2950   5.702819    35.3403     1.8573     0.0261          0     29.250 337.448220  1022.5540      0.074      0.091  0.000e+00
      0.085    28.2945   5.698093    35.3076     1.8565     0.0246          0     29.500 337.448223  1022.5297      0.085      0.085  0.000e+00
      0.161    28.2945   5.695700    35.2909     1.8500     0.0231          0     29.750 337.448226  1022.5174      0.160      0.089  0.000e+00
      0.226    28.2931   5.696439    35.2971     1.8545     0.0253          0     30.000 337.448229  1022.5229      0.225      0.105  0.000e+00
      0.248    28.2926   5.698444    35.3115     1.8514     0.0299          0     30.250 337.448232  1022.5339      0.246      0.112  0.000e+00
      0.269    28.2932   5.701699    35.3338     1.8623     0.0177          0     30.500 337.448235  1022.5506      0.268      0.117  0.000e+00
      0.258    28.2911   5.704474    35.3547     1.8587     0.0231          0     30.750 337.448238  1022.5669      0.257      0.123  0.000e+00
      0.302    28.2883   5.705755    35.3658     1.8539     0.0185          0     31.000 337.448241  1022.5764      0.300      0.130  0.000e+00
      0.334    28.2866   5.706686    35.3735     1.8452     0.0215          0     31.250 337.448244  1022.5829      0.332      0.128  0.000e+00
      0.323    28.2921   5.707227    35.3732     1.8466     0.0238          0     31.500 337.448247  1022.5808      0.321      0.109  0.000e+00
      0.388    28.3016   5.706609    35.3617     1.8374    -0.0128          0     31.750 337.448249  1022.5693      0.386      0.094  0.000e+00
      0.421    28.3085   5.701599    35.3215     1.8350    -0.0113          0     32.000 337.448252  1022.5370      0.418      0.092  0.000e+00
      0.475    28.3093   5.699465    35.3060     1.8299    -0.0227          0     32.250 337.448255  1022.5253      0.472      0.110  0.000e+00
      0.518    28.3078   5.699945    35.3105     1.8247    -0.0075          0     32.500 337.448258  1022.5294      0.515      0.129  0.000e+00
      0.561    28.3075   5.700967    35.3179     1.8159     0.0192          0     32.750 337.448261  1022.5352      0.558      0.149  0.000e+00
      0.561    28.3087   5.703361    35.3337     1.8112     0.0147          0     33.000 337.448264  1022.5466      0.558      0.146  0.000e+00
      0.572    28.3087   5.704443    35.3412     1.8071     0.0208          0     33.250 337.448267  1022.5523      0.569      0.141  0.000e+00
      0.561    28.3072   5.701325    35.3206     1.7989     0.0261          0     33.500 337.448270  1022.5373      0.558      0.125  0.000e+00
      0.604    28.3054   5.699305    35.3078     1.7988     0.0147          0     33.750 337.448273  1022.5284      0.601      0.102  0.000e+00
      0.637    28.3031   5.700037    35.3147     1.8005     0.0345          0     34.000 337.448275  1022.5345      0.633      0.090  0.000e+00
      0.680    28.3014   5.701249    35.3244     1.8010     0.0360          0     34.250 337.448278  1022.5425      0.676      0.084  0.000e+00
      0.723    28.3015   5.702621    35.3339     1.7959     0.0315          0     34.500 337.448281  1022.5498      0.719      0.091  0.000e+00
      0.745    28.3023   5.703041    35.3362     1.8002     0.0330          0     34.750 337.448284  1022.5514      0.741      0.101  0.000e+00
      0.777    28.3028   5.702309    35.3307     1.7996     0.0009          0     35.000 337.448287  1022.5473      0.773      0.119  0.000e+00
      0.832    28.3031   5.701059    35.3217     1.8010    -0.0082          0     35.250 337.448290  1022.5407      0.827      0.137  0.000e+00
      0.831    28.3027   5.701295    35.3237     1.8161     0.0002          0     35.500 337.448293  1022.5423      0.827      0.141  0.000e+00
      0.842    28.3025   5.702499    35.3322     1.8247    -0.0059          0     35.750 337.448296  1022.5488      0.838      0.126  0.000e+00
      0.853    28.3031   5.701280    35.3233     1.8128    -0.0082          0     36.000 337.448299  1022.5419      0.848      0.110  0.000e+00
      0.853    28.3033   5.699176    35.3084     1.8083     0.0063          0     36.250 337.448302  1022.5306      0.848      0.089  0.000e+00
      0.885    28.3017   5.698665    35.3060     1.8008    -0.0067          0     36.500 337.448304  1022.5295      0.881      0.076  0.000e+00
      0.896    28.2981   5.699816    35.3168     1.7923    -0.0036          0     36.750 337.448307  1022.5389      0.891      0.066  0.000e+00
      0.950    28.2958   5.701409    35.3296     1.7841     0.0192          0     37.000 337.448310  1022.5494      0.945      0.067  0.000e+00
      0.961    28.2961   5.702675    35.3382     1.7750     0.0047          0     37.250 337.448313  1022.5559      0.956      0.068  0.000e+00
      0.972    28.2967   5.703392    35.3428     1.7697     0.0116          0     37.500 337.448316  1022.5592      0.967      0.077  0.000e+00
      0.994    28.2971   5.703491    35.3431     1.7726     0.0063          0     37.750 337.448319  1022.5594      0.988      0.083  0.000e+00
      1.004    28.2974   5.704352    35.3489     1.7746     0.0017          0     38.000 337.448322  1022.5637      0.999      0.084  0.000e+00
      1.015    28.2977   5.704604    35.3505     1.7683     0.0017          0     38.250 337.448325  1022.5648      1.010      0.081  0.000e+00
      1.037    28.2982   5.704764    35.3512     1.7696    -0.0082          0     38.500 337.448328  1022.5653      1.031      0.073  0.000e+00
      1.069    28.2986   5.704673    35.3502     1.7614    -0.0029          0     38.750 337.448330  1022.5645      1.063      0.073  0.000e+00
      1.102    28.2996   5.704147    35.3458     1.7510     0.0009          0     39.000 337.448333  1022.5610      1.096      0.072  0.000e+00
      1.134    28.3009   5.704063    35.3442     1.7408     0.0131          0     39.250 337.448336  1022.5596      1.128      0.084  0.000e+00
      1.156    28.3023   5.703071    35.3363     1.7390     0.0147          0     39.500 337.448339  1022.5533      1.149      0.094  0.000e+00
      1.199    28.3033   5.699717    35.3120     1.7304     0.0208          0     39.750 337.448342  1022.5349      1.192      0.105  0.000e+00
      1.264    28.3025   5.699527    35.3113     1.7378     0.0032          0     40.000 337.448345  1022.5349      1.257      0.126  0.000e+00
      1.296    28.3003   5.699717    35.3143     1.7439     0.0116          0     40.250 337.448348  1022.5380      1.289      0.141  0.000e+00
      1.318    28.2990   5.699656    35.3148     1.7554     0.0231          0     40.500 337.448351  1022.5389      1.311      0.146  0.000e+00
      1.307    28.2980   5.700358    35.3205     1.7630     0.0315          0     40.750 337.448354  1022.5435      1.300      0.136  0.000e+00
      1.286    28.2978   5.701478    35.3285     1.7564     0.0139          0     41.000 337.448356  1022.5494      1.279      0.112  0.000e+00
      1.296    28.2986   5.700739    35.3227     1.7537     0.0162          0     41.250 337.448359  1022.5449      1.289      0.087  0.000e+00
      1.296    28.2987   5.701509    35.3280     1.7616     0.0124          0     41.500 337.448362  1022.5488      1.289      0.061  0.000e+00
      1.329    28.2986   5.702530    35.3352     1.7510     0.0032          0     41.750 337.448365  1022.5544      1.321      0.039  0.000e+00
      1.394    28.2990   5.702751    35.3364     1.7454     0.0101          0     42.000 337.448368  1022.5554      1.386      0.037  0.000e+00
      1.394    28.2997   5.702111    35.3314     1.7401     0.0101          0     42.250 337.448371  1022.5514      1.386      0.045  0.000e+00
      1.415    28.3005   5.701440    35.3261     1.7362     0.0086          0     42.500 337.448374  1022.5473      1.407      0.060  0.000e+00
      1.394    28.3007   5.702210    35.3314     1.7367     0.0093          0     42.750 337.448377  1022.5511      1.386      0.068  0.000e+00
      1.415    28.3014   5.703773    35.3418     1.7401     0.0017          0     43.000 337.448380  1022.5588      1.407      0.074  0.000e+00
      1.404    28.3021   5.705054    35.3502     1.7353     0.0101          0     43.250 337.448383  1022.5648      1.397      0.063  0.000e+00
      1.394    28.3028   5.705855    35.3553     1.7220     0.0276          0     43.500 337.448385  1022.5684      1.386      0.044  0.000e+00
      1.394    28.3032   5.706457    35.3592     1.7237     0.0253          0     43.750 337.448388  1022.5712      1.386      0.019  0.000e+00
      1.426    28.3033   5.705184    35.3502     1.7269     0.0307          0     44.000 337.448391  1022.5645      1.418      0.007  0.000e+00
      1.459    28.3042   5.703613    35.3385     1.7202     0.0231          0     44.250 337.448394  1022.5556      1.451      0.018  0.000e+00
      1.480    28.3056   5.702706    35.3311     1.7165     0.0200          0     44.500 337.448397  1022.5497      1.472      0.031  0.000e+00
      1.491    28.3067   5.702340    35.3278     1.7077     0.0200          0     44.750 337.448400  1022.5468      1.483      0.048  0.000e+00
      1.502    28.3079   5.702340    35.3269     1.7008     0.0200          0     45.000 337.448403  1022.5458      1.494      0.056  0.000e+00
      1.491    28.3087   5.702591    35.3280     1.7080     0.0147          0     45.250 337.448406  1022.5463      1.483      0.061  0.000e+00
      1.459    28.3095   5.703201    35.3317     1.7111     0.0398          0     45.500 337.448409  1022.5487      1.451      0.049  0.000e+00
      1.469    28.3105   5.703712    35.3345     1.7109     0.0330          0     45.750 337.448411  1022.5506      1.461      0.032  0.000e+00
      1.459    28.3116   5.703841    35.3346     1.7003     0.0345          0     46.000 337.448414  1022.5502      1.451      0.008  0.000e+00
      1.480    28.3129   5.701265    35.3156     1.7076     0.0345          0     46.250 337.448417  1022.5356      1.472     -0.004  0.000e+00
      1.534    28.3133   5.698315    35.2947     1.7060     0.0391          0     46.500 337.448420  1022.5199      1.526      0.005  0.000e+00
      1.588    28.3083   5.697194    35.2906     1.7240     0.0177          0     46.750 337.448423  1022.5187      1.580      0.031  0.000e+00
      1.653    28.3009   5.696913    35.2941     1.7183     0.0261          0     47.000 337.448426  1022.5242      1.644      0.071  0.000e+00
      1.707    28.2956   5.696974    35.2985     1.7065     0.0330          0     47.250 337.448429  1022.5294      1.698      0.118  0.000e+00
      1.729    28.2937   5.696684    35.2979     1.7061     0.0162          0     47.500 337.448432  1022.5297      1.719      0.153  0.000e+00
      1.718    28.2922   5.696844    35.3002     1.7072     0.0200          0     47.750 337.448435  1022.5318      1.709      0.159  0.000e+00
      1.653    28.2906   5.697545    35.3062     1.7124     0.0070          0     48.000 337.448438  1022.5366      1.644      0.133  0.000e+00
      1.642    28.2910   5.697919    35.3086     1.7104     0.0131          0     48.250 337.448440  1022.5382      1.633      0.089  0.000e+00
      1.653    28.2924   5.697004    35.3011     1.7212     0.0055          0     48.500 337.448443  1022.5322      1.644      0.043  0.000e+00
      1.751    28.2925   5.694962    35.2868     1.7018     0.0429          0     48.750 337.448446  1022.5218      1.741      0.030  0.000e+00
      1.869    28.2884   5.693118    35.2769     1.7040     0.0582          0     49.000 337.448449  1022.5163      1.859      0.051  0.000e+00
      1.978    28.2828   5.691587    35.2704     1.7002     0.0505          0     49.250 337.448452  1022.5136      1.967      0.105  0.000e+00
      2.086    28.2779   5.690856    35.2689     1.6959     0.0414          0     49.500 337.448455  1022.5146      2.074      0.183  0.000e+00
      2.140    28.2748   5.690856    35.2712     1.7025     0.0246          0     49.750 337.448458  1022.5176      2.128      0.258  0.000e+00
      2.172    28.2730   5.691207    35.2750     1.6964     0.0246          0     50.000 337.448461  1022.5211      2.160      0.311  0.000e+00
      2.140    28.2726   5.691664    35.2785     1.6985     0.0200          0     50.250 337.448464  1022.5237      2.128      0.303  0.000e+00
      2.107    28.2732   5.692608    35.2846     1.6954     0.0261          0     50.500 337.448466  1022.5281      2.096      0.250  0.000e+00
      2.140    28.2741   5.695702    35.3056     1.7092     0.0307          0     50.750 337.448469  1022.5437      2.128      0.179  0.000e+00
      2.215    28.2743   5.696624    35.3118     1.7083     0.0269          0     51.000 337.448472  1022.5486      2.203      0.128  0.000e+00
      2.302    28.2730   5.693721    35.2925     1.7126     0.0208          0     51.250 337.448475  1022.5349      2.289      0.108  0.000e+00
      2.378    28.2717   5.691938    35.2810     1.7160     0.0200          0     51.500 337.448478  1022.5269      2.364      0.116  0.000e+00
      2.432    28.2705   5.691778    35.2808     1.7213     0.0223          0     51.750 337.448481  1022.5275      2.418      0.148  0.000e+00
      2.453    28.2682   5.692098    35.2847     1.7168     0.0505          0     52.000 337.448484  1022.5312      2.440      0.180  0.000e+00
      2.475    28.2672   5.692289    35.2867     1.7180     0.0452          0     52.250 337.448487  1022.5332      2.461      0.208  0.000e+00
      2.572    28.2668   5.691938    35.2845     1.7228     0.0505          0     52.500 337.448490  1022.5321      2.558      0.231  0.000e+00
      2.583    28.2666   5.691717    35.2831     1.7260     0.0459          0     52.750 337.448492  1022.5311      2.569      0.218  0.000e+00
      2.605    28.2654   5.691618    35.2834     1.7196     0.0047          0     53.000 337.448495  1022.5318      2.590      0.189  0.000e+00
      2.648    28.2638   5.691748    35.2855     1.7295     0.0063          0     53.250 337.448498  1022.5341      2.633      0.166  0.000e+00
      2.680    28.2625   5.692449    35.2913     1.7363     0.0078          0     53.500 337.448501  1022.5390      2.666      0.151  0.000e+00
      2.756    28.2623   5.692098    35.2890     1.7329     0.0017          0     53.750 337.448504  1022.5377      2.741      0.157  0.000e+00
      2.799    28.2628   5.691527    35.2846     1.7449    -0.0052          0     54.000 337.448507  1022.5344      2.784      0.167  0.000e+00
      2.864    28.2624   5.691017    35.2813     1.7430    -0.0044          0     54.250 337.448510  1022.5323      2.848      0.177  0.000e+00
      2.886    28.2617   5.690925    35.2812     1.7465    -0.0097          0     54.500 337.448513  1022.5327      2.870      0.173  0.000e+00
      2.918    28.2612   5.691299    35.2842     1.7480     0.0017          0     54.750 337.448516  1022.5352      2.902      0.182  0.000e+00
      2.929    28.2617   5.691649    35.2863     1.7428    -0.0021          0     55.000 337.448519  1022.5366      2.913      0.175  0.000e+00
      2.951    28.2628   5.691877    35.2870     1.7427     0.0444          0     55.250 337.448521  1022.5369      2.934      0.158  0.000e+00
