ctd_mafia/cnv/SBE19plus_01906740_2018_12_07_0085.cnv
* Sea-Bird SBE19plus  Data File:
* FileName = C:\Users\all user\Desktop\Patroba _ WWF Mapping Mafia\SBE19plus_01906740_2018_12_07_0085.hex
* Software version 2.6.3.104
* Temperature SN = 6740
* Conductivity SN = 6740
* System UpLoad Time = Dec 07 2018 14:32:28
* <ApplicationData>
* <Seaterm232>
# nquan = 13
# nvalues = 809                                   
# units = specified
# name 0 = prdM: Pressure, Strain Gauge [db]
# name 1 = tv290C: Temperature [ITS-90, deg C]
# name 2 = c0S/m: Conductivity [S/m]
# name 3 = sal00: Salinity, Practical [PSU]
# name 4 = sbeox0ML/L: Oxygen, SBE 43 [ml/l]
# name 5 = flECO-AFL: Fluorescence, WET Labs ECO-AFL/FL [mg/m^3]
# name 6 = nbf: Bottles Fired
# name 7 = timeS: Time, Elapsed [seconds]
# name 8 = timeJ: Julian Days
# name 9 = density00: Density [density, kg/m^3]
# name 10 = depSM: Depth [salt water, m], lat = 0.00
# name 11 = dz/dtM: Descent Rate [m/s]
# name 12 = flag:  0.000e+00
# span 0 =     -1.379,     19.787                 
# span 1 =    28.0727,    28.5612                 
# span 2 =   0.199167,   5.760057                 
# span 3 =     0.9403,    35.7520                 
# span 4 =     1.8953,     3.0018                 
# span 5 =    -0.4431,     1.3956                 
# span 6 =          0,          0                 
# span 7 =      0.000,    202.000                 
# span 8 = 337.425093, 337.427431                 
# span 9 =   996.7794,  1022.8659                 
# span 10 =     -1.372,     19.677                
# span 11 =     -1.410,      0.809                
# span 12 = 0.0000e+00, 0.0000e+00                
# interval = seconds: 0.25
# start_time = Dec 03 2018 10:12:08 [Instrument's time stamp, header]
# bad_flag = -9.990e-29
*END*
[from data line 778]
     -0.719    28.1242   5.668200    35.2260     2.0842     0.0376          0    194.500 337.427344  1022.5208     -0.716      0.023  0.000e+00
     -0.655    28.1244   5.668162    35.2255     2.0896     0.0307          0    194.750 337.427347  1022.5207     -0.651     -0.000  0.000e+00
     -0.611    28.1242   5.668162    35.2257     2.0944     0.0414          0    195.000 337.427350  1022.5211     -0.608      0.005  0.000e+00
     -0.676    28.1244   5.668200    35.2258     2.0987     0.0292          0    195.250 337.427352  1022.5208     -0.673      0.012  0.000e+00
     -0.849    28.1246   5.668261    35.2262     2.1505     0.3252          0    195.500 337.427355  1022.5203     -0.845     -0.030  0.000e+00
     -1.065    28.1251   5.668260    35.2259     2.1355     0.3382          0    195.750 337.427358  1022.5190     -1.060     -0.110  0.000e+00
     -1.293    28.1248   5.668161    35.2254     2.1299     0.3351          0    196.000 337.427361  1022.5178     -1.285     -0.231  0.000e+00
     -1.368    28.1241   5.668131    35.2258     2.1366     0.3298          0    196.250 337.427364  1022.5179     -1.361     -0.350  0.000e+00
     -1.357    28.1246   4.589006    27.7997     2.2274     0.5457          0    196.500 337.427367  1016.9451     -1.350     -0.430  0.000e+00
     -1.357    28.1245   1.026858     5.4177     2.5159     0.5487          0    196.750 337.427370  1000.2456     -1.350     -0.458  0.000e+00
     -1.357    28.1243   0.848494     4.4136     2.5228     0.5510          0    197.000 337.427373   999.4967     -1.350     -0.423  0.000e+00
     -1.347    28.1220   0.828292     4.3012     2.5036     0.5480          0    197.250 337.427376   999.4136     -1.339     -0.324  0.000e+00
     -1.357    28.1180   0.885799     4.6228     2.4873    -0.0349          0    197.500 337.427378   999.6546     -1.350     -0.200  0.000e+00
     -1.368    28.1140   0.948115     4.9734     2.4965    -0.0281          0    197.750 337.427381   999.9172     -1.361     -0.091  0.000e+00
     -1.357    28.1107   0.933916     4.8938     2.4948    -0.0212          0    198.000 337.427384   999.8588     -1.350     -0.017  0.000e+00
     -1.357    28.1077   0.899406     4.7001     2.4961    -0.0258          0    198.250 337.427387   999.7153     -1.350      0.001  0.000e+00
     -1.357    28.1056   1.001589     5.2765     2.5301    -0.0265          0    198.500 337.427390  1000.1458     -1.350     -0.001  0.000e+00
     -1.357    28.1033   0.936758     4.9105     2.6031    -0.0311          0    198.750 337.427393   999.8735     -1.350     -0.001  0.000e+00
     -1.336    28.1016   1.127015     5.9917     2.5787    -0.0227          0    199.000 337.427396  1000.6803     -1.328      0.004  0.000e+00
     -1.357    28.1004   1.156908     6.1633     2.5704    -0.0174          0    199.250 337.427399  1000.8085     -1.350      0.003  0.000e+00
     -1.357    28.0975   0.975928     5.1322     2.5660    -0.0273          0    199.500 337.427402  1000.0405     -1.350      0.005  0.000e+00
     -1.347    28.0944   0.908818     4.7542     2.5451    -0.0227          0    199.750 337.427405   999.7595     -1.339      0.007  0.000e+00
     -1.357    28.0909   1.190416     6.3573     2.5038    -0.0227          0    200.000 337.427407  1000.9559     -1.350      0.002  0.000e+00
     -1.325    28.0873   0.718298     3.6951     2.5204    -0.0258          0    200.250 337.427410   998.9713     -1.318      0.009  0.000e+00
     -1.336    28.0841   0.857497     4.4676     2.4864    -0.0242          0    200.500 337.427413   999.5487     -1.328      0.010  0.000e+00
     -1.347    28.0816   0.830356     4.3163     2.4708    -0.0235          0    200.750 337.427416   999.4366     -1.339      0.007  0.000e+00
     -1.357    28.0806   0.704484     3.6196     2.4909    -0.0242          0    201.000 337.427419   998.9167     -1.350      0.001  0.000e+00
     -1.336    28.0798   0.708105     3.6396     2.4885    -0.0250          0    201.250 337.427422   998.9320     -1.328      0.007  0.000e+00
     -1.347    28.0783   0.837935     4.3589     2.4783    -0.0296          0    201.500 337.427425   999.4693     -1.339      0.004  0.000e+00
     -1.347    28.0757   0.977854     5.1454     2.4768    -0.0258          0    201.750 337.427428  1000.0568     -1.339     -0.001  0.000e+00
     -1.357    28.0727   0.710036     3.6507     2.4717    -0.0296          0    202.000 337.427431   998.9423     -1.350     -0.005  0.000e+00
