ctd_mafia/cnv/SBE19plus_01906740_2018_12_07_0089.cnv
* Sea-Bird SBE19plus  Data File:
* FileName = C:\Users\all user\Desktop\Patroba _ WWF Mapping Mafia\SBE19plus_01906740_2018_12_07_0089.hex
* Software version 2.6.3.104
* Temperature SN = 6740
* Conductivity SN = 6740
* System UpLoad Time = Dec 07 2018 14:33:13
* <ApplicationData>
* <Seaterm232>
# nquan = 13
# nvalues = 200                                   
# units = specified
# name 0 = prdM: Pressure, Strain Gauge [db]
# name 1 = tv290C: Temperature [ITS-90, deg C]
# name 2 = c0S/m: Conductivity [S/m]
# name 3 = sal00: Salinity, Practical [PSU]
# name 4 = sbeox0ML/L: Oxygen, SBE 43 [ml/l]
# name 5 = flECO-AFL: Fluorescence, WET Labs ECO-AFL/FL [mg/m^3]
# name 6 = nbf: Bottles Fired
# name 7 = timeS: Time, Elapsed [seconds]
# name 8 = timeJ: Julian Days
# name 9 = density00: Density [density, kg/m^3]
# name 10 = depSM: Depth [salt water, m], lat = 0.00
# name 11 = dz/dtM: Descent Rate [m/s]
# name 12 = flag:  0.000e+00
# span 0 =     -1.351,      1.060                 
# span 1 =    28.7302,    28.9574                 
# span 2 =   0.489575,   5.783908                 
# span 3 =     2.4163,    35.5602                 
# span 4 =     1.7565,     2.6446                 
# span 5 =    -0.1494,    48.6810                 
# span 6 =          0,          0                 
# span 7 =      0.000,     49.750                 
# span 8 = 337.452650, 337.453226                 
# span 9 =   997.7918,  1022.5638                 
# span 10 =     -1.344,      1.054                
# span 11 =     -0.618,      0.205                
# span 12 = 0.0000e+00, 0.0000e+00                
# interval = seconds: 0.25
# start_time = Dec 03 2018 10:51:49 [Instrument's time stamp, header]
# bad_flag = -9.990e-29
*END*
[from data line 112]
      0.854    28.7364   5.748882    35.3316     1.9070     0.0543          0     28.000 337.452975  1022.4047      0.850      0.106  0.000e+00
      0.887    28.7366   5.749142    35.3332     1.9067     0.0559          0     28.250 337.452977  1022.4060      0.882      0.110  0.000e+00
      0.898    28.7365   5.752019    35.3532     1.8970     0.0261          0     28.500 337.452980  1022.4211      0.893      0.110  0.000e+00
      0.930    28.7364   5.753895    35.3663     1.8940     0.0299          0     28.750 337.452983  1022.4311      0.925      0.113  0.000e+00
      0.941    28.7362   5.754040    35.3674     1.9054     0.0421          0     29.000 337.452986  1022.4320      0.936      0.111  0.000e+00
      0.984    28.7364   5.751438    35.3492     1.9123     0.0345          0     29.250 337.452989  1022.4185      0.979      0.112  0.000e+00
      1.060    28.7363   5.749533    35.3361     1.9326     0.0307          0     29.500 337.452992  1022.4090      1.054      0.121  0.000e+00
      1.060    28.7364   5.749081    35.3329     1.9356     0.0612          0     29.750 337.452995  1022.4065      1.054      0.123  0.000e+00
      1.049    28.7372   5.751369    35.3481     1.9437     0.0589          0     30.000 337.452998  1022.4177      1.043      0.112  0.000e+00
      1.027    28.7375   5.753826    35.3650     1.9436     0.0559          0     30.250 337.453001  1022.4301      1.022      0.093  0.000e+00
      1.027    28.7376   5.754637    35.3705     1.9449     0.0589          0     30.500 337.453003  1022.4343      1.022      0.073  0.000e+00
      1.006    28.7374   5.755349    35.3756     1.9473     0.0444          0     30.750 337.453006  1022.4381      1.000      0.043  0.000e+00
      0.995    28.7375   5.755831    35.3789     1.9322     0.0376          0     31.000 337.453009  1022.4404      0.989      0.012  0.000e+00
      1.017    28.7374   5.755410    35.3760     1.9276     0.0559          0     31.250 337.453012  1022.4384      1.011     -0.013  0.000e+00
      0.995    28.7373   5.753343    35.3618     1.9231     0.0505          0     31.500 337.453015  1022.4277      0.990     -0.035  0.000e+00
      0.984    28.7371   5.750956    35.3454     1.9189     0.0299          0     31.750 337.453018  1022.4154      0.979     -0.035  0.000e+00
      0.995    28.7372   5.750114    35.3395     1.9199     0.0330          0     32.000 337.453021  1022.4109      0.990     -0.027  0.000e+00
      0.995    28.7382   5.752861    35.3578     1.9178     0.0444          0     32.250 337.453024  1022.4243      0.990     -0.018  0.000e+00
      1.006    28.7391   5.754928    35.3714     1.9084     0.0269          0     32.500 337.453027  1022.4344      1.000     -0.010  0.000e+00
      1.027    28.7393   5.756704    35.3836     1.9115     0.0696          0     32.750 337.453030  1022.4435      1.022      0.005  0.000e+00
      1.038    28.7395   5.757768    35.3908     1.9062     0.0688          0     33.000 337.453032  1022.4489      1.033      0.016  0.000e+00
      1.038    28.7396   5.757768    35.3907     1.9111     0.0772          0     33.250 337.453035  1022.4488      1.033      0.021  0.000e+00
      1.027    28.7418   5.756803    35.3824     1.9117     0.0719          0     33.500 337.453038  1022.4418      1.022      0.027  0.000e+00
      1.027    28.7471   5.756642    35.3774     1.9025     0.0765          0     33.750 337.453041  1022.4363      1.022      0.026  0.000e+00
      1.038    28.7531   5.757025    35.3755     1.8972     0.0276          0     34.000 337.453044  1022.4329      1.033      0.022  0.000e+00
      1.060    28.7581   5.757737    35.3767     1.8932     0.0429          0     34.250 337.453047  1022.4323      1.054      0.023  0.000e+00
      1.049    28.7610   5.759000    35.3834     1.8963     0.0292          0     34.500 337.453050  1022.4362      1.043      0.017  0.000e+00
      1.017    28.7631   5.759552    35.3856     1.8970     0.0337          0     34.750 337.453053  1022.4371      1.011      0.003  0.000e+00
      1.017    28.7642   5.759161    35.3821     1.9018     0.0315          0     35.000 337.453056  1022.4341      1.011     -0.005  0.000e+00
      0.995    28.7642   5.758235    35.3757     1.9013     0.0429          0     35.250 337.453058  1022.4292      0.990     -0.014  0.000e+00
      1.006    28.7631   5.757806    35.3735     1.9330     0.0276          0     35.500 337.453061  1022.4280      1.000     -0.018  0.000e+00
      1.027    28.7619   5.757607    35.3730     1.9287     0.0261          0     35.750 337.453064  1022.4281      1.022     -0.017  0.000e+00
      1.017    28.7604   5.757285    35.3719     1.9198     0.0788          0     36.000 337.453067  1022.4277      1.011     -0.019  0.000e+00
      1.017    28.7594   5.757461    35.3739     1.9132     0.0856          0     36.250 337.453070  1022.4295      1.011     -0.017  0.000e+00
      1.038    28.7584   5.758901    35.3846     1.8965     0.0803          0     36.500 337.453073  1022.4380      1.033     -0.001  0.000e+00
      1.038    28.7579   5.759904    35.3919     1.8830     0.0902          0     36.750 337.453076  1022.4436      1.033      0.014  0.000e+00
      1.060    28.7576   5.760294    35.3948     1.8804     0.0627          0     37.000 337.453079  1022.4460      1.054      0.024  0.000e+00
      1.028    28.7575   5.760539    35.3966     1.8691     0.0620          0     37.250 337.453082  1022.4473      1.022      0.022  0.000e+00
      1.028    28.7578   5.760516    35.3962     1.8554     0.0482          0     37.500 337.453084  1022.4469      1.022      0.013  0.000e+00
      1.006    28.7583   5.761298    35.4013     1.8576     0.0604          0     37.750 337.453087  1022.4504      1.000     -0.001  0.000e+00
      0.984    28.7588   5.761267    35.4007     1.8639     0.0521          0     38.000 337.453090  1022.4497      0.979     -0.013  0.000e+00
      0.930    28.7589   5.761343    35.4012     1.9405     0.0047          0     38.250 337.453093  1022.4498      0.925     -0.040  0.000e+00
      0.865    28.7589   5.760907    35.3982     1.9813     0.0131          0     38.500 337.453096  1022.4473      0.861     -0.079  0.000e+00
      0.844    28.7590   5.761650    35.4033     1.9855     0.0101          0     38.750 337.453099  1022.4510      0.839     -0.107  0.000e+00
      0.757    28.7601   5.761619    35.4023     1.9521     0.0139          0     39.000 337.453102  1022.4495      0.753     -0.144  0.000e+00
      0.703    28.7626   5.761251    35.3979     1.9343     0.0604          0     39.250 337.453105  1022.4451      0.699     -0.170  0.000e+00
      0.660    28.7658   5.762270    35.4026     1.9040     0.0620          0     39.500 337.453108  1022.4474      0.656     -0.195  0.000e+00
      0.682    28.7692   5.761941    35.3978     1.8780     0.0620          0     39.750 337.453111  1022.4428      0.678     -0.189  0.000e+00
      0.671    28.7741   5.762231    35.3961     1.8425     0.0559          0     40.000 337.453113  1022.4398      0.667     -0.170  0.000e+00
      0.606    28.7821   5.762407    35.3914     1.8157     0.0566          0     40.250 337.453116  1022.4333      0.603     -0.154  0.000e+00
      0.455    28.8043   5.763112    35.3798     1.8029     0.0482          0     40.500 337.453119  1022.4166      0.452     -0.170  0.000e+00
      0.271    28.8361   5.763272    35.3574     1.8054     0.0536          0     40.750 337.453122  1022.3883      0.269     -0.226  0.000e+00
      0.098    28.8603   5.761877    35.3298     1.8177     0.0391          0     41.000 337.453125  1022.3588      0.097     -0.295  0.000e+00
     -0.010    28.8792   5.761065    35.3102     1.8149     0.0551          0     41.250 337.453128  1022.3373     -0.010     -0.372  0.000e+00
     -0.183    28.8916   5.761846    35.3065     1.8212     0.0582          0     41.500 337.453131  1022.3297     -0.182     -0.462  0.000e+00
     -0.367    28.8944   5.762910    35.3118     1.8156     0.0589          0     41.750 337.453134  1022.3319     -0.365     -0.556  0.000e+00
     -0.529    28.8944   5.761264    35.3005     1.8173     0.0597          0     42.000 337.453137  1022.3227     -0.526     -0.618  0.000e+00
     -0.573    28.8920   5.757022    35.2730     1.8051     0.0589          0     42.250 337.453139  1022.3027     -0.569     -0.615  0.000e+00
     -0.529    28.8723   5.751044    35.2462     1.8106     0.0154          0     42.500 337.453142  1022.2893     -0.526     -0.538  0.000e+00
     -0.508    28.8388   5.749690    35.2617     1.8144     0.0208          0     42.750 337.453145  1022.3122     -0.505     -0.431  0.000e+00
     -0.519    28.8141   5.752339    35.2983     1.8174     0.0238          0     43.000 337.453148  1022.3479     -0.516     -0.324  0.000e+00
     -0.551    28.7985   5.757613    35.3463     1.8267     0.0261          0     43.250 337.453151  1022.3891     -0.548     -0.230  0.000e+00
     -0.627    28.7885   5.760584    35.3744     1.8243     0.0589          0     43.500 337.453154  1022.4132     -0.623     -0.149  0.000e+00
     -0.681    28.7985   5.759098    35.3567     1.8369     0.0604          0     43.750 337.453157  1022.3963     -0.677     -0.099  0.000e+00
     -0.713    28.8139   5.755247    35.3186     1.8459     0.0513          0     44.000 337.453160  1022.3624     -0.709     -0.086  0.000e+00
     -0.681    28.8187   5.752170    35.2938     1.8496     0.0566          0     44.250 337.453163  1022.3423     -0.677     -0.096  0.000e+00
     -0.594    28.8163   5.751076    35.2879     1.8428     0.0360          0     44.500 337.453166  1022.3391     -0.591     -0.086  0.000e+00
     -0.583    28.8062   5.751206    35.2963     1.8437     0.0337          0     44.750 337.453168  1022.3488     -0.580     -0.058  0.000e+00
     -0.562    28.7961   5.753311    35.3183     1.8326     0.0292          0     45.000 337.453171  1022.3688     -0.559     -0.014  0.000e+00
     -0.605    28.7899   5.755653    35.3392     1.7818     0.0360          0     45.250 337.453174  1022.3864     -0.602      0.019  0.000e+00
     -0.594    28.7848   5.756350    35.3478     1.7915     0.0475          0     45.500 337.453177  1022.3946     -0.591      0.050  0.000e+00
     -0.594    28.7809   5.756993    35.3551     1.7872     0.0482          0     45.750 337.453180  1022.4014     -0.591      0.059  0.000e+00
     -0.637    28.7772   5.758609    35.3691     1.7583     0.0505          0     46.000 337.453183  1022.4129     -0.634      0.036  0.000e+00
     -0.735    28.7803   5.761312    35.3855     1.7565     0.0406          0     46.250 337.453186  1022.4238     -0.731     -0.027  0.000e+00
     -0.908    28.8057   5.761556    35.3684     1.7648     0.0597          0     46.500 337.453189  1022.4017     -0.903     -0.123  0.000e+00
     -1.113    28.8373   5.761686    35.3459     1.7681     0.5083          0     46.750 337.453192  1022.3734     -1.107     -0.231  0.000e+00
     -1.189    28.8559   5.760812    35.3261     1.7707     0.5083          0     47.000 337.453194  1022.3520     -1.182     -0.320  0.000e+00
     -1.189    28.8660   5.759571    35.3100     1.8409     0.5113          0     47.250 337.453197  1022.3365     -1.182     -0.362  0.000e+00
     -1.200    28.8722   5.759740    35.3066     1.8794     0.5136          0     47.500 337.453200  1022.3318     -1.193     -0.379  0.000e+00
     -1.340    28.8751   5.759969    35.3060     1.8790     0.8173          0     47.750 337.453203  1022.3299     -1.333     -0.391  0.000e+00
     -1.340    28.8761   5.757511    35.2883     1.8877     0.8150          0     48.000 337.453206  1022.3162     -1.333     -0.352  0.000e+00
     -1.351    28.8734   4.964884    29.8820     1.9628     0.8036          0     48.250 337.453209  1018.2625     -1.344     -0.282  0.000e+00
     -1.340    28.8657   3.216799    18.4664     2.1221     0.8089          0     48.500 337.453212  1009.7393     -1.333     -0.193  0.000e+00
     -1.351    28.8592   1.276564     6.7471     2.2510     1.2140          0     48.750 337.453215  1001.0185     -1.344     -0.125  0.000e+00
     -1.351    28.8562   0.489575     2.4163     2.2800     1.2278          0     49.000 337.453218   997.7918     -1.344     -0.095  0.000e+00
     -1.340    28.8542   0.569342     2.8378     2.2522     1.2194          0     49.250 337.453220   998.1071     -1.333     -0.072  0.000e+00
     -1.329    28.8519   1.222201     6.4385     2.2010     1.2278          0     49.500 337.453223  1000.7910     -1.322     -0.036  0.000e+00
     -1.340    28.8497   1.057580     5.5093     2.2021     0.1276          0     49.750 337.453226  1000.0997     -1.333      0.003  0.000e+00
