ctd_mafia/cnv/SBE19plus_01906740_2018_12_07_0078.cnv
* Sea-Bird SBE19plus  Data File:
* FileName = C:\Users\all user\Desktop\Patroba _ WWF Mapping Mafia\SBE19plus_01906740_2018_12_07_0078.hex
* Software version 2.6.3.104
* Temperature SN = 6740
* Conductivity SN = 6740
* System UpLoad Time = Dec 07 2018 14:30:50
* <ApplicationData>
* <Seaterm232>
# nquan = 13
# nvalues = 809                                   
# units = specified
# name 0 = prdM: Pressure, Strain Gauge [db]
# name 1 = tv290C: Temperature [ITS-90, deg C]
# name 2 = c0S/m: Conductivity [S/m]
# name 3 = sal00: Salinity, Practical [PSU]
# name 4 = sbeox0ML/L: Oxygen, SBE 43 [ml/l]
# name 5 = flECO-AFL: Fluorescence, WET Labs ECO-AFL/FL [mg/m^3]
# name 6 = nbf: Bottles Fired
# name 7 = timeS: Time, Elapsed [seconds]
# name 8 = timeJ: Julian Days
# name 9 = density00: Density [density, kg/m^3]
# name 10 = depSM: Depth [salt water, m], lat = 0.00
# name 11 = dz/dtM: Descent Rate [m/s]
# name 12 = flag:  0.000e+00
# span 0 =     -1.374,     14.443                 
# span 1 =    27.7772,    28.7663                 
# span 2 =   0.399537,   5.691876                 
# span 3 =     1.9755,    35.2796                 
# span 4 =     1.9519,     3.3615                 
# span 5 =    -0.4637,    48.6864                 
# span 6 =          0,          0                 
# span 7 =      0.000,    202.000                 
# span 8 = 337.361817, 337.364155                 
# span 9 =   997.6671,  1022.5389                 
# span 10 =     -1.366,     14.363                
# span 11 =     -1.222,      0.241                
# span 12 = 0.0000e+00, 0.0000e+00                
# interval = seconds: 0.25
# start_time = Dec 03 2018 08:41:01 [Instrument's time stamp, header]
# bad_flag = -9.990e-29
*END*
[from data line 667]
     14.335    28.2640   5.683605    35.2250     2.0868     0.0688          0    166.750 337.363747  1022.5386     14.255     -0.009  0.000e+00
     14.367    28.2641   5.683606    35.2249     2.0889     0.0734          0    167.000 337.363750  1022.5386     14.288     -0.001  0.000e+00
     14.335    28.2643   5.683605    35.2247     2.0823     0.0658          0    167.250 337.363753  1022.5383     14.255     -0.002  0.000e+00
     14.356    28.2644   5.683651    35.2250     2.0811     0.0749          0    167.500 337.363756  1022.5386     14.277      0.000  0.000e+00
     14.367    28.2647   5.683605    35.2244     2.0776     0.0429          0    167.750 337.363759  1022.5381     14.288      0.004  0.000e+00
     14.367    28.2647   5.683666    35.2249     2.0756     0.0444          0    168.000 337.363762  1022.5384     14.288      0.014  0.000e+00
     14.378    28.2649   5.683666    35.2247     2.0868     0.0498          0    168.250 337.363764  1022.5383     14.299      0.017  0.000e+00
     14.378    28.2648   5.683666    35.2248     2.0955     0.0475          0    168.500 337.363767  1022.5384     14.299      0.020  0.000e+00
     14.378    28.2650   5.683666    35.2246     2.0806     0.0444          0    168.750 337.363770  1022.5382     14.299      0.020  0.000e+00
     14.346    28.2650   5.683697    35.2249     2.0606     0.0604          0    169.000 337.363773  1022.5382     14.266      0.007  0.000e+00
     14.324    28.2653   5.683666    35.2244     2.0493     0.0620          0    169.250 337.363776  1022.5377     14.245     -0.003  0.000e+00
     14.303    28.2653   5.683697    35.2247     2.0445     0.0612          0    169.500 337.363779  1022.5378     14.223     -0.026  0.000e+00
     14.238    28.2653   5.683697    35.2247     2.0375     0.0650          0    169.750 337.363782  1022.5375     14.159     -0.057  0.000e+00
     14.140    28.2653   5.683712    35.2248     2.0320     0.0665          0    170.000 337.363785  1022.5372     14.062     -0.102  0.000e+00
     14.065    28.2654   5.683666    35.2244     2.0277     0.0673          0    170.250 337.363788  1022.5366     13.987     -0.153  0.000e+00
     14.065    28.2655   5.683605    35.2239     2.0415     0.0650          0    170.500 337.363791  1022.5362     13.987     -0.179  0.000e+00
     14.119    28.2652   5.683605    35.2241     2.0471     0.0627          0    170.750 337.363793  1022.5367     14.041     -0.171  0.000e+00
     14.184    28.2648   5.683537    35.2239     2.0563     0.0376          0    171.000 337.363796  1022.5369     14.105     -0.128  0.000e+00
     14.248    28.2645   5.683567    35.2243     2.0622     0.0345          0    171.250 337.363799  1022.5376     14.170     -0.065  0.000e+00
     14.303    28.2641   5.683537    35.2244     2.0614     0.0284          0    171.500 337.363802  1022.5380     14.223      0.011  0.000e+00
     14.346    28.2642   5.683636    35.2250     2.0583     0.0383          0    171.750 337.363805  1022.5386     14.267      0.094  0.000e+00
     14.378    28.2644   5.683666    35.2251     2.0627     0.0383          0    172.000 337.363808  1022.5387     14.299      0.160  0.000e+00
     14.378    28.2648   5.683666    35.2248     2.0588     0.0345          0    172.250 337.363811  1022.5384     14.299      0.184  0.000e+00
     14.368    28.2650   5.683621    35.2243     2.0605     0.0345          0    172.500 337.363814  1022.5379     14.288      0.165  0.000e+00
     14.367    28.2649   5.683605    35.2243     2.0581     0.0383          0    172.750 337.363817  1022.5379     14.288      0.125  0.000e+00
     14.422    28.2647   5.683636    35.2246     2.0621     0.0330          0    173.000 337.363819  1022.5385     14.342      0.098  0.000e+00
     14.443    28.2646   5.683666    35.2249     2.0593     0.0788          0    173.250 337.363822  1022.5388     14.363      0.078  0.000e+00
     14.389    28.2648   5.683758    35.2254     2.0552     0.0864          0    173.500 337.363825  1022.5389     14.309      0.048  0.000e+00
     14.227    28.2654   5.683758    35.2250     2.0517     0.0887          0    173.750 337.363828  1022.5377     14.148     -0.017  0.000e+00
     13.946    28.2657   5.683697    35.2245     2.0461     0.0772          0    174.000 337.363831  1022.5360     13.869     -0.138  0.000e+00
     13.632    28.2657   5.683666    35.2243     2.0418     0.0292          0    174.250 337.363834  1022.5346     13.557     -0.304  0.000e+00
     13.449    28.2656   5.683605    35.2240     2.0370     0.0376          0    174.500 337.363837  1022.5336     13.374     -0.470  0.000e+00
     13.395    28.2652   5.683536    35.2239     2.0395     0.0337          0    174.750 337.363840  1022.5334     13.320     -0.592  0.000e+00
     13.373    28.2646   5.683491    35.2240     2.0462     0.0307          0    175.000 337.363843  1022.5336     13.299     -0.654  0.000e+00
     13.276    28.2643   5.683475    35.2241     2.0456     0.0330          0    175.250 337.363845  1022.5333     13.202     -0.659  0.000e+00
     13.103    28.2641   5.683475    35.2243     2.0484     0.0337          0    175.500 337.363848  1022.5328     13.030     -0.626  0.000e+00
     12.908    28.2638   5.683475    35.2246     2.0476     0.0330          0    175.750 337.363851  1022.5323     12.837     -0.573  0.000e+00
     12.735    28.2638   5.683445    35.2244     2.0424     0.0322          0    176.000 337.363854  1022.5314     12.665     -0.522  0.000e+00
     12.595    28.2637   5.683414    35.2243     2.0425     0.0292          0    176.250 337.363857  1022.5308     12.525     -0.502  0.000e+00
     12.324    28.2636   5.683414    35.2245     2.0384     0.0368          0    176.500 337.363860  1022.5298     12.256     -0.569  0.000e+00
     11.946    28.2637   5.683414    35.2245     2.0326     0.0322          0    176.750 337.363863  1022.5281     11.880     -0.711  0.000e+00
     11.600    28.2634   5.683376    35.2246     2.0288     0.0337          0    177.000 337.363866  1022.5268     11.536     -0.863  0.000e+00
     11.330    28.2633   5.683345    35.2245     2.0282     0.0353          0    177.250 337.363869  1022.5256     11.267     -0.975  0.000e+00
     11.254    28.2633   5.683307    35.2243     2.0391     0.0444          0    177.500 337.363872  1022.5251     11.192     -1.003  0.000e+00
     11.178    28.2632   5.683254    35.2240     2.0420     0.0536          0    177.750 337.363874  1022.5246     11.117     -0.974  0.000e+00
     11.049    28.2628   5.683185    35.2239     2.0401     0.0490          0    178.000 337.363877  1022.5241     10.988     -0.917  0.000e+00
     10.832    28.2626   5.683215    35.2243     2.0391     0.0490          0    178.250 337.363880  1022.5235     10.773     -0.850  0.000e+00
     10.595    28.2623   5.683215    35.2246     2.0317     0.0276          0    178.500 337.363883  1022.5228     10.536     -0.768  0.000e+00
     10.400    28.2623   5.683185    35.2244     2.0305     0.0315          0    178.750 337.363886  1022.5219     10.343     -0.693  0.000e+00
     10.259    28.2622   5.683185    35.2245     2.0280     0.0345          0    179.000 337.363889  1022.5214     10.203     -0.654  0.000e+00
     10.011    28.2623   5.683154    35.2243     2.0298     0.0330          0    179.250 337.363892  1022.5201      9.956     -0.685  0.000e+00
      9.643    28.2622   5.683123    35.2243     2.0254     0.0269          0    179.500 337.363895  1022.5186      9.590     -0.797  0.000e+00
      9.265    28.2621   5.683123    35.2245     2.0268     0.0269          0    179.750 337.363898  1022.5172      9.214     -0.923  0.000e+00
      8.930    28.2621   5.683093    35.2244     2.0266     0.0330          0    180.000 337.363900  1022.5157      8.880     -1.031  0.000e+00
      8.768    28.2621   5.683092    35.2245     2.0263     0.0360          0    180.250 337.363903  1022.5150      8.719     -1.076  0.000e+00
      8.735    28.2620   5.683092    35.2246     2.0408     0.0498          0    180.500 337.363906  1022.5150      8.687     -1.049  0.000e+00
      8.724    28.2620   5.683062    35.2243     2.0508     0.0498          0    180.750 337.363909  1022.5148      8.676     -0.965  0.000e+00
      8.584    28.2620   5.683024    35.2241     2.0387     0.0459          0    181.000 337.363912  1022.5140      8.536     -0.858  0.000e+00
      8.357    28.2618   5.683062    35.2246     2.0337     0.0429          0    181.250 337.363915  1022.5135      8.311     -0.738  0.000e+00
      8.076    28.2618   5.683062    35.2247     2.0287     0.0452          0    181.500 337.363918  1022.5123      8.031     -0.649  0.000e+00
      7.805    28.2619   5.683023    35.2244     2.0244     0.0459          0    181.750 337.363921  1022.5109      7.762     -0.625  0.000e+00
      7.459    28.2618   5.682993    35.2244     2.0223     0.0513          0    182.000 337.363924  1022.5095      7.418     -0.697  0.000e+00
      7.038    28.2618   5.682962    35.2243     2.0148     0.0475          0    182.250 337.363927  1022.5076      6.999     -0.873  0.000e+00
      6.649    28.2618   5.682878    35.2238     2.0083     0.0513          0    182.500 337.363929  1022.5056      6.612     -1.080  0.000e+00
      6.465    28.2615   5.682901    35.2243     2.0148     0.0253          0    182.750 337.363932  1022.5052      6.429     -1.206  0.000e+00
      6.422    28.2612   5.682870    35.2243     2.0191     0.0253          0    183.000 337.363935  1022.5051      6.386     -1.196  0.000e+00
      6.443    28.2612   5.682741    35.2234     2.0189     0.0231          0    183.250 337.363938  1022.5045      6.408     -1.074  0.000e+00
      6.357    28.2606   5.682741    35.2238     2.0219     0.0215          0    183.500 337.363941  1022.5047      6.322     -0.907  0.000e+00
      6.141    28.2600   5.682710    35.2241     2.0196     0.0406          0    183.750 337.363944  1022.5042      6.107     -0.759  0.000e+00
      5.903    28.2599   5.682741    35.2245     2.0150     0.0345          0    184.000 337.363947  1022.5035      5.870     -0.635  0.000e+00
      5.687    28.2599   5.682741    35.2245     2.0139     0.0292          0    184.250 337.363950  1022.5026      5.655     -0.557  0.000e+00
      5.384    28.2601   5.682710    35.2243     2.0150     0.0398          0    184.500 337.363953  1022.5010      5.354     -0.582  0.000e+00
      5.006    28.2599   5.682710    35.2245     2.0134     0.0376          0    184.750 337.363955  1022.4997      4.978     -0.728  0.000e+00
      4.606    28.2599   5.682641    35.2242     2.0107     0.0345          0    185.000 337.363958  1022.4977      4.580     -0.932  0.000e+00
      4.217    28.2600   5.682603    35.2239     2.0108     0.0360          0    185.250 337.363961  1022.4958      4.193     -1.130  0.000e+00
      4.043    28.2600   5.682641    35.2243     2.0129     0.0345          0    185.500 337.363964  1022.4953      4.021     -1.220  0.000e+00
      3.881    28.2599   5.682671    35.2246     2.0087     0.0368          0    185.750 337.363967  1022.4949      3.860     -1.222  0.000e+00
      3.676    28.2601   5.682641    35.2243     2.0084     0.0215          0    186.000 337.363970  1022.4937      3.656     -1.186  0.000e+00
      3.460    28.2601   5.682640    35.2244     2.0064     0.0215          0    186.250 337.363973  1022.4929      3.441     -1.123  0.000e+00
      3.222    28.2600   5.682640    35.2245     2.0066     0.0162          0    186.500 337.363976  1022.4920      3.204     -1.032  0.000e+00
      3.027    28.2602   5.682640    35.2244     2.0180     0.0231          0    186.750 337.363979  1022.4910      3.011     -0.930  0.000e+00
      2.692    28.2603   5.682610    35.2242     2.0270     0.0116          0    187.000 337.363981  1022.4894      2.677     -0.886  0.000e+00
      2.292    28.2603   5.682640    35.2245     2.0356     0.0086          0    187.250 337.363984  1022.4879      2.279     -0.928  0.000e+00
      1.924    28.2607   5.682739    35.2251     2.0326     0.0131          0    187.500 337.363987  1022.4866      1.914     -1.043  0.000e+00
      1.719    28.2615   5.682815    35.2251     2.0291     0.0063          0    187.750 337.363990  1022.4855      1.710     -1.118  0.000e+00
      1.546    28.2620   5.682868    35.2251     2.0245     0.0269          0    188.000 337.363993  1022.4846      1.538     -1.138  0.000e+00
      1.319    28.2625   5.682799    35.2243     2.0177     0.0253          0    188.250 337.363996  1022.4828      1.312     -1.132  0.000e+00
      1.027    28.2627   5.682799    35.2242     2.0080     0.0200          0    188.500 337.363999  1022.4815      1.021     -1.118  0.000e+00
      0.746    28.2627   5.682768    35.2241     2.0004     0.0238          0    188.750 337.364002  1022.4802      0.742     -1.096  0.000e+00
      0.595    28.2628   5.682738    35.2238     1.9970     0.0185          0    189.000 337.364005  1022.4793      0.591     -1.015  0.000e+00
      0.454    28.2626   5.682738    35.2240     1.9970     0.0139          0    189.250 337.364008  1022.4789      0.451     -0.920  0.000e+00
      0.205    28.2624   5.682707    35.2240     1.9952     0.0139          0    189.500 337.364010  1022.4779      0.204     -0.877  0.000e+00
     -0.195    28.2623   5.682707    35.2242     1.9985     0.0185          0    189.750 337.364013  1022.4764     -0.194     -0.923  0.000e+00
     -0.519    28.2623   5.682707    35.2243     1.9994     0.0063          0    190.000 337.364016  1022.4750     -0.516     -0.982  0.000e+00
     -0.768    28.2623   5.682691    35.2243     2.0162     0.1543          0    190.250 337.364019  1022.4740     -0.764     -1.017  0.000e+00
     -0.897    28.2622   5.682798    35.2251     2.0213     0.1520          0    190.500 337.364022  1022.4741     -0.893     -1.008  0.000e+00
     -0.843    28.2630   5.683247    35.2277     2.0215     0.1566          0    190.750 337.364025  1022.4760     -0.839     -0.933  0.000e+00
     -0.778    28.2648   5.683369    35.2272     2.0145     0.1558          0    191.000 337.364028  1022.4753     -0.774     -0.811  0.000e+00
     -0.735    28.2667   5.683369    35.2257     2.0124     0.3694          0    191.250 337.364031  1022.4737     -0.731     -0.626  0.000e+00
     -0.703    28.2673   5.682866    35.2218     2.0125     0.3870          0    191.500 337.364034  1022.4707     -0.699     -0.390  0.000e+00
     -0.703    28.2659   5.682707    35.2217     2.0145     0.3870          0    191.750 337.364036  1022.4712     -0.699     -0.160  0.000e+00
     -0.724    28.2643   5.682669    35.2227     2.0175     0.3839          0    192.000 337.364039  1022.4723     -0.720     -0.009  0.000e+00
     -0.757    28.2630   5.682767    35.2243     2.0189    -0.1570          0    192.250 337.364042  1022.4738     -0.753      0.061  0.000e+00
     -0.811    28.2628   5.682897    35.2254     2.0231    -0.1501          0    192.500 337.364045  1022.4744     -0.806      0.050  0.000e+00
     -0.833    28.2633   5.682874    35.2249     2.0243    -0.1517          0    192.750 337.364048  1022.4738     -0.828     -0.008  0.000e+00
     -0.811    28.2637   5.682897    35.2247     2.0228    -0.1532          0    193.000 337.364051  1022.4736     -0.806     -0.046  0.000e+00
     -0.768    28.2638   5.682798    35.2239     2.0261     0.3122          0    193.250 337.364054  1022.4732     -0.763     -0.053  0.000e+00
     -0.681    28.2636   5.682707    35.2234     2.0209     0.3061          0    193.500 337.364057  1022.4733     -0.677     -0.024  0.000e+00
     -0.616    28.2631   5.682737    35.2240     2.0166     0.3160          0    193.750 337.364060  1022.4741     -0.613      0.030  0.000e+00
     -0.616    28.2627   5.682669    35.2238     2.0158     0.3153          0    194.000 337.364062  1022.4741     -0.613      0.079  0.000e+00
