ctd_mafia/cnv/SBE19plus_01906740_2018_12_07_0098.cnv
* Sea-Bird SBE19plus  Data File:
* FileName = C:\Users\all user\Desktop\Patroba _ WWF Mapping Mafia\SBE19plus_01906740_2018_12_07_0098.hex
* Software version 2.6.3.104
* Temperature SN = 6740
* Conductivity SN = 6740
* System UpLoad Time = Dec 07 2018 14:34:51
* <ApplicationData>
* <Seaterm232>
# nquan = 13
# nvalues = 535                                   
# units = specified
# name 0 = prdM: Pressure, Strain Gauge [db]
# name 1 = tv290C: Temperature [ITS-90, deg C]
# name 2 = c0S/m: Conductivity [S/m]
# name 3 = sal00: Salinity, Practical [PSU]
# name 4 = sbeox0ML/L: Oxygen, SBE 43 [ml/l]
# name 5 = flECO-AFL: Fluorescence, WET Labs ECO-AFL/FL [mg/m^3]
# name 6 = nbf: Bottles Fired
# name 7 = timeS: Time, Elapsed [seconds]
# name 8 = timeJ: Julian Days
# name 9 = density00: Density [density, kg/m^3]
# name 10 = depSM: Depth [salt water, m], lat = 0.00
# name 11 = dz/dtM: Descent Rate [m/s]
# name 12 = flag:  0.000e+00
# span 0 =     -1.398,      8.883                 
# span 1 =    27.6023,    28.3220                 
# span 2 =   0.395158,   5.694961                 
# span 3 =     1.9585,    35.3129                 
# span 4 =     1.8261,     3.7958                 
# span 5 =    -0.0532,     1.0927                 
# span 6 =          0,          0                 
# span 7 =      0.000,    133.500                 
# span 8 = 338.377882, 338.379427                 
# span 9 =   997.6968,  1022.6660                 
# span 10 =     -1.391,      8.834                
# span 11 =     -0.710,      0.475                
# span 12 = 0.0000e+00, 0.0000e+00                
# interval = seconds: 0.25
# start_time = Dec 04 2018 09:04:09 [Instrument's time stamp, header]
# bad_flag = -9.990e-29
*END*
     -1.247    27.6023   0.981081     5.2148     3.6316     0.1489          0      0.000 338.377882  1000.2459     -1.240      0.000  0.000e+00
     -1.161    27.6533   0.765096     3.9892     3.1920     0.1497          0      0.250 338.377885   999.3166     -1.154      0.023  0.000e+00
     -1.020    27.8463   0.872145     4.5721     3.7657     0.1406          0      0.500 338.377888   999.6970     -1.015      0.078  0.000e+00
     -0.890    28.0145   1.903188    10.5847     3.6296     0.1497          0      0.750 338.377891  1004.1305     -0.886      0.152  0.000e+00
     -0.815    28.1246   1.637407     8.9686     3.7958     0.6166          0      1.000 338.377894  1002.8941     -0.810      0.223  0.000e+00
     -0.793    28.1929   2.456075    13.9274     3.7259     0.6197          0      1.250 338.377896  1006.5676     -0.789      0.270  0.000e+00
     -0.782    28.2334   3.182652    18.4925     3.5592     0.6143          0      1.500 338.377899  1009.9582     -0.778      0.291  0.000e+00
     -0.761    28.2622   3.289266    19.1645     3.5451     0.6197          0      1.750 338.377902  1010.4506     -0.756      0.286  0.000e+00
     -0.728    28.2798   3.865482    22.8980     3.4632     0.4076          0      2.000 338.377905  1013.2324     -0.724      0.257  0.000e+00
     -0.706    28.2984   4.882501    29.6836     3.4266     0.4122          0      2.250 338.377908  1018.3036     -0.703      0.199  0.000e+00
     -0.652    28.3127   5.666881    35.0765     3.1372     0.4152          0      2.500 338.377911  1022.3468     -0.649      0.149  0.000e+00
     -0.620    28.3215   5.676982    35.1404     3.1455     0.4137          0      2.750 338.377914  1022.3920     -0.616      0.120  0.000e+00
     -0.566    28.3220   5.683246    35.1837     3.0400     0.0826          0      3.000 338.377917  1022.4247     -0.563      0.122  0.000e+00
     -0.533    28.3131   5.684008    35.1956     3.0316     0.0833          0      3.250 338.377920  1022.4366     -0.530      0.136  0.000e+00
     -0.512    28.3032   5.685218    35.2115     3.0411     0.0917          0      3.500 338.377922  1022.4520     -0.509      0.145  0.000e+00
     -0.458    28.2944   5.685120    35.2172     3.0672     0.0864          0      3.750 338.377925  1022.4594     -0.455      0.153  0.000e+00
     -0.425    28.2862   5.684869    35.2216     3.0674     0.0871          0      4.000 338.377928  1022.4655     -0.423      0.155  0.000e+00
     -0.393    28.2801   5.683247    35.2149     3.0377     0.2039          0      4.250 338.377931  1022.4626     -0.391      0.154  0.000e+00
     -0.393    28.2761   5.682707    35.2140     3.0842     0.1985          0      4.500 338.377934  1022.4633     -0.391      0.138  0.000e+00
     -0.403    28.2733   5.682988    35.2181     3.1303     0.2016          0      4.750 338.377937  1022.4673     -0.401      0.117  0.000e+00
     -0.425    28.2704   5.684922    35.2338     3.1432     0.2092          0      5.000 338.377940  1022.4799     -0.423      0.084  0.000e+00
     -0.393    28.2681   5.684800    35.2346     3.1067     0.1177          0      5.250 338.377943  1022.4814     -0.390      0.064  0.000e+00
     -0.403    28.2660   5.686201    35.2460     3.0760     0.1131          0      5.500 338.377946  1022.4907     -0.401      0.041  0.000e+00
     -0.392    28.2648   5.686232    35.2471     3.0097     0.1077          0      5.750 338.377948  1022.4919     -0.390      0.020  0.000e+00
     -0.392    28.2640   5.686011    35.2461     3.0157     0.1085          0      6.000 338.377951  1022.4914     -0.390      0.008  0.000e+00
     -0.414    28.2643   5.686171    35.2470     2.9816     0.1947          0      6.250 338.377954  1022.4919     -0.412     -0.003  0.000e+00
     -0.382    28.2640   5.685981    35.2459     3.0406     0.1879          0      6.500 338.377957  1022.4913     -0.380      0.005  0.000e+00
     -0.371    28.2629   5.686232    35.2485     3.0140     0.1886          0      6.750 338.377960  1022.4936     -0.369      0.015  0.000e+00
     -0.349    28.2617   5.685410    35.2437     2.9916     0.1886          0      7.000 338.377963  1022.4905     -0.347      0.026  0.000e+00
     -0.328    28.2613   5.684009    35.2342     2.9954     0.0498          0      7.250 338.377966  1022.4836     -0.326      0.032  0.000e+00
     -0.328    28.2606   5.682204    35.2221     3.0672     0.0459          0      7.500 338.377969  1022.4748     -0.326      0.042  0.000e+00
     -0.295    28.2597   5.680857    35.2133     3.0559     0.0543          0      7.750 338.377972  1022.4686     -0.294      0.053  0.000e+00
     -0.306    28.2586   5.684770    35.2414     3.0543     0.0459          0      8.000 338.377975  1022.4901     -0.304      0.057  0.000e+00
     -0.284    28.2579   5.686080    35.2511     3.0940     0.0467          0      8.250 338.377977  1022.4976     -0.283      0.061  0.000e+00
     -0.306    28.2566   5.686171    35.2528     3.0755     0.0818          0      8.500 338.377980  1022.4992     -0.304      0.045  0.000e+00
     -0.284    28.2556   5.686430    35.2553     3.1595     0.0902          0      8.750 338.377983  1022.5016     -0.283      0.039  0.000e+00
     -0.295    28.2545   5.686430    35.2561     3.1524     0.0833          0      9.000 338.377986  1022.5025     -0.294      0.027  0.000e+00
     -0.306    28.2538   5.686430    35.2566     3.3255     0.0818          0      9.250 338.377989  1022.5030     -0.304      0.014  0.000e+00
     -0.273    28.2536   5.686202    35.2552     3.4444     0.0360          0      9.500 338.377992  1022.5021     -0.272      0.014  0.000e+00
     -0.273    28.2532   5.686057    35.2545     3.3554     0.0360          0      9.750 338.377995  1022.5018     -0.272      0.010  0.000e+00
     -0.273    28.2527   5.685692    35.2523     3.3304     0.0330          0     10.000 338.377998  1022.5003     -0.272      0.014  0.000e+00
     -0.252    28.2527   5.685631    35.2519     3.2616     0.0307          0     10.250 338.378001  1022.5001     -0.251      0.018  0.000e+00
     -0.263    28.2524   5.685280    35.2497     3.2039     0.1062          0     10.500 338.378003  1022.4985     -0.261      0.023  0.000e+00
     -0.284    28.2522   5.685029    35.2481     3.1383     0.1001          0     10.750 338.378006  1022.4972     -0.283      0.014  0.000e+00
     -0.274    28.2520   5.684740    35.2462     3.3039     0.0864          0     11.000 338.378009  1022.4959     -0.272      0.013  0.000e+00
     -0.306    28.2516   5.684641    35.2458     3.2024     0.1016          0     11.250 338.378012  1022.4956     -0.304     -0.001  0.000e+00
     -0.274    28.2516   5.684770    35.2467     3.1353     0.0192          0     11.500 338.378015  1022.4965     -0.272     -0.009  0.000e+00
     -0.263    28.2515   5.684900    35.2477     3.1047     0.0177          0     11.750 338.378018  1022.4973     -0.261     -0.005  0.000e+00
     -0.241    28.2513   5.685029    35.2487     3.0721     0.0192          0     12.000 338.378021  1022.4982     -0.240      0.004  0.000e+00
     -0.263    28.2511   5.685387    35.2514     3.0329     0.0170          0     12.250 338.378024  1022.5002     -0.261      0.004  0.000e+00
     -0.241    28.2509   5.685730    35.2539     2.9885     0.0253          0     12.500 338.378027  1022.5022     -0.240      0.017  0.000e+00
     -0.252    28.2503   5.685379    35.2519     2.9339    -0.0082          0     12.750 338.378030  1022.5009     -0.251      0.023  0.000e+00
     -0.252    28.2496   5.684740    35.2479     2.8670    -0.0113          0     13.000 338.378032  1022.4981     -0.250      0.021  0.000e+00
     -0.263    28.2496   5.684169    35.2439     2.8810    -0.0189          0     13.250 338.378035  1022.4951     -0.261      0.017  0.000e+00
     -0.252    28.2497   5.683720    35.2407     2.8693    -0.0159          0     13.500 338.378038  1022.4927     -0.251      0.005  0.000e+00
     -0.263    28.2502   5.683210    35.2368     2.8627     0.0543          0     13.750 338.378041  1022.4895     -0.261     -0.003  0.000e+00
     -0.263    28.2500   5.682639    35.2330     2.8367     0.0543          0     14.000 338.378044  1022.4867     -0.261     -0.008  0.000e+00
     -0.230    28.2499   5.682197    35.2299     2.8233     0.0467          0     14.250 338.378047  1022.4846     -0.229      0.003  0.000e+00
     -0.230    28.2500   5.681816    35.2272     2.8347     0.0482          0     14.500 338.378050  1022.4825     -0.229      0.006  0.000e+00
     -0.252    28.2502   5.682022    35.2285     2.8538     0.0116          0     14.750 338.378053  1022.4833     -0.251      0.008  0.000e+00
     -0.241    28.2504   5.682448    35.2313     2.8501     0.0170          0     15.000 338.378056  1022.4854     -0.240      0.010  0.000e+00
     -0.230    28.2501   5.682707    35.2333     2.8304     0.0086          0     15.250 338.378058  1022.4871     -0.229      0.014  0.000e+00
     -0.252    28.2503   5.683088    35.2359     2.8270     0.0139          0     15.500 338.378061  1022.4888     -0.251      0.008  0.000e+00
     -0.241    28.2506   5.683369    35.2376     2.8067     0.1848          0     15.750 338.378064  1022.4901     -0.240      0.007  0.000e+00
     -0.241    28.2508   5.683628    35.2393     2.7977     0.1909          0     16.000 338.378067  1022.4913     -0.240      0.002  0.000e+00
     -0.241    28.2511   5.683978    35.2415     2.7993     0.1940          0     16.250 338.378070  1022.4929     -0.240     -0.004  0.000e+00
     -0.252    28.2513   5.684169    35.2427     2.8097     0.1909          0     16.500 338.378073  1022.4936     -0.251     -0.004  0.000e+00
     -0.209    28.2512   5.684199    35.2430     2.8175     0.1779          0     16.750 338.378076  1022.4941     -0.208      0.009  0.000e+00
     -0.209    28.2510   5.684329    35.2440     2.7872    -0.0235          0     17.000 338.378079  1022.4949     -0.208      0.013  0.000e+00
     -0.241    28.2509   5.684374    35.2444     2.7803    -0.0212          0     17.250 338.378082  1022.4951     -0.240      0.009  0.000e+00
     -0.230    28.2507   5.684329    35.2442     2.7247    -0.0326          0     17.500 338.378084  1022.4951     -0.229      0.012  0.000e+00
     -0.220    28.2510   5.684199    35.2431     2.7481    -0.0220          0     17.750 338.378087  1022.4942     -0.218      0.011  0.000e+00
     -0.230    28.2509   5.684199    35.2432     2.6826     0.0086          0     18.000 338.378090  1022.4942     -0.229      0.008  0.000e+00
     -0.263    28.2511   5.684329    35.2440     2.6178     0.0147          0     18.250 338.378093  1022.4946     -0.261     -0.004  0.000e+00
     -0.252    28.2513   5.684519    35.2451     2.6184     0.0093          0     18.500 338.378096  1022.4955     -0.251     -0.012  0.000e+00
     -0.252    28.2515   5.684549    35.2452     2.6184     0.0162          0     18.750 338.378099  1022.4955     -0.251     -0.023  0.000e+00
     -0.241    28.2514   5.684390    35.2442     2.6372     0.0246          0     19.000 338.378102  1022.4948     -0.240     -0.017  0.000e+00
     -0.230    28.2516   5.684100    35.2420     2.6475     0.0261          0     19.250 338.378105  1022.4931     -0.229     -0.005  0.000e+00
     -0.241    28.2517   5.683879    35.2404     2.6660     0.0231          0     19.500 338.378108  1022.4918     -0.240     -0.006  0.000e+00
     -0.252    28.2516   5.683857    35.2403     2.6566     0.0276          0     19.750 338.378111  1022.4917     -0.251     -0.006  0.000e+00
     -0.252    28.2519   5.684039    35.2414     2.6701    -0.0502          0     20.000 338.378113  1022.4924     -0.251     -0.001  0.000e+00
     -0.241    28.2523   5.684519    35.2444     2.7045    -0.0456          0     20.250 338.378116  1022.4947     -0.240      0.006  0.000e+00
     -0.230    28.2529   5.684839    35.2462     2.6596    -0.0487          0     20.500 338.378119  1022.4959     -0.229      0.005  0.000e+00
     -0.230    28.2527   5.684709    35.2454     2.6787    -0.0532          0     20.750 338.378122  1022.4954     -0.229      0.006  0.000e+00
     -0.241    28.2530   5.684329    35.2426     2.6518    -0.0525          0     21.000 338.378125  1022.4930     -0.240      0.002  0.000e+00
     -0.241    28.2527   5.683879    35.2397     2.6904    -0.0265          0     21.250 338.378128  1022.4909     -0.240      0.001  0.000e+00
     -0.263    28.2527   5.683628    35.2379     2.6812    -0.0258          0     21.500 338.378131  1022.4895     -0.261     -0.001  0.000e+00
     -0.230    28.2528   5.683628    35.2378     2.6790    -0.0181          0     21.750 338.378134  1022.4896     -0.229      0.003  0.000e+00
     -0.241    28.2529   5.683910    35.2397     2.6400    -0.0212          0     22.000 338.378137  1022.4909     -0.240      0.000  0.000e+00
     -0.220    28.2532   5.684192    35.2415     2.6752     0.0124          0     22.250 338.378139  1022.4922     -0.218      0.002  0.000e+00
     -0.209    28.2534   5.683659    35.2375     2.6787     0.0017          0     22.500 338.378142  1022.4892     -0.208      0.009  0.000e+00
     -0.198    28.2533   5.681306    35.2212     2.6370     0.0139          0     22.750 338.378145  1022.4771     -0.197      0.019  0.000e+00
     -0.209    28.2520   5.679206    35.2075     2.6294     0.0078          0     23.000 338.378148  1022.4671     -0.208      0.025  0.000e+00
     -0.198    28.2500   5.677014    35.1936     2.6518     0.0505          0     23.250 338.378151  1022.4574     -0.197      0.029  0.000e+00
     -0.230    28.2484   5.677143    35.1958     2.6448     0.0574          0     23.500 338.378154  1022.4594     -0.229      0.021  0.000e+00
     -0.220    28.2479   5.680797    35.2217     2.6316     0.0620          0     23.750 338.378157  1022.4791     -0.218      0.008  0.000e+00
     -0.220    28.2483   5.681847    35.2287     2.6275     0.0566          0     24.000 338.378160  1022.4843     -0.218      0.003  0.000e+00
     -0.187    28.2492   5.682129    35.2299     2.6500     0.0932          0     24.250 338.378163  1022.4850     -0.186      0.002  0.000e+00
     -0.166    28.2501   5.681466    35.2247     2.6445     0.0841          0     24.500 338.378166  1022.4808     -0.165      0.011  0.000e+00
     -0.176    28.2501   5.679449    35.2106     2.6540     0.0864          0     24.750 338.378168  1022.4702     -0.175      0.017  0.000e+00
     -0.176    28.2487   5.677014    35.1946     2.6683     0.0795          0     25.000 338.378171  1022.4587     -0.175      0.024  0.000e+00
     -0.198    28.2470   5.675203    35.1832     2.6216     0.0894          0     25.250 338.378174  1022.4506     -0.197      0.020  0.000e+00
     -0.198    28.2460   5.674123    35.1764     2.6138     0.0513          0     25.500 338.378177  1022.4458     -0.197      0.019  0.000e+00
     -0.209    28.2458   5.673712    35.1737     2.6074     0.0414          0     25.750 338.378180  1022.4437     -0.208      0.005  0.000e+00
     -0.198    28.2456   5.673621    35.1732     2.5842     0.0421          0     26.000 338.378183  1022.4435     -0.197     -0.004  0.000e+00
     -0.187    28.2451   5.673583    35.1733     2.5776     0.0437          0     26.250 338.378186  1022.4438     -0.186     -0.012  0.000e+00
     -0.165    28.2446   5.673781    35.1751     2.5725     0.1116          0     26.500 338.378189  1022.4454     -0.165     -0.006  0.000e+00
     -0.209    28.2438   5.673202    35.1717     2.5682     0.0978          0     26.750 338.378192  1022.4429     -0.208     -0.005  0.000e+00
     -0.187    28.2427   5.672221    35.1656     2.5633     0.1016          0     27.000 338.378194  1022.4388     -0.186      0.001  0.000e+00
     -0.187    28.2418   5.671461    35.1609     2.5707     0.1009          0     27.250 338.378197  1022.4356     -0.186      0.007  0.000e+00
     -0.187    28.2410   5.670951    35.1580     2.5751     0.0719          0     27.500 338.378200  1022.4336     -0.186      0.007  0.000e+00
