ctd_mafia/cnv/SBE19plus_01906740_2018_12_07_0101.cnv
* Sea-Bird SBE19plus  Data File:
* FileName = C:\Users\all user\Desktop\Patroba _ WWF Mapping Mafia\SBE19plus_01906740_2018_12_07_0101.hex
* Software version 2.6.3.104
* Temperature SN = 6740
* Conductivity SN = 6740
* System UpLoad Time = Dec 07 2018 14:35:33
* <ApplicationData>
* <Seaterm232>
# nquan = 13
# nvalues = 548                                   
# units = specified
# name 0 = prdM: Pressure, Strain Gauge [db]
# name 1 = tv290C: Temperature [ITS-90, deg C]
# name 2 = c0S/m: Conductivity [S/m]
# name 3 = sal00: Salinity, Practical [PSU]
# name 4 = sbeox0ML/L: Oxygen, SBE 43 [ml/l]
# name 5 = flECO-AFL: Fluorescence, WET Labs ECO-AFL/FL [mg/m^3]
# name 6 = nbf: Bottles Fired
# name 7 = timeS: Time, Elapsed [seconds]
# name 8 = timeJ: Julian Days
# name 9 = density00: Density [density, kg/m^3]
# name 10 = depSM: Depth [salt water, m], lat = 0.00
# name 11 = dz/dtM: Descent Rate [m/s]
# name 12 = flag:  0.000e+00
# span 0 =     -1.407,      9.069                 
# span 1 =    27.0543,    28.4377                 
# span 2 =   0.732504,   5.717380                 
# span 3 =     3.7805,    35.3935                 
# span 4 =     1.7757,     2.6174                 
# span 5 =    -0.0319,    48.6864                 
# span 6 =          0,          0                 
# span 7 =      0.000,    136.750                 
# span 8 = 338.402396, 338.403979                 
# span 9 =   999.0610,  1022.9256                 
# span 10 =     -1.399,      9.019                
# span 11 =     -1.242,      0.423                
# span 12 = 0.0000e+00, 0.0000e+00                
# interval = seconds: 0.25
# start_time = Dec 04 2018 09:39:27 [Instrument's time stamp, header]
# bad_flag = -9.990e-29
*END*
[from data line 112]
     -0.218    28.0458   5.679240    35.3620     1.9928     0.0055          0     28.000 338.402720  1022.6510     -0.216      0.012  0.000e+00
     -0.207    28.0461   5.679278    35.3620     1.9879    -0.0097          0     28.250 338.402723  1022.6509     -0.206      0.019  0.000e+00
     -0.207    28.0468   5.679659    35.3641     1.9834     0.0124          0     28.500 338.402726  1022.6523     -0.206      0.022  0.000e+00
     -0.218    28.0473   5.680389    35.3689     1.9809     0.0124          0     28.750 338.402729  1022.6557     -0.216      0.019  0.000e+00
     -0.228    28.0480   5.680618    35.3700     1.9795     0.0086          0     29.000 338.402731  1022.6562     -0.227      0.012  0.000e+00
     -0.218    28.0488   5.680739    35.3702     1.9748     0.0215          0     29.250 338.402734  1022.6562     -0.216      0.003  0.000e+00
     -0.228    28.0492   5.680610    35.3690     1.9733     0.0093          0     29.500 338.402737  1022.6550     -0.227     -0.007  0.000e+00
     -0.196    28.0501   5.680671    35.3687     1.9753     0.0505          0     29.750 338.402740  1022.6547     -0.195     -0.002  0.000e+00
     -0.207    28.0505   5.680861    35.3698     1.9707     0.0429          0     30.000 338.402743  1022.6553     -0.206      0.002  0.000e+00
     -0.218    28.0513   5.681280    35.3721     1.9708     0.0398          0     30.250 338.402746  1022.6568     -0.216      0.000  0.000e+00
     -0.207    28.0520   5.681341    35.3721     1.9626     0.0490          0     30.500 338.402749  1022.6566     -0.206      0.004  0.000e+00
     -0.196    28.0526   5.681440    35.3722     1.9544     0.0147          0     30.750 338.402752  1022.6565     -0.195      0.012  0.000e+00
     -0.207    28.0531   5.681531    35.3725     1.9514     0.0139          0     31.000 338.402755  1022.6565     -0.206      0.012  0.000e+00
     -0.207    28.0538   5.681721    35.3733     1.9474     0.0124          0     31.250 338.402758  1022.6569     -0.206      0.007  0.000e+00
     -0.207    28.0545   5.681851    35.3737     1.9455     0.0116          0     31.500 338.402760  1022.6570     -0.206      0.005  0.000e+00
     -0.207    28.0554   5.681843    35.3730     1.9401    -0.0105          0     31.750 338.402763  1022.6562     -0.206     -0.001  0.000e+00
     -0.207    28.0559   5.681752    35.3720     1.9411    -0.0021          0     32.000 338.402766  1022.6552     -0.206      0.001  0.000e+00
     -0.196    28.0565   5.681531    35.3700     1.9389    -0.0044          0     32.250 338.402769  1022.6535     -0.195      0.004  0.000e+00
     -0.196    28.0570   5.681820    35.3716     1.9388    -0.0082          0     32.500 338.402772  1022.6546     -0.195      0.003  0.000e+00
     -0.218    28.0575   5.682262    35.3744     1.9371    -0.0067          0     32.750 338.402775  1022.6564     -0.216     -0.002  0.000e+00
     -0.196    28.0582   5.682452    35.3752     1.9328     0.0032          0     33.000 338.402778  1022.6569     -0.195      0.003  0.000e+00
     -0.207    28.0587   5.682391    35.3744     1.9327     0.0017          0     33.250 338.402781  1022.6561     -0.206      0.001  0.000e+00
     -0.196    28.0591   5.682292    35.3734     1.9314    -0.0097          0     33.500 338.402784  1022.6553     -0.195      0.003  0.000e+00
     -0.185    28.0599   5.682360    35.3732     1.9328    -0.0120          0     33.750 338.402786  1022.6549     -0.184      0.006  0.000e+00
     -0.207    28.0604   5.682642    35.3748     1.9317     0.0337          0     34.000 338.402789  1022.6559     -0.206      0.003  0.000e+00
     -0.218    28.0610   5.682909    35.3763     1.9295     0.0292          0     34.250 338.402792  1022.6567     -0.216     -0.004  0.000e+00
     -0.185    28.0614   5.682992    35.3766     1.9210     0.0452          0     34.500 338.402795  1022.6570     -0.184      0.003  0.000e+00
     -0.207    28.0620   5.682832    35.3750     1.9188     0.0475          0     34.750 338.402798  1022.6555     -0.206      0.003  0.000e+00
     -0.185    28.0626   5.682673    35.3735     1.9207     0.0147          0     35.000 338.402801  1022.6542     -0.184      0.002  0.000e+00
     -0.163    28.0632   5.682802    35.3738     1.9196     0.0078          0     35.250 338.402804  1022.6544     -0.163      0.012  0.000e+00
     -0.228    28.0634   5.683152    35.3762     1.9205     0.0147          0     35.500 338.402807  1022.6558     -0.227     -0.001  0.000e+00
     -0.207    28.0642   5.683441    35.3776     1.9200     0.0139          0     35.750 338.402810  1022.6567     -0.206     -0.003  0.000e+00
     -0.185    28.0646   5.683441    35.3773     1.9209     0.0200          0     36.000 338.402812  1022.6565     -0.184      0.005  0.000e+00
     -0.185    28.0653   5.683152    35.3748     1.9231     0.0246          0     36.250 338.402815  1022.6543     -0.184      0.006  0.000e+00
     -0.185    28.0659   5.682802    35.3719     1.9244     0.0238          0     36.500 338.402818  1022.6520     -0.184      0.001  0.000e+00
     -0.185    28.0662   5.682787    35.3715     1.9205     0.0215          0     36.750 338.402821  1022.6515     -0.184      0.006  0.000e+00
     -0.185    28.0666   5.683152    35.3738     1.9176    -0.0052          0     37.000 338.402824  1022.6531     -0.184      0.003  0.000e+00
     -0.207    28.0670   5.683693    35.3773     1.9107    -0.0006          0     37.250 338.402827  1022.6555     -0.206      0.000  0.000e+00
     -0.207    28.0675   5.684012    35.3791     1.9104     0.0047          0     37.500 338.402830  1022.6568     -0.206      0.006  0.000e+00
     -0.207    28.0679   5.683951    35.3784     1.9063     0.0078          0     37.750 338.402833  1022.6561     -0.206     -0.007  0.000e+00
     -0.185    28.0685   5.683632    35.3757     1.9039    -0.0006          0     38.000 338.402836  1022.6540     -0.184     -0.009  0.000e+00
     -0.174    28.0692   5.683342    35.3732     1.9015     0.0330          0     38.250 338.402839  1022.6519     -0.173     -0.001  0.000e+00
     -0.174    28.0695   5.683373    35.3731     1.9022     0.0185          0     38.500 338.402841  1022.6517     -0.173      0.005  0.000e+00
     -0.174    28.0699   5.683601    35.3744     1.8992     0.0246          0     38.750 338.402844  1022.6526     -0.173      0.011  0.000e+00
     -0.196    28.0704   5.683852    35.3758     1.8996     0.0231          0     39.000 338.402847  1022.6534     -0.195      0.010  0.000e+00
     -0.207    28.0707   5.683890    35.3759     1.8991     0.0467          0     39.250 338.402850  1022.6533     -0.206      0.007  0.000e+00
     -0.207    28.0713   5.683951    35.3759     1.8959     0.0444          0     39.500 338.402853  1022.6531     -0.206     -0.001  0.000e+00
     -0.196    28.0719   5.683913    35.3752     1.8955     0.0551          0     39.750 338.402856  1022.6524     -0.195     -0.007  0.000e+00
     -0.196    28.0726   5.683982    35.3751     1.8969     0.0459          0     40.000 338.402859  1022.6522     -0.195     -0.014  0.000e+00
     -0.207    28.0727   5.683982    35.3751     1.8930     0.0208          0     40.250 338.402862  1022.6520     -0.206     -0.017  0.000e+00
     -0.228    28.0733   5.684104    35.3754     1.8909     0.0109          0     40.500 338.402865  1022.6520     -0.227     -0.020  0.000e+00
     -0.196    28.0738   5.684263    35.3762     1.8890     0.0070          0     40.750 338.402867  1022.6525     -0.195     -0.011  0.000e+00
     -0.185    28.0742   5.684332    35.3763     1.8876     0.0116          0     41.000 338.402870  1022.6526     -0.184      0.001  0.000e+00
     -0.218    28.0746   5.684362    35.3763     1.8880     0.0498          0     41.250 338.402873  1022.6523     -0.216     -0.001  0.000e+00
     -0.207    28.0750   5.684203    35.3749     1.8841     0.0505          0     41.500 338.402876  1022.6511     -0.206     -0.002  0.000e+00
     -0.207    28.0756   5.684043    35.3733     1.8829     0.0452          0     41.750 338.402879  1022.6498     -0.206     -0.004  0.000e+00
     -0.207    28.0760   5.684012    35.3728     1.8788     0.0505          0     42.000 338.402882  1022.6493     -0.206     -0.002  0.000e+00
     -0.207    28.0763   5.684104    35.3731     1.8795     0.0459          0     42.250 338.402885  1022.6494     -0.206      0.001  0.000e+00
     -0.196    28.0766   5.684423    35.3752     1.8794     0.0231          0     42.500 338.402888  1022.6509     -0.195      0.004  0.000e+00
     -0.196    28.0770   5.684454    35.3751     1.8745     0.0215          0     42.750 338.402891  1022.6507     -0.195     -0.001  0.000e+00
     -0.207    28.0776   5.684301    35.3736     1.8775     0.0292          0     43.000 338.402894  1022.6493     -0.206 -6.673e-10  0.000e+00
     -0.196    28.0778   5.684104    35.3720     1.8750     0.0368          0     43.250 338.402896  1022.6481     -0.195      0.008  0.000e+00
     -0.196    28.0783   5.684043    35.3713     1.8741     0.0147          0     43.500 338.402899  1022.6474     -0.195      0.006  0.000e+00
     -0.174    28.0788   5.684202    35.3720     1.8739     0.0330          0     43.750 338.402902  1022.6479     -0.173      0.012  0.000e+00
     -0.174    28.0792   5.684332    35.3726     1.8691     0.0200          0     44.000 338.402905  1022.6482     -0.173      0.015  0.000e+00
     -0.207    28.0795   5.684499    35.3736     1.8651     0.0200          0     44.250 338.402908  1022.6487     -0.206      0.008  0.000e+00
     -0.228    28.0798   5.684583    35.3739     1.8625    -0.0097          0     44.500 338.402911  1022.6487     -0.227     -0.005  0.000e+00
     -0.207    28.0801   5.684583    35.3737     1.8622    -0.0059          0     44.750 338.402914  1022.6485     -0.206     -0.007  0.000e+00
     -0.207    28.0804   5.684454    35.3725     1.8594     0.0025          0     45.000 338.402917  1022.6476     -0.206     -0.009  0.000e+00
     -0.185    28.0807   5.684172    35.3703     1.8633     0.0002          0     45.250 338.402920  1022.6459     -0.184     -0.007  0.000e+00
     -0.207    28.0812   5.684043    35.3691     1.8562     0.0559          0     45.500 338.402922  1022.6447     -0.205     -0.009  0.000e+00
     -0.196    28.0817   5.684103    35.3691     1.8556     0.0505          0     45.750 338.402925  1022.6447     -0.195     -0.008  0.000e+00
     -0.174    28.0821   5.684332    35.3704     1.8576     0.0498          0     46.000 338.402928  1022.6456     -0.173      0.007  0.000e+00
     -0.207    28.0823   5.684423    35.3709     1.8579     0.0429          0     46.250 338.402931  1022.6458     -0.205      0.012  0.000e+00
     -0.196    28.0824   5.684614    35.3722     1.8592     0.0521          0     46.500 338.402934  1022.6467     -0.195      0.012  0.000e+00
     -0.217    28.0829   5.684377    35.3702     1.8627     0.0177          0     46.750 338.402937  1022.6450     -0.216     -0.001  0.000e+00
     -0.217    28.0834   5.684393    35.3698     1.8565     0.0170          0     47.000 338.402940  1022.6445     -0.216     -0.009  0.000e+00
     -0.228    28.0833   5.684712    35.3722     1.8486     0.0192          0     47.250 338.402943  1022.6463     -0.227     -0.018  0.000e+00
     -0.217    28.0839   5.684842    35.3726     1.8478     0.0116          0     47.500 338.402946  1022.6465     -0.216     -0.016  0.000e+00
     -0.196    28.0841   5.684644    35.3711     1.8488     0.0315          0     47.750 338.402948  1022.6453     -0.195     -0.013  0.000e+00
     -0.217    28.0842   5.684202    35.3679     1.8448     0.0192          0     48.000 338.402951  1022.6428     -0.216     -0.013  0.000e+00
     -0.153    28.0848   5.683022    35.3592     1.8433     0.0261          0     48.250 338.402954  1022.6364     -0.152      0.013  0.000e+00
     -0.109    28.0846   5.681850    35.3511     1.8459     0.0215          0     48.500 338.402957  1022.6305     -0.109      0.038  0.000e+00
     -0.088    28.0835   5.681340    35.3483     1.8468     0.0429          0     48.750 338.402960  1022.6289     -0.087      0.066  0.000e+00
     -0.034    28.0820   5.681051    35.3474     1.8467     0.0330          0     49.000 338.402963  1022.6290     -0.034      0.094  0.000e+00
     -0.012    28.0797   5.681226    35.3504     1.8480     0.0246          0     49.250 338.402966  1022.6320     -0.012      0.116  0.000e+00
      0.009    28.0778   5.681531    35.3539     1.8458     0.0292          0     49.500 338.402969  1022.6354      0.009      0.126  0.000e+00
      0.053    28.0767   5.682101    35.3587     1.8411     0.0101          0     49.750 338.402972  1022.6395      0.052      0.135  0.000e+00
      0.042    28.0773   5.682261    35.3594     1.8350     0.0124          0     50.000 338.402975  1022.6398      0.042      0.131  0.000e+00
      0.031    28.0782   5.682292    35.3590     1.8329     0.0147          0     50.250 338.402977  1022.6391      0.031      0.101  0.000e+00
      0.031    28.0789   5.682391    35.3592     1.8355     0.0032          0     50.500 338.402980  1022.6391      0.031      0.076  0.000e+00
      0.053    28.0793   5.682551    35.3600     1.8330     0.0131          0     50.750 338.402983  1022.6396      0.052      0.058  0.000e+00
      0.031    28.0797   5.682132    35.3568     1.8309     0.0330          0     51.000 338.402986  1022.6370      0.031      0.032  0.000e+00
      0.085    28.0797   5.681561    35.3527     1.8329     0.0177          0     51.250 338.402989  1022.6342      0.085      0.029  0.000e+00
      0.139    28.0779   5.680769    35.3485     1.8320     0.0307          0     51.500 338.402992  1022.6318      0.138      0.041  0.000e+00
      0.215    28.0747   5.680526    35.3492     1.8351     0.0101          0     51.750 338.402995  1022.6337      0.214      0.070  0.000e+00
      0.258    28.0704   5.680321    35.3509     1.8368     0.0459          0     52.000 338.402998  1022.6366      0.257      0.111  0.000e+00
      0.301    28.0676   5.679658    35.3484     1.8308     0.0543          0     52.250 338.403001  1022.6358      0.300      0.146  0.000e+00
      0.291    28.0641   5.679940    35.3530     1.8227     0.0414          0     52.500 338.403003  1022.6404      0.289      0.158  0.000e+00
      0.280    28.0622   5.680739    35.3600     1.8171     0.0444          0     52.750 338.403006  1022.6463      0.278      0.149  0.000e+00
      0.334    28.0619   5.680321    35.3573     1.8187     0.0177          0     53.000 338.403009  1022.6445      0.332      0.146  0.000e+00
      0.388    28.0613   5.679780    35.3539     1.8107     0.0215          0     53.250 338.403012  1022.6424      0.386      0.131  0.000e+00
      0.420    28.0594   5.679468    35.3531     1.8086     0.0200          0     53.500 338.403015  1022.6426      0.418      0.118  0.000e+00
      0.507    28.0566   5.679750    35.3572     1.8064     0.0246          0     53.750 338.403018  1022.6469      0.504      0.125  0.000e+00
      0.518    28.0551   5.679819    35.3588     1.8115     0.0437          0     54.000 338.403021  1022.6487      0.515      0.135  0.000e+00
      0.518    28.0545   5.679400    35.3563     1.8051     0.0543          0     54.250 338.403024  1022.6470      0.515      0.139  0.000e+00
      0.507    28.0527   5.679948    35.3615     1.8077     0.0429          0     54.500 338.403027  1022.6514      0.504      0.138  0.000e+00
      0.507    28.0521   5.680481    35.3657     1.8055     0.0475          0     54.750 338.403030  1022.6548      0.504      0.119  0.000e+00
      0.518    28.0522   5.680801    35.3679     1.8031     0.0414          0     55.000 338.403032  1022.6565      0.515      0.085  0.000e+00
      0.518    28.0528   5.680740    35.3670     1.8015     0.0047          0     55.250 338.403035  1022.6556      0.515      0.053  0.000e+00
