ctd_mafia/cnv/SBE19plus_01906740_2018_12_07_0072.cnv
* Sea-Bird SBE19plus  Data File:
* FileName = C:\Users\all user\Desktop\Patroba _ WWF Mapping Mafia\SBE19plus_01906740_2018_12_07_0072.hex
* Software version 2.6.3.104
* Temperature SN = 6740
* Conductivity SN = 6740
* System UpLoad Time = Dec 07 2018 14:29:14
* <ApplicationData>
* <Seaterm232>
# nquan = 13
# nvalues = 761                                   
# units = specified
# name 0 = prdM: Pressure, Strain Gauge [db]
# name 1 = tv290C: Temperature [ITS-90, deg C]
# name 2 = c0S/m: Conductivity [S/m]
# name 3 = sal00: Salinity, Practical [PSU]
# name 4 = sbeox0ML/L: Oxygen, SBE 43 [ml/l]
# name 5 = flECO-AFL: Fluorescence, WET Labs ECO-AFL/FL [mg/m^3]
# name 6 = nbf: Bottles Fired
# name 7 = timeS: Time, Elapsed [seconds]
# name 8 = timeJ: Julian Days
# name 9 = density00: Density [density, kg/m^3]
# name 10 = depSM: Depth [salt water, m], lat = 0.00
# name 11 = dz/dtM: Descent Rate [m/s]
# name 12 = flag:  0.000e+00
# span 0 =     -1.388,     12.082                 
# span 1 =    28.2556,    28.4732                 
# span 2 =   0.009090,   5.695987                 
# span 3 =     0.0458,    35.2304                 
# span 4 =     2.0390,     4.6091                 
# span 5 =    -0.1707,     0.8669                 
# span 6 =          0,          0                 
# span 7 =      0.000,    190.000                 
# span 8 = 337.311435, 337.313634                 
# span 9 =   996.1816,  1022.4960                 
# span 10 =     -1.381,     12.016                
# span 11 =     -0.631,      0.223                
# span 12 = 0.0000e+00, 0.0000e+00                
# interval = seconds: 0.25
# start_time = Dec 03 2018 07:28:28 [Instrument's time stamp, header]
# bad_flag = -9.990e-29
*END*
[from data line 445]
      7.272    28.3779   5.695474    35.2251     2.9615     0.0345          0    111.250 337.312723  1022.4709      7.232      0.161  0.000e+00
      7.272    28.3778   5.695542    35.2256     2.9481     0.0376          0    111.500 337.312726  1022.4713      7.232      0.151  0.000e+00
      7.304    28.3774   5.695672    35.2268     2.9404     0.0231          0    111.750 337.312729  1022.4725      7.264      0.130  0.000e+00
      7.369    28.3777   5.695672    35.2266     2.9272     0.0307          0    112.000 337.312731  1022.4725      7.329      0.118  0.000e+00
      7.423    28.3776   5.695634    35.2264     2.9173     0.0345          0    112.250 337.312734  1022.4726      7.382      0.116  0.000e+00
      7.467    28.3775   5.695497    35.2255     2.9070     0.0490          0    112.500 337.312737  1022.4722      7.425      0.121  0.000e+00
      7.434    28.3777   5.695444    35.2250     2.8831     0.0459          0    112.750 337.312740  1022.4716      7.393      0.117  0.000e+00
      7.412    28.3775   5.695283    35.2240     2.8744     0.0498          0    113.000 337.312743  1022.4708      7.372      0.104  0.000e+00
      7.380    28.3776   5.695474    35.2253     2.8619     0.0498          0    113.250 337.312746  1022.4716      7.339      0.081  0.000e+00
      7.434    28.3777   5.695672    35.2265     2.8511     0.0444          0    113.500 337.312749  1022.4728      7.393      0.065  0.000e+00
      7.521    28.3778   5.695543    35.2255     2.8435     0.0528          0    113.750 337.312752  1022.4724      7.479      0.061  0.000e+00
      7.596    28.3776   5.695444    35.2250     2.8420     0.0582          0    114.000 337.312755  1022.4723      7.554      0.072  0.000e+00
      7.607    28.3775   5.695314    35.2241     2.8093     0.0528          0    114.250 337.312758  1022.4718      7.565      0.088  0.000e+00
      7.575    28.3777   5.695276    35.2237     2.8020     0.0635          0    114.500 337.312760  1022.4713      7.533      0.097  0.000e+00
      7.564    28.3777   5.695512    35.2254     2.7999     0.0574          0    114.750 337.312763  1022.4725      7.522      0.108  0.000e+00
      7.607    28.3777   5.695604    35.2260     2.7838     0.0574          0    115.000 337.312766  1022.4731      7.565      0.113  0.000e+00
      7.683    28.3777   5.695573    35.2258     2.7690     0.0604          0    115.250 337.312769  1022.4733      7.640      0.120  0.000e+00
      7.758    28.3780   5.695512    35.2251     2.7629     0.0521          0    115.500 337.312772  1022.4730      7.716      0.117  0.000e+00
      7.758    28.3780   5.695604    35.2258     2.7336     0.0368          0    115.750 337.312775  1022.4735      7.716      0.108  0.000e+00
      7.780    28.3781   5.695543    35.2252     2.7243     0.0398          0    116.000 337.312778  1022.4731      7.737      0.112  0.000e+00
      7.791    28.3782   5.695474    35.2247     2.7216     0.0490          0    116.250 337.312781  1022.4727      7.748      0.126  0.000e+00
      7.780    28.3783   5.695619    35.2256     2.7016     0.0521          0    116.500 337.312784  1022.4734      7.737      0.128  0.000e+00
      7.823    28.3785   5.695634    35.2256     2.7063     0.0398          0    116.750 337.312786  1022.4735      7.780      0.120  0.000e+00
      7.899    28.3786   5.695634    35.2255     2.7020     0.0490          0    117.000 337.312789  1022.4737      7.855      0.111  0.000e+00
      7.975    28.3787   5.695573    35.2250     2.7031     0.0513          0    117.250 337.312792  1022.4736      7.931      0.115  0.000e+00
      8.007    28.3788   5.695474    35.2242     2.6932     0.0414          0    117.500 337.312795  1022.4731      7.963      0.128  0.000e+00
      7.996    28.3789   5.695512    35.2243     2.6844     0.0521          0    117.750 337.312798  1022.4731      7.952      0.141  0.000e+00
      8.018    28.3789   5.695634    35.2252     2.6717     0.0337          0    118.000 337.312801  1022.4739      7.974      0.145  0.000e+00
      8.050    28.3790   5.695672    35.2253     2.6720     0.0315          0    118.250 337.312804  1022.4741      8.006      0.147  0.000e+00
      8.104    28.3790   5.695680    35.2254     2.6861     0.0330          0    118.500 337.312807  1022.4743      8.060      0.149  0.000e+00
      8.158    28.3792   5.695672    35.2252     2.6874     0.0330          0    118.750 337.312810  1022.4743      8.113      0.141  0.000e+00
      8.191    28.3792   5.695673    35.2252     2.6852     0.0589          0    119.000 337.312813  1022.4744      8.146      0.131  0.000e+00
      8.245    28.3792   5.695703    35.2254     2.6596     0.0696          0    119.250 337.312815  1022.4748      8.199      0.136  0.000e+00
      8.299    28.3791   5.695703    35.2254     2.6426     0.0582          0    119.500 337.312818  1022.4751      8.253      0.158  0.000e+00
      8.320    28.3790   5.695734    35.2257     2.6142     0.0574          0    119.750 337.312821  1022.4755      8.275      0.174  0.000e+00
      8.342    28.3789   5.695703    35.2255     2.6065     0.0604          0    120.000 337.312824  1022.4755      8.296      0.172  0.000e+00
      8.385    28.3790   5.695673    35.2252     2.5843     0.0589          0    120.250 337.312827  1022.4754      8.339      0.166  0.000e+00
      8.385    28.3791   5.695741    35.2257     2.5639     0.0574          0    120.500 337.312830  1022.4757      8.339      0.146  0.000e+00
      8.439    28.3789   5.695734    35.2257     2.5569     0.0620          0    120.750 337.312833  1022.4760      8.393      0.136  0.000e+00
      8.515    28.3788   5.695764    35.2261     2.5504     0.0345          0    121.000 337.312836  1022.4767      8.468      0.141  0.000e+00
      8.547    28.3787   5.695734    35.2259     2.5470     0.0421          0    121.250 337.312839  1022.4767      8.500      0.143  0.000e+00
      8.569    28.3787   5.695703    35.2257     2.5364     0.0376          0    121.500 337.312841  1022.4767      8.522      0.144  0.000e+00
      8.569    28.3786   5.695764    35.2262     2.5353     0.0368          0    121.750 337.312844  1022.4771      8.522      0.142  0.000e+00
      8.602    28.3786   5.695764    35.2262     2.5328     0.0360          0    122.000 337.312847  1022.4772      8.554      0.138  0.000e+00
      8.656    28.3787   5.695795    35.2263     2.5205     0.0559          0    122.250 337.312850  1022.4775      8.608      0.136  0.000e+00
      8.753    28.3789   5.695802    35.2262     2.5272     0.0521          0    122.500 337.312853  1022.4778      8.705      0.154  0.000e+00
      8.829    28.3791   5.695673    35.2250     2.5385     0.0398          0    122.750 337.312856  1022.4771      8.780      0.168  0.000e+00
      8.850    28.3793   5.695315    35.2224     2.5157     0.0505          0    123.000 337.312859  1022.4752      8.801      0.176  0.000e+00
      8.839    28.3794   5.695162    35.2213     2.5114     0.0185          0    123.250 337.312862  1022.4742      8.791      0.179  0.000e+00
      8.775    28.3795   5.695162    35.2212     2.4966     0.0292          0    123.500 337.312865  1022.4739      8.726      0.154  0.000e+00
      8.807    28.3794   5.695475    35.2234     2.4939     0.0345          0    123.750 337.312867  1022.4757      8.758      0.129  0.000e+00
      8.872    28.3796   5.695734    35.2251     2.5005     0.0177          0    124.000 337.312870  1022.4772      8.823      0.106  0.000e+00
      8.937    28.3794   5.695673    35.2248     2.4752     0.0253          0    124.250 337.312873  1022.4773      8.887      0.091  0.000e+00
      8.980    28.3796   5.695559    35.2238     2.4727     0.0231          0    124.500 337.312876  1022.4767      8.930      0.083  0.000e+00
      8.980    28.3796   5.695315    35.2221     2.4622     0.0253          0    124.750 337.312879  1022.4754      8.930      0.086  0.000e+00
      8.947    28.3797   5.695475    35.2232     2.4521     0.0276          0    125.000 337.312882  1022.4760      8.898      0.090  0.000e+00
      8.947    28.3795   5.695764    35.2254     2.4439     0.0360          0    125.250 337.312885  1022.4777      8.898      0.094  0.000e+00
      9.012    28.3799   5.695703    35.2246     2.4363     0.0391          0    125.500 337.312888  1022.4773      8.963      0.104  0.000e+00
      9.120    28.3802   5.695673    35.2242     2.4292     0.0368          0    125.750 337.312891  1022.4774      9.070      0.111  0.000e+00
      9.185    28.3802   5.695574    35.2234     2.4306     0.0376          0    126.000 337.312894  1022.4771      9.135      0.123  0.000e+00
      9.229    28.3804   5.695704    35.2242     2.4071     0.0330          0    126.250 337.312896  1022.4778      9.178      0.142  0.000e+00
      9.185    28.3804   5.695681    35.2240     2.4093     0.0177          0    126.500 337.312899  1022.4775      9.135      0.148  0.000e+00
      9.185    28.3805   5.695574    35.2232     2.3994     0.0231          0    126.750 337.312902  1022.4768      9.135      0.151  0.000e+00
      9.196    28.3805   5.695795    35.2248     2.4136     0.0215          0    127.000 337.312905  1022.4780      9.145      0.144  0.000e+00
      9.239    28.3806   5.695764    35.2245     2.4185     0.0177          0    127.250 337.312908  1022.4780      9.188      0.123  0.000e+00
      9.304    28.3806   5.695765    35.2244     2.4100     0.0452          0    127.500 337.312911  1022.4782      9.253      0.100  0.000e+00
      9.358    28.3809   5.695765    35.2242     2.4028     0.0391          0    127.750 337.312914  1022.4782      9.307      0.089  0.000e+00
      9.412    28.3808   5.695795    35.2245     2.3920     0.0276          0    128.000 337.312917  1022.4787      9.360      0.106  0.000e+00
      9.466    28.3808   5.695704    35.2238     2.3944     0.0376          0    128.250 337.312920  1022.4784      9.414      0.139  0.000e+00
      9.466    28.3808   5.695681    35.2237     2.3724     0.0376          0    128.500 337.312922  1022.4783      9.414      0.168  0.000e+00
      9.466    28.3808   5.695765    35.2243     2.3593     0.0475          0    128.750 337.312925  1022.4787      9.414      0.166  0.000e+00
      9.466    28.3809   5.695765    35.2242     2.3609     0.0559          0    129.000 337.312928  1022.4786      9.414      0.146  0.000e+00
      9.520    28.3807   5.695864    35.2250     2.3726     0.0521          0    129.250 337.312931  1022.4795      9.468      0.125  0.000e+00
      9.564    28.3807   5.695864    35.2250     2.3589     0.0360          0    129.500 337.312934  1022.4797      9.511      0.109  0.000e+00
      9.596    28.3808   5.695864    35.2249     2.3582     0.0345          0    129.750 337.312937  1022.4798      9.543      0.101  0.000e+00
      9.639    28.3810   5.695734    35.2238     2.3740     0.0246          0    130.000 337.312940  1022.4791      9.586      0.103  0.000e+00
      9.672    28.3811   5.695734    35.2238     2.3482     0.0284          0    130.250 337.312943  1022.4791      9.618      0.113  0.000e+00
      9.672    28.3809   5.695864    35.2248     2.3370     0.0337          0    130.500 337.312946  1022.4800      9.618      0.124  0.000e+00
      9.726    28.3810   5.695894    35.2249     2.3314     0.0376          0    130.750 337.312948  1022.4803      9.672      0.136  0.000e+00
      9.791    28.3809   5.695894    35.2250     2.3174     0.0299          0    131.000 337.312951  1022.4806      9.737      0.147  0.000e+00
      9.812    28.3806   5.695925    35.2254     2.3133     0.0429          0    131.250 337.312954  1022.4811      9.758      0.143  0.000e+00
      9.866    28.3804   5.695925    35.2255     2.3285     0.0360          0    131.500 337.312957  1022.4815      9.812      0.148  0.000e+00
      9.931    28.3804   5.695925    35.2255     2.3204     0.0429          0    131.750 337.312960  1022.4818      9.876      0.161  0.000e+00
      9.985    28.3800   5.695925    35.2258     2.3051     0.0330          0    132.000 337.312963  1022.4824      9.930      0.176  0.000e+00
      9.974    28.3800   5.695986    35.2262     2.3204     0.0276          0    132.250 337.312966  1022.4826      9.919      0.176  0.000e+00
     10.018    28.3800   5.695925    35.2258     2.3133     0.0368          0    132.500 337.312969  1022.4825      9.962      0.176  0.000e+00
     10.007    28.3799   5.695955    35.2261     2.3157     0.0437          0    132.750 337.312972  1022.4827      9.952      0.150  0.000e+00
     10.029    28.3800   5.695986    35.2262     2.3194     0.0490          0    133.000 337.312975  1022.4829      9.973      0.125  0.000e+00
     10.061    28.3800   5.695955    35.2260     2.3120     0.0559          0    133.250 337.312977  1022.4828     10.005      0.111  0.000e+00
     10.093    28.3799   5.695986    35.2263     2.3087     0.0490          0    133.500 337.312980  1022.4832     10.038      0.094  0.000e+00
     10.158    28.3800   5.695956    35.2260     2.3272     0.0307          0    133.750 337.312983  1022.4832     10.102      0.094  0.000e+00
     10.223    28.3799   5.695925    35.2258     2.3187     0.0315          0    134.000 337.312986  1022.4834     10.167      0.114  0.000e+00
     10.245    28.3797   5.695826    35.2253     2.3229     0.0383          0    134.250 337.312989  1022.4832     10.188      0.138  0.000e+00
     10.266    28.3798   5.695742    35.2246     2.3080     0.0292          0    134.500 337.312992  1022.4827     10.210      0.146  0.000e+00
     10.245    28.3799   5.695895    35.2256     2.2998     0.0284          0    134.750 337.312995  1022.4833     10.188      0.144  0.000e+00
     10.266    28.3797   5.695956    35.2261     2.3105     0.0643          0    135.000 337.312998  1022.4839     10.210      0.129  0.000e+00
     10.353    28.3796   5.695925    35.2260     2.3051     0.0551          0    135.250 337.313001  1022.4842     10.296      0.127  0.000e+00
     10.418    28.3794   5.695895    35.2259     2.3063     0.0589          0    135.500 337.313003  1022.4845     10.360      0.131  0.000e+00
     10.493    28.3794   5.695864    35.2257     2.3010     0.0490          0    135.750 337.313006  1022.4846     10.435      0.143  0.000e+00
     10.526    28.3794   5.695674    35.2243     2.2930     0.0315          0    136.000 337.313009  1022.4838     10.468      0.158  0.000e+00
     10.504    28.3793   5.695575    35.2237     2.2674     0.0376          0    136.250 337.313012  1022.4832     10.446      0.164  0.000e+00
     10.483    28.3792   5.695742    35.2250     2.2532     0.0368          0    136.500 337.313015  1022.4841     10.425      0.154  0.000e+00
     10.537    28.3794   5.695895    35.2259     2.2606     0.0376          0    136.750 337.313018  1022.4850     10.478      0.148  0.000e+00
     10.558    28.3791   5.695895    35.2261     2.2437     0.0665          0    137.000 337.313021  1022.4853     10.500      0.124  0.000e+00
     10.634    28.3791   5.695925    35.2263     2.2426     0.0551          0    137.250 337.313024  1022.4858     10.575      0.106  0.000e+00
     10.720    28.3789   5.695864    35.2260     2.2450     0.0627          0    137.500 337.313027  1022.4860     10.661      0.115  0.000e+00
     10.774    28.3788   5.695826    35.2258     2.2451     0.0505          0    137.750 337.313030  1022.4862     10.715      0.136  0.000e+00
     10.796    28.3785   5.695864    35.2263     2.2430     0.0505          0    138.000 337.313032  1022.4867     10.736      0.164  0.000e+00
     10.850    28.3786   5.695925    35.2266     2.2491     0.0475          0    138.250 337.313035  1022.4872     10.790      0.197  0.000e+00
     10.883    28.3783   5.695712    35.2254     2.2480     0.0528          0    138.500 337.313038  1022.4865     10.822      0.210  0.000e+00
