ctd_mafia/cnv/SBE19plus_01906740_2018_12_07_0088.cnv
* Sea-Bird SBE19plus  Data File:
* FileName = C:\Users\all user\Desktop\Patroba _ WWF Mapping Mafia\SBE19plus_01906740_2018_12_07_0088.hex
* Software version 2.6.3.104
* Temperature SN = 6740
* Conductivity SN = 6740
* System UpLoad Time = Dec 07 2018 14:33:06
* <ApplicationData>
* <Seaterm232>
# nquan = 13
# nvalues = 385                                   
# units = specified
# name 0 = prdM: Pressure, Strain Gauge [db]
# name 1 = tv290C: Temperature [ITS-90, deg C]
# name 2 = c0S/m: Conductivity [S/m]
# name 3 = sal00: Salinity, Practical [PSU]
# name 4 = sbeox0ML/L: Oxygen, SBE 43 [ml/l]
# name 5 = flECO-AFL: Fluorescence, WET Labs ECO-AFL/FL [mg/m^3]
# name 6 = nbf: Bottles Fired
# name 7 = timeS: Time, Elapsed [seconds]
# name 8 = timeJ: Julian Days
# name 9 = density00: Density [density, kg/m^3]
# name 10 = depSM: Depth [salt water, m], lat = 0.00
# name 11 = dz/dtM: Descent Rate [m/s]
# name 12 = flag:  0.000e+00
# span 0 =     -1.365,      4.529                 
# span 1 =    28.2284,    29.3005                 
# span 2 =   0.102578,   5.717271                 
# span 3 =     0.4650,    35.3735                 
# span 4 =     1.6954,     2.9022                 
# span 5 =    -0.1204,    48.6826                 
# span 6 =          0,          0                 
# span 7 =      0.000,     96.000                 
# span 8 = 337.447882, 337.448993                 
# span 9 =   996.2416,  1022.5829                 
# span 10 =     -1.357,      4.504                
# span 11 =     -0.759,      0.327                
# span 12 = 0.0000e+00, 0.0000e+00                
# interval = seconds: 0.25
# start_time = Dec 03 2018 10:44:57 [Instrument's time stamp, header]
# bad_flag = -9.990e-29
*END*
[from data line 223]
      3.059    28.2646   5.691588    35.2836     1.7417     0.0376          0     55.750 337.448527  1022.5342      3.042      0.141  0.000e+00
      3.124    28.2648   5.691207    35.2808     1.7406     0.0482          0     56.000 337.448530  1022.5323      3.106      0.146  0.000e+00
      3.167    28.2638   5.691398    35.2829     1.7461     0.0231          0     56.250 337.448533  1022.5344      3.149      0.154  0.000e+00
      3.221    28.2627   5.690979    35.2807     1.7510     0.0276          0     56.500 337.448536  1022.5333      3.203      0.172  0.000e+00
      3.286    28.2615   5.690438    35.2779     1.7392     0.0215          0     56.750 337.448539  1022.5319      3.268      0.192  0.000e+00
      3.286    28.2597   5.690217    35.2776     1.7594     0.0215          0     57.000 337.448542  1022.5323      3.268      0.195  0.000e+00
      3.351    28.2577   5.690827    35.2833     1.7625     0.0414          0     57.250 337.448545  1022.5375      3.332      0.195  0.000e+00
      3.426    28.2573   5.690217    35.2794     1.7567     0.0391          0     57.500 337.448547  1022.5350      3.407      0.195  0.000e+00
      3.556    28.2572   5.689577    35.2750     1.7505     0.0383          0     57.750 337.448550  1022.5323      3.536      0.222  0.000e+00
      3.588    28.2557   5.688945    35.2717     1.7402     0.0383          0     58.000 337.448553  1022.5304      3.569      0.234  0.000e+00
      3.632    28.2542   5.688686    35.2709     1.7422     0.0360          0     58.250 337.448556  1022.5305      3.612      0.243  0.000e+00
      3.643    28.2531   5.689227    35.2756     1.7465     0.0345          0     58.500 337.448559  1022.5345      3.623      0.236  0.000e+00
      3.686    28.2531   5.689966    35.2807     1.7429     0.0391          0     58.750 337.448562  1022.5385      3.666      0.226  0.000e+00
      3.761    28.2546   5.689517    35.2764     1.7390     0.0391          0     59.000 337.448565  1022.5351      3.741      0.228  0.000e+00
      3.837    28.2553   5.689105    35.2730     1.7430     0.0337          0     59.250 337.448568  1022.5326      3.816      0.218  0.000e+00
      3.880    28.2552   5.689136    35.2733     1.7453     0.0162          0     59.500 337.448571  1022.5330      3.859      0.204  0.000e+00
      3.902    28.2545   5.689136    35.2738     1.7429     0.0177          0     59.750 337.448573  1022.5337      3.881      0.186  0.000e+00
      4.010    28.2538   5.688946    35.2729     1.7522     0.0231          0     60.000 337.448576  1022.5338      3.988      0.208  0.000e+00
      4.032    28.2525   5.688816    35.2730     1.7478     0.0231          0     60.250 337.448579  1022.5344      4.010      0.217  0.000e+00
      4.075    28.2511   5.688755    35.2736     1.7528     0.0330          0     60.500 337.448582  1022.5355      4.053      0.222  0.000e+00
      4.118    28.2500   5.689037    35.2764     1.7502     0.0345          0     60.750 337.448585  1022.5381      4.096      0.213  0.000e+00
      4.172    28.2497   5.689296    35.2784     1.7483     0.0368          0     61.000 337.448588  1022.5399      4.150      0.200  0.000e+00
      4.281    28.2501   5.689091    35.2766     1.7359     0.0406          0     61.250 337.448591  1022.5389      4.257      0.210  0.000e+00
      4.378    28.2503   5.688786    35.2743     1.7367     0.0078          0     61.500 337.448594  1022.5376      4.354      0.236  0.000e+00
      4.443    28.2498   5.688405    35.2720     1.7474     0.0101          0     61.750 337.448597  1022.5363      4.418      0.257  0.000e+00
      4.453    28.2487   5.688055    35.2704     1.7315     0.0070          0     62.000 337.448600  1022.5355      4.429      0.252  0.000e+00
      4.464    28.2475   5.689616    35.2822     1.7263     0.0055          0     62.250 337.448602  1022.5448      4.440      0.248  0.000e+00
      4.453    28.2476   5.691970    35.2986     1.7298     0.0292          0     62.500 337.448605  1022.5570      4.429      0.218  0.000e+00
      4.443    28.2482   5.692541    35.3022     1.7283     0.0261          0     62.750 337.448608  1022.5595      4.418      0.172  0.000e+00
      4.421    28.2480   5.692861    35.3045     1.7289     0.0345          0     63.000 337.448611  1022.5613      4.397      0.110  0.000e+00
      4.443    28.2501   5.692800    35.3025     1.7307     0.0200          0     63.250 337.448614  1022.5591      4.418      0.052  0.000e+00
      4.454    28.2554   5.692305    35.2951     1.7317     0.0223          0     63.500 337.448617  1022.5518      4.429      0.014  0.000e+00
      4.443    28.2587   5.691909    35.2898     1.7333     0.0444          0     63.750 337.448620  1022.5468      4.418     -0.005  0.000e+00
      4.432    28.2603   5.691139    35.2833     1.7329     0.0459          0     64.000 337.448623  1022.5413      4.407     -0.010  0.000e+00
      4.443    28.2599   5.685694    35.2455     1.7672     0.0414          0     64.250 337.448626  1022.5131      4.418     -0.008  0.000e+00
      4.443    28.2571   5.684392    35.2386     1.7628     0.0513          0     64.500 337.448628  1022.5087      4.418     -0.001  0.000e+00
      4.443    28.2547   5.684301    35.2397     1.7608     0.0192          0     64.750 337.448631  1022.5103      4.418      0.003  0.000e+00
      4.453    28.2528   5.684011    35.2391     1.7600     0.0215          0     65.000 337.448634  1022.5106      4.429      0.007  0.000e+00
      4.432    28.2504   5.683753    35.2391     1.7617     0.0215          0     65.250 337.448637  1022.5113      4.407     -0.002  0.000e+00
      4.443    28.2485   5.683661    35.2399     1.7468     0.0246          0     65.500 337.448640  1022.5126      4.418     -0.002  0.000e+00
      4.453    28.2478   5.683859    35.2418     1.7472     0.0337          0     65.750 337.448643  1022.5142      4.429      0.004  0.000e+00
      4.432    28.2479   5.684012    35.2428     1.7463     0.0360          0     66.000 337.448646  1022.5149      4.407      0.001  0.000e+00
      4.432    28.2482   5.684042    35.2428     1.7477     0.0345          0     66.250 337.448649  1022.5148      4.407     -0.004  0.000e+00
      4.432    28.2487   5.684042    35.2424     1.7610     0.0345          0     66.500 337.448652  1022.5143      4.407     -0.006  0.000e+00
      4.432    28.2496   5.684072    35.2419     1.7632     0.0543          0     66.750 337.448655  1022.5136      4.407     -0.008  0.000e+00
      4.421    28.2504   5.684301    35.2429     1.7752     0.0521          0     67.000 337.448657  1022.5141      4.397     -0.012  0.000e+00
      4.432    28.2516   5.684362    35.2424     1.7753     0.0635          0     67.250 337.448660  1022.5134      4.407     -0.007  0.000e+00
      4.421    28.2529   5.684453    35.2421     1.7845     0.0604          0     67.500 337.448663  1022.5127      4.397     -0.012  0.000e+00
      4.432    28.2539   5.684423    35.2411     1.7828     0.0528          0     67.750 337.448666  1022.5116      4.407     -0.009  0.000e+00
      4.443    28.2542   5.684362    35.2405     1.7971     0.0116          0     68.000 337.448669  1022.5111      4.418      0.001  0.000e+00
      4.421    28.2544   5.684346    35.2402     1.7962     0.0170          0     68.250 337.448672  1022.5108      4.397     -0.001  0.000e+00
      4.443    28.2548   5.684331    35.2398     1.8064     0.0070          0     68.500 337.448675  1022.5104      4.418      0.004  0.000e+00
      4.464    28.2544   5.684103    35.2385     1.8235     0.0025          0     68.750 337.448678  1022.5097      4.440      0.013  0.000e+00
      4.464    28.2532   5.683852    35.2377     1.8248     0.0246          0     69.000 337.448681  1022.5095      4.440      0.020  0.000e+00
      4.454    28.2525   5.684103    35.2400     1.8361     0.0177          0     69.250 337.448683  1022.5114      4.429      0.019  0.000e+00
      4.486    28.2532   5.684423    35.2417     1.8495     0.0223          0     69.500 337.448686  1022.5126      4.461      0.027  0.000e+00
      4.497    28.2548   5.684613    35.2418     1.8441     0.0307          0     69.750 337.448689  1022.5121      4.472      0.032  0.000e+00
      4.529    28.2566   5.684841    35.2420     1.8401     0.0177          0     70.000 337.448692  1022.5119      4.504      0.043  0.000e+00
      4.518    28.2582   5.684841    35.2408     1.8468     0.0032          0     70.250 337.448695  1022.5104      4.494      0.049  0.000e+00
      4.529    28.2592   5.684841    35.2401     1.8478     0.0131          0     70.500 337.448698  1022.5095      4.504      0.045  0.000e+00
      4.486    28.2595   5.684773    35.2394     1.8562     0.0040          0     70.750 337.448701  1022.5087      4.461      0.030  0.000e+00
      4.508    28.2595   5.684803    35.2396     1.8563     0.0116          0     71.000 337.448704  1022.5090      4.483      0.025  0.000e+00
      4.508    28.2606   5.685032    35.2404     1.8643     0.0475          0     71.250 337.448707  1022.5092      4.483      0.017  0.000e+00
      4.486    28.2618   5.685222    35.2408     1.8717     0.0498          0     71.500 337.448709  1022.5091      4.461     -0.003  0.000e+00
      4.497    28.2632   5.685382    35.2409     1.8789     0.0521          0     71.750 337.448712  1022.5087      4.472     -0.011  0.000e+00
      4.508    28.2648   5.685542    35.2408     1.8735     0.0490          0     72.000 337.448715  1022.5082      4.483     -0.014  0.000e+00
      4.519    28.2660   5.685603    35.2404     1.8751     0.0360          0     72.250 337.448718  1022.5075      4.494     -0.004  0.000e+00
      4.519    28.2656   5.685123    35.2373     1.8666     0.0299          0     72.500 337.448721  1022.5053      4.494      0.003  0.000e+00
      4.497    28.2627   5.684392    35.2343     1.8638     0.0437          0     72.750 337.448724  1022.5039      4.472      0.008  0.000e+00
      4.497    28.2596   5.684194    35.2353     1.8728     0.0246          0     73.000 337.448727  1022.5057      4.472      0.001  0.000e+00
      4.486    28.2562   5.683791    35.2350     1.8850    -0.0143          0     73.250 337.448730  1022.5065      4.461     -0.003  0.000e+00
      4.475    28.2533   5.683753    35.2369     1.8924    -0.0181          0     73.500 337.448733  1022.5088      4.451     -0.008  0.000e+00
      4.486    28.2514   5.683501    35.2366     1.8874    -0.0181          0     73.750 337.448736  1022.5093      4.461     -0.015  0.000e+00
      4.486    28.2494   5.683471    35.2378     1.8976    -0.0189          0     74.000 337.448738  1022.5109      4.461     -0.019  0.000e+00
      4.464    28.2475   5.683372    35.2386     1.9007    -0.0067          0     74.250 337.448741  1022.5120      4.440     -0.024  0.000e+00
      4.454    28.2454   5.683060    35.2379     1.9113    -0.0181          0     74.500 337.448744  1022.5121      4.429     -0.025  0.000e+00
      4.454    28.2435   5.682801    35.2376     1.9087    -0.0143          0     74.750 337.448747  1022.5125      4.429     -0.022  0.000e+00
      4.443    28.2416   5.682672    35.2381     1.9041    -0.0174          0     75.000 337.448750  1022.5134      4.418     -0.025  0.000e+00
      4.443    28.2403   5.682611    35.2387     1.9001    -0.0212          0     75.250 337.448753  1022.5143      4.418     -0.025  0.000e+00
      4.475    28.2393   5.682573    35.2391     1.9038     0.0063          0     75.500 337.448756  1022.5151      4.451     -0.015  0.000e+00
      4.497    28.2400   5.683060    35.2420     1.9030     0.0063          0     75.750 337.448759  1022.5172      4.472     -0.003  0.000e+00
      4.497    28.2413   5.683090    35.2412     1.9049     0.0063          0     76.000 337.448762  1022.5161      4.472      0.011  0.000e+00
      4.518    28.2423   5.683060    35.2402     1.9128     0.0131          0     76.250 337.448764  1022.5152      4.494      0.031  0.000e+00
      4.529    28.2433   5.683281    35.2410     1.8983     0.0299          0     76.500 337.448767  1022.5155      4.504      0.044  0.000e+00
      4.518    28.2446   5.683342    35.2405     1.9005     0.0360          0     76.750 337.448770  1022.5147      4.493      0.046  0.000e+00
      4.508    28.2456   5.683502    35.2408     1.8957     0.0315          0     77.000 337.448773  1022.5145      4.483      0.041  0.000e+00
      4.518    28.2467   5.683502    35.2400     1.8983     0.0391          0     77.250 337.448776  1022.5136      4.494      0.032  0.000e+00
      4.508    28.2478   5.683661    35.2404     1.8914     0.0307          0     77.500 337.448779  1022.5134      4.483      0.014  0.000e+00
      4.518    28.2484   5.683372    35.2379     1.8912     0.0391          0     77.750 337.448782  1022.5114      4.494      0.006  0.000e+00
      4.475    28.2465   5.682755    35.2350     1.8990     0.0292          0     78.000 337.448785  1022.5097      4.451     -0.009  0.000e+00
      4.400    28.2442   5.682672    35.2362     1.9084     0.0315          0     78.250 337.448788  1022.5110      4.375     -0.042  0.000e+00
      4.270    28.2421   5.682672    35.2377     1.9167     0.0170          0     78.500 337.448791  1022.5123      4.246     -0.097  0.000e+00
      4.108    28.2419   5.682991    35.2402     1.9140     0.0185          0     78.750 337.448793  1022.5135      4.085     -0.175  0.000e+00
      3.956    28.2430   5.683182    35.2407     1.9103     0.0185          0     79.000 337.448796  1022.5129      3.935     -0.269  0.000e+00
      3.870    28.2438   5.682991    35.2389     1.9092     0.0238          0     79.250 337.448799  1022.5109      3.849     -0.352  0.000e+00
      3.762    28.2432   5.682770    35.2378     1.9283     0.0269          0     79.500 337.448802  1022.5098      3.741     -0.417  0.000e+00
      3.686    28.2421   5.682519    35.2368     1.9220     0.0261          0     79.750 337.448805  1022.5091      3.666     -0.456  0.000e+00
      3.589    28.2400   5.682199    35.2362     1.9208     0.0200          0     80.000 337.448808  1022.5090      3.569     -0.463  0.000e+00
      3.470    28.2371   5.681910    35.2364     1.9150     0.0200          0     80.250 337.448811  1022.5095      3.451     -0.453  0.000e+00
      3.340    28.2346   5.681628    35.2363     1.9297     0.0162          0     80.500 337.448814  1022.5097      3.322     -0.437  0.000e+00
      3.070    28.2325   5.681499    35.2370     1.9359     0.0200          0     80.750 337.448817  1022.5098      3.053     -0.465  0.000e+00
      2.800    28.2309   5.681400    35.2377     1.9511     0.0215          0     81.000 337.448819  1022.5097      2.784     -0.539  0.000e+00
      2.562    28.2298   5.681339    35.2381     1.9455     0.0200          0     81.250 337.448822  1022.5093      2.548     -0.640  0.000e+00
      2.432    28.2290   5.681369    35.2390     1.9607     0.0200          0     81.500 337.448825  1022.5097      2.419     -0.711  0.000e+00
      2.324    28.2286   5.681369    35.2393     1.9535     0.0200          0     81.750 337.448828  1022.5096      2.311     -0.752  0.000e+00
      2.183    28.2284   5.681369    35.2395     1.9454     0.0131          0     82.000 337.448831  1022.5092      2.171     -0.759  0.000e+00
      2.010    28.2285   5.681339    35.2392     1.9394     0.0238          0     82.250 337.448834  1022.5082      1.999     -0.745  0.000e+00
      1.924    28.2284   5.681369    35.2395     1.9259     0.0215          0     82.500 337.448837  1022.5081      1.913     -0.688  0.000e+00
      1.892    28.2286   5.681369    35.2394     1.9255     0.0253          0     82.750 337.448840  1022.5078      1.881     -0.580  0.000e+00
      1.805    28.2284   5.681399    35.2398     1.9208     0.0315          0     83.000 337.448843  1022.5078      1.795     -0.488  0.000e+00
