ctd_kilwa/cnv/SBE19plus_01906740_2018_11_26_0044.cnv
* Sea-Bird SBE19plus  Data File:
* FileName = C:\Users\all user\Desktop\Mapping WWF\SBE19plus_01906740_2018_11_26_0044.hex
* Software version 2.6.3.104
* Temperature SN = 6740
* Conductivity SN = 6740
* System UpLoad Time = Nov 26 2018 19:54:21
* <ApplicationData>
* <Seaterm232>
# nquan = 13
# nvalues = 408                                   
# units = specified
# name 0 = prdM: Pressure, Strain Gauge [db]
# name 1 = tv290C: Temperature [ITS-90, deg C]
# name 2 = c0S/m: Conductivity [S/m]
# name 3 = sal00: Salinity, Practical [PSU]
# name 4 = sbeox0ML/L: Oxygen, SBE 43 [ml/l]
# name 5 = flECO-AFL: Fluorescence, WET Labs ECO-AFL/FL [mg/m^3]
# name 6 = nbf: Bottles Fired
# name 7 = timeS: Time, Elapsed [seconds]
# name 8 = timeJ: Julian Days
# name 9 = density00: Density [density, kg/m^3]
# name 10 = depSM: Depth [salt water, m], lat = 0.00
# name 11 = dz/dtM: Descent Rate [m/s]
# name 12 = flag:  0.000e+00
# span 0 =     -1.007,      4.172                 
# span 1 =    28.2902,    30.4915                 
# span 2 =   0.007419,   5.703930                 
# span 3 =     0.0382,    35.2765                 
# span 4 =     2.2614,     4.6264                 
# span 5 =    -0.3447,     3.2931                 
# span 6 =          0,          0                 
# span 7 =      0.000,    101.750                 
# span 8 = 328.472697, 328.473874                 
# span 9 =   995.5381,  1022.5085                 
# span 10 =     -1.002,      4.149                
# span 11 =     -0.542,      0.394                
# span 12 = 0.0000e+00, 0.0000e+00                
# interval = seconds: 0.25
# start_time = Nov 24 2018 11:20:41 [Instrument's time stamp, header]
# bad_flag = -9.990e-29
*END*
     -1.007    30.4915   0.012270     0.0573     3.1041    -0.0242          0      0.000 328.472697   995.5381     -1.001 -4.211e-16  0.000e+00
     -0.996    30.4699   0.011544     0.0544     3.1077    -0.0265          0      0.250 328.472700   995.5425     -0.991      0.003  0.000e+00
     -1.007    30.4531   0.015068     0.0686     3.1055    -0.0227          0      0.500 328.472703   995.5583     -1.001      0.002  0.000e+00
     -0.996    30.4377   0.013893     0.0639     3.0931    -0.0181          0      0.750 328.472705   995.5595     -0.991      0.004  0.000e+00
     -1.007    30.4229   0.009096     0.0447     3.1151     0.7753          0      1.000 328.472708   995.5496     -1.002      0.003  0.000e+00
     -0.985    30.4058   0.008629     0.0429     3.1131     0.7875          0      1.250 328.472711   995.5536     -0.980      0.007  0.000e+00
     -0.996    30.3882   0.007419     0.0382     3.1312     0.7761          0      1.500 328.472714   995.5554     -0.991      0.007  0.000e+00
     -0.986    30.3715   0.009357     0.0458     3.1628     0.7807          0      1.750 328.472717   995.5662     -0.980      0.009  0.000e+00
     -0.975    30.3552   0.009366     0.0458     3.3577    -0.2974          0      2.000 328.472720   995.5713     -0.969      0.013  0.000e+00
     -0.877    30.3373   0.013801     0.0636     3.4216    -0.2859          0      2.250 328.472723   995.5905     -0.873      0.040  0.000e+00
     -0.748    30.3078   0.015912     0.0722     3.5950    -0.2989          0      2.500 328.472726   995.6065     -0.744      0.097  0.000e+00
     -0.683    30.0503   0.062473     0.2746     3.9742    -0.3065          0      2.750 328.472729   995.8368     -0.679      0.151  0.000e+00
     -0.607    29.6110   1.284039     6.6861     3.8922     0.2878          0      3.000 328.472731  1000.7485     -0.604      0.207  0.000e+00
     -0.564    29.2974   0.587702     2.9090     3.8266     0.2947          0      3.250 328.472734   998.0319     -0.561      0.246  0.000e+00
     -0.510    29.1101   1.900176    10.3292     3.5437     0.2848          0      3.500 328.472737  1003.6111     -0.507      0.276  0.000e+00
     -0.467    28.9862   1.200241     6.2963     3.4511     0.2878          0      3.750 328.472740  1000.6487     -0.464      0.282  0.000e+00
     -0.445    28.8996   1.913875    10.4555     3.2141     0.2893          0      4.000 328.472743  1003.7697     -0.443      0.263  0.000e+00
     -0.445    28.8397   1.914106    10.4698     3.0957     0.6555          0      4.250 328.472746  1003.7986     -0.443      0.211  0.000e+00
     -0.423    28.8070   2.117650    11.6956     2.9691     0.6601          0      4.500 328.472749  1004.7207     -0.421      0.162  0.000e+00
     -0.402    28.7793   2.192190    12.1522     2.8988     0.6571          0      4.750 328.472752  1005.0690     -0.400      0.132  0.000e+00
     -0.391    28.7510   4.291261    25.4616     2.7170     0.6510          0      5.000 328.472755  1014.9995     -0.389      0.103  0.000e+00
     -0.348    28.7152   4.123695    24.3774     2.8107    -0.3363          0      5.250 328.472758  1014.2011     -0.346      0.092  0.000e+00
     -0.315    28.6872   4.405510    26.2518     2.8089    -0.3317          0      5.500 328.472760  1015.6111     -0.314      0.086  0.000e+00
     -0.272    28.6638   4.898194    29.5624     2.7849    -0.3348          0      5.750 328.472763  1018.0963     -0.270      0.093  0.000e+00
     -0.196    28.6256   5.261394    32.0545     2.7342    -0.3409          0      6.000 328.472766  1019.9768     -0.195      0.119  0.000e+00
     -0.056    28.5778   5.384488    32.9310     2.8216    -0.3332          0      6.250 328.472769  1020.6507     -0.055      0.172  0.000e+00
      0.031    28.5173   5.414073    33.1765     2.8479    -0.3393          0      6.500 328.472772  1020.8552      0.031      0.221  0.000e+00
      0.053    28.4652   5.387301    33.0284     2.8484    -0.3401          0      6.750 328.472775  1020.7613      0.052      0.252  0.000e+00
      0.074    28.4315   5.434877    33.3801     2.8413    -0.3447          0      7.000 328.472778  1021.0365      0.074      0.265  0.000e+00
      0.085    28.4080   5.533765    34.0810     2.8184    -0.0120          0      7.250 328.472781  1021.5705      0.084      0.252  0.000e+00
      0.107    28.3927   5.566258    34.3174     2.7947    -0.0136          0      7.500 328.472784  1021.7533      0.106      0.227  0.000e+00
      0.107    28.3860   5.570227    34.3498     2.7981    -0.0189          0      7.750 328.472786  1021.7798      0.106      0.183  0.000e+00
      0.020    28.3842   5.566552    34.3257     2.8505    -0.0151          0      8.000 328.472789  1021.7619      0.020      0.102  0.000e+00
     -0.088    28.3849   5.598938    34.5501     2.8609    -0.0204          0      8.250 328.472792  1021.9298     -0.088     -0.001  0.000e+00
     -0.196    28.3825   5.605429    34.5970     2.9168     0.0231          0      8.500 328.472795  1021.9654     -0.195     -0.094  0.000e+00
     -0.239    28.3817   5.632800    34.7879     2.9144     0.0131          0      8.750 328.472798  1022.1089     -0.238     -0.161  0.000e+00
     -0.239    28.3800   5.641706    34.8511     2.8916     0.0276          0      9.000 328.472801  1022.1570     -0.238     -0.202  0.000e+00
     -0.261    28.3806   5.644894    34.8729     2.8615     0.0276          0      9.250 328.472804  1022.1731     -0.260     -0.222  0.000e+00
     -0.239    28.3827   5.652434    34.9239     2.8085     0.0147          0      9.500 328.472807  1022.2108     -0.238     -0.210  0.000e+00
     -0.218    28.3857   5.659263    34.9692     2.7620     0.0063          0      9.750 328.472810  1022.2439     -0.217     -0.164  0.000e+00
     -0.164    28.3895   5.660874    34.9776     2.7267     0.0086          0     10.000 328.472812  1022.2492     -0.163     -0.082  0.000e+00
     -0.110    28.3947   5.664591    34.9996     2.7141     0.0101          0     10.250 328.472815  1022.2643     -0.109      0.004  0.000e+00
     -0.056    28.3992   5.665754    35.0044     2.7087    -0.1005          0     10.500 328.472818  1022.2666     -0.055      0.076  0.000e+00
     -0.034    28.4028   5.674090    35.0597     2.7283    -0.1059          0     10.750 328.472821  1022.3071     -0.034      0.117  0.000e+00
     -0.034    28.4062   5.676349    35.0730     2.7563    -0.1036          0     11.000 328.472824  1022.3160     -0.034      0.132  0.000e+00
     -0.034    28.4077   5.678191    35.0846     2.7722    -0.1013          0     11.250 328.472827  1022.3242     -0.034      0.133  0.000e+00
     -0.045    28.4074   5.679363    35.0930     2.7773     0.0726          0     11.500 328.472830  1022.3306     -0.045      0.111  0.000e+00
     -0.088    28.4067   5.680314    35.1002     2.7959     0.0673          0     11.750 328.472833  1022.3360     -0.088      0.070  0.000e+00
     -0.121    28.4058   5.681083    35.1062     2.8242     0.0650          0     12.000 328.472836  1022.3407     -0.120      0.017  0.000e+00
     -0.142    28.4052   5.681304    35.1082     2.7928     0.0719          0     12.250 328.472839  1022.3423     -0.141     -0.030  0.000e+00
     -0.153    28.4049   5.680695    35.1042     2.7639     0.0643          0     12.500 328.472841  1022.3394     -0.152     -0.063  0.000e+00
     -0.164    28.4053   5.681365    35.1086     2.7355    -0.0395          0     12.750 328.472844  1022.3425     -0.163     -0.078  0.000e+00
     -0.131    28.4064   5.682598    35.1164     2.7094    -0.0372          0     13.000 328.472847  1022.3481     -0.130     -0.070  0.000e+00
     -0.120    28.4086   5.683405    35.1203     2.6881    -0.0387          0     13.250 328.472850  1022.3504     -0.120     -0.053  0.000e+00
     -0.099    28.4106   5.683686    35.1208     2.6705    -0.0471          0     13.500 328.472853  1022.3502     -0.098     -0.024  0.000e+00
     -0.066    28.4114   5.684798    35.1280     2.6589    -0.0586          0     13.750 328.472856  1022.3554     -0.066      0.014  0.000e+00
     -0.066    28.4115   5.686039    35.1365     2.6520    -0.0647          0     14.000 328.472859  1022.3618     -0.066      0.040  0.000e+00
     -0.066    28.4113   5.687379    35.1460     2.6634    -0.0708          0     14.250 328.472862  1022.3690     -0.066      0.053  0.000e+00
     -0.045    28.4114   5.688781    35.1557     2.6666    -0.0616          0     14.500 328.472865  1022.3764     -0.045      0.061  0.000e+00
     -0.066    28.4124   5.690692    35.1683     2.6635     0.0406          0     14.750 328.472867  1022.3854     -0.066      0.053  0.000e+00
     -0.045    28.4125   5.689961    35.1630     2.6661     0.0505          0     15.000 328.472870  1022.3815     -0.045      0.041  0.000e+00
     -0.077    28.4129   5.684988    35.1281     2.6612     0.0452          0     15.250 328.472873  1022.3550     -0.077      0.024  0.000e+00
     -0.077    28.4122   5.684798    35.1274     2.6466     0.0521          0     15.500 328.472876  1022.3547     -0.077      0.006  0.000e+00
     -0.088    28.4112   5.688141    35.1514     2.6278     0.0109          0     15.750 328.472879  1022.3730     -0.087     -0.009  0.000e+00
     -0.110    28.4104   5.691485    35.1753     2.6199     0.0124          0     16.000 328.472882  1022.3911     -0.109     -0.021  0.000e+00
     -0.099    28.4094   5.692886    35.1858     2.6068     0.0101          0     16.250 328.472885  1022.3994     -0.098     -0.027  0.000e+00
     -0.088    28.4083   5.693686    35.1921     2.5962     0.0131          0     16.500 328.472888  1022.4046     -0.087     -0.027  0.000e+00
     -0.088    28.4073   5.695157    35.2031     2.5842     0.0154          0     16.750 328.472891  1022.4132     -0.087     -0.019  0.000e+00
     -0.088    28.4073   5.696209    35.2104     2.5767    -0.0242          0     17.000 328.472894  1022.4187     -0.087     -0.016  0.000e+00
     -0.110    28.4072   5.695157    35.2032     2.5668    -0.0365          0     17.250 328.472896  1022.4132     -0.109     -0.009  0.000e+00
     -0.142    28.4069   5.692574    35.1854     2.5619    -0.0319          0     17.500 328.472899  1022.3998     -0.141     -0.018  0.000e+00
     -0.142    28.4062   5.691393    35.1778     2.5564    -0.0311          0     17.750 328.472902  1022.3943     -0.141     -0.022  0.000e+00
     -0.120    28.4048   5.693336    35.1923     2.5466     0.0459          0     18.000 328.472905  1022.4058     -0.120     -0.020  0.000e+00
     -0.099    28.4036   5.695980    35.2116     2.5353     0.0482          0     18.250 328.472908  1022.4208     -0.098     -0.017  0.000e+00
     -0.110    28.4021   5.697390    35.2226     2.5276     0.0498          0     18.500 328.472911  1022.4294     -0.109     -0.014  0.000e+00
     -0.088    28.4012   5.697771    35.2259     2.5206     0.0498          0     18.750 328.472914  1022.4323     -0.087     -0.001  0.000e+00
     -0.088    28.3995   5.697702    35.2267     2.5081     0.1108          0     19.000 328.472917  1022.4335     -0.087      0.012  0.000e+00
     -0.077    28.3967   5.697862    35.2299     2.4948     0.1238          0     19.250 328.472920  1022.4368     -0.077      0.027  0.000e+00
     -0.066    28.3943   5.698343    35.2350     2.4905     0.1154          0     19.500 328.472922  1022.4416     -0.066      0.038  0.000e+00
     -0.066    28.3925   5.699364    35.2435     2.4858     0.1169          0     19.750 328.472925  1022.4485     -0.066      0.035  0.000e+00
     -0.088    28.3910   5.698853    35.2410     2.4815    -0.0372          0     20.000 328.472928  1022.4470     -0.087      0.022  0.000e+00
     -0.088    28.3899   5.697230    35.2306     2.4784    -0.0403          0     20.250 328.472931  1022.4396     -0.087      0.012  0.000e+00
     -0.110    28.3886   5.694898    35.2153     2.4677    -0.0365          0     20.500 328.472934  1022.4284     -0.109      0.001  0.000e+00
     -0.099    28.3873   5.694738    35.2151     2.4644    -0.0365          0     20.750 328.472937  1022.4287     -0.098     -0.010  0.000e+00
     -0.077    28.3863   5.694959    35.2174     2.4565    -0.0403          0     21.000 328.472940  1022.4309     -0.077     -0.009  0.000e+00
     -0.077    28.3856   5.696300    35.2272     2.4526     0.1116          0     21.250 328.472943  1022.4385     -0.077     -0.008  0.000e+00
     -0.045    28.3854   5.698008    35.2393     2.4506     0.1047          0     21.500 328.472946  1022.4478     -0.044      0.004  0.000e+00
     -0.056    28.3854   5.698632    35.2436     2.4455     0.1123          0     21.750 328.472948  1022.4510     -0.055      0.015  0.000e+00
     -0.056    28.3854   5.697352    35.2347     2.4442     0.1047          0     22.000 328.472951  1022.4443     -0.055      0.025  0.000e+00
     -0.077    28.3852   5.696811    35.2311     2.4398    -0.0113          0     22.250 328.472954  1022.4415     -0.077      0.022  0.000e+00
     -0.077    28.3845   5.696880    35.2321     2.4461    -0.0166          0     22.500 328.472957  1022.4425     -0.077      0.017  0.000e+00
     -0.056    28.3844   5.697451    35.2362     2.4434    -0.0212          0     22.750 328.472960  1022.4458     -0.055      0.011  0.000e+00
     -0.077    28.3845   5.698023    35.2400     2.4403    -0.0159          0     23.000 328.472963  1022.4485     -0.077     -0.001  0.000e+00
     -0.088    28.3845   5.698632    35.2443     2.4375    -0.0097          0     23.250 328.472966  1022.4516     -0.088     -0.011  0.000e+00
     -0.099    28.3845   5.698556    35.2438     2.4334    -0.0029          0     23.500 328.472969  1022.4512     -0.098     -0.022  0.000e+00
     -0.066    28.3844   5.698533    35.2437     2.4329    -0.0044          0     23.750 328.472972  1022.4513     -0.066     -0.013  0.000e+00
     -0.077    28.3847   5.698793    35.2453     2.4279    -0.0067          0     24.000 328.472975  1022.4523     -0.077     -0.009  0.000e+00
     -0.077    28.3848   5.699395    35.2494     2.4272    -0.0067          0     24.250 328.472977  1022.4554     -0.077     -0.003  0.000e+00
     -0.088    28.3853   5.700355    35.2557     2.4277    -0.0014          0     24.500 328.472980  1022.4600     -0.087     -0.006  0.000e+00
     -0.088    28.3861   5.700454    35.2558     2.4231    -0.0067          0     24.750 328.472983  1022.4598     -0.087     -0.008  0.000e+00
     -0.120    28.3863   5.698312    35.2408     2.4197    -0.0044          0     25.000 328.472986  1022.4483     -0.120     -0.011  0.000e+00
     -0.088    28.3863   5.696239    35.2263     2.4135     0.0078          0     25.250 328.472989  1022.4375     -0.087     -0.008  0.000e+00
     -0.099    28.3863   5.695272    35.2196     2.4093     0.0551          0     25.500 328.472992  1022.4324     -0.098     -0.011  0.000e+00
     -0.088    28.3863   5.695439    35.2207     2.4045     0.0574          0     25.750 328.472995  1022.4333     -0.087     -0.014  0.000e+00
     -0.110    28.3863   5.696209    35.2261     2.4005     0.0398          0     26.000 328.472998  1022.4373     -0.109     -0.012  0.000e+00
     -0.099    28.3866   5.696651    35.2290     2.3950     0.0490          0     26.250 328.473001  1022.4394     -0.098     -0.009  0.000e+00
     -0.110    28.3867   5.696841    35.2302     2.3931     0.0688          0     26.500 328.473003  1022.4402     -0.109     -0.006  0.000e+00
     -0.110    28.3865   5.697322    35.2337     2.3910     0.0704          0     26.750 328.473006  1022.4429     -0.109     -0.006  0.000e+00
     -0.077    28.3863   5.697832    35.2374     2.3867     0.0635          0     27.000 328.473009  1022.4459     -0.077      0.005  0.000e+00
     -0.088    28.3859   5.698129    35.2398     2.3867     0.0673          0     27.250 328.473012  1022.4478     -0.088      0.001  0.000e+00
     -0.099    28.3856   5.696651    35.2297     2.3826     0.0620          0     27.500 328.473015  1022.4403     -0.098      0.004  0.000e+00
