ctd_kilwa/cnv/SBE19plus_01906740_2018_11_26_0065.cnv
* Sea-Bird SBE19plus  Data File:
* FileName = C:\Users\all user\Desktop\Mapping WWF\SBE19plus_01906740_2018_11_26_0065.hex
* Software version 2.6.3.104
* Temperature SN = 6740
* Conductivity SN = 6740
* System UpLoad Time = Nov 26 2018 19:59:18
* <ApplicationData>
* <Seaterm232>
# nquan = 13
# nvalues = 741                                   
# units = specified
# name 0 = prdM: Pressure, Strain Gauge [db]
# name 1 = tv290C: Temperature [ITS-90, deg C]
# name 2 = c0S/m: Conductivity [S/m]
# name 3 = sal00: Salinity, Practical [PSU]
# name 4 = sbeox0ML/L: Oxygen, SBE 43 [ml/l]
# name 5 = flECO-AFL: Fluorescence, WET Labs ECO-AFL/FL [mg/m^3]
# name 6 = nbf: Bottles Fired
# name 7 = timeS: Time, Elapsed [seconds]
# name 8 = timeJ: Julian Days
# name 9 = density00: Density [density, kg/m^3]
# name 10 = depSM: Depth [salt water, m], lat = 0.00
# name 11 = dz/dtM: Descent Rate [m/s]
# name 12 = flag:  0.000e+00
# span 0 =     -1.020,     12.097                 
# span 1 =    28.3508,    29.2306                 
# span 2 =   0.409949,   5.897660                 
# span 3 =     2.0085,    36.1716                 
# span 4 =     2.1840,     3.7931                 
# span 5 =    -0.4385,    48.6856                 
# span 6 =          0,          0                 
# span 7 =      0.000,    185.000                 
# span 8 = 329.570833, 329.572975                 
# span 9 =   997.5415,  1022.9456                 
# span 10 =     -1.015,     12.030                
# span 11 =     -0.993,      0.351                
# span 12 = 0.0000e+00, 0.0000e+00                
# interval = seconds: 0.25
# start_time = Nov 25 2018 13:42:00 [Instrument's time stamp, header]
# bad_flag = -9.990e-29
*END*
[from data line 445]
     11.753    28.3698   5.679020    35.1150     2.8322     0.9592          0    111.250 329.572121  1022.4100     11.688     -0.041  0.000e+00
     11.731    28.3693   5.683092    35.1438     2.8387     2.6606          0    111.500 329.572124  1022.4317     11.666     -0.048  0.000e+00
     11.709    28.3688   5.683884    35.1497     2.8452     2.6583          0    111.750 329.572127  1022.4362     11.645     -0.051  0.000e+00
     11.731    28.3683   5.682673    35.1416     2.8552     2.6575          0    112.000 329.572130  1022.4304     11.666     -0.042  0.000e+00
     11.763    28.3681   5.682179    35.1384     2.8552     2.6560          0    112.250 329.572133  1022.4282     11.698     -0.022  0.000e+00
     11.828    28.3681   5.683374    35.1467     2.8640     1.4612          0    112.500 329.572135  1022.4347     11.763      0.011  0.000e+00
     11.817    28.3679   5.683724    35.1493     2.8595     1.4620          0    112.750 329.572138  1022.4367     11.752      0.035  0.000e+00
     11.828    28.3680   5.684013    35.1512     2.8620     1.4658          0    113.000 329.572141  1022.4382     11.763      0.055  0.000e+00
     11.828    28.3678   5.681981    35.1372     2.8529     1.4635          0    113.250 329.572144  1022.4277     11.763      0.060  0.000e+00
     11.850    28.3673   5.681562    35.1346     2.8483     1.4658          0    113.500 329.572147  1022.4260     11.784      0.072  0.000e+00
     11.850    28.3667   5.678639    35.1147     2.8504     1.0530          0    113.750 329.572150  1022.4112     11.784      0.070  0.000e+00
     11.850    28.3661   5.679279    35.1196     2.8669     1.0492          0    114.000 329.572153  1022.4151     11.784      0.053  0.000e+00
     11.839    28.3654   5.681052    35.1324     2.8571     1.0462          0    114.250 329.572156  1022.4250     11.774      0.030  0.000e+00
     11.828    28.3648   5.681882    35.1387     2.8496     1.0492          0    114.500 329.572159  1022.4298     11.763      0.009  0.000e+00
     11.807    28.3641   5.682818    35.1457     2.8406     0.6563          0    114.750 329.572161  1022.4352     11.741     -0.001  0.000e+00
     11.807    28.3634   5.683374    35.1501     2.8408     0.6655          0    115.000 329.572164  1022.4387     11.741     -0.014  0.000e+00
     11.817    28.3627   5.683823    35.1538     2.8327     0.6655          0    115.250 329.572167  1022.4418     11.752     -0.019  0.000e+00
     11.828    28.3622   5.684143    35.1564     2.8315     0.6563          0    115.500 329.572170  1022.4440     11.763     -0.020  0.000e+00
     11.839    28.3619   5.684044    35.1559     2.8197     3.1512          0    115.750 329.572173  1022.4438     11.774     -0.012  0.000e+00
     11.828    28.3618   5.683914    35.1551     2.8064     3.1527          0    116.000 329.572176  1022.4431     11.763     -0.005  0.000e+00
     11.817    28.3612   5.684074    35.1567     2.8133     3.1512          0    116.250 329.572179  1022.4444     11.752     -0.000  0.000e+00
     11.839    28.3609   5.683854    35.1553     2.8120     3.1534          0    116.500 329.572182  1022.4436     11.774      0.009  0.000e+00
     11.796    28.3614   5.683153    35.1501     2.8234     3.1489          0    116.750 329.572185  1022.4394     11.731      0.004  0.000e+00
     11.796    28.3620   5.682643    35.1461     2.8225     2.2013          0    117.000 329.572187  1022.4362     11.730     -0.007  0.000e+00
     11.806    28.3628   5.683031    35.1482     2.8263     2.2059          0    117.250 329.572190  1022.4375     11.741     -0.015  0.000e+00
     11.796    28.3631   5.682932    35.1472     2.8153     2.2143          0    117.500 329.572193  1022.4366     11.730     -0.021  0.000e+00
     11.785    28.3631   5.682042    35.1410     2.8111     2.2104          0    117.750 329.572196  1022.4319     11.720     -0.025  0.000e+00
     11.774    28.3630   5.681402    35.1367     2.8132     0.9729          0    118.000 329.572199  1022.4287     11.709     -0.026  0.000e+00
     11.785    28.3630   5.681691    35.1387     2.8070     0.9722          0    118.250 329.572202  1022.4302     11.720     -0.023  0.000e+00
     11.763    28.3631   5.682232    35.1424     2.8136     0.9752          0    118.500 329.572205  1022.4328     11.698     -0.027  0.000e+00
     11.785    28.3634   5.682103    35.1412     2.8032     0.9645          0    118.750 329.572208  1022.4320     11.720     -0.014  0.000e+00
     11.774    28.3639   5.682392    35.1429     2.8032     0.8699          0    119.000 329.572211  1022.4330     11.709     -0.014  0.000e+00
     11.785    28.3645   5.682613    35.1440     2.8008     0.8715          0    119.250 329.572214  1022.4337     11.720     -0.011  0.000e+00
     11.795    28.3649   5.683153    35.1475     2.8042     0.8676          0    119.500 329.572216  1022.4362     11.730     -0.000  0.000e+00
     11.849    28.3651   5.683123    35.1471     2.8172     0.8661          0    119.750 329.572219  1022.4361     11.784      0.022  0.000e+00
     11.893    28.3646   5.683374    35.1492     2.8038     0.4907          0    120.000 329.572222  1022.4380     11.827      0.049  0.000e+00
     11.860    28.3638   5.683663    35.1518     2.7883     0.4885          0    120.250 329.572225  1022.4401     11.795      0.056  0.000e+00
     11.882    28.3628   5.683062    35.1484     2.7889     0.4953          0    120.500 329.572228  1022.4380     11.816      0.067  0.000e+00
     11.871    28.3621   5.680702    35.1325     2.7714     0.4953          0    120.750 329.572231  1022.4262     11.806      0.061  0.000e+00
     11.871    28.3620   5.674546    35.0896     2.7595     0.4907          0    121.000 329.572234  1022.3941     11.806      0.055  0.000e+00
     11.849    28.3617   5.671024    35.0653     2.7601     0.6754          0    121.250 329.572237  1022.3758     11.784      0.035  0.000e+00
     11.871    28.3608   5.673367    35.0823     2.7579     0.6739          0    121.500 329.572240  1022.3889     11.806      0.018  0.000e+00
     11.860    28.3595   5.675687    35.0994     2.7567     0.6830          0    121.750 329.572242  1022.4022     11.795     -0.004  0.000e+00
     11.849    28.3582   5.676319    35.1048     2.7536     0.6815          0    122.000 329.572245  1022.4066     11.784     -0.014  0.000e+00
     11.817    28.3571   5.670164    35.0628     2.7604     0.9577          0    122.250 329.572248  1022.3752     11.752     -0.020  0.000e+00
     11.741    28.3562   5.665283    35.0294     2.7613     0.9706          0    122.500 329.572251  1022.3501     11.676     -0.051  0.000e+00
     11.741    28.3562   5.665663    35.0321     2.7710     0.9607          0    122.750 329.572254  1022.3521     11.676     -0.066  0.000e+00
     11.763    28.3562   5.664712    35.0254     2.7582     0.9546          0    123.000 329.572257  1022.3472     11.698     -0.071  0.000e+00
     11.838    28.3563   5.664241    35.0221     2.7700     0.6822          0    123.250 329.572260  1022.3450     11.773     -0.048  0.000e+00
     11.860    28.3566   5.662941    35.0128     2.7780     0.6914          0    123.500 329.572263  1022.3380     11.795     -0.024  0.000e+00
     11.871    28.3572   5.661102    34.9995     2.7737     0.6800          0    123.750 329.572266  1022.3279     11.805      0.009  0.000e+00
     11.838    28.3578   5.661451    35.0015     2.7750     0.6929          0    124.000 329.572269  1022.3291     11.773      0.030  0.000e+00
     11.860    28.3580   5.663222    35.0136     2.7709     0.1398          0    124.250 329.572271  1022.3382     11.795      0.055  0.000e+00
     11.860    28.3582   5.664872    35.0250     2.7747     0.1383          0    124.500 329.572274  1022.3466     11.795      0.068  0.000e+00
     11.849    28.3582   5.665252    35.0276     2.7665     0.1367          0    124.750 329.572277  1022.3486     11.784      0.050  0.000e+00
     11.914    28.3578   5.666172    35.0343     2.7659     0.1421          0    125.000 329.572280  1022.3540     11.848      0.042  0.000e+00
     11.925    28.3576   5.665914    35.0327     2.7782     0.1344          0    125.250 329.572283  1022.3530     11.859      0.032  0.000e+00
     11.957    28.3576   5.663983    35.0193     2.7986     0.1222          0    125.500 329.572286  1022.3430     11.891      0.046  0.000e+00
     11.914    28.3570   5.660190    34.9933     2.7842     0.1261          0    125.750 329.572289  1022.3235     11.848      0.048  0.000e+00
     11.871    28.3568   5.652760    34.9417     2.7788     0.1238          0    126.000 329.572292  1022.2846     11.805      0.037  0.000e+00
     11.838    28.3567   5.651560    34.9334     2.7874     0.1230          0    126.250 329.572295  1022.2783     11.773      0.008  0.000e+00
     11.828    28.3567   5.656072    34.9649     2.7806     0.1764          0    126.500 329.572297  1022.3018     11.762     -0.017  0.000e+00
     11.817    28.3565   5.660030    34.9926     2.7788     0.1665          0    126.750 329.572300  1022.3227     11.751     -0.043  0.000e+00
     11.806    28.3567   5.661360    35.0017     2.7715     0.1665          0    127.000 329.572303  1022.3294     11.741     -0.073  0.000e+00
     11.849    28.3571   5.661923    35.0053     2.7791     0.1604          0    127.250 329.572306  1022.3322     11.784     -0.066  0.000e+00
     11.946    28.3571   5.662310    35.0080     2.7728     0.1138          0    127.500 329.572309  1022.3346     11.880     -0.026  0.000e+00
     11.957    28.3572   5.662371    35.0083     2.7746     0.1169          0    127.750 329.572312  1022.3349     11.891      0.027  0.000e+00
     11.979    28.3573   5.662402    35.0085     2.7744     0.1245          0    128.000 329.572315  1022.3351     11.913      0.071  0.000e+00
     11.935    28.3577   5.662120    35.0062     2.7708     0.1245          0    128.250 329.572318  1022.3331     11.870      0.084  0.000e+00
     11.892    28.3578   5.662402    35.0081     2.7743     0.1192          0    128.500 329.572321  1022.3342     11.826      0.071  0.000e+00
     11.860    28.3578   5.662652    35.0098     2.7842     0.1177          0    128.750 329.572323  1022.3354     11.794      0.042  0.000e+00
     11.849    28.3582   5.661771    35.0034     2.7684     0.1261          0    129.000 329.572326  1022.3304     11.784      0.005  0.000e+00
     11.892    28.3583   5.662082    35.0055     2.7619     0.1200          0    129.250 329.572329  1022.3321     11.826     -0.027  0.000e+00
     11.925    28.3583   5.660502    34.9945     2.7526     0.1177          0    129.500 329.572332  1022.3239     11.859     -0.041  0.000e+00
     11.957    28.3585   5.655000    34.9560     2.7562     0.1360          0    129.750 329.572335  1022.2951     11.891     -0.020  0.000e+00
     11.946    28.3584   5.654529    34.9528     2.7423     0.1390          0    130.000 329.572338  1022.2927     11.880      0.002  0.000e+00
     11.892    28.3588   5.658222    34.9782     2.7488     0.1383          0    130.250 329.572341  1022.3114     11.826      0.017  0.000e+00
     11.892    28.3585   5.656520    34.9666     2.7568     0.1322          0    130.500 329.572344  1022.3028     11.826      0.024  0.000e+00
     11.914    28.3582   5.655221    34.9577     2.7558     0.1077          0    130.750 329.572347  1022.2963     11.848      0.024  0.000e+00
     11.903    28.3583   5.656991    34.9700     2.7589     0.1299          0    131.000 329.572350  1022.3055     11.837      0.010  0.000e+00
     11.935    28.3583   5.658351    34.9795     2.7610     0.1177          0    131.250 329.572352  1022.3127     11.869     -0.002  0.000e+00
     11.946    28.3584   5.658640    34.9814     2.7591     0.1108          0    131.500 329.572355  1022.3142     11.880     -0.003  0.000e+00
     11.914    28.3586   5.656520    34.9665     2.7540     0.1306          0    131.750 329.572358  1022.3028     11.848     -0.005  0.000e+00
     11.903    28.3593   5.653831    34.9473     2.7566     0.1276          0    132.000 329.572361  1022.2881     11.837      0.001  0.000e+00
     11.838    28.3602   5.652949    34.9405     2.7547     0.1322          0    132.250 329.572364  1022.2824     11.773     -0.009  0.000e+00
     11.795    28.3607   5.652349    34.9360     2.7634     0.1261          0    132.500 329.572367  1022.2787     11.730     -0.043  0.000e+00
     11.838    28.3609   5.652630    34.9378     2.7591     0.1039          0    132.750 329.572370  1022.2801     11.773     -0.058  0.000e+00
     11.935    28.3607   5.650170    34.9207     2.7607     0.1001          0    133.000 329.572373  1022.2678     11.869     -0.036  0.000e+00
     11.935    28.3604   5.644681    34.8827     2.7454     0.1047          0    133.250 329.572376  1022.2394     11.869     -0.020  0.000e+00
     12.043    28.3598   5.648211    34.9077     2.7515     0.1077          0    133.500 329.572378  1022.2588     11.977      0.035  0.000e+00
     12.065    28.3595   5.649881    34.9196     2.7408     0.1032          0    133.750 329.572381  1022.2679     11.998      0.091  0.000e+00
     12.043    28.3595   5.650451    34.9235     2.7215     0.7875          0    134.000 329.572384  1022.2708     11.977      0.122  0.000e+00
     12.022    28.3594   5.652570    34.9384     2.7107     0.7830          0    134.250 329.572387  1022.2819     11.955      0.136  0.000e+00
     11.968    28.3595   5.654750    34.9535     2.7193     0.7875          0    134.500 329.572390  1022.2930     11.902      0.106  0.000e+00
     11.946    28.3597   5.652630    34.9386     2.7232     0.7784          0    134.750 329.572393  1022.2816     11.880      0.047  0.000e+00
     11.978    28.3599   5.652570    34.9380     2.7251     5.0540          0    135.000 329.572396  1022.2812     11.912      0.001  0.000e+00
     11.978    28.3599   5.651370    34.9297     2.7294     5.0456          0    135.250 329.572399  1022.2750     11.912     -0.022  0.000e+00
     11.978    28.3599   5.652881    34.9402     2.7327     5.0585          0    135.500 329.572402  1022.2829     11.912     -0.048  0.000e+00
     11.989    28.3597   5.653990    34.9481     2.7365     5.0532          0    135.750 329.572405  1022.2889     11.923     -0.038  0.000e+00
     11.978    28.3595   5.654940    34.9548     2.7411     8.0012          0    136.000 329.572407  1022.2940     11.912     -0.020  0.000e+00
     11.924    28.3593   5.655821    34.9611     2.7588     8.0066          0    136.250 329.572410  1022.2986     11.858     -0.018  0.000e+00
     11.903    28.3592   5.654241    34.9502     2.7644     8.0066          0    136.500 329.572413  1022.2903     11.837     -0.021  0.000e+00
     11.914    28.3590   5.645652    34.8905     2.7735     8.0043          0    136.750 329.572416  1022.2456     11.848     -0.031  0.000e+00
     11.935    28.3592   5.638283    34.8391     2.7729     3.4663          0    137.000 329.572419  1022.2069     11.869     -0.039  0.000e+00
     11.935    28.3596   5.641182    34.8590     2.7600     3.4670          0    137.250 329.572422  1022.2217     11.869     -0.035  0.000e+00
     11.913    28.3605   5.645341    34.8873     2.7678     3.4624          0    137.500 329.572425  1022.2426     11.848     -0.035  0.000e+00
     11.946    28.3606   5.645812    34.8905     2.7711     3.4716          0    137.750 329.572428  1022.2451     11.880     -0.021  0.000e+00
     11.967    28.3615   5.648682    34.9098     2.7646     3.4716          0    138.000 329.572431  1022.2595     11.901      0.004  0.000e+00
     11.957    28.3621   5.648780    34.9101     2.7466     0.1001          0    138.250 329.572433  1022.2594     11.891      0.024  0.000e+00
     11.935    28.3625   5.650701    34.9231     2.7522     0.1085          0    138.500 329.572436  1022.2690     11.869      0.022  0.000e+00
