ctd_kilwa/cnv/SBE19plus_01906740_2018_11_26_0066.cnv
* Sea-Bird SBE19plus  Data File:
* FileName = C:\Users\all user\Desktop\Mapping WWF\SBE19plus_01906740_2018_11_26_0066.hex
* Software version 2.6.3.104
* Temperature SN = 6740
* Conductivity SN = 6740
* System UpLoad Time = Nov 26 2018 19:59:33
* <ApplicationData>
* <Seaterm232>
# nquan = 13
# nvalues = 663                                   
# units = specified
# name 0 = prdM: Pressure, Strain Gauge [db]
# name 1 = tv290C: Temperature [ITS-90, deg C]
# name 2 = c0S/m: Conductivity [S/m]
# name 3 = sal00: Salinity, Practical [PSU]
# name 4 = sbeox0ML/L: Oxygen, SBE 43 [ml/l]
# name 5 = flECO-AFL: Fluorescence, WET Labs ECO-AFL/FL [mg/m^3]
# name 6 = nbf: Bottles Fired
# name 7 = timeS: Time, Elapsed [seconds]
# name 8 = timeJ: Julian Days
# name 9 = density00: Density [density, kg/m^3]
# name 10 = depSM: Depth [salt water, m], lat = 0.00
# name 11 = dz/dtM: Descent Rate [m/s]
# name 12 = flag:  0.000e+00
# span 0 =     -1.058,      8.014                 
# span 1 =    28.6199,    30.0183                 
# span 2 =   0.302565,   5.776728                 
# span 3 =     1.4179,    35.4685                 
# span 4 =     1.9294,     4.4536                 
# span 5 =    -0.4408,     0.5380                 
# span 6 =          0,          0                 
# span 7 =      0.000,    165.500                 
# span 8 = 329.579954, 329.581869                 
# span 9 =   996.7051,  1022.4839                 
# span 10 =     -1.052,      7.970                
# span 11 =     -0.531,      0.578                
# span 12 = 0.0000e+00, 0.0000e+00                
# interval = seconds: 0.25
# start_time = Nov 25 2018 13:55:08 [Instrument's time stamp, header]
# bad_flag = -9.990e-29
*END*
[from data line 556]
      3.311    28.6247   5.720706    35.2183     2.6113     0.0315          0    139.000 329.581563  1022.3672      3.292     -0.193  0.000e+00
      3.300    28.6248   5.720676    35.2181     2.5803     0.0688          0    139.250 329.581565  1022.3669      3.282     -0.091  0.000e+00
      3.203    28.6247   5.720607    35.2177     2.5381     0.0719          0    139.500 329.581568  1022.3663      3.185     -0.065  0.000e+00
      2.965    28.6241   5.720515    35.2176     2.4945     0.0673          0    139.750 329.581571  1022.3654      2.948     -0.127  0.000e+00
      2.824    28.6236   5.720424    35.2174     2.4691     0.0734          0    140.000 329.581574  1022.3648      2.808     -0.216  0.000e+00
      2.737    28.6235   5.720477    35.2179     2.4342     0.0505          0    140.250 329.581577  1022.3648      2.722     -0.293  0.000e+00
      2.716    28.6236   5.720576    35.2185     2.4207     0.0414          0    140.500 329.581580  1022.3652      2.701     -0.350  0.000e+00
      2.716    28.6235   5.720546    35.2184     2.4812     0.0421          0    140.750 329.581583  1022.3651      2.701     -0.375  0.000e+00
      2.694    28.6235   5.720546    35.2184     2.5040     0.0429          0    141.000 329.581586  1022.3650      2.679     -0.361  0.000e+00
      2.716    28.6232   5.720523    35.2184     2.5406     0.0437          0    141.250 329.581589  1022.3652      2.701     -0.298  0.000e+00
      2.672    28.6231   5.720446    35.2180     2.5337     0.0482          0    141.500 329.581591  1022.3648      2.658     -0.210  0.000e+00
      2.510    28.6227   5.720416    35.2181     2.4221     0.0391          0    141.750 329.581594  1022.3643      2.496     -0.156  0.000e+00
      2.251    28.6226   5.720385    35.2180     2.4260     0.0444          0    142.000 329.581597  1022.3632      2.238     -0.204  0.000e+00
      2.099    28.6225   5.720385    35.2182     2.4620     0.0360          0    142.250 329.581600  1022.3626      2.088     -0.292  0.000e+00
      2.067    28.6226   5.720446    35.2185     2.4283     0.0299          0    142.500 329.581603  1022.3627      2.055     -0.369  0.000e+00
      2.056    28.6231   5.720492    35.2185     2.4244     0.0345          0    142.750 329.581606  1022.3625      2.045     -0.412  0.000e+00
      2.023    28.6233   5.720545    35.2187     2.4459     0.0315          0    143.000 329.581609  1022.3625      2.012     -0.419  0.000e+00
      1.991    28.6237   5.720576    35.2186     2.4983     0.0307          0    143.250 329.581612  1022.3621      1.980     -0.396  0.000e+00
      1.969    28.6240   5.720576    35.2184     2.5082     0.0383          0    143.500 329.581615  1022.3618      1.959     -0.324  0.000e+00
      1.883    28.6243   5.720545    35.2180     2.5509     0.0307          0    143.750 329.581617  1022.3610      1.873     -0.241  0.000e+00
      1.634    28.6242   5.720514    35.2179     2.5062     0.0398          0    144.000 329.581620  1022.3599      1.625     -0.225  0.000e+00
      1.505    28.6241   5.720522    35.2181     2.5959     0.0284          0    144.250 329.581623  1022.3595      1.497     -0.272  0.000e+00
      1.440    28.6244   5.720545    35.2181     2.6105     0.0505          0    144.500 329.581626  1022.3591      1.432     -0.336  0.000e+00
      1.429    28.6243   5.720545    35.2181     2.5830     0.0490          0    144.750 329.581629  1022.3592      1.421     -0.371  0.000e+00
      1.397    28.6241   5.720545    35.2183     2.6043     0.0444          0    145.000 329.581632  1022.3592      1.389     -0.375  0.000e+00
      1.408    28.6241   5.720476    35.2178     2.5798     0.0459          0    145.250 329.581635  1022.3589      1.400     -0.344  0.000e+00
      1.408    28.6241   5.720476    35.2178     2.5810     0.0345          0    145.500 329.581638  1022.3589      1.400     -0.282  0.000e+00
      1.397    28.6242   5.720522    35.2181     2.5703     0.0330          0    145.750 329.581641  1022.3590      1.389     -0.191  0.000e+00
      1.332    28.6242   5.720545    35.2182     2.5644     0.0299          0    146.000 329.581644  1022.3589      1.325     -0.108  0.000e+00
      1.105    28.6243   5.720606    35.2187     2.4441     0.0284          0    146.250 329.581646  1022.3582      1.099     -0.132  0.000e+00
      0.910    28.6246   5.720636    35.2186     2.4201     0.0292          0    146.500 329.581649  1022.3572      0.905     -0.216  0.000e+00
      0.856    28.6251   5.720636    35.2183     2.4218     0.0261          0    146.750 329.581652  1022.3565      0.851     -0.296  0.000e+00
      0.899    28.6252   5.720674    35.2185     2.4014     0.0391          0    147.000 329.581655  1022.3568      0.894     -0.329  0.000e+00
      0.921    28.6259   5.720766    35.2186     2.3789     0.0238          0    147.250 329.581658  1022.3568      0.916     -0.332  0.000e+00
      0.943    28.6263   5.720797    35.2185     2.4043     0.0315          0    147.500 329.581661  1022.3567      0.937     -0.293  0.000e+00
      0.889    28.6268   5.720835    35.2184     2.4443     0.0467          0    147.750 329.581664  1022.3562      0.884     -0.239  0.000e+00
      0.899    28.6269   5.720835    35.2183     2.4803     0.0406          0    148.000 329.581667  1022.3562      0.894     -0.150  0.000e+00
      0.889    28.6272   5.720797    35.2178     2.4937     0.0452          0    148.250 329.581670  1022.3556      0.884     -0.053  0.000e+00
      0.726    28.6274   5.720827    35.2180     2.5501     0.0429          0    148.500 329.581672  1022.3550      0.722     -0.045  0.000e+00
      0.499    28.6278   5.720896    35.2182     2.5227     0.0070          0    148.750 329.581675  1022.3541      0.496     -0.137  0.000e+00
      0.305    28.6280   5.720926    35.2183     2.5612     0.0109          0    149.000 329.581678  1022.3532      0.303     -0.272  0.000e+00
      0.240    28.6283   5.720956    35.2183     2.5476     0.0055          0    149.250 329.581681  1022.3529      0.238     -0.373  0.000e+00
      0.218    28.6286   5.720995    35.2184     2.5448     0.0131          0    149.500 329.581684  1022.3527      0.217     -0.428  0.000e+00
      0.197    28.6288   5.720995    35.2183     2.5330     0.0238          0    149.750 329.581687  1022.3525      0.196     -0.435  0.000e+00
      0.175    28.6290   5.720918    35.2176     2.5362     0.0177          0    150.000 329.581690  1022.3518      0.174     -0.417  0.000e+00
      0.164    28.6288   5.720865    35.2174     2.5550     0.0162          0    150.250 329.581693  1022.3517      0.163     -0.350  0.000e+00
      0.175    28.6286   5.720865    35.2175     2.5476     0.0215          0    150.500 329.581696  1022.3519      0.174     -0.234  0.000e+00
      0.099    28.6287   5.720956    35.2181     2.5579     0.0223          0    150.750 329.581698  1022.3520      0.099     -0.146  0.000e+00
     -0.117    28.6291   5.720994    35.2181     2.4900     0.0116          0    151.000 329.581701  1022.3509     -0.116     -0.148  0.000e+00
     -0.322    28.6294   5.721025    35.2182     2.5727     0.0223          0    151.250 329.581704  1022.3500     -0.321     -0.230  0.000e+00
     -0.387    28.6299   5.721101    35.2184     2.5922     0.0147          0    151.500 329.581707  1022.3497     -0.385     -0.309  0.000e+00
     -0.366    28.6310   5.721376    35.2194     2.5939     0.0170          0    151.750 329.581710  1022.3502     -0.364     -0.347  0.000e+00
     -0.366    28.6340   5.721987    35.2215     2.6365     0.0368          0    152.000 329.581713  1022.3508     -0.364     -0.353  0.000e+00
     -0.377    28.6377   5.722407    35.2216     2.7064     0.0459          0    152.250 329.581716  1022.3496     -0.375     -0.332  0.000e+00
     -0.387    28.6413   5.722758    35.2214     2.7213     0.0414          0    152.500 329.581719  1022.3482     -0.385     -0.281  0.000e+00
     -0.366    28.6446   5.723048    35.2210     2.7325     0.0444          0    152.750 329.581722  1022.3469     -0.364     -0.184  0.000e+00
     -0.387    28.6470   5.723109    35.2196     2.6144    -0.0212          0    153.000 329.581725  1022.3449     -0.385     -0.082  0.000e+00
     -0.485    28.6483   5.722849    35.2169     2.6841    -0.0181          0    153.250 329.581727  1022.3420     -0.482     -0.045  0.000e+00
     -0.614    28.6474   5.722529    35.2153     2.7063    -0.0189          0    153.500 329.581730  1022.3406     -0.611     -0.086  0.000e+00
     -0.668    28.6463   5.722406    35.2153     2.7293    -0.0128          0    153.750 329.581733  1022.3407     -0.665     -0.145  0.000e+00
     -0.701    28.6465   5.722689    35.2171     2.7496    -0.2753          0    154.000 329.581736  1022.3419     -0.697     -0.186  0.000e+00
     -0.679    28.6498   5.723697    35.2217     2.6888    -0.2745          0    154.250 329.581739  1022.3443     -0.676     -0.199  0.000e+00
     -0.593    28.6561   5.724621    35.2234     2.6883    -0.2852          0    154.500 329.581742  1022.3439     -0.590     -0.172  0.000e+00
     -0.517    28.6641   5.725484    35.2235     2.6652    -0.2882          0    154.750 329.581745  1022.3416     -0.514     -0.113  0.000e+00
     -0.496    28.6729   5.726476    35.2238     2.6784    -0.1944          0    155.000 329.581748  1022.3390     -0.493     -0.033  0.000e+00
     -0.442    28.6810   5.727278    35.2233     2.6626    -0.1898          0    155.250 329.581751  1022.3362     -0.439      0.063  0.000e+00
     -0.452    28.6876   5.727645    35.2210     2.6707    -0.1936          0    155.500 329.581753  1022.3322     -0.450      0.127  0.000e+00
     -0.431    28.6913   5.727538    35.2175     2.6580    -0.1875          0    155.750 329.581756  1022.3285     -0.428      0.151  0.000e+00
     -0.431    28.6930   5.727568    35.2164     2.6774    -0.1944          0    156.000 329.581759  1022.3271     -0.428      0.146  0.000e+00
     -0.442    28.6945   5.727729    35.2164     2.6704     0.0444          0    156.250 329.581762  1022.3265     -0.439      0.110  0.000e+00
     -0.442    28.6959   5.727828    35.2161     2.6699     0.0459          0    156.500 329.581765  1022.3258     -0.439      0.065  0.000e+00
     -0.463    28.6972   5.728050    35.2167     2.6707     0.0505          0    156.750 329.581768  1022.3257     -0.461      0.027  0.000e+00
     -0.485    28.6991   5.728355    35.2174     2.6374     0.0406          0    157.000 329.581771  1022.3256     -0.482     -0.001  0.000e+00
     -0.485    28.7009   5.728500    35.2171     2.6179    -0.0097          0    157.250 329.581774  1022.3247     -0.482     -0.023  0.000e+00
     -0.452    28.7022   5.728500    35.2161     2.6170    -0.0105          0    157.500 329.581777  1022.3237     -0.450     -0.020  0.000e+00
     -0.420    28.7030   5.728599    35.2162     2.6187    -0.0059          0    157.750 329.581780  1022.3237     -0.418     -0.010  0.000e+00
     -0.420    28.7038   5.728630    35.2158     2.6281    -0.0052          0    158.000 329.581782  1022.3231     -0.418      0.004  0.000e+00
     -0.398    28.7018   5.727897    35.2122     2.6228     0.0322          0    158.250 329.581785  1022.3211     -0.396      0.024  0.000e+00
     -0.388    28.6991   5.727438    35.2110     2.6441     0.0315          0    158.500 329.581788  1022.3212     -0.385      0.040  0.000e+00
     -0.377    28.6942   5.726736    35.2097     2.6317     0.0284          0    158.750 329.581791  1022.3219     -0.375      0.056  0.000e+00
     -0.366    28.6892   5.726385    35.2111     2.6503     0.0330          0    159.000 329.581794  1022.3246     -0.364      0.063  0.000e+00
     -0.366    28.6860   5.726514    35.2143     2.6565     0.0299          0    159.250 329.581797  1022.3281     -0.364      0.057  0.000e+00
     -0.398    28.6852   5.726904    35.2176     2.6379     0.0292          0    159.500 329.581800  1022.3307     -0.396      0.034  0.000e+00
     -0.420    28.6861   5.727156    35.2187     2.6123     0.0315          0    159.750 329.581803  1022.3311     -0.418      0.010  0.000e+00
     -0.420    28.6876   5.727377    35.2191     2.5800     0.0292          0    160.000 329.581806  1022.3310     -0.418     -0.005  0.000e+00
     -0.431    28.6898   5.727729    35.2200     2.5720     0.0345          0    160.250 329.581808  1022.3308     -0.428     -0.023  0.000e+00
     -0.463    28.6927   5.728088    35.2202     2.5424     0.0086          0    160.500 329.581811  1022.3299     -0.460     -0.042  0.000e+00
     -0.549    28.6956   5.728233    35.2191     2.5484     0.0063          0    160.750 329.581814  1022.3278     -0.546     -0.076  0.000e+00
     -0.776    28.6980   5.728408    35.2187     2.5932     0.0040          0    161.000 329.581817  1022.3256     -0.772     -0.156  0.000e+00
     -0.971    28.7001   5.728530    35.2180     2.5489     0.0070          0    161.250 329.581820  1022.3236     -0.966     -0.257  0.000e+00
     -1.047    28.7019   5.728599    35.2172     2.6839     0.2695          0    161.500 329.581823  1022.3221     -1.041     -0.339  0.000e+00
     -1.036    28.7036   5.728660    35.2164     2.7540     0.2649          0    161.750 329.581826  1022.3209     -1.030     -0.383  0.000e+00
     -1.036    28.7041   4.303046    25.5645     3.0049     0.2664          0    162.000 329.581829  1015.0887     -1.030     -0.391  0.000e+00
     -1.047    28.7020   1.900324    10.4175     3.4448     0.2657          0    162.250 329.581832  1003.7988     -1.041     -0.362  0.000e+00
     -1.025    28.6983   0.550056     2.7442     3.4660     0.1528          0    162.500 329.581834   998.0845     -1.019     -0.288  0.000e+00
     -1.025    28.6958   0.573180     2.8674     3.3842     0.1489          0    162.750 329.581837   998.1772     -1.019     -0.186  0.000e+00
     -1.036    28.6947   0.730257     3.7141     3.2724     0.1550          0    163.000 329.581840   998.8093     -1.030     -0.078  0.000e+00
     -1.025    28.6945   0.746882     3.8047     3.2450     0.1505          0    163.250 329.581843   998.8769     -1.020     -0.010  0.000e+00
     -1.014    28.6938   0.788492     4.0322     3.1972    -0.4408          0    163.500 329.581846   999.0468     -1.009      0.012  0.000e+00
     -1.036    28.6923   0.786884     4.0235     3.1289    -0.4332          0    163.750 329.581849   999.0407     -1.030      0.006  0.000e+00
     -1.014    28.6910   0.755980     3.8546     3.0743    -0.4332          0    164.000 329.581852   998.9152     -1.009      0.009  0.000e+00
     -1.004    28.6898   0.901025     4.6529     3.0499    -0.4393          0    164.250 329.581855   999.5108     -0.998      0.014  0.000e+00
     -1.036    28.6883   1.203913     6.3560     3.0494    -0.4317          0    164.500 329.581858  1000.7798     -1.030      0.003  0.000e+00
     -1.004    28.6868   1.220411     6.4502     3.0420     0.2275          0    164.750 329.581861  1000.8505     -0.998      0.009  0.000e+00
     -1.058    28.6859   1.000411     5.2070     3.3204     0.2275          0    165.000 329.581863   999.9246     -1.052     -0.002  0.000e+00
     -1.036    28.6850   1.162541     6.1211     3.3975     0.2237          0    165.250 329.581866  1000.6059     -1.030     -0.009  0.000e+00
     -1.036    28.6832   0.970240     5.0386     3.3657     0.2252          0    165.500 329.581869   999.8000     -1.030     -0.012  0.000e+00
