ctd_kilwa/cnv/SBE19plus_01906740_2018_11_26_0066.cnv
* Sea-Bird SBE19plus  Data File:
* FileName = C:\Users\all user\Desktop\Mapping WWF\SBE19plus_01906740_2018_11_26_0066.hex
* Software version 2.6.3.104
* Temperature SN = 6740
* Conductivity SN = 6740
* System UpLoad Time = Nov 26 2018 19:59:33
* <ApplicationData>
* <Seaterm232>
# nquan = 13
# nvalues = 663                                   
# units = specified
# name 0 = prdM: Pressure, Strain Gauge [db]
# name 1 = tv290C: Temperature [ITS-90, deg C]
# name 2 = c0S/m: Conductivity [S/m]
# name 3 = sal00: Salinity, Practical [PSU]
# name 4 = sbeox0ML/L: Oxygen, SBE 43 [ml/l]
# name 5 = flECO-AFL: Fluorescence, WET Labs ECO-AFL/FL [mg/m^3]
# name 6 = nbf: Bottles Fired
# name 7 = timeS: Time, Elapsed [seconds]
# name 8 = timeJ: Julian Days
# name 9 = density00: Density [density, kg/m^3]
# name 10 = depSM: Depth [salt water, m], lat = 0.00
# name 11 = dz/dtM: Descent Rate [m/s]
# name 12 = flag:  0.000e+00
# span 0 =     -1.058,      8.014                 
# span 1 =    28.6199,    30.0183                 
# span 2 =   0.302565,   5.776728                 
# span 3 =     1.4179,    35.4685                 
# span 4 =     1.9294,     4.4536                 
# span 5 =    -0.4408,     0.5380                 
# span 6 =          0,          0                 
# span 7 =      0.000,    165.500                 
# span 8 = 329.579954, 329.581869                 
# span 9 =   996.7051,  1022.4839                 
# span 10 =     -1.052,      7.970                
# span 11 =     -0.531,      0.578                
# span 12 = 0.0000e+00, 0.0000e+00                
# interval = seconds: 0.25
# start_time = Nov 25 2018 13:55:08 [Instrument's time stamp, header]
# bad_flag = -9.990e-29
*END*
     -1.037    29.9693   0.399465     1.9036     3.0934    -0.3660          0      0.000 329.579954   997.0773     -1.031      0.000  0.000e+00
     -1.015    29.9824   0.343986     1.6244     3.0670    -0.3630          0      0.250 329.579957   996.8651     -1.010      0.006  0.000e+00
     -1.026    29.9944   0.324659     1.5277     3.0733    -0.3592          0      0.500 329.579959   996.7893     -1.020      0.007  0.000e+00
     -1.037    30.0015   0.302565     1.4179     3.1313    -0.3569          0      0.750 329.579962   996.7051     -1.031      0.005  0.000e+00
     -0.972    30.0095   0.414651     1.9788     3.1213     0.5304          0      1.000 329.579965   997.1215     -0.967      0.020  0.000e+00
     -0.939    30.0183   0.505960     2.4442     3.5095     0.5380          0      1.250 329.579968   997.4660     -0.934      0.040  0.000e+00
     -0.853    30.0098   0.745394     3.6964     4.0970     0.5304          0      1.500 329.579971   998.4015     -0.848      0.076  0.000e+00
     -0.777    29.7474   0.638393     3.1487     4.4536     0.5327          0      1.750 329.579974   998.0740     -0.773      0.120  0.000e+00
     -0.723    29.3929   2.264560    12.4325     4.1615     0.4976          0      2.000 329.579977  1005.0869     -0.719      0.161  0.000e+00
     -0.669    29.1469   3.416992    19.6223     4.0936     0.4961          0      2.250 329.579980  1010.5148     -0.666      0.195  0.000e+00
     -0.626    29.0075   3.833093    22.3438     3.9601     0.4984          0      2.500 329.579983  1012.5884     -0.622      0.224  0.000e+00
     -0.550    28.9313   3.234327    18.5518     3.7822     0.4907          0      2.750 329.579986  1009.7859     -0.547      0.244  0.000e+00
     -0.507    28.8820   3.173895    18.1891     3.5100     0.2321          0      3.000 329.579988  1009.5313     -0.504      0.239  0.000e+00
     -0.464    28.8468   4.815815    28.8964     3.0228     0.2336          0      3.250 329.579991  1017.5371     -0.461      0.233  0.000e+00
     -0.345    28.8248   5.470360    33.3485     2.7750     0.2214          0      3.500 329.579994  1020.8813     -0.343      0.235  0.000e+00
     -0.291    28.8121   5.776728    35.4685     2.6690     0.2291          0      3.750 329.579997  1022.4775     -0.289      0.241  0.000e+00
     -0.258    28.8003   5.765892    35.4022     2.6342     0.2283          0      4.000 329.580000  1022.4317     -0.257      0.243  0.000e+00
     -0.215    28.7906   5.773348    35.4611     2.5411     0.0147          0      4.250 329.580003  1022.4794     -0.214      0.240  0.000e+00
     -0.172    28.7767   5.765517    35.4172     2.5623     0.0231          0      4.500 329.580006  1022.4512     -0.171      0.233  0.000e+00
     -0.150    28.7673   5.761006    35.3929     2.5983     0.0177          0      4.750 329.580009  1022.4362     -0.149      0.213  0.000e+00
     -0.128    28.7559   5.754958    35.3595     2.6231     0.0292          0      5.000 329.580012  1022.4149     -0.128      0.192  0.000e+00
     -0.128    28.7439   5.748499    35.3237     2.6136     0.0444          0      5.250 329.580014  1022.3920     -0.128      0.157  0.000e+00
     -0.118    28.7339   5.744636    35.3043     2.6326     0.0429          0      5.500 329.580017  1022.3809     -0.117      0.115  0.000e+00
     -0.139    28.7254   5.745753    35.3184     2.6200     0.0505          0      5.750 329.580020  1022.3942     -0.138      0.083  0.000e+00
     -0.172    28.7160   5.746625    35.3314     2.6518     0.0543          0      6.000 329.580023  1022.4070     -0.171      0.047  0.000e+00
     -0.204    28.7099   5.744789    35.3232     2.6565     0.0414          0      6.250 329.580026  1022.4027     -0.203      0.005  0.000e+00
     -0.204    28.7031   5.743306    35.3180     2.6669     0.0383          0      6.500 329.580029  1022.4010     -0.203     -0.026  0.000e+00
     -0.204    28.6963   5.743275    35.3228     2.6680     0.0482          0      6.750 329.580032  1022.4069     -0.203     -0.043  0.000e+00
     -0.193    28.6921   5.742212    35.3186     2.6794     0.0467          0      7.000 329.580035  1022.4052     -0.192     -0.048  0.000e+00
     -0.150    28.6909   5.739666    35.3018     2.6883     0.0231          0      7.250 329.580038  1022.3932     -0.149     -0.032  0.000e+00
     -0.128    28.6916   5.738703    35.2946     2.6962     0.0276          0      7.500 329.580041  1022.3876     -0.128     -0.008  0.000e+00
     -0.117    28.6921   5.737449    35.2856     2.7109     0.0116          0      7.750 329.580043  1022.3807     -0.117      0.022  0.000e+00
     -0.085    28.6880   5.735638    35.2760     2.6898     0.0093          0      8.000 329.580046  1022.3750     -0.085      0.054  0.000e+00
     -0.085    28.6811   5.735385    35.2793     2.6876     0.0154          0      8.250 329.580049  1022.3798     -0.085      0.071  0.000e+00
     -0.128    28.6738   5.736127    35.2900     2.6674     0.0231          0      8.500 329.580052  1022.3900     -0.128      0.061  0.000e+00
     -0.107    28.6681   5.738734    35.3122     2.6678     0.0170          0      8.750 329.580055  1022.4087     -0.106      0.050  0.000e+00
     -0.085    28.6658   5.741165    35.3309     2.6856     0.0223          0      9.000 329.580058  1022.4236     -0.084      0.040  0.000e+00
     -0.085    28.6647   5.736639    35.3003     2.6957     0.0261          0      9.250 329.580061  1022.4010     -0.084      0.025  0.000e+00
     -0.085    28.6631   5.734132    35.2841     2.7202     0.0261          0      9.500 329.580064  1022.3893     -0.084      0.017  0.000e+00
     -0.074    28.6646   5.734064    35.2825     2.7245     0.0147          0      9.750 329.580067  1022.3877     -0.074      0.015  0.000e+00
     -0.096    28.6639   5.734033    35.2828     2.7449     0.0276          0     10.000 329.580069  1022.3881     -0.095      0.007  0.000e+00
     -0.128    28.6611   5.733399    35.2804     2.7396     0.0246          0     10.250 329.580072  1022.3871     -0.127     -0.001  0.000e+00
     -0.117    28.6586   5.732780    35.2780     2.7435     0.0315          0     10.500 329.580075  1022.3861     -0.117     -0.002  0.000e+00
     -0.117    28.6568   5.732260    35.2757     2.8957     0.0231          0     10.750 329.580078  1022.3850     -0.117     -0.016  0.000e+00
     -0.096    28.6550   5.732360    35.2778     2.9417     0.0200          0     11.000 329.580081  1022.3873     -0.095     -0.017  0.000e+00
     -0.096    28.6527   5.732230    35.2786     2.8985     0.0231          0     11.250 329.580084  1022.3886     -0.095     -0.012  0.000e+00
     -0.074    28.6510   5.732069    35.2787     2.8367     0.0574          0     11.500 329.580087  1022.3894     -0.074     -0.001  0.000e+00
     -0.074    28.6510   5.732360    35.2807     2.8068     0.0566          0     11.750 329.580090  1022.3909     -0.074      0.010  0.000e+00
     -0.063    28.6515   5.732711    35.2828     2.7781     0.0612          0     12.000 329.580093  1022.3923     -0.063      0.027  0.000e+00
     -0.074    28.6501   5.732910    35.2852     2.7547     0.0620          0     12.250 329.580095  1022.3945     -0.073      0.033  0.000e+00
     -0.106    28.6479   5.732490    35.2839     2.6884     0.0528          0     12.500 329.580098  1022.3942     -0.106      0.017  0.000e+00
     -0.106    28.6463   5.732039    35.2820     2.6018     0.0246          0     12.750 329.580101  1022.3932     -0.106      0.004  0.000e+00
     -0.128    28.6451   5.732100    35.2833     2.5950     0.0215          0     13.000 329.580104  1022.3945     -0.127     -0.015  0.000e+00
     -0.117    28.6448   5.732199    35.2843     2.6201     0.0170          0     13.250 329.580107  1022.3954     -0.116     -0.024  0.000e+00
     -0.095    28.6449   5.733521    35.2934     2.6267     0.0192          0     13.500 329.580110  1022.4023     -0.095     -0.025  0.000e+00
     -0.085    28.6459   5.734094    35.2965     2.6187     0.0498          0     13.750 329.580113  1022.4044     -0.084     -0.017  0.000e+00
     -0.085    28.6478   5.733460    35.2907     2.6397     0.0429          0     14.000 329.580116  1022.3994     -0.084     -0.007  0.000e+00
     -0.052    28.6480   5.733483    35.2907     2.6203     0.0429          0     14.250 329.580119  1022.3995     -0.052      0.015  0.000e+00
     -0.041    28.6472   5.733812    35.2936     2.6269     0.0551          0     14.500 329.580122  1022.4019     -0.041      0.036  0.000e+00
     -0.031    28.6464   5.734706    35.3004     2.6361     0.0002          0     14.750 329.580124  1022.4074     -0.031      0.047  0.000e+00
     -0.031    28.6457   5.735027    35.3031     2.6279    -0.0067          0     15.000 329.580127  1022.4096     -0.031      0.053  0.000e+00
     -0.052    28.6456   5.736334    35.3123     2.6266    -0.0067          0     15.250 329.580130  1022.4165     -0.052      0.040  0.000e+00
     -0.052    28.6467   5.737962    35.3228     2.6196    -0.0014          0     15.500 329.580133  1022.4240     -0.052      0.027  0.000e+00
     -0.096    28.6493   5.737672    35.3189     2.6297     0.0200          0     15.750 329.580136  1022.4200     -0.095      0.004  0.000e+00
     -0.139    28.6512   5.738444    35.3228     2.6175     0.0231          0     16.000 329.580139  1022.4222     -0.138     -0.026  0.000e+00
     -0.171    28.6513   5.737205    35.3142     2.6002     0.0170          0     16.250 329.580142  1022.4155     -0.170     -0.061  0.000e+00
     -0.171    28.6503   5.735738    35.3047     2.5806     0.0215          0     16.500 329.580145  1022.4087     -0.170     -0.080  0.000e+00
     -0.171    28.6490   5.734385    35.2963     2.5295     0.0231          0     16.750 329.580148  1022.4028     -0.170     -0.087  0.000e+00
     -0.096    28.6491   5.733903    35.2928     2.5076     0.0391          0     17.000 329.580150  1022.4005     -0.095     -0.062  0.000e+00
     -0.041    28.6518   5.734255    35.2933     2.4942     0.0330          0     17.250 329.580153  1022.4002     -0.041     -0.018  0.000e+00
     -0.031    28.6562   5.735096    35.2958     2.4708     0.0330          0     17.500 329.580156  1022.4007     -0.031      0.022  0.000e+00
     -0.020    28.6604   5.735707    35.2969     2.4871     0.0360          0     17.750 329.580159  1022.4002     -0.020      0.064  0.000e+00
     -0.009    28.6634   5.736028    35.2970     2.5056     0.0276          0     18.000 329.580162  1022.3992     -0.009      0.092  0.000e+00
     -0.041    28.6655   5.736448    35.2983     2.5227     0.0360          0     18.250 329.580165  1022.3995     -0.041      0.092  0.000e+00
     -0.085    28.6676   5.736960    35.3003     2.5229     0.0398          0     18.500 329.580168  1022.4000     -0.084      0.062  0.000e+00
     -0.085    28.6687   5.737664    35.3044     2.4490     0.0383          0     18.750 329.580171  1022.4027     -0.084      0.027  0.000e+00
     -0.128    28.6680   5.737862    35.3063     2.4133     0.0154          0     19.000 329.580174  1022.4042     -0.127     -0.026  0.000e+00
     -0.139    28.6669   5.737602    35.3053     2.4144     0.0215          0     19.250 329.580177  1022.4038     -0.138     -0.059  0.000e+00
     -0.139    28.6662   5.736509    35.2983     2.3693     0.0162          0     19.500 329.580179  1022.3988     -0.138     -0.071  0.000e+00
     -0.106    28.6650   5.735967    35.2954     2.3517     0.0185          0     19.750 329.580182  1022.3971     -0.106     -0.065  0.000e+00
     -0.085    28.6646   5.736089    35.2965     2.3451     0.0070          0     20.000 329.580185  1022.3982     -0.084     -0.044  0.000e+00
     -0.095    28.6659   5.736318    35.2972     2.3605     0.0093          0     20.250 329.580188  1022.3982     -0.095     -0.018  0.000e+00
     -0.074    28.6679   5.736219    35.2949     2.3626     0.0086          0     20.500 329.580191  1022.3959     -0.073      0.009  0.000e+00
     -0.052    28.6692   5.735928    35.2919     2.3694     0.0047          0     20.750 329.580194  1022.3933     -0.052      0.029  0.000e+00
     -0.052    28.6701   5.735806    35.2904     2.3575     0.0086          0     21.000 329.580197  1022.3919     -0.052      0.047  0.000e+00
     -0.052    28.6702   5.736058    35.2921     2.3726     0.0521          0     21.250 329.580200  1022.3931     -0.052      0.048  0.000e+00
     -0.052    28.6707   5.737060    35.2987     2.3842     0.0620          0     21.500 329.580203  1022.3979     -0.052      0.041  0.000e+00
     -0.063    28.6727   5.737641    35.3012     2.3903     0.0521          0     21.750 329.580205  1022.3991     -0.063      0.025  0.000e+00
     -0.063    28.6759   5.737671    35.2991     2.3917     0.0597          0     22.000 329.580208  1022.3965     -0.063      0.015  0.000e+00
     -0.074    28.6774   5.738153    35.3013     2.3867     0.0070          0     22.250 329.580211  1022.3976     -0.073      0.006  0.000e+00
     -0.085    28.6770   5.737167    35.2948     2.3714     0.0086          0     22.500 329.580214  1022.3928     -0.084     -0.009  0.000e+00
     -0.096    28.6765   5.738313    35.3031     2.3804     0.0070          0     22.750 329.580217  1022.3992     -0.095     -0.022  0.000e+00
     -0.117    28.6787   5.739185    35.3075     2.3835     0.0025          0     23.000 329.580220  1022.4017     -0.117     -0.031  0.000e+00
     -0.128    28.6835   5.738153    35.2968     2.3964     0.0185          0     23.250 329.580223  1022.3919     -0.127     -0.039  0.000e+00
     -0.150    28.6842   5.737472    35.2916     2.3681     0.0170          0     23.500 329.580226  1022.3877     -0.149     -0.048  0.000e+00
     -0.106    28.6821   5.735775    35.2813     2.4187     0.0200          0     23.750 329.580229  1022.3808     -0.106     -0.038  0.000e+00
     -0.063    28.6804   5.737121    35.2919     2.4456     0.0177          0     24.000 329.580231  1022.3895     -0.063     -0.017  0.000e+00
     -0.052    28.6841   5.744560    35.3408     2.4612     0.0292          0     24.250 329.580234  1022.4251     -0.052      0.006  0.000e+00
     -0.042    28.6879   5.751920    35.3890     2.4718     0.0368          0     24.500 329.580237  1022.4601     -0.041      0.029  0.000e+00
     -0.085    28.6866   5.753857    35.4034     2.4943     0.0299          0     24.750 329.580240  1022.4712     -0.084      0.034  0.000e+00
     -0.074    28.6870   5.756352    35.4204     2.4570     0.0307          0     25.000 329.580243  1022.4839     -0.074      0.038  0.000e+00
     -0.074    28.7023   5.751729    35.3770     2.4138     0.0330          0     25.250 329.580246  1022.4462     -0.074      0.034  0.000e+00
     -0.052    28.7132   5.749180    35.3512     2.4103     0.0391          0     25.500 329.580249  1022.4232     -0.052      0.029  0.000e+00
     -0.063    28.7168   5.746931    35.3329     2.3780     0.0360          0     25.750 329.580252  1022.4083     -0.063      0.009  0.000e+00
     -0.052    28.7164   5.746044    35.3271     2.3655     0.0360          0     26.000 329.580255  1022.4041     -0.052      0.000  0.000e+00
     -0.052    28.7150   5.745340    35.3232     2.3617     0.0322          0     26.250 329.580258  1022.4016     -0.052      0.002  0.000e+00
     -0.074    28.7132   5.744690    35.3200     2.3809     0.0353          0     26.500 329.580260  1022.3998     -0.074      0.002  0.000e+00
     -0.063    28.7105   5.743856    35.3163     2.3966     0.0261          0     26.750 329.580263  1022.3979     -0.063      0.009  0.000e+00
     -0.042    28.7062   5.742465    35.3098     2.3825     0.0330          0     27.000 329.580266  1022.3945     -0.041      0.009  0.000e+00
     -0.052    28.7023   5.741562    35.3065     2.3600     0.0345          0     27.250 329.580269  1022.3933     -0.052      0.007  0.000e+00
     -0.042    28.7007   5.743466    35.3209     2.3479     0.0170          0     27.500 329.580272  1022.4047     -0.041      0.006  0.000e+00
