ctd_kilwa/cnv/SBE19plus_01906740_2018_11_26_0054.cnv
* Sea-Bird SBE19plus  Data File:
* FileName = C:\Users\all user\Desktop\Mapping WWF\SBE19plus_01906740_2018_11_26_0054.hex
* Software version 2.6.3.104
* Temperature SN = 6740
* Conductivity SN = 6740
* System UpLoad Time = Nov 26 2018 19:56:46
* <ApplicationData>
* <Seaterm232>
# nquan = 13
# nvalues = 449                                   
# units = specified
# name 0 = prdM: Pressure, Strain Gauge [db]
# name 1 = tv290C: Temperature [ITS-90, deg C]
# name 2 = c0S/m: Conductivity [S/m]
# name 3 = sal00: Salinity, Practical [PSU]
# name 4 = sbeox0ML/L: Oxygen, SBE 43 [ml/l]
# name 5 = flECO-AFL: Fluorescence, WET Labs ECO-AFL/FL [mg/m^3]
# name 6 = nbf: Bottles Fired
# name 7 = timeS: Time, Elapsed [seconds]
# name 8 = timeJ: Julian Days
# name 9 = density00: Density [density, kg/m^3]
# name 10 = depSM: Depth [salt water, m], lat = 0.00
# name 11 = dz/dtM: Descent Rate [m/s]
# name 12 = flag:  0.000e+00
# span 0 =     -1.069,     10.672                 
# span 1 =    29.2633,    29.5989                 
# span 2 =   0.041198,   5.873571                 
# span 3 =     0.1826,    35.6062                 
# span 4 =     1.9216,     3.9485                 
# span 5 =    -0.4324,    48.6803                 
# span 6 =          0,          0                 
# span 7 =      0.000,    112.000                 
# span 8 = 328.587257, 328.588553                 
# span 9 =   995.9578,  1022.4029                 
# span 10 =     -1.063,     10.614                
# span 11 =     -0.697,      0.796                
# span 12 = 0.0000e+00, 0.0000e+00                
# interval = seconds: 0.25
# start_time = Nov 24 2018 14:05:39 [Instrument's time stamp, header]
# bad_flag = -9.990e-29
*END*
[from data line 334]
      6.455    29.2706   5.831587    35.5041     2.3821     0.2291          0     83.500 328.588223  1022.3793      6.420     -0.524  0.000e+00
      6.337    29.2714   5.831710    35.5044     2.3688     0.2260          0     83.750 328.588226  1022.3788      6.302     -0.485  0.000e+00
      6.207    29.2725   5.831741    35.5039     2.3675     0.2199          0     84.000 328.588229  1022.3775      6.173     -0.460  0.000e+00
      6.066    29.2734   5.831872    35.5042     2.3701     0.2222          0     84.250 328.588232  1022.3768      6.033     -0.458  0.000e+00
      5.980    29.2749   5.832072    35.5044     2.3317     0.2153          0     84.500 328.588235  1022.3761      5.947     -0.456  0.000e+00
      5.937    29.2766   5.832264    35.5045     2.3302     0.2207          0     84.750 328.588238  1022.3754      5.904     -0.434  0.000e+00
      5.872    29.2780   5.832318    35.5038     2.3220     0.2268          0     85.000 328.588241  1022.3741      5.839     -0.412  0.000e+00
      5.753    29.2791   5.832434    35.5038     2.3234     0.2230          0     85.250 328.588244  1022.3733      5.721     -0.401  0.000e+00
      5.591    29.2799   5.832472    35.5035     2.3218     0.2237          0     85.500 328.588247  1022.3721      5.560     -0.401  0.000e+00
      5.493    29.2802   5.832403    35.5029     2.3179     0.2260          0     85.750 328.588249  1022.3711      5.463     -0.397  0.000e+00
      5.450    29.2804   5.832264    35.5018     2.3134     0.2374          0     86.000 328.588252  1022.3700      5.420     -0.381  0.000e+00
      5.407    29.2807   5.832156    35.5009     2.3164     0.2344          0     86.250 328.588255  1022.3691      5.377     -0.360  0.000e+00
      5.299    29.2814   5.832564    35.5032     2.3292     0.2405          0     86.500 328.588258  1022.3701      5.269     -0.361  0.000e+00
      5.136    29.2824   5.832757    35.5038     2.3270     0.2352          0     86.750 328.588261  1022.3695      5.108     -0.383  0.000e+00
      5.007    29.2836   5.832895    35.5039     2.3299     0.1894          0     87.000 328.588264  1022.3686      4.979     -0.399  0.000e+00
      4.920    29.2852   5.833087    35.5041     2.3243     0.1932          0     87.250 328.588267  1022.3678      4.893     -0.396  0.000e+00
      4.823    29.2875   5.833519    35.5053     2.3205     0.1810          0     87.500 328.588270  1022.3676      4.796     -0.396  0.000e+00
      4.791    29.2911   5.834173    35.5072     2.3227     0.1901          0     87.750 328.588273  1022.3677      4.764     -0.397  0.000e+00
      4.769    29.2960   5.834881    35.5084     2.3246     0.1917          0     88.000 328.588275  1022.3668      4.743     -0.383  0.000e+00
      4.661    29.3011   5.835489    35.5088     2.3189     0.1962          0     88.250 328.588278  1022.3650      4.635     -0.363  0.000e+00
      4.488    29.3059   5.835982    35.5087     2.3227     0.2062          0     88.500 328.588281  1022.3625      4.463     -0.352  0.000e+00
      4.401    29.3097   5.836175    35.5072     2.3135     0.2031          0     88.750 328.588284  1022.3597      4.377     -0.338  0.000e+00
      4.391    29.3124   5.836244    35.5058     2.3148     0.2008          0     89.000 328.588287  1022.3577      4.366     -0.321  0.000e+00
      4.337    29.3149   5.836490    35.5056     2.3201     0.1917          0     89.250 328.588290  1022.3565      4.313     -0.313  0.000e+00
      4.261    29.3176   5.836906    35.5064     2.3216     0.1901          0     89.500 328.588293  1022.3559      4.237     -0.309  0.000e+00
      4.239    29.3205   5.837199    35.5064     2.3107     0.1901          0     89.750 328.588296  1022.3548      4.216     -0.298  0.000e+00
      4.228    29.3222   5.837345    35.5061     2.3161     0.1924          0     90.000 328.588299  1022.3539      4.205     -0.263  0.000e+00
      4.164    29.3239   5.837499    35.5059     2.3199     0.1619          0     90.250 328.588302  1022.3529      4.141     -0.215  0.000e+00
      4.023    29.3257   5.837722    35.5061     2.3136     0.1703          0     90.500 328.588304  1022.3519      4.001     -0.200  0.000e+00
      3.839    29.3279   5.837992    35.5064     2.3421     0.1688          0     90.750 328.588307  1022.3506      3.818     -0.249  0.000e+00
      3.774    29.3305   5.838392    35.5072     2.3409     0.1634          0     91.000 328.588310  1022.3501      3.754     -0.300  0.000e+00
      3.666    29.3344   5.839108    35.5093     2.3392     0.1650          0     91.250 328.588313  1022.3499      3.646     -0.343  0.000e+00
      3.493    29.3389   5.839832    35.5110     2.3340     0.1718          0     91.500 328.588316  1022.3488      3.474     -0.401  0.000e+00
      3.407    29.3437   5.840479    35.5119     2.3244     0.1642          0     91.750 328.588319  1022.3475      3.388     -0.452  0.000e+00
      3.331    29.3483   5.840918    35.5115     2.3141     0.1657          0     92.000 328.588322  1022.3454      3.313     -0.473  0.000e+00
      3.255    29.3525   5.841365    35.5115     2.3180     0.1665          0     92.250 328.588325  1022.3436      3.238     -0.457  0.000e+00
      3.158    29.3564   5.841742    35.5112     2.3086     0.1573          0     92.500 328.588328  1022.3417      3.141     -0.424  0.000e+00
      3.072    29.3602   5.842135    35.5111     2.2945     0.1489          0     92.750 328.588330  1022.3399      3.055     -0.394  0.000e+00
      2.974    29.3660   5.842882    35.5120     2.3142     0.1520          0     93.000 328.588333  1022.3382      2.958     -0.387  0.000e+00
      2.866    29.3719   5.843552    35.5122     2.3269     0.1489          0     93.250 328.588336  1022.3360      2.851     -0.373  0.000e+00
      2.758    29.3774   5.844053    35.5116     2.3192     0.1344          0     93.500 328.588339  1022.3332      2.743     -0.364  0.000e+00
      2.693    29.3857   5.845432    35.5149     2.3402     0.1276          0     93.750 328.588342  1022.3326      2.679     -0.369  0.000e+00
      2.672    29.3984   5.847259    35.5181     2.3545     0.1329          0     94.000 328.588345  1022.3305      2.657     -0.355  0.000e+00
      2.596    29.4137   5.849224    35.5203     2.3671     0.1322          0     94.250 328.588348  1022.3267      2.582     -0.338  0.000e+00
      2.423    29.4264   5.850280    35.5181     2.3632     0.1550          0     94.500 328.588351  1022.3201      2.409     -0.343  0.000e+00
      2.250    29.4323   5.849763    35.5103     2.3547     0.1520          0     94.750 328.588354  1022.3114      2.238     -0.371  0.000e+00
      2.163    29.4365   5.849717    35.5069     2.3368     0.1543          0     95.000 328.588356  1022.3071      2.152     -0.391  0.000e+00
      2.055    29.4414   5.850526    35.5089     2.3243     0.1528          0     95.250 328.588359  1022.3065      2.044     -0.411  0.000e+00
      1.969    29.4476   5.851405    35.5103     2.3130     0.1406          0     95.500 328.588362  1022.3051      1.958     -0.429  0.000e+00
      1.926    29.4552   5.852584    35.5127     2.3026     0.1375          0     95.750 328.588365  1022.3042      1.915     -0.435  0.000e+00
      1.872    29.4634   5.853155    35.5106     2.2853     0.1421          0     96.000 328.588368  1022.2996      1.861     -0.421  0.000e+00
      1.731    29.4707   5.853779    35.5095     2.2791     0.1444          0     96.250 328.588371  1022.2957      1.722     -0.397  0.000e+00
      1.569    29.4771   5.854396    35.5090     2.2935     0.1375          0     96.500 328.588374  1022.2925      1.560     -0.379  0.000e+00
      1.407    29.4833   5.854905    35.5081     2.2920     0.1169          0     96.750 328.588377  1022.2890      1.399     -0.393  0.000e+00
      1.331    29.4887   5.855383    35.5074     2.3063     0.1138          0     97.000 328.588380  1022.2863      1.324     -0.418  0.000e+00
      1.212    29.4962   5.856424    35.5089     2.3016     0.1192          0     97.250 328.588383  1022.2844      1.205     -0.442  0.000e+00
      1.104    29.5062   5.857796    35.5110     2.3025     0.1238          0     97.500 328.588385  1022.2821      1.098     -0.467  0.000e+00
      1.071    29.5190   5.859432    35.5127     2.3028     0.0948          0     97.750 328.588388  1022.2789      1.065     -0.467  0.000e+00
      1.007    29.5317   5.860496    35.5106     2.2953     0.0963          0     98.000 328.588391  1022.2727      1.001     -0.438  0.000e+00
      0.877    29.5426   5.861182    35.5073     2.2928     0.0910          0     98.250 328.588394  1022.2661      0.872     -0.400  0.000e+00
      0.737    29.5493   5.861282    35.5031     2.2968     0.0917          0     98.500 328.588397  1022.2600      0.733     -0.381  0.000e+00
      0.693    29.5539   5.861483    35.5011     2.2816     0.0826          0     98.750 328.588400  1022.2567      0.689     -0.360  0.000e+00
      0.661    29.5579   5.861846    35.5006     2.2824     0.0788          0     99.000 328.588403  1022.2549      0.657     -0.344  0.000e+00
      0.596    29.5638   5.862594    35.5014     2.2855     0.0810          0     99.250 328.588406  1022.2532      0.593     -0.321  0.000e+00
      0.488    29.5706   5.863728    35.5042     2.2939     0.0833          0     99.500 328.588409  1022.2525      0.485     -0.318  0.000e+00
      0.498    29.5770   5.864222    35.5028     2.2939     0.1032          0     99.750 328.588411  1022.2494      0.496     -0.299  0.000e+00
      0.509    29.5822   5.864461    35.5006     2.3007     0.1032          0    100.000 328.588414  1022.2460      0.506     -0.248  0.000e+00
      0.498    29.5859   5.864631    35.4990     2.2936     0.1131          0    100.250 328.588417  1022.2435      0.496     -0.184  0.000e+00
      0.336    29.5887   5.864793    35.4981     2.2955     0.1032          0    100.500 328.588420  1022.2412      0.334     -0.172  0.000e+00
      0.152    29.5910   5.865109    35.4986     2.3091     0.1055          0    100.750 328.588423  1022.2400      0.152     -0.221  0.000e+00
      0.012    29.5931   5.865417    35.4992     2.3228     0.0948          0    101.000 328.588426  1022.2392      0.012     -0.282  0.000e+00
     -0.053    29.5942   5.865394    35.4983     2.3158     0.0894          0    101.250 328.588429  1022.2378     -0.053     -0.326  0.000e+00
     -0.139    29.5953   5.865549    35.4985     2.3195     0.0963          0    101.500 328.588432  1022.2372     -0.139     -0.367  0.000e+00
     -0.280    29.5962   5.865680    35.4988     2.3219     0.1001          0    101.750 328.588435  1022.2365     -0.278     -0.433  0.000e+00
     -0.269    29.5970   5.865780    35.4989     2.3250     0.0971          0    102.000 328.588438  1022.2364     -0.268     -0.440  0.000e+00
     -0.280    29.5976   5.865819    35.4987     2.3327     0.0978          0    102.250 328.588440  1022.2360     -0.279     -0.396  0.000e+00
     -0.388    29.5978   5.865842    35.4988     2.3362     0.0948          0    102.500 328.588443  1022.2355     -0.386     -0.332  0.000e+00
     -0.518    29.5978   5.865749    35.4982     2.3810     0.0932          0    102.750 328.588446  1022.2345     -0.515     -0.298  0.000e+00
     -0.583    29.5976   5.865942    35.4997     2.3917     0.1207          0    103.000 328.588449  1022.2354     -0.580     -0.285  0.000e+00
     -0.572    29.5976   5.866112    35.5008     2.3936     0.1184          0    103.250 328.588452  1022.2363     -0.569     -0.267  0.000e+00
     -0.561    29.5976   5.866096    35.5007     2.3884     0.1230          0    103.500 328.588455  1022.2363     -0.558     -0.229  0.000e+00
     -0.529    29.5976   5.866112    35.5008     2.3724     0.1161          0    103.750 328.588458  1022.2365     -0.526     -0.177  0.000e+00
     -0.475    29.5973   5.866096    35.5009     2.3578     0.1184          0    104.000 328.588461  1022.2369     -0.472     -0.131  0.000e+00
     -0.442    29.5975   5.866143    35.5011     2.3613     0.1207          0    104.250 328.588464  1022.2371     -0.440     -0.061  0.000e+00
     -0.442    29.5975   5.866158    35.5012     2.3515     0.1184          0    104.500 328.588466  1022.2372     -0.440      0.018  0.000e+00
     -0.442    29.5975   5.866181    35.5013     2.3412     0.1116          0    104.750 328.588469  1022.2373     -0.440      0.071  0.000e+00
     -0.475    29.5976   5.866282    35.5019     2.3392     0.1222          0    105.000 328.588472  1022.2376     -0.472      0.076  0.000e+00
     -0.475    29.5978   5.866289    35.5018     2.3427     0.1032          0    105.250 328.588475  1022.2375     -0.472      0.057  0.000e+00
     -0.421    29.5977   5.866343    35.5023     2.3317     0.1138          0    105.500 328.588478  1022.2380     -0.418      0.048  0.000e+00
     -0.399    29.5978   5.866351    35.5022     2.3392     0.1093          0    105.750 328.588481  1022.2381     -0.397      0.039  0.000e+00
     -0.366    29.5981   5.866413    35.5024     2.3281     0.1001          0    106.000 328.588484  1022.2383     -0.364      0.038  0.000e+00
     -0.366    29.5982   5.866451    35.5026     2.3347     0.0765          0    106.250 328.588487  1022.2384     -0.364      0.045  0.000e+00
     -0.410    29.5983   5.866513    35.5030     2.3492     0.0643          0    106.500 328.588490  1022.2384     -0.407      0.043  0.000e+00
     -0.507    29.5983   5.866482    35.5028     2.3638     0.0742          0    106.750 328.588492  1022.2379     -0.504      0.014  0.000e+00
     -0.593    29.5985   5.866343    35.5017     2.4434     0.0719          0    107.000 328.588495  1022.2366     -0.590     -0.034  0.000e+00
     -0.701    29.5984   5.866289    35.5015     2.5334     0.1749          0    107.250 328.588498  1022.2360     -0.698     -0.112  0.000e+00
     -0.842    29.5985   5.866474    35.5027     2.5392     0.1779          0    107.500 328.588501  1022.2363     -0.837     -0.213  0.000e+00
     -0.993    29.5985   5.866513    35.5030     2.5782     0.1779          0    107.750 328.588504  1022.2359     -0.988     -0.311  0.000e+00
     -1.037    29.5985   5.866513    35.5030     2.6224     0.1818          0    108.000 328.588507  1022.2357     -1.031     -0.375  0.000e+00
     -1.058    29.5989   5.866343    35.5016     2.6538    -0.1303          0    108.250 328.588510  1022.2344     -1.052     -0.391  0.000e+00
     -1.058    29.5977   3.650871    20.9153     2.8694    -0.1272          0    108.500 328.588513  1011.3321     -1.052     -0.362  0.000e+00
     -1.069    29.5907   1.104635     5.6868     3.1055    -0.1211          0    108.750 328.588516  1000.0095     -1.063     -0.303  0.000e+00
     -1.047    29.5833   0.611929     3.0196     3.1098    -0.1295          0    109.000 328.588519   998.0262     -1.042     -0.228  0.000e+00
     -1.048    29.5792   0.841473     4.2459     3.0596    -0.1272          0    109.250 328.588521   998.9409     -1.042     -0.145  0.000e+00
     -1.048    29.5767   0.926992     4.7109     3.0390    48.6803          0    109.500 328.588524   999.2877     -1.042     -0.068  0.000e+00
     -1.037    29.5741   0.942285     4.7946     2.9872    48.6734          0    109.750 328.588527   999.3509     -1.031     -0.012  0.000e+00
     -1.048    29.5715   1.139897     5.8849     2.8995    48.6749          0    110.000 328.588530  1000.1628     -1.042      0.004  0.000e+00
     -1.048    29.5687   0.988868     5.0504     2.8503    48.6780          0    110.250 328.588533   999.5428     -1.042      0.009  0.000e+00
     -1.037    29.5664   1.119932     5.7745     2.9005    -0.4301          0    110.500 328.588536  1000.0823     -1.031      0.011  0.000e+00
     -1.037    29.5636   0.990680     5.0609     2.8672    -0.4263          0    110.750 328.588539   999.5522     -1.031      0.011  0.000e+00
