ctd_kilwa/cnv/SBE19plus_01906740_2018_11_26_0051.cnv
* Sea-Bird SBE19plus  Data File:
* FileName = C:\Users\all user\Desktop\Mapping WWF\SBE19plus_01906740_2018_11_26_0051.hex
* Software version 2.6.3.104
* Temperature SN = 6740
* Conductivity SN = 6740
* System UpLoad Time = Nov 26 2018 19:56:06
* <ApplicationData>
* <Seaterm232>
# nquan = 13
# nvalues = 799                                   
# units = specified
# name 0 = prdM: Pressure, Strain Gauge [db]
# name 1 = tv290C: Temperature [ITS-90, deg C]
# name 2 = c0S/m: Conductivity [S/m]
# name 3 = sal00: Salinity, Practical [PSU]
# name 4 = sbeox0ML/L: Oxygen, SBE 43 [ml/l]
# name 5 = flECO-AFL: Fluorescence, WET Labs ECO-AFL/FL [mg/m^3]
# name 6 = nbf: Bottles Fired
# name 7 = timeS: Time, Elapsed [seconds]
# name 8 = timeJ: Julian Days
# name 9 = density00: Density [density, kg/m^3]
# name 10 = depSM: Depth [salt water, m], lat = 0.00
# name 11 = dz/dtM: Descent Rate [m/s]
# name 12 = flag:  0.000e+00
# span 0 =     -1.034,     16.524                 
# span 1 =    28.5716,    30.4681                 
# span 2 =   0.797075,   6.006255                 
# span 3 =     4.0255,    36.4742                 
# span 4 =     2.2599,     3.8359                 
# span 5 =    -0.0342,    48.6902                 
# span 6 =          0,          0                 
# span 7 =      0.000,    199.500                 
# span 8 = 328.559641, 328.561950                 
# span 9 =   998.8080,  1022.9744                 
# span 10 =     -1.029,     16.433                
# span 11 =     -0.761,      0.628                
# span 12 = 0.0000e+00, 0.0000e+00                
# interval = seconds: 0.25
# start_time = Nov 24 2018 13:25:53 [Instrument's time stamp, header]
# bad_flag = -9.990e-29
*END*
[from data line 112]
     -0.192    29.5520   5.880647    35.6338     2.3489     0.0315          0     28.000 328.559965  1022.3532     -0.191      0.013  0.000e+00
     -0.181    29.5335   5.900025    35.7801     2.3579     0.0330          0     28.250 328.559968  1022.4693     -0.180      0.066  0.000e+00
     -0.224    29.5164   5.909740    35.8593     2.3613     0.0330          0     28.500 328.559971  1022.5344     -0.223      0.094  0.000e+00
     -0.256    29.5017   5.914426    35.9024     2.3635     0.0345          0     28.750 328.559974  1022.5716     -0.255      0.090  0.000e+00
     -0.278    29.5128   5.910994    35.8706     2.3660     0.0376          0     29.000 328.559977  1022.5438     -0.276      0.059  0.000e+00
     -0.256    29.5564   5.890858    35.7003     2.3595     0.0292          0     29.250 328.559980  1022.4014     -0.255      0.021  0.000e+00
     -0.234    29.5714   5.878916    35.6075     2.3570     0.0360          0     29.500 328.559983  1022.3268     -0.233     -0.009  0.000e+00
     -0.191    29.5743   5.885593    35.6510     2.3497     0.0467          0     29.750 328.559986  1022.3585     -0.190     -0.011  0.000e+00
     -0.159    29.5755   5.901680    35.7601     2.3327     0.0444          0     30.000 328.559988  1022.4402     -0.158      0.005  0.000e+00
     -0.180    29.5703   5.910505    35.8244     2.3203     0.0505          0     30.250 328.559991  1022.4901     -0.179      0.025  0.000e+00
     -0.170    29.5567   5.915501    35.8687     2.3179     0.0513          0     30.500 328.559994  1022.5280     -0.169      0.050  0.000e+00
     -0.191    29.5432   5.919624    35.9070     2.3265     0.0009          0     30.750 328.559997  1022.5613     -0.190      0.054  0.000e+00
     -0.224    29.5457   5.924305    35.9372     2.3320    -0.0059          0     31.000 328.560000  1022.5829     -0.223      0.037  0.000e+00
     -0.289    29.5769   5.928165    35.9403     2.3341    -0.0075          0     31.250 328.560003  1022.5744     -0.287     -0.007  0.000e+00
     -0.321    29.6101   5.922660    35.8779     2.3379     0.0002          0     31.500 328.560006  1022.5162     -0.319     -0.052  0.000e+00
     -0.310    29.6409   5.898568    35.6903     2.3366     0.0231          0     31.750 328.560009  1022.3650     -0.308     -0.082  0.000e+00
     -0.256    29.6487   5.881008    35.5647     2.3402     0.0208          0     32.000 328.560012  1022.2682     -0.255     -0.078  0.000e+00
     -0.191    29.6400   5.881441    35.5740     2.3331     0.0253          0     32.250 328.560014  1022.2785     -0.190     -0.042  0.000e+00
     -0.170    29.6197   5.894886    35.6809     2.3271     0.0231          0     32.500 328.560017  1022.3657     -0.169     -0.006  0.000e+00
     -0.180    29.5993   5.907655    35.7833     2.3181     0.0093          0     32.750 328.560020  1022.4494     -0.179      0.031  0.000e+00
     -0.234    29.5819   5.917136    35.8611     2.3267     0.0063          0     33.000 328.560023  1022.5135     -0.233      0.047  0.000e+00
     -0.256    29.5676   5.920592    35.8954     2.3230     0.0131          0     33.250 328.560026  1022.5440     -0.255      0.049  0.000e+00
     -0.245    29.5572   5.916206    35.8732     2.3195     0.0116          0     33.500 328.560029  1022.5309     -0.244      0.035  0.000e+00
     -0.256    29.5620   5.900721    35.7636     2.3178     0.0116          0     33.750 328.560032  1022.4470     -0.255      0.004  0.000e+00
     -0.202    29.5716   5.886397    35.6585     2.3224     0.0345          0     34.000 328.560035  1022.3651     -0.201     -0.014  0.000e+00
     -0.159    29.5730   5.882107    35.6281     2.3216     0.0376          0     34.250 328.560038  1022.3420     -0.158     -0.009  0.000e+00
     -0.148    29.5670   5.890394    35.6892     2.3235     0.0307          0     34.500 328.560041  1022.3899     -0.147      0.014  0.000e+00
     -0.169    29.5611   5.903561    35.7837     2.3240     0.0376          0     34.750 328.560043  1022.4628     -0.169      0.036  0.000e+00
     -0.213    29.5490   5.911962    35.8502     2.3244     0.0398          0     35.000 328.560046  1022.5166     -0.212      0.043  0.000e+00
     -0.213    29.5349   5.912520    35.8645     2.3322     0.0292          0     35.250 328.560049  1022.5321     -0.212      0.033  0.000e+00
     -0.213    29.5236   5.898091    35.7742     2.3336     0.0376          0     35.500 328.560052  1022.4681     -0.211      0.015  0.000e+00
     -0.159    29.5151   5.885532    35.6945     2.3315     0.0360          0     35.750 328.560055  1022.4114     -0.158      0.012  0.000e+00
     -0.148    29.5101   5.887712    35.7132     2.3290     0.0131          0     36.000 328.560058  1022.4272     -0.147      0.003  0.000e+00
     -0.148    29.5052   5.896683    35.7782     2.3264     0.0093          0     36.250 328.560061  1022.4777     -0.147      0.004  0.000e+00
     -0.180    29.5001   5.902742    35.8235     2.3265     0.0131          0     36.500 328.560064  1022.5133     -0.179      0.008  0.000e+00
     -0.191    29.4959   5.907433    35.8588     2.3283     0.0101          0     36.750 328.560067  1022.5411     -0.190      0.014  0.000e+00
     -0.213    29.4926   5.912606    35.8967     2.3302     0.0292          0     37.000 328.560069  1022.5706     -0.211      0.009  0.000e+00
     -0.245    29.4900   5.910871    35.8868     2.3325     0.0261          0     37.250 328.560072  1022.5639     -0.244     -0.015  0.000e+00
     -0.202    29.4880   5.895051    35.7798     2.3350     0.0231          0     37.500 328.560075  1022.4844     -0.201     -0.026  0.000e+00
     -0.191    29.4854   5.890527    35.7508     2.3406     0.0215          0     37.750 328.560078  1022.4636     -0.190     -0.035  0.000e+00
     -0.169    29.4825   5.895353    35.7860     2.3440     0.0215          0     38.000 328.560081  1022.4911     -0.168     -0.021  0.000e+00
     -0.137    29.4808   5.899817    35.8179     2.3410     0.0360          0     38.250 328.560084  1022.5157     -0.136      0.006  0.000e+00
     -0.158    29.4805   5.902494    35.8364     2.3378     0.0368          0     38.500 328.560087  1022.5297     -0.158      0.026  0.000e+00
     -0.180    29.4796   5.905211    35.8558     2.3240     0.0345          0     38.750 328.560090  1022.5444     -0.179      0.030  0.000e+00
     -0.234    29.4792   5.909671    35.8866     2.3261     0.0345          0     39.000 328.560093  1022.5675     -0.233      0.017  0.000e+00
     -0.267    29.4793   5.914891    35.9224     2.3224     0.0139          0     39.250 328.560095  1022.5941     -0.265     -0.010  0.000e+00
     -0.256    29.4792   5.905900    35.8608     2.3246     0.0147          0     39.500 328.560098  1022.5480     -0.255     -0.041  0.000e+00
     -0.245    29.4794   5.887713    35.7360     2.3319     0.0231          0     39.750 328.560101  1022.4543     -0.244     -0.054  0.000e+00
     -0.180    29.4751   5.881313    35.6954     2.3260     0.0269          0     40.000 328.560104  1022.4255     -0.179     -0.043  0.000e+00
     -0.169    29.4671   5.884157    35.7207     2.3324     0.0299          0     40.250 328.560107  1022.4473     -0.169     -0.023  0.000e+00
     -0.191    29.4643   5.885000    35.7286     2.3287     0.0284          0     40.500 328.560110  1022.4541     -0.190      0.002  0.000e+00
     -0.245    29.4655   5.884033    35.7211     2.3264     0.0345          0     40.750 328.560113  1022.4478     -0.244      0.009  0.000e+00
     -0.278    29.4645   5.885734    35.7335     2.3214     0.0322          0     41.000 328.560116  1022.4574     -0.276      0.006  0.000e+00
     -0.321    29.4630   5.889661    35.7616     2.3168     0.0086          0     41.250 328.560119  1022.4788     -0.319     -0.020  0.000e+00
     -0.353    29.4625   5.893489    35.7882     2.3181     0.0086          0     41.500 328.560122  1022.4988     -0.351     -0.059  0.000e+00
     -0.310    29.4625   5.880772    35.7011     2.3153     0.0109          0     41.750 328.560124  1022.4335     -0.308     -0.078  0.000e+00
     -0.223    29.4574   5.867967    35.6171     2.3113     0.0086          0     42.000 328.560127  1022.3726     -0.222     -0.066  0.000e+00
     -0.159    29.4486   5.864857    35.6023     2.3094     0.0162          0     42.250 328.560130  1022.3647     -0.158     -0.017  0.000e+00
     -0.104    29.4445   5.868037    35.6271     2.3309     0.0231          0     42.500 328.560133  1022.3849     -0.104      0.048  0.000e+00
     -0.115    29.4447   5.864957    35.6058     2.3282     0.0200          0     42.750 328.560136  1022.3689     -0.115      0.100  0.000e+00
     -0.202    29.4427   5.862372    35.5897     2.3173     0.0200          0     43.000 328.560139  1022.3571     -0.200      0.105  0.000e+00
     -0.266    29.4382   5.860659    35.5813     2.3180     0.0192          0     43.250 328.560142  1022.3520     -0.265      0.079  0.000e+00
     -0.277    29.4346   5.859564    35.5765     2.3133     0.0200          0     43.500 328.560145  1022.3496     -0.276      0.035  0.000e+00
     -0.223    29.4310   5.862789    35.6012     2.3227     0.0246          0     43.750 328.560148  1022.3696     -0.222     -0.008  0.000e+00
     -0.201    29.4288   5.865621    35.6223     2.3159     0.0208          0     44.000 328.560150  1022.3862     -0.200     -0.040  0.000e+00
     -0.147    29.4294   5.868300    35.6402     2.3288     0.0269          0     44.250 328.560153  1022.3997     -0.146     -0.036  0.000e+00
     -0.158    29.4309   5.873079    35.6718     2.3261     0.0109          0     44.500 328.560156  1022.4229     -0.157     -0.018  0.000e+00
     -0.126    29.4331   5.872214    35.6642     2.3343     0.0131          0     44.750 328.560159  1022.4165     -0.125      0.027  0.000e+00
     -0.126    29.4350   5.873944    35.6747     2.3440     0.0078          0     45.000 328.560162  1022.4238     -0.125      0.069  0.000e+00
     -0.136    29.4369   5.876825    35.6930     2.3529     0.0147          0     45.250 328.560165  1022.4369     -0.136      0.081  0.000e+00
     -0.158    29.4383   5.881190    35.7219     2.3696     0.0253          0     45.500 328.560168  1022.4579     -0.157      0.061  0.000e+00
     -0.190    29.4394   5.884467    35.7435     2.3752     0.0215          0     45.750 328.560171  1022.4737     -0.189      0.021  0.000e+00
     -0.277    29.4412   5.886909    35.7590     2.3934     0.0231          0     46.000 328.560174  1022.4843     -0.276     -0.030  0.000e+00
     -0.418    29.4423   5.885835    35.7508     2.3817     0.0185          0     46.250 328.560177  1022.4772     -0.415     -0.107  0.000e+00
     -0.450    29.4437   5.893953    35.8054     2.3810     0.0231          0     46.500 328.560179  1022.5176     -0.448     -0.160  0.000e+00
     -0.429    29.4451   5.892785    35.7963     2.3855     0.0292          0     46.750 328.560182  1022.5104     -0.426     -0.191  0.000e+00
     -0.386    29.4462   5.888765    35.7680     2.3707     0.0330          0     47.000 328.560185  1022.4890     -0.383     -0.182  0.000e+00
     -0.332    29.4470   5.890125    35.7767     2.3677     0.0360          0     47.250 328.560188  1022.4955     -0.330     -0.141  0.000e+00
     -0.288    29.4489   5.890365    35.7769     2.3704     0.0345          0     47.500 328.560191  1022.4951     -0.287     -0.078  0.000e+00
     -0.245    29.4511   5.891788    35.7850     2.3737    -0.0181          0     47.750 328.560194  1022.5007     -0.244     -0.001  0.000e+00
     -0.191    29.4530   5.893056    35.7923     2.3884    -0.0212          0     48.000 328.560197  1022.5057     -0.190      0.086  0.000e+00
     -0.137    29.4546   5.896955    35.8178     2.3940    -0.0181          0     48.250 328.560200  1022.5245     -0.136      0.158  0.000e+00
     -0.072    29.4556   5.898092    35.8248     2.4087    -0.0113          0     48.500 328.560203  1022.5297     -0.072      0.191  0.000e+00
      0.014    29.4571   5.901365    35.8461     2.3905     0.0330          0     48.750 328.560205  1022.5456      0.014      0.213  0.000e+00
      0.068    29.4585   5.901589    35.8466     2.3977     0.0330          0     49.000 328.560208  1022.5457      0.068      0.226  0.000e+00
      0.090    29.4599   5.902193    35.8497     2.4008     0.0376          0     49.250 328.560211  1022.5476      0.089      0.226  0.000e+00
      0.079    29.4619   5.901024    35.8402     2.3934     0.0337          0     49.500 328.560214  1022.5399      0.079      0.210  0.000e+00
      0.036    29.4637   5.900846    35.8376     2.3871     0.0559          0     49.750 328.560217  1022.5371      0.036      0.169  0.000e+00
      0.025    29.4660   5.904027    35.8577     2.3699     0.0589          0     50.000 328.560220  1022.5513      0.025      0.118  0.000e+00
      0.036    29.4677   5.905405    35.8659     2.3807     0.0620          0     50.250 328.560223  1022.5570      0.036      0.069  0.000e+00
      0.058    29.4689   5.906737    35.8741     2.3644     0.0635          0     50.500 328.560226  1022.5628      0.058      0.030  0.000e+00
      0.080    29.4694   5.906659    35.8732     2.3645     0.0566          0     50.750 328.560229  1022.5621      0.079      0.005  0.000e+00
      0.166    29.4700   5.896390    35.8023     2.3558     0.0414          0     51.000 328.560231  1022.5090      0.165      0.021  0.000e+00
      0.263    29.4709   5.881282    35.6981     2.3494     0.0505          0     51.250 328.560234  1022.4309      0.262      0.072  0.000e+00
      0.328    29.4691   5.881839    35.7033     2.3696     0.0429          0     51.500 328.560237  1022.4357      0.327      0.134  0.000e+00
      0.339    29.4682   5.884636    35.7231     2.4073     0.0459          0     51.750 328.560240  1022.4509      0.337      0.179  0.000e+00
      0.296    29.4673   5.882836    35.7115     2.3997     0.0330          0     52.000 328.560243  1022.4423      0.294      0.181  0.000e+00
      0.253    29.4648   5.889406    35.7583     2.3846     0.0330          0     52.250 328.560246  1022.4781      0.251      0.151  0.000e+00
      0.285    29.4630   5.896552    35.8087     2.3742     0.0345          0     52.500 328.560249  1022.5167      0.284      0.118  0.000e+00
      0.404    29.4619   5.899856    35.8321     2.3638     0.0345          0     52.750 328.560252  1022.5352      0.402      0.107  0.000e+00
      0.469    29.4621   5.900560    35.8368     2.3609     0.0200          0     53.000 328.560255  1022.5389      0.467      0.097  0.000e+00
      0.502    29.4629   5.900591    35.8364     2.3458     0.0231          0     53.250 328.560258  1022.5384      0.499      0.100  0.000e+00
      0.512    29.4644   5.900398    35.8339     2.3359     0.0192          0     53.500 328.560260  1022.5361      0.509      0.115  0.000e+00
      0.480    29.4663   5.899353    35.8253     2.3232     0.0154          0     53.750 328.560263  1022.5288      0.477      0.126  0.000e+00
      0.480    29.4685   5.901172    35.8362     2.3206     0.0376          0     54.000 328.560266  1022.5363      0.477      0.131  0.000e+00
      0.480    29.4709   5.904229    35.8553     2.3178     0.0345          0     54.250 328.560269  1022.5498      0.477      0.112  0.000e+00
      0.490    29.4729   5.906597    35.8701     2.3135     0.0406          0     54.500 328.560272  1022.5603      0.488      0.070  0.000e+00
      0.534    29.4742   5.907534    35.8755     2.3076     0.0360          0     54.750 328.560275  1022.5641      0.531      0.034  0.000e+00
      0.556    29.4748   5.908912    35.8845     2.3030     0.0360          0     55.000 328.560278  1022.5707      0.553      0.027  0.000e+00
      0.631    29.4749   5.910376    35.8944     2.3156     0.0475          0     55.250 328.560281  1022.5785      0.628      0.051  0.000e+00
