ctd_kilwa/cnv/SBE19plus_01906740_2018_11_26_0051.cnv
* Sea-Bird SBE19plus  Data File:
* FileName = C:\Users\all user\Desktop\Mapping WWF\SBE19plus_01906740_2018_11_26_0051.hex
* Software version 2.6.3.104
* Temperature SN = 6740
* Conductivity SN = 6740
* System UpLoad Time = Nov 26 2018 19:56:06
* <ApplicationData>
* <Seaterm232>
# nquan = 13
# nvalues = 799                                   
# units = specified
# name 0 = prdM: Pressure, Strain Gauge [db]
# name 1 = tv290C: Temperature [ITS-90, deg C]
# name 2 = c0S/m: Conductivity [S/m]
# name 3 = sal00: Salinity, Practical [PSU]
# name 4 = sbeox0ML/L: Oxygen, SBE 43 [ml/l]
# name 5 = flECO-AFL: Fluorescence, WET Labs ECO-AFL/FL [mg/m^3]
# name 6 = nbf: Bottles Fired
# name 7 = timeS: Time, Elapsed [seconds]
# name 8 = timeJ: Julian Days
# name 9 = density00: Density [density, kg/m^3]
# name 10 = depSM: Depth [salt water, m], lat = 0.00
# name 11 = dz/dtM: Descent Rate [m/s]
# name 12 = flag:  0.000e+00
# span 0 =     -1.034,     16.524                 
# span 1 =    28.5716,    30.4681                 
# span 2 =   0.797075,   6.006255                 
# span 3 =     4.0255,    36.4742                 
# span 4 =     2.2599,     3.8359                 
# span 5 =    -0.0342,    48.6902                 
# span 6 =          0,          0                 
# span 7 =      0.000,    199.500                 
# span 8 = 328.559641, 328.561950                 
# span 9 =   998.8080,  1022.9744                 
# span 10 =     -1.029,     16.433                
# span 11 =     -0.761,      0.628                
# span 12 = 0.0000e+00, 0.0000e+00                
# interval = seconds: 0.25
# start_time = Nov 24 2018 13:25:53 [Instrument's time stamp, header]
# bad_flag = -9.990e-29
*END*
[from data line 556]
     15.843    28.6030   5.725593    35.2647     2.7043     0.1596          0    139.000 328.561250  1022.4629     15.755     -0.175  0.000e+00
     15.746    28.6031   5.725624    35.2649     2.6977     0.1535          0    139.250 328.561253  1022.4626     15.659     -0.350  0.000e+00
     15.746    28.6033   5.725708    35.2653     2.6985     0.1482          0    139.500 328.561256  1022.4629     15.658     -0.460  0.000e+00
     15.756    28.6038   5.725715    35.2650     2.7013     0.1535          0    139.750 328.561259  1022.4625     15.669     -0.487  0.000e+00
     15.681    28.6041   5.725685    35.2646     2.7132     0.1558          0    140.000 328.561262  1022.4618     15.594     -0.470  0.000e+00
     15.519    28.6038   5.725623    35.2645     2.7180     0.1535          0    140.250 328.561264  1022.4611     15.433     -0.437  0.000e+00
     15.270    28.6036   5.725593    35.2645     2.7153     0.1512          0    140.500 328.561267  1022.4601     15.186     -0.421  0.000e+00
     15.032    28.6033   5.725524    35.2643     2.7145     0.1474          0    140.750 328.561270  1022.4590     14.949     -0.432  0.000e+00
     14.805    28.6032   5.725554    35.2646     2.7222     0.1520          0    141.000 328.561273  1022.4583     14.723     -0.499  0.000e+00
     14.773    28.6031   5.725554    35.2647     2.7227     0.1459          0    141.250 328.561276  1022.4583     14.691     -0.572  0.000e+00
     14.783    28.6035   5.725554    35.2644     2.7183     0.1497          0    141.500 328.561279  1022.4580     14.702     -0.603  0.000e+00
     14.816    28.6038   5.725623    35.2647     2.7108     0.1573          0    141.750 328.561282  1022.4582     14.734     -0.561  0.000e+00
     14.697    28.6032   5.725524    35.2644     2.7122     0.1520          0    142.000 328.561285  1022.4577     14.616     -0.485  0.000e+00
     14.470    28.6023   5.725310    35.2637     2.7069     0.1467          0    142.250 328.561288  1022.4565     14.390     -0.425  0.000e+00
     14.254    28.6011   5.725142    35.2635     2.7142     0.1520          0    142.500 328.561291  1022.4558     14.175     -0.395  0.000e+00
     14.027    28.6004   5.725111    35.2638     2.7152     0.1528          0    142.750 328.561293  1022.4553     13.949     -0.424  0.000e+00
     13.919    28.6000   5.725172    35.2646     2.7188     0.1558          0    143.000 328.561296  1022.4556     13.842     -0.479  0.000e+00
     13.897    28.6004   5.725203    35.2645     2.7270     0.1505          0    143.250 328.561299  1022.4553     13.820     -0.541  0.000e+00
     13.919    28.6005   5.725203    35.2644     2.7264     0.1550          0    143.500 328.561302  1022.4553     13.842     -0.548  0.000e+00
     13.962    28.6005   5.725187    35.2643     2.7233     0.1535          0    143.750 328.561305  1022.4554     13.885     -0.482  0.000e+00
     13.897    28.5998   5.725012    35.2636     2.7243     0.1520          0    144.000 328.561308  1022.4548     13.820     -0.368  0.000e+00
     13.757    28.5987   5.724821    35.2631     2.7194     0.1505          0    144.250 328.561311  1022.4542     13.681     -0.270  0.000e+00
     13.584    28.5981   5.724821    35.2636     2.7164     0.1489          0    144.500 328.561314  1022.4540     13.509     -0.231  0.000e+00
     13.346    28.5977   5.724820    35.2640     2.7157     0.1528          0    144.750 328.561317  1022.4534     13.272     -0.269  0.000e+00
     13.162    28.5974   5.724752    35.2638     2.7237     0.1520          0    145.000 328.561319  1022.4526     13.089     -0.370  0.000e+00
     13.032    28.5974   5.724820    35.2643     2.7222     0.1520          0    145.250 328.561322  1022.4524     12.960     -0.485  0.000e+00
     12.924    28.5978   5.724851    35.2643     2.7266     0.1825          0    145.500 328.561325  1022.4518     12.853     -0.577  0.000e+00
     12.741    28.5978   5.724851    35.2643     2.7278     0.1840          0    145.750 328.561328  1022.4510     12.670     -0.645  0.000e+00
     12.546    28.5982   5.724850    35.2641     2.7218     0.1894          0    146.000 328.561331  1022.4499     12.477     -0.672  0.000e+00
     12.394    28.5981   5.724820    35.2640     2.7411     0.1894          0    146.250 328.561334  1022.4492     12.326     -0.667  0.000e+00
     12.221    28.5984   5.724812    35.2638     2.7486     0.1848          0    146.500 328.561337  1022.4482     12.154     -0.655  0.000e+00
     11.983    28.5985   5.724820    35.2638     2.7449     0.1917          0    146.750 328.561340  1022.4472     11.917     -0.662  0.000e+00
     11.789    28.5985   5.724820    35.2639     2.7437     0.1886          0    147.000 328.561343  1022.4464     11.724     -0.693  0.000e+00
     11.594    28.5981   5.724751    35.2637     2.7480     0.1863          0    147.250 328.561345  1022.4456     11.530     -0.733  0.000e+00
     11.411    28.5976   5.724560    35.2628     2.7455     0.1894          0    147.500 328.561348  1022.4443     11.348     -0.761  0.000e+00
     11.302    28.5968   5.724384    35.2622     2.7497     0.1741          0    147.750 328.561351  1022.4436     11.240     -0.746  0.000e+00
     11.184    28.5958   5.724208    35.2618     2.7435     0.1718          0    148.000 328.561354  1022.4431     11.122     -0.716  0.000e+00
     11.010    28.5942   5.723949    35.2613     2.7433     0.1756          0    148.250 328.561357  1022.4426     10.950     -0.693  0.000e+00
     10.837    28.5926   5.723727    35.2610     2.7411     0.1741          0    148.500 328.561360  1022.4421     10.778     -0.664  0.000e+00
     10.740    28.5908   5.723536    35.2610     2.7445     0.1558          0    148.750 328.561363  1022.4423     10.681     -0.615  0.000e+00
     10.621    28.5895   5.723498    35.2617     2.7546     0.1497          0    149.000 328.561366  1022.4428     10.563     -0.578  0.000e+00
     10.405    28.5891   5.723483    35.2620     2.7543     0.1520          0    149.250 328.561369  1022.4422     10.347     -0.573  0.000e+00
     10.264    28.5889   5.723467    35.2620     2.7630     0.1535          0    149.500 328.561372  1022.4417     10.208     -0.578  0.000e+00
     10.189    28.5890   5.723498    35.2622     2.7618     0.1863          0    149.750 328.561374  1022.4414     10.132     -0.576  0.000e+00
     10.070    28.5891   5.723536    35.2624     2.7688     0.1833          0    150.000 328.561377  1022.4411     10.014     -0.560  0.000e+00
      9.908    28.5895   5.723597    35.2626     2.7797     0.1833          0    150.250 328.561380  1022.4404      9.853     -0.545  0.000e+00
      9.724    28.5901   5.723612    35.2623     2.7561     0.1901          0    150.500 328.561383  1022.4392      9.670     -0.551  0.000e+00
      9.497    28.5904   5.723597    35.2621     2.7511     0.1894          0    150.750 328.561386  1022.4379      9.445     -0.590  0.000e+00
      9.335    28.5907   5.723627    35.2621     2.7413     0.1879          0    151.000 328.561389  1022.4372      9.283     -0.615  0.000e+00
      9.270    28.5917   5.723757    35.2623     2.7447     0.1894          0    151.250 328.561392  1022.4367      9.219     -0.604  0.000e+00
      9.302    28.5929   5.723917    35.2625     2.7429     0.1848          0    151.500 328.561395  1022.4366      9.251     -0.566  0.000e+00
      9.324    28.5941   5.724047    35.2625     2.7370     0.1917          0    151.750 328.561398  1022.4363      9.272     -0.495  0.000e+00
      9.259    28.5953   5.724131    35.2623     2.7402     0.1779          0    152.000 328.561400  1022.4354      9.208     -0.404  0.000e+00
      9.183    28.5959   5.724138    35.2618     2.7134     0.1703          0    152.250 328.561403  1022.4346      9.133     -0.311  0.000e+00
      9.140    28.5963   5.724138    35.2615     2.7173     0.1756          0    152.500 328.561406  1022.4340      9.090     -0.225  0.000e+00
      9.172    28.5967   5.724138    35.2612     2.7280     0.1833          0    152.750 328.561409  1022.4338      9.122     -0.140  0.000e+00
      9.259    28.5970   5.724177    35.2612     2.7214     0.1879          0    153.000 328.561412  1022.4341      9.208     -0.071  0.000e+00
      9.378    28.5973   5.724192    35.2611     2.7170     0.1879          0    153.250 328.561415  1022.4344      9.326     -0.008  0.000e+00
      9.443    28.5970   5.724108    35.2607     2.7212     0.1879          0    153.500 328.561418  1022.4345      9.391      0.048  0.000e+00
      9.497    28.5963   5.724047    35.2608     2.7115     0.1840          0    153.750 328.561421  1022.4350      9.444      0.117  0.000e+00
      9.497    28.5957   5.724016    35.2611     2.7049     0.1917          0    154.000 328.561424  1022.4355      9.444      0.180  0.000e+00
      9.486    28.5946   5.723818    35.2605     2.6984     0.1840          0    154.250 328.561427  1022.4353      9.434      0.208  0.000e+00
      9.486    28.5936   5.723818    35.2613     2.7028     0.1863          0    154.500 328.561429  1022.4362      9.434      0.195  0.000e+00
      9.518    28.5932   5.723795    35.2614     2.7011     0.1924          0    154.750 328.561432  1022.4366      9.466      0.156  0.000e+00
      9.551    28.5930   5.723818    35.2617     2.7089     0.1802          0    155.000 328.561435  1022.4370      9.498      0.111  0.000e+00
      9.540    28.5929   5.723856    35.2620     2.7077     0.1734          0    155.250 328.561438  1022.4373      9.487      0.067  0.000e+00
      9.518    28.5929   5.723887    35.2622     2.7148     0.1749          0    155.500 328.561441  1022.4373      9.466      0.038  0.000e+00
      9.508    28.5933   5.723887    35.2620     2.7283     0.1695          0    155.750 328.561444  1022.4369      9.455      0.019  0.000e+00
      9.486    28.5933   5.723856    35.2617     2.7317     0.1749          0    156.000 328.561447  1022.4367      9.434      0.007  0.000e+00
      9.443    28.5932   5.723917    35.2623     2.7387     0.1619          0    156.250 328.561450  1022.4369      9.391     -0.015  0.000e+00
      9.313    28.5933   5.723917    35.2622     2.7392     0.1634          0    156.500 328.561453  1022.4363      9.262     -0.072  0.000e+00
      9.118    28.5934   5.723917    35.2622     2.7372     0.1634          0    156.750 328.561455  1022.4354      9.068     -0.169  0.000e+00
      8.902    28.5938   5.723947    35.2622     2.7382     0.1619          0    157.000 328.561458  1022.4344      8.853     -0.289  0.000e+00
      8.719    28.5945   5.723978    35.2619     2.7355     0.1734          0    157.250 328.561461  1022.4332      8.671     -0.406  0.000e+00
      8.632    28.5950   5.724069    35.2622     2.7329     0.1802          0    157.500 328.561464  1022.4328      8.584     -0.494  0.000e+00
      8.632    28.5953   5.724077    35.2621     2.7323     0.1726          0    157.750 328.561467  1022.4326      8.584     -0.528  0.000e+00
      8.556    28.5957   5.724077    35.2618     2.7283     0.1718          0    158.000 328.561470  1022.4320      8.509     -0.528  0.000e+00
      8.448    28.5955   5.723978    35.2613     2.7290     0.1749          0    158.250 328.561473  1022.4312      8.402     -0.499  0.000e+00
      8.286    28.5950   5.723917    35.2613     2.7268     0.1818          0    158.500 328.561476  1022.4306      8.240     -0.460  0.000e+00
      8.059    28.5944   5.723794    35.2609     2.7302     0.1764          0    158.750 328.561479  1022.4296      8.015     -0.447  0.000e+00
      7.875    28.5944   5.723786    35.2609     2.7196     0.1718          0    159.000 328.561481  1022.4288      7.832     -0.464  0.000e+00
      7.756    28.5943   5.723855    35.2615     2.7146     0.1779          0    159.250 328.561484  1022.4288      7.713     -0.502  0.000e+00
      7.713    28.5945   5.723855    35.2614     2.7176     0.1802          0    159.500 328.561487  1022.4284      7.671     -0.537  0.000e+00
      7.702    28.5944   5.723916    35.2619     2.7151     0.1863          0    159.750 328.561490  1022.4288      7.660     -0.536  0.000e+00
      7.691    28.5944   5.723817    35.2612     2.7061     0.1863          0    160.000 328.561493  1022.4282      7.649     -0.477  0.000e+00
      7.605    28.5942   5.723794    35.2612     2.7110     0.1894          0    160.250 328.561496  1022.4279      7.563     -0.402  0.000e+00
      7.421    28.5936   5.723656    35.2607     2.7096     0.1894          0    160.500 328.561499  1022.4270      7.380     -0.350  0.000e+00
      7.226    28.5931   5.723626    35.2610     2.7114     0.1833          0    160.750 328.561502  1022.4265      7.187     -0.335  0.000e+00
      7.064    28.5929   5.723595    35.2609     2.7270     0.1894          0    161.000 328.561505  1022.4258      7.025     -0.368  0.000e+00
      6.956    28.5928   5.723656    35.2615     2.7141     0.1947          0    161.250 328.561508  1022.4258      6.918     -0.425  0.000e+00
      6.880    28.5929   5.723702    35.2617     2.7233     0.1650          0    161.500 328.561510  1022.4257      6.842     -0.480  0.000e+00
      6.751    28.5932   5.723725    35.2617     2.7139     0.1665          0    161.750 328.561513  1022.4250      6.713     -0.526  0.000e+00
      6.567    28.5932   5.723725    35.2618     2.7058     0.1612          0    162.000 328.561516  1022.4242      6.531     -0.561  0.000e+00
      6.372    28.5932   5.723656    35.2613     2.7057     0.1665          0    162.250 328.561519  1022.4231      6.337     -0.575  0.000e+00
      6.253    28.5934   5.723656    35.2612     2.6960     0.1421          0    162.500 328.561522  1022.4224      6.219     -0.562  0.000e+00
      6.188    28.5941   5.723755    35.2614     2.6841     0.1482          0    162.750 328.561525  1022.4221      6.154     -0.538  0.000e+00
      6.145    28.5950   5.723885    35.2617     2.6711     0.1520          0    163.000 328.561528  1022.4218      6.111     -0.507  0.000e+00
      6.167    28.5961   5.724076    35.2621     2.6790     0.1489          0    163.250 328.561531  1022.4218      6.133     -0.453  0.000e+00
      6.199    28.5977   5.724175    35.2616     2.6610     0.1535          0    163.500 328.561534  1022.4211      6.165     -0.367  0.000e+00
      6.232    28.5994   5.724297    35.2612     2.6520     0.1596          0    163.750 328.561536  1022.4203      6.197     -0.246  0.000e+00
      6.135    28.6008   5.724335    35.2605     2.6672     0.1619          0    164.000 328.561539  1022.4189      6.101     -0.152  0.000e+00
      5.897    28.6016   5.724350    35.2601     2.6799     0.1627          0    164.250 328.561542  1022.4173      5.864     -0.141  0.000e+00
      5.627    28.6020   5.724236    35.2591     2.6753     0.1688          0    164.500 328.561545  1022.4153      5.596     -0.223  0.000e+00
      5.497    28.6022   5.724205    35.2587     2.6663     0.1550          0    164.750 328.561548  1022.4144      5.466     -0.329  0.000e+00
      5.486    28.6028   5.724335    35.2592     2.6581     0.1520          0    165.000 328.561551  1022.4145      5.456     -0.409  0.000e+00
      5.475    28.6039   5.724495    35.2595     2.6522     0.1520          0    165.250 328.561554  1022.4143      5.445     -0.459  0.000e+00
      5.443    28.6055   5.724816    35.2605     2.6413     0.1566          0    165.500 328.561557  1022.4144      5.413     -0.466  0.000e+00
      5.367    28.6075   5.724961    35.2601     2.6412     0.1528          0    165.750 328.561560  1022.4131      5.337     -0.435  0.000e+00
      5.237    28.6083   5.724907    35.2591     2.6228     0.1528          0    166.000 328.561562  1022.4116      5.208     -0.371  0.000e+00
      5.021    28.6082   5.724785    35.2584     2.6209     0.1520          0    166.250 328.561565  1022.4101      4.993     -0.332  0.000e+00
