ctd_kilwa/cnv/SBE19plus_01906740_2018_11_26_0051.cnv
* Sea-Bird SBE19plus  Data File:
* FileName = C:\Users\all user\Desktop\Mapping WWF\SBE19plus_01906740_2018_11_26_0051.hex
* Software version 2.6.3.104
* Temperature SN = 6740
* Conductivity SN = 6740
* System UpLoad Time = Nov 26 2018 19:56:06
* <ApplicationData>
* <Seaterm232>
# nquan = 13
# nvalues = 799                                   
# units = specified
# name 0 = prdM: Pressure, Strain Gauge [db]
# name 1 = tv290C: Temperature [ITS-90, deg C]
# name 2 = c0S/m: Conductivity [S/m]
# name 3 = sal00: Salinity, Practical [PSU]
# name 4 = sbeox0ML/L: Oxygen, SBE 43 [ml/l]
# name 5 = flECO-AFL: Fluorescence, WET Labs ECO-AFL/FL [mg/m^3]
# name 6 = nbf: Bottles Fired
# name 7 = timeS: Time, Elapsed [seconds]
# name 8 = timeJ: Julian Days
# name 9 = density00: Density [density, kg/m^3]
# name 10 = depSM: Depth [salt water, m], lat = 0.00
# name 11 = dz/dtM: Descent Rate [m/s]
# name 12 = flag:  0.000e+00
# span 0 =     -1.034,     16.524                 
# span 1 =    28.5716,    30.4681                 
# span 2 =   0.797075,   6.006255                 
# span 3 =     4.0255,    36.4742                 
# span 4 =     2.2599,     3.8359                 
# span 5 =    -0.0342,    48.6902                 
# span 6 =          0,          0                 
# span 7 =      0.000,    199.500                 
# span 8 = 328.559641, 328.561950                 
# span 9 =   998.8080,  1022.9744                 
# span 10 =     -1.029,     16.433                
# span 11 =     -0.761,      0.628                
# span 12 = 0.0000e+00, 0.0000e+00                
# interval = seconds: 0.25
# start_time = Nov 24 2018 13:25:53 [Instrument's time stamp, header]
# bad_flag = -9.990e-29
*END*
[from data line 223]
      0.761    29.4765   5.910848    35.8964     2.3575     0.0459          0     55.750 328.560286  1022.5800      0.757      0.143  0.000e+00
      0.750    29.4795   5.907782    35.8732     2.3646     0.0444          0     56.000 328.560289  1022.5615      0.746      0.162  0.000e+00
      0.729    29.4839   5.908006    35.8714     2.3499     0.0459          0     56.250 328.560292  1022.5586      0.725      0.158  0.000e+00
      0.685    29.4888   5.909841    35.8804     2.3424     0.0452          0     56.500 328.560295  1022.5635      0.682      0.125  0.000e+00
      0.718    29.4938   5.911870    35.8905     2.3303     0.0490          0     56.750 328.560298  1022.5695      0.714      0.092  0.000e+00
      0.728    29.5001   5.913621    35.8978     2.3219     0.0521          0     57.000 328.560301  1022.5729      0.724      0.060  0.000e+00
      0.804    29.5101   5.914054    35.8933     2.3026     0.0444          0     57.250 328.560304  1022.5664      0.799      0.042  0.000e+00
      0.847    29.5216   5.913388    35.8801     2.2959     0.0459          0     57.500 328.560307  1022.5528      0.843      0.045  0.000e+00
      0.858    29.5303   5.912218    35.8656     2.2861     0.0498          0     57.750 328.560310  1022.5390      0.853      0.058  0.000e+00
      0.847    29.5354   5.910011    35.8467     2.2856     0.0482          0     58.000 328.560313  1022.5231      0.843      0.079  0.000e+00
      0.793    29.5369   5.909360    35.8411     2.2846     0.0543          0     58.250 328.560315  1022.5181      0.789      0.076  0.000e+00
      0.793    29.5365   5.910073    35.8463     2.2792     0.0620          0     58.500 328.560318  1022.5221      0.789      0.063  0.000e+00
      0.761    29.5371   5.911831    35.8579     2.2709     0.0559          0     58.750 328.560321  1022.5305      0.757      0.023  0.000e+00
      0.771    29.5395   5.913155    35.8652     2.2696     0.0559          0     59.000 328.560324  1022.5352      0.767     -0.009  0.000e+00
      0.815    29.5432   5.914394    35.8709     2.2737     0.0582          0     59.250 328.560327  1022.5385      0.810     -0.029  0.000e+00
      0.826    29.5477   5.913442    35.8610     2.2599     0.0452          0     59.500 328.560330  1022.5296      0.821     -0.027  0.000e+00
      0.847    29.5513   5.911010    35.8416     2.2665     0.0505          0     59.750 328.560333  1022.5139      0.843     -0.006  0.000e+00
      0.858    29.5528   5.909972    35.8335     2.2856     0.0513          0     60.000 328.560336  1022.5073      0.853      0.022  0.000e+00
      0.880    29.5520   5.881706    35.6407     2.3038     0.0459          0     60.250 328.560339  1022.3630      0.875      0.051  0.000e+00
      0.880    29.5381   5.850392    35.4369     2.3060     0.0192          0     60.500 328.560341  1022.2148      0.875      0.061  0.000e+00
      0.901    29.4874   5.829732    35.3330     2.3026     0.0208          0     60.750 328.560344  1022.1540      0.896      0.070  0.000e+00
      0.955    29.4145   5.817854    35.3053     2.3039     0.0154          0     61.000 328.560347  1022.1581      0.950      0.076  0.000e+00
      0.966    29.3492   5.812534    35.3170     2.2963     0.0231          0     61.250 328.560350  1022.1889      0.961      0.075  0.000e+00
      0.988    29.3000   5.810129    35.3367     2.2999     0.0475          0     61.500 328.560353  1022.2204      0.982      0.081  0.000e+00
      0.977    29.2629   5.806280    35.3376     2.2790     0.0490          0     61.750 328.560356  1022.2335      0.972      0.077  0.000e+00
      0.945    29.2390   5.804835    35.3454     2.2713     0.0475          0     62.000 328.560359  1022.2473      0.939      0.061  0.000e+00
      0.901    29.2251   5.804213    35.3514     2.2649     0.0551          0     62.250 328.560362  1022.2563      0.896      0.031  0.000e+00
      0.901    29.2170   5.802946    35.3486     2.2676     0.0444          0     62.500 328.560365  1022.2569      0.896      0.005  0.000e+00
      0.955    29.2101   5.801863    35.3463     2.2777     0.0490          0     62.750 328.560367  1022.2578      0.950     -0.008  0.000e+00
      1.020    29.2042   5.801825    35.3504     2.2741     0.0467          0     63.000 328.560370  1022.2631      1.015     -0.001  0.000e+00
      1.063    29.2012   5.801471    35.3502     2.2943     0.0429          0     63.250 328.560373  1022.2641      1.058      0.027  0.000e+00
      1.042    29.2046   5.802447    35.3543     2.3090     0.0467          0     63.500 328.560376  1022.2660      1.036      0.045  0.000e+00
      1.009    29.2113   5.803330    35.3555     2.3350     0.0429          0     63.750 328.560379  1022.2645      1.004      0.058  0.000e+00
      0.966    29.2179   5.803576    35.3523     2.3467     0.0444          0     64.000 328.560382  1022.2596      0.961      0.053  0.000e+00
      0.955    29.2246   5.803230    35.3450     2.3651     0.0452          0     64.250 328.560385  1022.2519      0.950      0.036  0.000e+00
      0.988    29.2288   5.803230    35.3419     2.3680     0.0505          0     64.500 328.560388  1022.2483      0.982      0.012  0.000e+00
      1.053    29.2294   5.803015    35.3400     2.3881     0.0200          0     64.750 328.560391  1022.2469      1.047      0.000  0.000e+00
      1.139    29.2262   5.802385    35.3379     2.4039     0.0231          0     65.000 328.560394  1022.2468      1.133      0.019  0.000e+00
      1.183    29.2202   5.800979    35.3327     2.4163     0.0223          0     65.250 328.560396  1022.2451      1.176      0.059  0.000e+00
      1.172    29.2136   5.799244    35.3257     2.4199     0.0261          0     65.500 328.560399  1022.2420      1.166      0.099  0.000e+00
      1.172    29.2062   5.798430    35.3255     2.4336     0.0475          0     65.750 328.560402  1022.2444      1.165      0.125  0.000e+00
      1.172    29.1999   5.797386    35.3230     2.4395     0.0452          0     66.000 328.560405  1022.2446      1.165      0.131  0.000e+00
      1.269    29.1955   5.796387    35.3193     2.4502     0.0452          0     66.250 328.560408  1022.2437      1.262      0.138  0.000e+00
      1.399    29.1932   5.796802    35.3239     2.5100     0.0383          0     66.500 328.560411  1022.2485      1.391      0.156  0.000e+00
      1.518    29.1921   5.796964    35.3258     2.7402     0.0444          0     66.750 328.560414  1022.2508      1.509      0.187  0.000e+00
      1.550    29.1941   5.796764    35.3229     2.9424     0.0398          0     67.000 328.560417  1022.2481      1.542      0.213  0.000e+00
      1.529    29.1982   5.797424    35.3244     2.9113     0.0459          0     67.250 328.560420  1022.2477      1.520      0.229  0.000e+00
      1.518    29.2002   5.797555    35.3239     2.8526     0.0459          0     67.500 328.560422  1022.2466      1.510      0.231  0.000e+00
      1.594    29.2008   5.797017    35.3197     2.8073     0.0414          0     67.750 328.560425  1022.2436      1.585      0.226  0.000e+00
      1.669    29.2013   5.796933    35.3187     2.7485     0.0505          0     68.000 328.560428  1022.2431      1.660      0.214  0.000e+00
      1.766    29.2021   5.797033    35.3188     2.6858     0.0490          0     68.250 328.560431  1022.2432      1.757      0.195  0.000e+00
      1.788    29.2008   5.796418    35.3155     2.6128     0.0429          0     68.500 328.560434  1022.2413      1.778      0.174  0.000e+00
      1.821    29.1992   5.796088    35.3144     2.5908     0.0498          0     68.750 328.560437  1022.2412      1.810      0.170  0.000e+00
      1.820    29.1949   5.795236    35.3117     2.5764     0.0505          0     69.000 328.560440  1022.2406      1.810      0.178  0.000e+00
      1.842    29.1904   5.794392    35.3093     2.5991     0.0429          0     69.250 328.560443  1022.2404      1.832      0.182  0.000e+00
      1.918    29.1855   5.793854    35.3091     2.6142     0.0452          0     69.500 328.560446  1022.2422      1.907      0.180  0.000e+00
      2.015    29.1820   5.793770    35.3111     2.6034     0.0559          0     69.750 328.560448  1022.2453      2.004      0.174  0.000e+00
      2.123    29.1793   5.793478    35.3111     2.6085     0.0681          0     70.000 328.560451  1022.2467      2.112      0.190  0.000e+00
      2.199    29.1776   5.793348    35.3114     2.6693     0.0574          0     70.250 328.560454  1022.2478      2.187      0.215  0.000e+00
      2.178    29.1764   5.792987    35.3098     2.7846     0.0589          0     70.500 328.560457  1022.2469      2.166      0.232  0.000e+00
      2.134    29.1750   5.792665    35.3086     2.8028     0.0528          0     70.750 328.560460  1022.2463      2.123      0.216  0.000e+00
      2.102    29.1737   5.792319    35.3072     2.7691     0.0627          0     71.000 328.560463  1022.2455      2.090      0.180  0.000e+00
      2.134    29.1731   5.792404    35.3082     2.7299     0.0543          0     71.250 328.560466  1022.2466      2.123      0.134  0.000e+00
      2.232    29.1728   5.792404    35.3084     2.7020     0.0589          0     71.500 328.560469  1022.2473      2.219      0.100  0.000e+00
      2.394    29.1731   5.792726    35.3104     2.7019     0.0582          0     71.750 328.560472  1022.2494      2.381      0.109  0.000e+00
      2.535    29.1725   5.792235    35.3074     2.7130     0.0612          0     72.000 328.560475  1022.2479      2.521      0.156  0.000e+00
      2.643    29.1705   5.791591    35.3044     2.7676     0.0620          0     72.250 328.560477  1022.2468      2.628      0.233  0.000e+00
      2.664    29.1678   5.791284    35.3043     2.7992     0.0589          0     72.500 328.560480  1022.2478      2.650      0.306  0.000e+00
      2.664    29.1650   5.790608    35.3017     2.7928     0.0543          0     72.750 328.560483  1022.2467      2.649      0.342  0.000e+00
      2.642    29.1629   5.790286    35.3011     2.7739     0.0582          0     73.000 328.560486  1022.2468      2.628      0.324  0.000e+00
      2.664    29.1614   5.790340    35.3025     2.7341     0.0620          0     73.250 328.560489  1022.2485      2.650      0.268  0.000e+00
      2.740    29.1596   5.789956    35.3012     2.6831     0.0582          0     73.500 328.560492  1022.2485      2.725      0.205  0.000e+00
      2.891    29.1585   5.790025    35.3025     2.6399     0.0589          0     73.750 328.560495  1022.2504      2.875      0.175  0.000e+00
      2.999    29.1566   5.789964    35.3034     2.6004     0.0650          0     74.000 328.560498  1022.2523      2.983      0.184  0.000e+00
      3.032    29.1499   5.788882    35.3009     2.5649     0.0574          0     74.250 328.560501  1022.2527      3.015      0.208  0.000e+00
      3.010    29.1434   5.788138    35.3006     2.5620     0.0490          0     74.500 328.560503  1022.2546      2.993      0.228  0.000e+00
      2.967    29.1378   5.787647    35.3013     2.5690     0.0543          0     74.750 328.560506  1022.2569      2.950      0.221  0.000e+00
      2.956    29.1340   5.787463    35.3029     2.5775     0.0574          0     75.000 328.560509  1022.2593      2.940      0.189  0.000e+00
      3.032    29.1322   5.787255    35.3028     2.5872     0.0574          0     75.250 328.560512  1022.2601      3.015      0.152  0.000e+00
      3.107    29.1316   5.787585    35.3055     2.5825     0.0429          0     75.500 328.560515  1022.2627      3.090      0.116  0.000e+00
      3.172    29.1324   5.788123    35.3086     2.6030     0.0444          0     75.750 328.560518  1022.2650      3.155      0.093  0.000e+00
      3.172    29.1342   5.788138    35.3073     2.6487     0.0490          0     76.000 328.560521  1022.2635      3.155      0.091  0.000e+00
      3.194    29.1371   5.788099    35.3049     2.7303     0.0429          0     76.250 328.560524  1022.2607      3.176      0.113  0.000e+00
      3.129    29.1408   5.788307    35.3036     2.7275     0.0429          0     76.500 328.560527  1022.2582      3.112      0.115  0.000e+00
      3.064    29.1436   5.788329    35.3018     2.7025     0.0444          0     76.750 328.560530  1022.2557      3.047      0.086  0.000e+00
      3.053    29.1451   5.788138    35.2993     2.6741     0.0459          0     77.000 328.560532  1022.2533      3.036      0.037  0.000e+00
      3.118    29.1469   5.788468    35.3002     2.6487     0.0429          0     77.250 328.560535  1022.2536      3.101     -0.005  0.000e+00
      3.215    29.1486   5.788659    35.3003     2.6299     0.0330          0     77.500 328.560538  1022.2535      3.198     -0.006  0.000e+00
      3.291    29.1501   5.788821    35.3002     2.5925     0.0345          0     77.750 328.560541  1022.2533      3.273      0.025  0.000e+00
      3.334    29.1509   5.788851    35.2998     2.5601     0.0307          0     78.000 328.560544  1022.2529      3.316      0.078  0.000e+00
      3.291    29.1510   5.788874    35.2999     2.5500     0.0284          0     78.250 328.560547  1022.2528      3.273      0.108  0.000e+00
      3.280    29.1507   5.788752    35.2993     2.5949     0.0490          0     78.500 328.560550  1022.2524      3.262      0.135  0.000e+00
      3.259    29.1510   5.788399    35.2967     2.6045     0.0475          0     78.750 328.560553  1022.2502      3.241      0.128  0.000e+00
      3.226    29.1510   5.788092    35.2946     2.6032     0.0475          0     79.000 328.560556  1022.2485      3.208      0.083  0.000e+00
      3.291    29.1516   5.788168    35.2946     2.6012     0.0475          0     79.250 328.560558  1022.2486      3.273      0.040  0.000e+00
      3.367    29.1528   5.788299    35.2946     2.5980     0.0452          0     79.500 328.560561  1022.2485      3.348      0.024  0.000e+00
      3.464    29.1538   5.788437    35.2949     2.6145     0.0498          0     79.750 328.560564  1022.2488      3.445      0.049  0.000e+00
      3.605    29.1548   5.788491    35.2945     2.6402     0.0444          0     80.000 328.560567  1022.2487      3.585      0.120  0.000e+00
      3.745    29.1532   5.788230    35.2937     2.6810     0.0459          0     80.250 328.560570  1022.2493      3.725      0.223  0.000e+00
      3.843    29.1462   5.786964    35.2902     2.7197     0.0398          0     80.500 328.560573  1022.2494      3.821      0.309  0.000e+00
      3.929    29.1375   5.785468    35.2863     2.7320     0.0688          0     80.750 328.560576  1022.2498      3.907      0.378  0.000e+00
      3.994    29.1282   5.784494    35.2865     2.7301     0.0749          0     81.000 328.560579  1022.2533      3.972      0.415  0.000e+00
      4.015    29.1222   5.784325    35.2897     2.7166     0.0795          0     81.250 328.560582  1022.2578      3.993      0.396  0.000e+00
      4.070    29.1191   5.784302    35.2918     2.6857     0.0734          0     81.500 328.560584  1022.2607      4.047      0.362  0.000e+00
      4.134    29.1175   5.784625    35.2952     2.6606     0.0536          0     81.750 328.560587  1022.2641      4.111      0.318  0.000e+00
      4.232    29.1172   5.784456    35.2943     2.6866     0.0627          0     82.000 328.560590  1022.2639      4.208      0.281  0.000e+00
      4.350    29.1175   5.784556    35.2947     2.7170     0.0559          0     82.250 328.560593  1022.2646      4.327      0.272  0.000e+00
      4.469    29.1170   5.784395    35.2939     2.7330     0.0528          0     82.500 328.560596  1022.2647      4.445      0.291  0.000e+00
      4.556    29.1136   5.783773    35.2921     2.7340     0.0551          0     82.750 328.560599  1022.2649      4.531      0.318  0.000e+00
      4.643    29.1040   5.782209    35.2884     2.7283     0.0589          0     83.000 328.560602  1022.2657      4.617      0.349  0.000e+00
