ctd_kilwa/cnv/SBE19plus_01906740_2018_11_26_0058.cnv
* Sea-Bird SBE19plus  Data File:
* FileName = C:\Users\all user\Desktop\Mapping WWF\SBE19plus_01906740_2018_11_26_0058.hex
* Software version 2.6.3.104
* Temperature SN = 6740
* Conductivity SN = 6740
* System UpLoad Time = Nov 26 2018 19:58:02
* <ApplicationData>
* <Seaterm232>
# nquan = 13
# nvalues = 1111                                  
# units = specified
# name 0 = prdM: Pressure, Strain Gauge [db]
# name 1 = tv290C: Temperature [ITS-90, deg C]
# name 2 = c0S/m: Conductivity [S/m]
# name 3 = sal00: Salinity, Practical [PSU]
# name 4 = sbeox0ML/L: Oxygen, SBE 43 [ml/l]
# name 5 = flECO-AFL: Fluorescence, WET Labs ECO-AFL/FL [mg/m^3]
# name 6 = nbf: Bottles Fired
# name 7 = timeS: Time, Elapsed [seconds]
# name 8 = timeJ: Julian Days
# name 9 = density00: Density [density, kg/m^3]
# name 10 = depSM: Depth [salt water, m], lat = 0.00
# name 11 = dz/dtM: Descent Rate [m/s]
# name 12 = flag:  0.000e+00
# span 0 =     -0.995,     26.537                 
# span 1 =    27.1049,    30.8670                 
# span 2 =   0.363797,   5.841752                 
# span 3 =     1.7906,    36.0040                 
# span 4 =     1.8903,     3.4239                 
# span 5 =    -0.4393,    48.6856                 
# span 6 =          0,          0                 
# span 7 =      0.000,    277.500                 
# span 8 = 329.431910, 329.435122                 
# span 9 =   997.0982,  1022.9403                 
# span 10 =     -0.990,     26.390                
# span 11 =     -0.589,      0.734                
# span 12 = 0.0000e+00, 0.0000e+00                
# interval = seconds: 0.25
# start_time = Nov 25 2018 10:21:57 [Instrument's time stamp, header]
# bad_flag = -9.990e-29
*END*
[from data line 445]
      2.832    27.6458   5.614453    35.2052     2.3724     0.0696          0    111.250 329.433197  1022.6765      2.817      0.176  0.000e+00
      2.930    27.6427   5.613643    35.2018     2.3628     0.0345          0    111.500 329.433200  1022.6754      2.914      0.226  0.000e+00
      2.984    27.6375   5.612855    35.2001     2.3632     0.0246          0    111.750 329.433203  1022.6760      2.967      0.265  0.000e+00
      2.994    27.6313   5.612015    35.1988     2.3704     0.0284          0    112.000 329.433206  1022.6771      2.978      0.275  0.000e+00
      3.027    27.6251   5.611387    35.1990     2.3685     0.0269          0    112.250 329.433209  1022.6794      3.010      0.263  0.000e+00
      3.049    27.6194   5.610887    35.1998     2.3659     0.0368          0    112.500 329.433212  1022.6819      3.032      0.230  0.000e+00
      3.070    27.6149   5.610607    35.2012     2.3782     0.0345          0    112.750 329.433215  1022.6845      3.053      0.190  0.000e+00
      3.092    27.6109   5.610478    35.2033     2.3753     0.0383          0    113.000 329.433218  1022.6875      3.075      0.156  0.000e+00
      3.114    27.6075   5.610327    35.2047     2.3749     0.0444          0    113.250 329.433220  1022.6897      3.096      0.123  0.000e+00
      3.211    27.6053   5.610297    35.2061     2.3796     0.0315          0    113.500 329.433223  1022.6919      3.193      0.117  0.000e+00
      3.330    27.6055   5.610418    35.2068     2.3761     0.0650          0    113.750 329.433226  1022.6929      3.311      0.150  0.000e+00
      3.405    27.6061   5.610698    35.2083     2.3739     0.0673          0    114.000 329.433229  1022.6942      3.387      0.195  0.000e+00
      3.503    27.6047   5.610199    35.2058     2.3720     0.0612          0    114.250 329.433232  1022.6932      3.483      0.241  0.000e+00
      3.568    27.6024   5.609699    35.2040     2.3728     0.0658          0    114.500 329.433235  1022.6928      3.548      0.281  0.000e+00
      3.686    27.5992   5.609290    35.2035     2.3796     0.0360          0    114.750 329.433238  1022.6940      3.666      0.324  0.000e+00
      3.730    27.5964   5.609041    35.2038     2.3761     0.0482          0    115.000 329.433241  1022.6954      3.709      0.344  0.000e+00
      3.795    27.5935   5.608700    35.2036     2.3741     0.0353          0    115.250 329.433244  1022.6964      3.774      0.344  0.000e+00
      3.881    27.5905   5.608382    35.2035     2.3787     0.0398          0    115.500 329.433247  1022.6977      3.860      0.327  0.000e+00
      3.989    27.5898   5.608382    35.2041     2.3779     0.0368          0    115.750 329.433249  1022.6988      3.967      0.321  0.000e+00
      4.097    27.5889   5.608352    35.2045     2.3730     0.0429          0    116.000 329.433252  1022.6998      4.075      0.331  0.000e+00
      4.184    27.5863   5.607883    35.2031     2.3814     0.0459          0    116.250 329.433255  1022.7000      4.161      0.338  0.000e+00
      4.281    27.5824   5.607323    35.2020     2.3805     0.0482          0    116.500 329.433258  1022.7009      4.258      0.352  0.000e+00
      4.368    27.5781   5.606763    35.2013     2.3729     0.0543          0    116.750 329.433261  1022.7021      4.344      0.358  0.000e+00
      4.443    27.5750   5.606574    35.2022     2.3715     0.0521          0    117.000 329.433264  1022.7041      4.419      0.371  0.000e+00
      4.476    27.5706   5.606112    35.2022     2.3749     0.0543          0    117.250 329.433267  1022.7057      4.451      0.357  0.000e+00
      4.519    27.5635   5.605008    35.1998     2.3743     0.0498          0    117.500 329.433270  1022.7063      4.494      0.326  0.000e+00
      4.627    27.5570   5.604228    35.1991     2.3703     0.0589          0    117.750 329.433273  1022.7084      4.602      0.304  0.000e+00
      4.746    27.5516   5.603820    35.2002     2.3729     0.0673          0    118.000 329.433275  1022.7115      4.720      0.301  0.000e+00
      4.822    27.5471   5.603570    35.2019     2.3723     0.0643          0    118.250 329.433278  1022.7145      4.795      0.303  0.000e+00
      4.865    27.5454   5.603608    35.2033     2.3736     0.0673          0    118.500 329.433281  1022.7164      4.838      0.297  0.000e+00
      4.886    27.5473   5.604357    35.2073     2.3750     0.0734          0    118.750 329.433284  1022.7188      4.860      0.284  0.000e+00
      4.951    27.5501   5.604789    35.2082     2.3728     0.0696          0    119.000 329.433287  1022.7188      4.924      0.277  0.000e+00
      5.016    27.5535   5.605076    35.2077     2.3726     0.0704          0    119.250 329.433290  1022.7177      4.989      0.273  0.000e+00
      5.081    27.5561   5.605046    35.2054     2.3769     0.0589          0    119.500 329.433293  1022.7154      5.053      0.259  0.000e+00
      5.124    27.5573   5.604978    35.2041     2.3787     0.0620          0    119.750 329.433296  1022.7142      5.096      0.231  0.000e+00
      5.168    27.5565   5.604698    35.2026     2.3764     0.0475          0    120.000 329.433299  1022.7135      5.139      0.211  0.000e+00
      5.222    27.5536   5.604108    35.2007     2.3734     0.0505          0    120.250 329.433302  1022.7132      5.193      0.208  0.000e+00
      5.287    27.5495   5.603480    35.1992     2.3738     0.0490          0    120.500 329.433304  1022.7137      5.257      0.216  0.000e+00
      5.384    27.5452   5.603071    35.1996     2.3756     0.0459          0    120.750 329.433307  1022.7159      5.354      0.233  0.000e+00
      5.481    27.5415   5.602950    35.2014     2.3778     0.0376          0    121.000 329.433310  1022.7188      5.451      0.249  0.000e+00
      5.578    27.5379   5.602391    35.2002     2.3716     0.0482          0    121.250 329.433313  1022.7195      5.548      0.272  0.000e+00
      5.654    27.5355   5.601914    35.1986     2.3787     0.0360          0    121.500 329.433316  1022.7194      5.623      0.296  0.000e+00
      5.730    27.5337   5.601891    35.1998     2.3728     0.0459          0    121.750 329.433319  1022.7212      5.698      0.319  0.000e+00
      5.784    27.5319   5.601763    35.2002     2.3758     0.0459          0    122.000 329.433322  1022.7223      5.752      0.328  0.000e+00
      5.870    27.5297   5.601604    35.2007     2.3754     0.0772          0    122.250 329.433325  1022.7238      5.838      0.330  0.000e+00
      5.935    27.5277   5.601354    35.2004     2.3711     0.0856          0    122.500 329.433328  1022.7245      5.903      0.321  0.000e+00
      6.033    27.5256   5.601105    35.2002     2.3779     0.0803          0    122.750 329.433330  1022.7254      5.999      0.311  0.000e+00
      6.097    27.5232   5.600886    35.2004     2.3749     0.0894          0    123.000 329.433333  1022.7266      6.064      0.302  0.000e+00
      6.227    27.5211   5.600704    35.2007     2.3759     0.0658          0    123.250 329.433336  1022.7281      6.193      0.312  0.000e+00
      6.281    27.5195   5.600545    35.2008     2.3756     0.0635          0    123.500 329.433339  1022.7289      6.247      0.319  0.000e+00
      6.368    27.5171   5.600326    35.2010     2.3772     0.0734          0    123.750 329.433342  1022.7302      6.332      0.328  0.000e+00
      6.476    27.5142   5.599887    35.2000     2.3769     0.0589          0    124.000 329.433345  1022.7308      6.440      0.343  0.000e+00
      6.562    27.5112   5.599547    35.1998     2.3819     0.0887          0    124.250 329.433348  1022.7321      6.526      0.349  0.000e+00
      6.649    27.5083   5.599207    35.1996     2.3798     0.0917          0    124.500 329.433351  1022.7332      6.612      0.356  0.000e+00
      6.713    27.5053   5.599018    35.2005     2.3797     0.0963          0    124.750 329.433354  1022.7351      6.676      0.349  0.000e+00
      6.778    27.5032   5.598799    35.2005     2.3785     0.0955          0    125.000 329.433356  1022.7361      6.741      0.341  0.000e+00
      6.876    27.5016   5.598662    35.2007     2.3821     0.0810          0    125.250 329.433359  1022.7372      6.838      0.330  0.000e+00
      6.962    27.5012   5.598708    35.2013     2.3788     0.0887          0    125.500 329.433362  1022.7381      6.924      0.334  0.000e+00
      7.027    27.5005   5.598670    35.2015     2.3833     0.0818          0    125.750 329.433365  1022.7388      6.988      0.324  0.000e+00
      7.081    27.4994   5.598489    35.2011     2.3829     0.0803          0    126.000 329.433368  1022.7391      7.042      0.307  0.000e+00
      7.092    27.4966   5.597831    35.1985     2.3768     0.0833          0    126.250 329.433371  1022.7381      7.053      0.282  0.000e+00
      7.157    27.4928   5.597082    35.1960     2.3784     0.0803          0    126.500 329.433374  1022.7377      7.117      0.262  0.000e+00
      7.265    27.4896   5.596893    35.1971     2.3805     0.0772          0    126.750 329.433377  1022.7400      7.225      0.259  0.000e+00
      7.330    27.4872   5.596893    35.1989     2.3707     0.0856          0    127.000 329.433380  1022.7424      7.289      0.255  0.000e+00
      7.384    27.4848   5.596802    35.2000     2.3744     0.0742          0    127.250 329.433383  1022.7443      7.343      0.246  0.000e+00
      7.427    27.4827   5.596523    35.1996     2.3746     0.0391          0    127.500 329.433385  1022.7448      7.386      0.240  0.000e+00
      7.470    27.4810   5.596303    35.1993     2.3720     0.0467          0    127.750 329.433388  1022.7454      7.429      0.238  0.000e+00
      7.535    27.4791   5.596054    35.1990     2.3743     0.0444          0    128.000 329.433391  1022.7460      7.494      0.241  0.000e+00
      7.611    27.4763   5.595646    35.1981     2.3786     0.0459          0    128.250 329.433394  1022.7466      7.569      0.248  0.000e+00
      7.643    27.4732   5.595336    35.1983     2.3788     0.0620          0    128.500 329.433397  1022.7478      7.601      0.232  0.000e+00
      7.665    27.4706   5.595185    35.1992     2.3812     0.0604          0    128.750 329.433400  1022.7494      7.623      0.207  0.000e+00
      7.730    27.4683   5.594996    35.1995     2.3781     0.0604          0    129.000 329.433403  1022.7507      7.687      0.201  0.000e+00
      7.816    27.4657   5.594776    35.1999     2.3799     0.0620          0    129.250 329.433406  1022.7523      7.773      0.209  0.000e+00
      7.881    27.4634   5.594338    35.1985     2.3803     0.0673          0    129.500 329.433409  1022.7522      7.838      0.220  0.000e+00
      7.968    27.4620   5.594217    35.1987     2.3713     0.0643          0    129.750 329.433411  1022.7532      7.924      0.235  0.000e+00
      8.032    27.4607   5.594119    35.1989     2.3689     0.0620          0    130.000 329.433414  1022.7540      7.988      0.246  0.000e+00
      8.097    27.4592   5.594028    35.1994     2.3628     0.0658          0    130.250 329.433417  1022.7552      8.053      0.258  0.000e+00
      8.108    27.4577   5.593900    35.1997     2.3600     0.0612          0    130.500 329.433420  1022.7559      8.063      0.261  0.000e+00
      8.141    27.4570   5.593688    35.1986     2.3573     0.0597          0    130.750 329.433423  1022.7555      8.096      0.250  0.000e+00
      8.141    27.4568   5.593658    35.1986     2.3666     0.0650          0    131.000 329.433426  1022.7555      8.096      0.213  0.000e+00
      8.184    27.4567   5.593620    35.1984     2.3672     0.0734          0    131.250 329.433429  1022.7555      8.139      0.178  0.000e+00
      8.260    27.4569   5.593559    35.1978     2.3681     0.0658          0    131.500 329.433432  1022.7554      8.214      0.161  0.000e+00
      8.389    27.4574   5.593567    35.1974     2.3829     0.0688          0    131.750 329.433435  1022.7555      8.343      0.172  0.000e+00
      8.476    27.4581   5.593809    35.1986     2.3783     0.0604          0    132.000 329.433438  1022.7565      8.429      0.200  0.000e+00
      8.530    27.4586   5.593809    35.1982     2.3784     0.0704          0    132.250 329.433440  1022.7563      8.483      0.230  0.000e+00
      8.519    27.4584   5.593718    35.1977     2.3759     0.0627          0    132.500 329.433443  1022.7559      8.472      0.246  0.000e+00
      8.497    27.4578   5.593529    35.1968     2.3755     0.0658          0    132.750 329.433446  1022.7554      8.451      0.231  0.000e+00
      8.541    27.4568   5.593408    35.1967     2.3733     0.0597          0    133.000 329.433449  1022.7558      8.494      0.213  0.000e+00
      8.584    27.4559   5.593189    35.1958     2.3717     0.0673          0    133.250 329.433452  1022.7556      8.536      0.180  0.000e+00
      8.638    27.4555   5.593219    35.1963     2.3778     0.0719          0    133.500 329.433455  1022.7563      8.590      0.146  0.000e+00
      8.681    27.4549   5.593280    35.1972     2.3765     0.1062          0    133.750 329.433458  1022.7574      8.633      0.119  0.000e+00
      8.724    27.4537   5.593031    35.1963     2.3735     0.1093          0    134.000 329.433461  1022.7573      8.676      0.118  0.000e+00
      8.833    27.4524   5.592872    35.1961     2.3744     0.1093          0    134.250 329.433464  1022.7580      8.784      0.153  0.000e+00
      8.854    27.4517   5.592751    35.1958     2.3739     0.1032          0    134.500 329.433466  1022.7581      8.805      0.187  0.000e+00
      8.897    27.4506   5.592622    35.1957     2.3726     0.1032          0    134.750 329.433469  1022.7585      8.848      0.208  0.000e+00
      8.973    27.4502   5.592660    35.1963     2.3699     0.1032          0    135.000 329.433472  1022.7595      8.923      0.217  0.000e+00
      9.092    27.4497   5.592592    35.1961     2.3659     0.1047          0    135.250 329.433475  1022.7600      9.042      0.240  0.000e+00
      9.189    27.4494   5.592502    35.1957     2.3663     0.1100          0    135.500 329.433478  1022.7602      9.138      0.267  0.000e+00
      9.243    27.4490   5.592441    35.1955     2.3677     0.1161          0    135.750 329.433481  1022.7604      9.192      0.285  0.000e+00
      9.297    27.4489   5.592343    35.1949     2.3715     0.0917          0    136.000 329.433484  1022.7602      9.246      0.293  0.000e+00
      9.351    27.4489   5.592343    35.1948     2.3689     0.0955          0    136.250 329.433487  1022.7604      9.300      0.287  0.000e+00
      9.394    27.4489   5.592343    35.1948     2.3701     0.0902          0    136.500 329.433490  1022.7606      9.343      0.288  0.000e+00
      9.448    27.4490   5.592313    35.1945     2.3711     0.0940          0    136.750 329.433492  1022.7606      9.396      0.273  0.000e+00
      9.524    27.4489   5.592381    35.1951     2.3716     0.0536          0    137.000 329.433495  1022.7613      9.472      0.253  0.000e+00
      9.557    27.4499   5.592441    35.1948     2.3756     0.0597          0    137.250 329.433498  1022.7609      9.504      0.225  0.000e+00
      9.643    27.4502   5.592532    35.1951     2.3788     0.0589          0    137.500 329.433501  1022.7614      9.590      0.220  0.000e+00
      9.751    27.4514   5.592593    35.1946     2.3766     0.0566          0    137.750 329.433504  1022.7612      9.697      0.241  0.000e+00
      9.870    27.4518   5.592623    35.1945     2.3800     0.0940          0    138.000 329.433507  1022.7615      9.816      0.273  0.000e+00
      9.989    27.4522   5.592593    35.1940     2.3806     0.1016          0    138.250 329.433510  1022.7615      9.934      0.314  0.000e+00
     10.108    27.4522   5.592502    35.1933     2.3760     0.0902          0    138.500 329.433513  1022.7614     10.052      0.357  0.000e+00
