ctd_kilwa/cnv/SBE19plus_01906740_2018_11_26_0065.cnv
* Sea-Bird SBE19plus  Data File:
* FileName = C:\Users\all user\Desktop\Mapping WWF\SBE19plus_01906740_2018_11_26_0065.hex
* Software version 2.6.3.104
* Temperature SN = 6740
* Conductivity SN = 6740
* System UpLoad Time = Nov 26 2018 19:59:18
* <ApplicationData>
* <Seaterm232>
# nquan = 13
# nvalues = 741                                   
# units = specified
# name 0 = prdM: Pressure, Strain Gauge [db]
# name 1 = tv290C: Temperature [ITS-90, deg C]
# name 2 = c0S/m: Conductivity [S/m]
# name 3 = sal00: Salinity, Practical [PSU]
# name 4 = sbeox0ML/L: Oxygen, SBE 43 [ml/l]
# name 5 = flECO-AFL: Fluorescence, WET Labs ECO-AFL/FL [mg/m^3]
# name 6 = nbf: Bottles Fired
# name 7 = timeS: Time, Elapsed [seconds]
# name 8 = timeJ: Julian Days
# name 9 = density00: Density [density, kg/m^3]
# name 10 = depSM: Depth [salt water, m], lat = 0.00
# name 11 = dz/dtM: Descent Rate [m/s]
# name 12 = flag:  0.000e+00
# span 0 =     -1.020,     12.097                 
# span 1 =    28.3508,    29.2306                 
# span 2 =   0.409949,   5.897660                 
# span 3 =     2.0085,    36.1716                 
# span 4 =     2.1840,     3.7931                 
# span 5 =    -0.4385,    48.6856                 
# span 6 =          0,          0                 
# span 7 =      0.000,    185.000                 
# span 8 = 329.570833, 329.572975                 
# span 9 =   997.5415,  1022.9456                 
# span 10 =     -1.015,     12.030                
# span 11 =     -0.993,      0.351                
# span 12 = 0.0000e+00, 0.0000e+00                
# interval = seconds: 0.25
# start_time = Nov 25 2018 13:42:00 [Instrument's time stamp, header]
# bad_flag = -9.990e-29
*END*
[from data line 334]
     11.657    28.3559   5.692399    35.2187     2.7005     0.1314          0     83.500 329.571800  1022.4921     11.592      0.001  0.000e+00
     11.646    28.3557   5.692391    35.2188     2.7001     0.1283          0     83.750 329.571803  1022.4922     11.582      0.002  0.000e+00
     11.646    28.3555   5.692353    35.2187     2.7043     0.1299          0     84.000 329.571806  1022.4922     11.582      0.003  0.000e+00
     11.646    28.3557   5.692391    35.2188     2.7110     0.1329          0     84.250 329.571808  1022.4922     11.582      0.003  0.000e+00
     11.646    28.3559   5.692353    35.2184     2.7086     0.1253          0     84.500 329.571811  1022.4918     11.582      0.006  0.000e+00
     11.646    28.3558   5.692353    35.2184     2.7111     0.1406          0     84.750 329.571814  1022.4919     11.582      0.012  0.000e+00
     11.646    28.3556   5.692353    35.2186     2.7147     0.1406          0     85.000 329.571817  1022.4921     11.582      0.009  0.000e+00
     11.646    28.3557   5.692292    35.2181     2.7119     0.1390          0     85.250 329.571820  1022.4917     11.582      0.004  0.000e+00
     11.646    28.3556   5.692322    35.2184     2.7139     0.1337          0     85.500 329.571823  1022.4919     11.582     -0.003  0.000e+00
     11.646    28.3556   5.692338    35.2185     2.7080     0.1322          0     85.750 329.571826  1022.4920     11.582     -0.000  0.000e+00
     11.646    28.3558   5.692353    35.2184     2.7007     0.1589          0     86.000 329.571829  1022.4919     11.582     -0.000  0.000e+00
     11.646    28.3562   5.692353    35.2182     2.6939     0.1657          0     86.250 329.571832  1022.4916     11.582     -0.000  0.000e+00
     11.635    28.3564   5.692353    35.2180     2.6925     0.1634          0     86.500 329.571834  1022.4914     11.571     -0.003  0.000e+00
     11.635    28.3566   5.692353    35.2179     2.6966     0.1650          0     86.750 329.571837  1022.4912     11.571     -0.005  0.000e+00
     11.646    28.3567   5.692391    35.2181     2.6979     0.1459          0     87.000 329.571840  1022.4913     11.582     -0.004  0.000e+00
     11.635    28.3568   5.692322    35.2175     2.6996     0.1474          0     87.250 329.571843  1022.4909     11.571     -0.005  0.000e+00
     11.646    28.3572   5.692292    35.2170     2.6946     0.1444          0     87.500 329.571846  1022.4904     11.582     -0.003  0.000e+00
     11.646    28.3572   5.692307    35.2171     2.6841     0.1451          0     87.750 329.571849  1022.4905     11.581     -0.001  0.000e+00
     11.657    28.3569   5.692261    35.2170     2.6770     0.1474          0     88.000 329.571852  1022.4905     11.592      0.004  0.000e+00
     11.646    28.3568   5.692193    35.2166     2.6714     0.1367          0     88.250 329.571855  1022.4902     11.581      0.006  0.000e+00
     11.635    28.3567   5.692231    35.2169     2.6628     0.1375          0     88.500 329.571858  1022.4905     11.571      0.004  0.000e+00
     11.656    28.3565   5.692231    35.2171     2.6682     0.1360          0     88.750 329.571861  1022.4907     11.592      0.006  0.000e+00
     11.667    28.3563   5.692231    35.2172     2.6580     0.1406          0     89.000 329.571863  1022.4909     11.603      0.009  0.000e+00
     11.678    28.3564   5.692231    35.2171     2.6648     0.1634          0     89.250 329.571866  1022.4909     11.614      0.016  0.000e+00
     11.667    28.3562   5.692193    35.2170     2.6711     0.1550          0     89.500 329.571869  1022.4908     11.603      0.014  0.000e+00
     11.667    28.3564   5.692193    35.2169     2.6775     0.1619          0     89.750 329.571872  1022.4907     11.603      0.014  0.000e+00
     11.667    28.3563   5.692185    35.2169     2.6831     0.1665          0     90.000 329.571875  1022.4907     11.603      0.013  0.000e+00
     11.689    28.3563   5.692162    35.2167     2.6848     0.6197          0     90.250 329.571878  1022.4907     11.624      0.019  0.000e+00
     11.678    28.3562   5.692162    35.2168     2.6903     0.6136          0     90.500 329.571881  1022.4907     11.613      0.017  0.000e+00
     11.667    28.3562   5.692101    35.2164     2.6906     0.6044          0     90.750 329.571884  1022.4904     11.603      0.006  0.000e+00
     11.689    28.3561   5.692101    35.2165     2.6965     0.6098          0     91.000 329.571887  1022.4905     11.624      0.006  0.000e+00
     11.689    28.3558   5.692101    35.2167     2.6975    21.6382          0     91.250 329.571889  1022.4908     11.624      0.008  0.000e+00
     11.667    28.3561   5.692132    35.2167     2.7059    21.6321          0     91.500 329.571892  1022.4906     11.603      0.006  0.000e+00
     11.678    28.3560   5.692132    35.2167     2.7159    21.6352          0     91.750 329.571895  1022.4907     11.613      0.004  0.000e+00
     11.678    28.3562   5.692094    35.2163     2.7214    21.6459          0     92.000 329.571898  1022.4904     11.613      0.001  0.000e+00
     11.689    28.3562   5.692101    35.2164     2.7190    21.6321          0     92.250 329.571901  1022.4904     11.624     -0.000  0.000e+00
     11.699    28.3563   5.692101    35.2163     2.7266     4.4306          0     92.500 329.571904  1022.4904     11.635      0.008  0.000e+00
     11.689    28.3564   5.692101    35.2162     2.7252     4.4344          0     92.750 329.571907  1022.4903     11.624      0.009  0.000e+00
     11.678    28.3564   5.692071    35.2160     2.7306     4.4360          0     93.000 329.571910  1022.4901     11.613      0.002  0.000e+00
     11.699    28.3559   5.691941    35.2155     2.7257     4.4344          0     93.250 329.571913  1022.4899     11.635      0.008  0.000e+00
     11.689    28.3553   5.691911    35.2157     2.7316     5.7872          0     93.500 329.571916  1022.4902     11.624      0.010  0.000e+00
     11.678    28.3551   5.691881    35.2157     2.7332     5.7887          0     93.750 329.571918  1022.4902     11.613      0.002  0.000e+00
     11.699    28.3548   5.691881    35.2159     2.7415     5.7879          0     94.000 329.571921  1022.4905     11.635      0.003  0.000e+00
     11.699    28.3549   5.691911    35.2160     2.7465     5.7955          0     94.250 329.571924  1022.4906     11.635      0.002  0.000e+00
     11.710    28.3548   5.691881    35.2159     2.7556     7.6015          0     94.500 329.571927  1022.4906     11.646      0.006  0.000e+00
     11.689    28.3549   5.691911    35.2160     2.7651     7.6045          0     94.750 329.571930  1022.4906     11.624      0.007  0.000e+00
     11.678    28.3551   5.691911    35.2159     2.7706     7.6030          0     95.000 329.571933  1022.4904     11.613      0.002  0.000e+00
     11.689    28.3557   5.691972    35.2158     2.7810     7.6060          0     95.250 329.571936  1022.4902     11.624     -0.003  0.000e+00
     11.699    28.3560   5.691972    35.2156     2.7512     8.0234          0     95.500 329.571939  1022.4900     11.635      0.001  0.000e+00
     11.689    28.3561   5.692002    35.2158     2.7232     8.0226          0     95.750 329.571942  1022.4900     11.624     -0.001  0.000e+00
     11.699    28.3564   5.691972    35.2153     2.6896     8.0302          0     96.000 329.571944  1022.4896     11.635     -0.004  0.000e+00
     11.699    28.3560   5.691881    35.2150     2.6654     8.0234          0     96.250 329.571947  1022.4895     11.635     -0.001  0.000e+00
     11.678    28.3554   5.691759    35.2146     2.6500     8.0295          0     96.500 329.571950  1022.4893     11.613     -0.004  0.000e+00
     11.699    28.3549   5.691751    35.2149     2.6408     8.5994          0     96.750 329.571953  1022.4898     11.635      0.004  0.000e+00
     11.667    28.3550   5.691881    35.2157     2.6276     8.5941          0     97.000 329.571956  1022.4902     11.602     -0.003  0.000e+00
     11.688    28.3556   5.691941    35.2157     2.6304     8.6040          0     97.250 329.571959  1022.4901     11.624     -0.007  0.000e+00
     11.678    28.3563   5.692002    35.2156     2.6380     8.6063          0     97.500 329.571962  1022.4898     11.613     -0.010  0.000e+00
     11.699    28.3568   5.692002    35.2153     2.6461    10.5182          0     97.750 329.571965  1022.4894     11.635     -0.004  0.000e+00
     11.688    28.3569   5.692002    35.2152     2.6433    10.5251          0     98.000 329.571968  1022.4893     11.624     -0.004  0.000e+00
     11.688    28.3571   5.691972    35.2148     2.6518    10.5205          0     98.250 329.571970  1022.4890     11.624     -0.000  0.000e+00
     11.677    28.3568   5.691850    35.2142     2.6552    10.5274          0     98.500 329.571973  1022.4886     11.613      0.001  0.000e+00
     11.688    28.3562   5.691812    35.2144     2.6599    10.9920          0     98.750 329.571976  1022.4889     11.624     -0.000  0.000e+00
     11.688    28.3558   5.691751    35.2142     2.6647    10.9928          0     99.000 329.571979  1022.4890     11.624      0.005  0.000e+00
     11.699    28.3553   5.691682    35.2141     2.6716    10.9928          0     99.250 329.571982  1022.4891     11.634      0.003  0.000e+00
     11.699    28.3549   5.691721    35.2147     2.6815    10.9935          0     99.500 329.571985  1022.4896     11.634      0.006  0.000e+00
     11.699    28.3550   5.691751    35.2148     2.6912    11.2102          0     99.750 329.571988  1022.4897     11.634      0.004  0.000e+00
     11.677    28.3546   5.691652    35.2144     2.6969    11.2094          0    100.000 329.571991  1022.4894     11.613      0.003  0.000e+00
     11.699    28.3548   5.691652    35.2143     2.7007    11.2239          0    100.250 329.571994  1022.4893     11.635      0.005  0.000e+00
     11.699    28.3549   5.691751    35.2149     2.7020    11.2064          0    100.500 329.571997  1022.4898     11.635      0.007  0.000e+00
     11.678    28.3550   5.691728    35.2147     2.7032    11.2171          0    100.750 329.571999  1022.4895     11.613     -0.002  0.000e+00
     11.688    28.3554   5.691751    35.2145     2.7226     2.6690          0    101.000 329.572002  1022.4893     11.624     -0.004  0.000e+00
     11.688    28.3558   5.691751    35.2142     2.7362     2.6613          0    101.250 329.572005  1022.4890     11.624     -0.006  0.000e+00
     11.688    28.3563   5.691751    35.2139     2.7389     2.6705          0    101.500 329.572008  1022.4885     11.624     -0.005  0.000e+00
     11.721    28.3566   5.691781    35.2139     2.7531     2.6674          0    101.750 329.572011  1022.4885     11.656      0.006  0.000e+00
     11.775    28.3571   5.691881    35.2142     2.7687     0.2291          0    102.000 329.572014  1022.4888     11.710      0.030  0.000e+00
     11.710    28.3587   5.692071    35.2143     2.7741     0.2413          0    102.250 329.572017  1022.4881     11.645      0.024  0.000e+00
     11.732    28.3609   5.692452    35.2153     2.7758     0.2306          0    102.500 329.572020  1022.4883     11.667      0.029  0.000e+00
     11.721    28.3638   5.692741    35.2151     2.7755     0.2367          0    102.750 329.572023  1022.4871     11.656      0.029  0.000e+00
     11.710    28.3660   5.692863    35.2144     2.7737     0.7204          0    103.000 329.572025  1022.4858     11.645      0.017  0.000e+00
     11.710    28.3676   5.692932    35.2137     2.7682     0.7257          0    103.250 329.572028  1022.4848     11.645      0.007  0.000e+00
     11.688    28.3687   5.692894    35.2126     2.7647     0.7273          0    103.500 329.572031  1022.4834     11.624     -0.010  0.000e+00
     11.699    28.3689   5.692833    35.2120     2.7590     0.7242          0    103.750 329.572034  1022.4830     11.634     -0.025  0.000e+00
     11.721    28.3687   5.692772    35.2117     2.7637     1.3613          0    104.000 329.572037  1022.4829     11.656     -0.023  0.000e+00
     11.699    28.3684   5.692741    35.2117     2.7832     1.3582          0    104.250 329.572040  1022.4829     11.634     -0.009  0.000e+00
     11.688    28.3678   5.692581    35.2111     2.7894     1.3628          0    104.500 329.572043  1022.4827     11.623     -0.015  0.000e+00
     11.742    28.3666   5.692353    35.2104     2.8000     1.3659          0    104.750 329.572046  1022.4827     11.677      0.002  0.000e+00
     11.731    28.3654   5.692124    35.2097     2.8062     1.3651          0    105.000 329.572049  1022.4825     11.666      0.012  0.000e+00
     11.742    28.3648   5.691972    35.2090     2.8105     6.1061          0    105.250 329.572052  1022.4823     11.677      0.021  0.000e+00
     11.753    28.3643   5.691652    35.2072     2.8209     6.1061          0    105.500 329.572054  1022.4811     11.688      0.030  0.000e+00
     11.753    28.3639   5.691530    35.2066     2.8234     6.0984          0    105.750 329.572057  1022.4808     11.688      0.029  0.000e+00
     11.764    28.3640   5.691530    35.2065     2.8182     6.0931          0    106.000 329.572060  1022.4808     11.699      0.031  0.000e+00
     11.764    28.3641   5.691621    35.2071     2.8245     3.8714          0    106.250 329.572063  1022.4812     11.699      0.035  0.000e+00
     11.764    28.3646   5.691682    35.2072     2.8193     3.8729          0    106.500 329.572066  1022.4810     11.699      0.030  0.000e+00
     11.764    28.3648   5.691530    35.2060     2.8204     3.8737          0    106.750 329.572069  1022.4801     11.699      0.016  0.000e+00
     11.731    28.3648   5.691637    35.2067     2.8273     3.8752          0    107.000 329.572072  1022.4805     11.667      0.007  0.000e+00
     11.785    28.3649   5.691682    35.2069     2.8801     6.4799          0    107.250 329.572075  1022.4809     11.720      0.009  0.000e+00
     11.796    28.3648   5.691720    35.2073     2.9017     6.4776          0    107.500 329.572078  1022.4812     11.731      0.014  0.000e+00
     11.785    28.3648   5.691781    35.2077     2.8849     6.4723          0    107.750 329.572080  1022.4815     11.720      0.016  0.000e+00
     11.785    28.3649   5.691781    35.2076     2.8796     6.4746          0    108.000 329.572083  1022.4814     11.720      0.016  0.000e+00
     11.807    28.3648   5.691880    35.2084     2.8569     2.3028          0    108.250 329.572086  1022.4821     11.742      0.023  0.000e+00
     11.796    28.3649   5.691880    35.2083     2.8378     2.2913          0    108.500 329.572089  1022.4820     11.731      0.025  0.000e+00
     11.796    28.3658   5.689298    35.1897     2.8472     2.3058          0    108.750 329.572092  1022.4676     11.731      0.024  0.000e+00
     11.807    28.3672   5.682201    35.1392     2.8110     2.3043          0    109.000 329.572095  1022.4293     11.742      0.024  0.000e+00
     11.807    28.3686   5.676067    35.0953     2.8003     2.2928          0    109.250 329.572098  1022.3958     11.742      0.010  0.000e+00
     11.818    28.3697   5.673275    35.0751     2.8014     1.9938          0    109.500 329.572101  1022.3803     11.752      0.012  0.000e+00
     11.818    28.3707   5.673686    35.0772     2.8115     1.9922          0    109.750 329.572104  1022.3816     11.752      0.016  0.000e+00
     11.807    28.3710   5.674127    35.0800     2.8110     1.9861          0    110.000 329.572106  1022.3836     11.742      0.011  0.000e+00
     11.785    28.3712   5.675907    35.0923     2.8164     1.9945          0    110.250 329.572109  1022.3927     11.720     -0.000  0.000e+00
     11.774    28.3710   5.676006    35.0932     2.8156     0.9607          0    110.500 329.572112  1022.3933     11.709     -0.007  0.000e+00
     11.764    28.3706   5.673975    35.0793     2.8128     0.9561          0    110.750 329.572115  1022.3830     11.699     -0.019  0.000e+00
