ctd_kilwa/cnv/SBE19plus_01906740_2018_11_26_0049.cnv
* Sea-Bird SBE19plus  Data File:
* FileName = C:\Users\all user\Desktop\Mapping WWF\SBE19plus_01906740_2018_11_26_0049.hex
* Software version 2.6.3.104
* Temperature SN = 6740
* Conductivity SN = 6740
* System UpLoad Time = Nov 26 2018 19:55:43
* <ApplicationData>
* <Seaterm232>
# nquan = 13
# nvalues = 386                                   
# units = specified
# name 0 = prdM: Pressure, Strain Gauge [db]
# name 1 = tv290C: Temperature [ITS-90, deg C]
# name 2 = c0S/m: Conductivity [S/m]
# name 3 = sal00: Salinity, Practical [PSU]
# name 4 = sbeox0ML/L: Oxygen, SBE 43 [ml/l]
# name 5 = flECO-AFL: Fluorescence, WET Labs ECO-AFL/FL [mg/m^3]
# name 6 = nbf: Bottles Fired
# name 7 = timeS: Time, Elapsed [seconds]
# name 8 = timeJ: Julian Days
# name 9 = density00: Density [density, kg/m^3]
# name 10 = depSM: Depth [salt water, m], lat = 0.00
# name 11 = dz/dtM: Descent Rate [m/s]
# name 12 = flag:  0.000e+00
# span 0 =     -1.047,     11.354                 
# span 1 =    28.4559,    30.0974                 
# span 2 =   0.081823,   5.880839                 
# span 3 =     0.3624,    36.0103                 
# span 4 =     2.0899,     3.5527                 
# span 5 =    -0.0319,    48.6963                 
# span 6 =          0,          0                 
# span 7 =      0.000,     96.250                 
# span 8 = 328.532037, 328.533151                 
# span 9 =   995.9215,  1022.8703                 
# span 10 =     -1.042,     11.291                
# span 11 =     -0.944,      0.402                
# span 12 = 0.0000e+00, 0.0000e+00                
# interval = seconds: 0.25
# start_time = Nov 24 2018 12:46:08 [Instrument's time stamp, header]
# bad_flag = -9.990e-29
*END*
[from data line 334]
      3.041    28.5390   5.717532    35.2600     2.5682     0.0231          0     83.500 328.533003  1022.4258      3.024     -0.823  0.000e+00
      2.792    28.5576   5.719516    35.2601     2.5559     0.0185          0     83.750 328.533006  1022.4186      2.777     -0.839  0.000e+00
      2.608    28.5776   5.721356    35.2581     2.5501     0.0109          0     84.000 328.533009  1022.4097      2.594     -0.852  0.000e+00
      2.349    28.6020   5.724394    35.2611     2.5498     0.0040          0     84.250 328.533012  1022.4028      2.336     -0.874  0.000e+00
      2.111    28.6261   5.726609    35.2586     2.5450     0.0116          0     84.500 328.533015  1022.3919      2.099     -0.896  0.000e+00
      1.884    28.6540   5.729954    35.2613     2.5252     0.0147          0     84.750 328.533018  1022.3836      1.874     -0.904  0.000e+00
      1.635    28.6841   5.733522    35.2637     2.5189    -0.0075          0     85.000 328.533021  1022.3744      1.626     -0.918  0.000e+00
      1.386    28.7131   5.735936    35.2590     2.5139    -0.0067          0     85.250 328.533024  1022.3602      1.379     -0.934  0.000e+00
      1.159    28.7401   5.738313    35.2555     2.5009     0.0017          0     85.500 328.533027  1022.3476      1.153     -0.944  0.000e+00
      0.965    28.7658   5.740537    35.2520     2.4869    -0.0014          0     85.750 328.533030  1022.3356      0.960     -0.937  0.000e+00
      0.814    28.7876   5.742463    35.2492     2.4837     0.0116          0     86.000 328.533032  1022.3256      0.809     -0.915  0.000e+00
      0.608    28.8087   5.744528    35.2479     2.4779     0.0063          0     86.250 328.533035  1022.3167      0.605     -0.878  0.000e+00
      0.403    28.8303   5.746929    35.2486     2.4921     0.0131          0     86.500 328.533038  1022.3091      0.400     -0.848  0.000e+00
      0.186    28.8509   5.748788    35.2463     2.4891     0.0116          0     86.750 328.533041  1022.2996      0.185     -0.826  0.000e+00
      0.003    28.8689   5.750402    35.2441     2.4918    -0.0120          0     87.000 328.533044  1022.2912      0.003     -0.800  0.000e+00
     -0.224    28.8849   5.751565    35.2404     2.4783    -0.0128          0     87.250 328.533047  1022.2821     -0.223     -0.792  0.000e+00
     -0.441    28.8995   5.752391    35.2354     2.7415    -0.0174          0     87.500 328.533050  1022.2725     -0.438     -0.801  0.000e+00
     -0.549    28.9157   5.754373    35.2371     3.0231    -0.0120          0     87.750 328.533053  1022.2680     -0.546     -0.792  0.000e+00
     -0.549    28.9373   5.757511    35.2428     2.9989    -0.0166          0     88.000 328.533056  1022.2650     -0.546     -0.734  0.000e+00
     -0.538    28.9613   5.760872    35.2483     2.9086     0.0154          0     88.250 328.533058  1022.2611     -0.535     -0.623  0.000e+00
     -0.549    28.9914   5.764670    35.2523     2.8197     0.0231          0     88.500 328.533061  1022.2540     -0.546     -0.494  0.000e+00
     -0.527    29.0185   5.767803    35.2538     2.7454     0.0261          0     88.750 328.533064  1022.2463     -0.524     -0.350  0.000e+00
     -0.527    29.0401   5.768967    35.2459     2.6522     0.0208          0     89.000 328.533067  1022.2331     -0.524     -0.215  0.000e+00
     -0.516    29.0543   5.769358    35.2381     2.5444    -0.0166          0     89.250 328.533070  1022.2225     -0.513     -0.092  0.000e+00
     -0.505    29.0621   5.769250    35.2316     2.4248    -0.0212          0     89.500 328.533073  1022.2151     -0.503     -0.007  0.000e+00
     -0.505    29.0638   5.768676    35.2264     2.3667    -0.0143          0     89.750 328.533076  1022.2106     -0.503      0.025  0.000e+00
     -0.505    29.0621   5.768063    35.2235     2.3899    -0.0189          0     90.000 328.533079  1022.2089     -0.503      0.025  0.000e+00
     -0.440    29.0596   5.767894    35.2241     2.4026     0.0452          0     90.250 328.533082  1022.2105     -0.438      0.039  0.000e+00
     -0.440    29.0585   5.768316    35.2278     2.4229     0.0429          0     90.500 328.533084  1022.2136     -0.438      0.050  0.000e+00
     -0.462    29.0587   5.768737    35.2305     2.4267     0.0459          0     90.750 328.533087  1022.2156     -0.459      0.045  0.000e+00
     -0.505    29.0546   5.767833    35.2274     2.4282     0.0467          0     91.000 328.533090  1022.2144     -0.503      0.030  0.000e+00
     -0.527    29.0468   5.766293    35.2226     2.4493     0.0109          0     91.250 328.533093  1022.2133     -0.524      0.007  0.000e+00
     -0.516    29.0392   5.765857    35.2251     2.4539    -0.0006          0     91.500 328.533096  1022.2178     -0.513     -0.009  0.000e+00
     -0.451    29.0343   5.765887    35.2289     2.4661     0.0131          0     91.750 328.533099  1022.2226     -0.449     -0.004  0.000e+00
     -0.397    29.0321   5.766209    35.2328     2.4547     0.0032          0     92.000 328.533102  1022.2264     -0.395      0.012  0.000e+00
     -0.408    29.0327   5.766569    35.2348     2.4636     0.0109          0     92.250 328.533105  1022.2277     -0.406      0.018  0.000e+00
     -0.538    29.0343   5.767121    35.2374     2.4418    -0.0311          0     92.500 328.533108  1022.2286     -0.535      0.004  0.000e+00
     -0.721    29.0374   5.767412    35.2372     2.4137    -0.0273          0     92.750 328.533111  1022.2266     -0.717     -0.052  0.000e+00
     -0.873    29.0394   5.767672    35.2376     2.4361    -0.0319          0     93.000 328.533113  1022.2255     -0.868     -0.137  0.000e+00
     -0.981    29.0402   5.767695    35.2372     2.4369    -0.0258          0     93.250 328.533116  1022.2246     -0.975     -0.238  0.000e+00
     -1.002    29.0416   5.768124    35.2392     2.4936     1.3140          0     93.500 328.533119  1022.2255     -0.997     -0.320  0.000e+00
     -1.003    29.0444   4.421941    26.1655     2.6607     1.3178          0     93.750 328.533122  1015.4282     -0.997     -0.367  0.000e+00
     -1.024    29.0428   1.003029     5.1835     2.9095     1.3208          0     94.000 328.533125   999.8008     -1.018     -0.365  0.000e+00
     -0.981    29.0366   1.219398     6.3982     2.8849     1.3155          0     94.250 328.533128  1000.7071     -0.976     -0.296  0.000e+00
     -0.992    29.0292   0.933594     4.8002     2.9175     2.6964          0     94.500 328.533131   999.5195     -0.986     -0.195  0.000e+00
     -0.992    29.0209   0.868579     4.4430     2.9021     2.6987          0     94.750 328.533134   999.2560     -0.986     -0.097  0.000e+00
     -0.981    29.0131   0.827442     4.2184     2.8729     2.6941          0     95.000 328.533137   999.0909     -0.975     -0.028  0.000e+00
     -1.002    29.0058   0.913758     4.6930     2.8187     2.6896          0     95.250 328.533139   999.4466     -0.997      0.002  0.000e+00
     -0.981    28.9994   0.982748     5.0754     2.7765    48.6963          0     95.500 328.533142   999.7335     -0.975      0.011  0.000e+00
     -1.013    28.9938   0.855159     4.3718     2.7750    48.6841          0     95.750 328.533145   999.2109     -1.008      0.004  0.000e+00
     -1.003    28.9876   0.770138     3.9082     3.0623    48.6848          0     96.000 328.533148   998.8673     -0.997     -0.000  0.000e+00
     -1.003    28.9818   0.718847     3.6307     3.3982    48.6810          0     96.250 328.533151   998.6622     -0.997     -0.011  0.000e+00
