ctd_kilwa/cnv/SBE19plus_01906740_2018_11_26_0056.cnv
* Sea-Bird SBE19plus  Data File:
* FileName = C:\Users\all user\Desktop\Mapping WWF\SBE19plus_01906740_2018_11_26_0056.hex
* Software version 2.6.3.104
* Temperature SN = 6740
* Conductivity SN = 6740
* System UpLoad Time = Nov 26 2018 19:57:16
* <ApplicationData>
* <Seaterm232>
# nquan = 13
# nvalues = 999                                   
# units = specified
# name 0 = prdM: Pressure, Strain Gauge [db]
# name 1 = tv290C: Temperature [ITS-90, deg C]
# name 2 = c0S/m: Conductivity [S/m]
# name 3 = sal00: Salinity, Practical [PSU]
# name 4 = sbeox0ML/L: Oxygen, SBE 43 [ml/l]
# name 5 = flECO-AFL: Fluorescence, WET Labs ECO-AFL/FL [mg/m^3]
# name 6 = nbf: Bottles Fired
# name 7 = timeS: Time, Elapsed [seconds]
# name 8 = timeJ: Julian Days
# name 9 = density00: Density [density, kg/m^3]
# name 10 = depSM: Depth [salt water, m], lat = 0.00
# name 11 = dz/dtM: Descent Rate [m/s]
# name 12 = flag:  0.000e+00
# span 0 =     -1.029,     22.990                 
# span 1 =    27.8328,    29.2240                 
# span 2 =   0.020785,   5.700068                 
# span 3 =     0.0941,    35.3507                 
# span 4 =     2.0963,     3.6943                 
# span 5 =    -0.1211,    48.6810                 
# span 6 =          0,          0                 
# span 7 =      0.000,    249.500                 
# span 8 = 329.372963, 329.375851                 
# span 9 =   995.9476,  1022.7062                 
# span 10 =     -1.023,     22.862                
# span 11 =     -0.683,      0.420                
# span 12 = 0.0000e+00, 0.0000e+00                
# interval = seconds: 0.25
# start_time = Nov 25 2018 08:57:04 [Instrument's time stamp, header]
# bad_flag = -9.990e-29
*END*
[from data line 556]
     13.964    28.1304   5.666778    35.2070     2.7172     0.0429          0    139.000 329.374572  1022.5674     13.887      0.120  0.000e+00
     14.062    28.1307   5.666809    35.2070     2.7058     0.0459          0    139.250 329.374575  1022.5677     13.984      0.148  0.000e+00
     14.094    28.1309   5.666839    35.2070     2.7040     0.0513          0    139.500 329.374578  1022.5678     14.016      0.179  0.000e+00
     14.094    28.1312   5.666809    35.2066     2.6826     0.0421          0    139.750 329.374580  1022.5674     14.016      0.194  0.000e+00
     14.105    28.1309   5.666809    35.2068     2.6754     0.0475          0    140.000 329.374583  1022.5677     14.027      0.195  0.000e+00
     14.127    28.1313   5.666778    35.2063     2.6750     0.0574          0    140.250 329.374586  1022.5673     14.049      0.187  0.000e+00
     14.116    28.1313   5.666809    35.2065     2.6710     0.0574          0    140.500 329.374589  1022.5674     14.038      0.151  0.000e+00
     14.148    28.1314   5.666839    35.2066     2.6725     0.0627          0    140.750 329.374592  1022.5676     14.070      0.115  0.000e+00
     14.213    28.1315   5.666869    35.2068     2.6813     0.0604          0    141.000 329.374595  1022.5679     14.134      0.089  0.000e+00
     14.267    28.1316   5.666908    35.2069     2.7085     0.0437          0    141.250 329.374598  1022.5683     14.188      0.086  0.000e+00
     14.289    28.1319   5.666908    35.2067     2.7089     0.0444          0    141.500 329.374601  1022.5681     14.210      0.102  0.000e+00
     14.289    28.1316   5.666839    35.2065     2.7031     0.0429          0    141.750 329.374604  1022.5680     14.210      0.114  0.000e+00
     14.300    28.1312   5.666801    35.2065     2.7130     0.0444          0    142.000 329.374606  1022.5682     14.220      0.115  0.000e+00
     14.343    28.1309   5.666748    35.2063     2.7248     0.0444          0    142.250 329.374609  1022.5684     14.264      0.118  0.000e+00
     14.408    28.1307   5.666748    35.2064     2.7439     0.0467          0    142.500 329.374612  1022.5688     14.328      0.130  0.000e+00
     14.440    28.1305   5.666748    35.2066     2.7235     0.0452          0    142.750 329.374615  1022.5691     14.360      0.128  0.000e+00
     14.527    28.1304   5.666748    35.2066     2.7154     0.0429          0    143.000 329.374618  1022.5695     14.446      0.138  0.000e+00
     14.581    28.1302   5.666748    35.2068     2.7082     0.0406          0    143.250 329.374621  1022.5699     14.500      0.159  0.000e+00
     14.581    28.1302   5.666748    35.2068     2.7206     0.0658          0    143.500 329.374624  1022.5699     14.500      0.173  0.000e+00
     14.613    28.1299   5.666748    35.2070     2.7111     0.0688          0    143.750 329.374627  1022.5703     14.532      0.182  0.000e+00
     14.678    28.1299   5.666748    35.2069     2.7074     0.0704          0    144.000 329.374630  1022.5706     14.597      0.187  0.000e+00
     14.710    28.1298   5.666718    35.2068     2.7123     0.0688          0    144.250 329.374633  1022.5706     14.629      0.179  0.000e+00
     14.808    28.1297   5.666680    35.2066     2.6980     0.0543          0    144.500 329.374635  1022.5709     14.726      0.183  0.000e+00
     14.829    28.1298   5.666718    35.2068     2.7221     0.0574          0    144.750 329.374638  1022.5711     14.747      0.184  0.000e+00
     14.873    28.1295   5.666680    35.2068     2.7373     0.0635          0    145.000 329.374641  1022.5714     14.790      0.179  0.000e+00
     14.959    28.1296   5.666718    35.2069     2.7571     0.0604          0    145.250 329.374644  1022.5718     14.876      0.197  0.000e+00
     15.024    28.1299   5.666779    35.2071     2.7705     0.0459          0    145.500 329.374647  1022.5721     14.941      0.221  0.000e+00
     15.056    28.1303   5.666802    35.2069     2.7746     0.0452          0    145.750 329.374650  1022.5721     14.973      0.225  0.000e+00
     15.078    28.1305   5.666809    35.2068     2.7581     0.0444          0    146.000 329.374653  1022.5720     14.995      0.213  0.000e+00
     15.154    28.1305   5.666809    35.2068     2.7399     0.0490          0    146.250 329.374656  1022.5723     15.070      0.213  0.000e+00
     15.218    28.1307   5.666840    35.2068     2.7071     0.0566          0    146.500 329.374659  1022.5726     15.134      0.208  0.000e+00
     15.294    28.1310   5.666870    35.2068     2.7017     0.0620          0    146.750 329.374661  1022.5728     15.209      0.223  0.000e+00
     15.337    28.1310   5.666870    35.2068     2.6828     0.0574          0    147.000 329.374664  1022.5729     15.252      0.223  0.000e+00
     15.381    28.1308   5.666748    35.2061     2.6767     0.0582          0    147.250 329.374667  1022.5727     15.295      0.216  0.000e+00
     15.413    28.1305   5.666749    35.2063     2.7013     0.0505          0    147.500 329.374670  1022.5730     15.328      0.213  0.000e+00
     15.478    28.1301   5.666718    35.2063     2.7133     0.0559          0    147.750 329.374673  1022.5735     15.392      0.218  0.000e+00
     15.564    28.1295   5.666680    35.2065     2.7333     0.0559          0    148.000 329.374676  1022.5742     15.478      0.226  0.000e+00
     15.640    28.1293   5.666650    35.2065     2.7402     0.0543          0    148.250 329.374679  1022.5746     15.553      0.228  0.000e+00
     15.661    28.1287   5.666559    35.2063     2.7608     0.0574          0    148.500 329.374682  1022.5747     15.575      0.224  0.000e+00
     15.726    28.1280   5.666460    35.2061     2.7534     0.0330          0    148.750 329.374685  1022.5750     15.639      0.225  0.000e+00
     15.780    28.1272   5.666369    35.2060     2.7627     0.0292          0    149.000 329.374687  1022.5755     15.693      0.231  0.000e+00
     15.878    28.1268   5.666369    35.2063     2.7513     0.0276          0    149.250 329.374690  1022.5762     15.790      0.246  0.000e+00
     15.975    28.1268   5.666437    35.2067     2.7348     0.0368          0    149.500 329.374693  1022.5770     15.886      0.264  0.000e+00
     16.061    28.1272   5.666589    35.2075     2.7280     0.0704          0    149.750 329.374696  1022.5778     15.972      0.277  0.000e+00
     16.115    28.1277   5.666620    35.2073     2.7320     0.0681          0    150.000 329.374699  1022.5777     16.026      0.283  0.000e+00
     16.115    28.1278   5.666620    35.2072     2.7235     0.0734          0    150.250 329.374702  1022.5776     16.026      0.275  0.000e+00
     16.148    28.1281   5.666589    35.2068     2.7239     0.0681          0    150.500 329.374705  1022.5774     16.058      0.264  0.000e+00
     16.159    28.1285   5.666650    35.2069     2.7278     0.0459          0    150.750 329.374708  1022.5774     16.069      0.230  0.000e+00
     16.213    28.1287   5.666719    35.2072     2.7213     0.0490          0    151.000 329.374711  1022.5778     16.123      0.198  0.000e+00
     16.256    28.1289   5.666681    35.2068     2.7188     0.0437          0    151.250 329.374714  1022.5776     16.166      0.164  0.000e+00
     16.299    28.1291   5.666719    35.2069     2.7126     0.0444          0    151.500 329.374716  1022.5778     16.209      0.141  0.000e+00
     16.386    28.1290   5.666681    35.2067     2.6824     0.0429          0    151.750 329.374719  1022.5780     16.295      0.146  0.000e+00
     16.461    28.1289   5.666620    35.2063     2.6846     0.0643          0    152.000 329.374722  1022.5781     16.370      0.173  0.000e+00
     16.580    28.1287   5.666620    35.2064     2.6778     0.0749          0    152.250 329.374725  1022.5788     16.489      0.223  0.000e+00
     16.624    28.1287   5.666650    35.2066     2.6940     0.0696          0    152.500 329.374728  1022.5791     16.532      0.253  0.000e+00
     16.732    28.1286   5.666650    35.2067     2.7018     0.0673          0    152.750 329.374731  1022.5796     16.639      0.289  0.000e+00
     16.807    28.1288   5.666681    35.2067     2.7187     0.0475          0    153.000 329.374734  1022.5799     16.714      0.310  0.000e+00
     16.883    28.1285   5.666651    35.2067     2.7285     0.0421          0    153.250 329.374737  1022.5803     16.789      0.326  0.000e+00
     16.926    28.1286   5.666651    35.2066     2.7243     0.0429          0    153.500 329.374740  1022.5804     16.832      0.323  0.000e+00
     16.959    28.1282   5.666651    35.2069     2.7059     0.0391          0    153.750 329.374742  1022.5809     16.865      0.298  0.000e+00
     17.023    28.1279   5.666559    35.2064     2.7047     0.0406          0    154.000 329.374745  1022.5809     16.929      0.276  0.000e+00
     17.099    28.1272   5.666461    35.2062     2.7045     0.0444          0    154.250 329.374748  1022.5813     17.004      0.257  0.000e+00
     17.153    28.1267   5.666400    35.2062     2.6989     0.0406          0    154.500 329.374751  1022.5816     17.058      0.249  0.000e+00
     17.240    28.1265   5.666430    35.2065     2.6986     0.0521          0    154.750 329.374754  1022.5823     17.144      0.240  0.000e+00
     17.272    28.1259   5.666400    35.2068     2.6934     0.0505          0    155.000 329.374757  1022.5829     17.176      0.235  0.000e+00
     17.304    28.1242   5.666050    35.2056     2.7234     0.0482          0    155.250 329.374760  1022.5827     17.209      0.228  0.000e+00
     17.337    28.1226   5.665830    35.2052     2.7260     0.0452          0    155.500 329.374763  1022.5830     17.241      0.221  0.000e+00
     17.412    28.1214   5.665799    35.2059     2.7296     0.0437          0    155.750 329.374766  1022.5843     17.316      0.219  0.000e+00
     17.521    28.1218   5.665989    35.2069     2.7525     0.0452          0    156.000 329.374769  1022.5854     17.424      0.224  0.000e+00
     17.596    28.1225   5.666149    35.2074     2.7125     0.0459          0    156.250 329.374771  1022.5859     17.499      0.234  0.000e+00
     17.596    28.1224   5.666149    35.2075     2.7041     0.0505          0    156.500 329.374774  1022.5859     17.499      0.230  0.000e+00
     17.650    28.1221   5.665990    35.2066     2.7167     0.0490          0    156.750 329.374777  1022.5857     17.553      0.226  0.000e+00
     17.737    28.1220   5.665990    35.2067     2.7185     0.0467          0    157.000 329.374780  1022.5861     17.639      0.240  0.000e+00
     17.791    28.1216   5.665914    35.2064     2.7128     0.0345          0    157.250 329.374783  1022.5863     17.692      0.247  0.000e+00
     17.834    28.1209   5.665830    35.2063     2.7033     0.0376          0    157.500 329.374786  1022.5866     17.735      0.241  0.000e+00
     17.888    28.1201   5.665670    35.2058     2.6806     0.0322          0    157.750 329.374789  1022.5867     17.789      0.225  0.000e+00
     17.953    28.1191   5.665541    35.2056     2.6812     0.0292          0    158.000 329.374792  1022.5871     17.854      0.215  0.000e+00
     18.040    28.1185   5.665511    35.2058     2.6880     0.0658          0    158.250 329.374795  1022.5879     17.940      0.228  0.000e+00
     18.137    28.1180   5.665511    35.2062     2.6857     0.0734          0    158.500 329.374797  1022.5888     18.036      0.257  0.000e+00
     18.245    28.1177   5.665579    35.2068     2.6806     0.0719          0    158.750 329.374800  1022.5898     18.144      0.280  0.000e+00
     18.299    28.1175   5.665579    35.2070     2.6843     0.0650          0    159.000 329.374803  1022.5902     18.198      0.291  0.000e+00
     18.364    28.1173   5.665481    35.2064     2.6964     0.0360          0    159.250 329.374806  1022.5901     18.262      0.306  0.000e+00
     18.439    28.1162   5.665260    35.2056     2.7034     0.0315          0    159.500 329.374809  1022.5902     18.337      0.316  0.000e+00
     18.461    28.1150   5.665101    35.2055     2.7104     0.0391          0    159.750 329.374812  1022.5906     18.359      0.304  0.000e+00
     18.526    28.1143   5.665161    35.2064     2.7123     0.0261          0    160.000 329.374815  1022.5918     18.423      0.285  0.000e+00
     18.623    28.1141   5.665162    35.2065     2.7358     0.0276          0    160.250 329.374818  1022.5923     18.520      0.271  0.000e+00
     18.688    28.1137   5.665162    35.2068     2.7325     0.0574          0    160.500 329.374821  1022.5930     18.584      0.259  0.000e+00
     18.785    28.1131   5.665070    35.2065     2.7382     0.0551          0    160.750 329.374823  1022.5934     18.681      0.262  0.000e+00
     18.872    28.1108   5.664576    35.2048     2.7455     0.0505          0    161.000 329.374826  1022.5932     18.767      0.281  0.000e+00
     18.937    28.1079   5.664151    35.2039     2.7300     0.0543          0    161.250 329.374829  1022.5937     18.832      0.293  0.000e+00
     18.980    28.1052   5.663961    35.2046     2.7423     0.0444          0    161.500 329.374832  1022.5953     18.875      0.296  0.000e+00
     19.056    28.1036   5.663870    35.2052     2.7502     0.0414          0    161.750 329.374835  1022.5966     18.950      0.304  0.000e+00
     19.077    28.1018   5.663801    35.2060     2.7259     0.0475          0    162.000 329.374838  1022.5979     18.972      0.283  0.000e+00
     19.142    28.0998   5.663581    35.2059     2.7075     0.0467          0    162.250 329.374841  1022.5988     19.036      0.260  0.000e+00
     19.229    28.0982   5.663452    35.2062     2.7236     0.0582          0    162.500 329.374844  1022.5999     19.122      0.251  0.000e+00
     19.293    28.0965   5.663330    35.2066     2.7206     0.0513          0    162.750 329.374847  1022.6011     19.187      0.241  0.000e+00
     19.391    28.0943   5.663072    35.2064     2.7490     0.0559          0    163.000 329.374850  1022.6020     19.283      0.249  0.000e+00
     19.467    28.0915   5.662730    35.2061     2.7591     0.0612          0    163.250 329.374852  1022.6030     19.359      0.265  0.000e+00
     19.521    28.0889   5.662380    35.2056     2.7605     0.0635          0    163.500 329.374855  1022.6037     19.412      0.278  0.000e+00
     19.575    28.0866   5.662130    35.2054     2.7753     0.0719          0    163.750 329.374858  1022.6046     19.466      0.281  0.000e+00
     19.694    28.0845   5.661902    35.2054     2.7913     0.0749          0    164.000 329.374861  1022.6058     19.584      0.301  0.000e+00
     19.769    28.0824   5.661712    35.2057     2.7900     0.0734          0    164.250 329.374864  1022.6070     19.660      0.306  0.000e+00
     19.866    28.0803   5.661681    35.2069     2.7499     0.0704          0    164.500 329.374867  1022.6091     19.756      0.313  0.000e+00
     19.920    28.0775   5.661301    35.2064     2.7203     0.0406          0    164.750 329.374870  1022.6098     19.810      0.314  0.000e+00
     19.996    28.0728   5.660352    35.2032     2.6998     0.0437          0    165.000 329.374873  1022.6093     19.885      0.311  0.000e+00
     20.039    28.0665   5.659531    35.2021     2.6948     0.0467          0    165.250 329.374876  1022.6107     19.928      0.305  0.000e+00
     20.136    28.0618   5.659280    35.2039     2.6799     0.0398          0    165.500 329.374878  1022.6140     20.025      0.308  0.000e+00
     20.212    28.0584   5.659212    35.2059     2.6810     0.0948          0    165.750 329.374881  1022.6170     20.100      0.303  0.000e+00
     20.309    28.0549   5.658870    35.2061     2.6770     0.0971          0    166.000 329.374884  1022.6187     20.197      0.297  0.000e+00
     20.396    28.0517   5.658582    35.2065     2.6923     0.0955          0    166.250 329.374887  1022.6204     20.283      0.304  0.000e+00
