ctd_kilwa/cnv/SBE19plus_01906740_2018_11_26_0040.cnv
* Sea-Bird SBE19plus  Data File:
* FileName = C:\Users\all user\Desktop\Mapping WWF\SBE19plus_01906740_2018_11_26_0040.hex
* Software version 2.6.3.104
* Temperature SN = 6740
* Conductivity SN = 6740
* System UpLoad Time = Nov 26 2018 19:53:22
* <ApplicationData>
* <Seaterm232>
# nquan = 13
# nvalues = 1173                                  
# units = specified
# name 0 = prdM: Pressure, Strain Gauge [db]
# name 1 = tv290C: Temperature [ITS-90, deg C]
# name 2 = c0S/m: Conductivity [S/m]
# name 3 = sal00: Salinity, Practical [PSU]
# name 4 = sbeox0ML/L: Oxygen, SBE 43 [ml/l]
# name 5 = flECO-AFL: Fluorescence, WET Labs ECO-AFL/FL [mg/m^3]
# name 6 = nbf: Bottles Fired
# name 7 = timeS: Time, Elapsed [seconds]
# name 8 = timeJ: Julian Days
# name 9 = density00: Density [density, kg/m^3]
# name 10 = depSM: Depth [salt water, m], lat = 0.00
# name 11 = dz/dtM: Descent Rate [m/s]
# name 12 = flag:  0.000e+00
# span 0 =     -1.060,     25.404                 
# span 1 =    27.8266,    28.6210                 
# span 2 =   0.088550,   5.721087                 
# span 3 =     0.4038,    35.2692                 
# span 4 =     1.9475,     4.6742                 
# span 5 =    -0.1395,    48.6780                 
# span 6 =          0,          0                 
# span 7 =      0.000,    293.000                 
# span 8 = 328.411169, 328.414560                 
# span 9 =   996.3564,  1022.7091                 
# span 10 =     -1.054,     25.263                
# span 11 =     -0.698,      0.605                
# span 12 = 0.0000e+00, 0.0000e+00                
# interval = seconds: 0.25
# start_time = Nov 24 2018 09:52:05 [Instrument's time stamp, header]
# bad_flag = -9.990e-29
*END*
[from data line 1001]
      9.805    28.0491   5.656714    35.1985     3.9037     0.0292          0    250.250 328.414065  1022.5699      9.751     -0.316  0.000e+00
      9.805    28.0500   5.656805    35.1984     3.8928     0.0345          0    250.500 328.414068  1022.5695      9.751     -0.254  0.000e+00
      9.826    28.0514   5.656995    35.1987     3.8824     0.0231          0    250.750 328.414071  1022.5694      9.772     -0.194  0.000e+00
      9.848    28.0533   5.657345    35.1997     3.8719     0.0253          0    251.000 328.414074  1022.5696      9.794     -0.135  0.000e+00
      9.848    28.0558   5.657474    35.1988     3.8569     0.0246          0    251.250 328.414077  1022.5681      9.794     -0.085  0.000e+00
      9.859    28.0604   5.658036    35.1992     3.8512     0.0177          0    251.500 328.414080  1022.5669      9.805     -0.041  0.000e+00
      9.837    28.0704   5.659685    35.2033     3.8505     0.0368          0    251.750 328.414083  1022.5667      9.783     -0.006  0.000e+00
      9.837    28.0782   5.660384    35.2024     3.8504     0.0376          0    252.000 328.414086  1022.5634      9.783      0.012  0.000e+00
      9.805    28.0815   5.660156    35.1984     3.8515     0.0391          0    252.250 328.414089  1022.5592      9.751      0.009  0.000e+00
      9.816    28.0833   5.660034    35.1961     3.8532     0.0345          0    252.500 328.414091  1022.5569      9.762     -0.004  0.000e+00
      9.794    28.0859   5.660285    35.1960     3.8460     0.0269          0    252.750 328.414094  1022.5559      9.740     -0.022  0.000e+00
      9.805    28.0896   5.660794    35.1968     3.8519     0.0200          0    253.000 328.414097  1022.5553      9.751     -0.030  0.000e+00
      9.805    28.0956   5.661554    35.1976     3.8538     0.0200          0    253.250 328.414100  1022.5540      9.751     -0.030  0.000e+00
      9.783    28.1013   5.662215    35.1980     3.8575     0.0200          0    253.500 328.414103  1022.5523      9.729     -0.032  0.000e+00
      9.827    28.1042   5.662086    35.1950     3.8419     0.0131          0    253.750 328.414106  1022.5493      9.772     -0.014  0.000e+00
      9.859    28.1079   5.662595    35.1957     3.8309     0.0017          0    254.000 328.414109  1022.5487      9.805      0.007  0.000e+00
      9.848    28.1119   5.663256    35.1974     3.8089    -0.0067          0    254.250 328.414112  1022.5486      9.794      0.023  0.000e+00
      9.827    28.1163   5.663842    35.1982     3.8015    -0.0006          0    254.500 328.414115  1022.5477      9.773      0.022  0.000e+00
      9.805    28.1269   5.665537    35.2022     3.8039     0.0002          0    254.750 328.414117  1022.5471      9.751      0.018  0.000e+00
      9.773    28.1363   5.666297    35.2005     3.8100    -0.0014          0    255.000 328.414120  1022.5427      9.719     -0.001  0.000e+00
      9.783    28.1391   5.665696    35.1942     3.8130    -0.0021          0    255.250 328.414123  1022.5370      9.729     -0.013  0.000e+00
      9.827    28.1389   5.665225    35.1910     3.8160    -0.0036          0    255.500 328.414126  1022.5349      9.773     -0.011  0.000e+00
      9.827    28.1378   5.664966    35.1900     3.8207     0.0032          0    255.750 328.414129  1022.5345      9.773     -0.019  0.000e+00
      9.892    28.1362   5.665035    35.1917     3.8220     0.0208          0    256.000 328.414132  1022.5366      9.837      0.003  0.000e+00
      9.892    28.1369   5.665476    35.1943     3.8254     0.0208          0    256.250 328.414135  1022.5383      9.837      0.031  0.000e+00
      9.924    28.1396   5.666107    35.1967     3.8151     0.0231          0    256.500 328.414138  1022.5393      9.869      0.062  0.000e+00
      9.892    28.1426   5.666365    35.1962     3.8166     0.0231          0    256.750 328.414141  1022.5379      9.837      0.072  0.000e+00
      9.881    28.1439   5.666297    35.1948     3.8140     0.0192          0    257.000 328.414144  1022.5363      9.826      0.068  0.000e+00
      9.924    28.1444   5.666145    35.1933     3.8346    -0.0067          0    257.250 328.414146  1022.5352      9.869      0.059  0.000e+00
      9.924    28.1446   5.666046    35.1925     3.8143    -0.0067          0    257.500 328.414149  1022.5345      9.869      0.044  0.000e+00
      9.892    28.1446   5.666175    35.1934     3.8200    -0.0075          0    257.750 328.414152  1022.5351      9.837      0.025  0.000e+00
      9.805    28.1444   5.666175    35.1936     3.8246     0.0017          0    258.000 328.414155  1022.5350      9.751     -0.021  0.000e+00
      9.654    28.1436   5.666046    35.1933     3.8177     0.0116          0    258.250 328.414158  1022.5344      9.600     -0.084  0.000e+00
      9.437    28.1429   5.665947    35.1932     3.8090     0.0131          0    258.500 328.414161  1022.5336      9.385     -0.190  0.000e+00
      9.243    28.1421   5.665916    35.1936     3.8343     0.0101          0    258.750 328.414164  1022.5333      9.192     -0.306  0.000e+00
      9.102    28.1409   5.665825    35.1939     3.8584     0.0109          0    259.000 328.414167  1022.5333      9.052     -0.425  0.000e+00
      9.038    28.1398   5.665665    35.1937     3.9156     0.0215          0    259.250 328.414170  1022.5332      8.988     -0.512  0.000e+00
      8.973    28.1407   5.665985    35.1952     3.8920     0.0154          0    259.500 328.414172  1022.5338      8.923     -0.546  0.000e+00
      8.832    28.1435   5.666714    35.1983     3.8850     0.0147          0    259.750 328.414175  1022.5346      8.783     -0.554  0.000e+00
      8.713    28.1495   5.667725    35.2009     3.9089     0.0215          0    260.000 328.414178  1022.5341      8.665     -0.531  0.000e+00
      8.637    28.1570   5.668706    35.2022     3.9587     0.0147          0    260.250 328.414181  1022.5323      8.590     -0.479  0.000e+00
      8.518    28.1633   5.669185    35.2010     4.0200     0.0086          0    260.500 328.414184  1022.5288      8.471     -0.432  0.000e+00
      8.399    28.1680   5.669405    35.1990     4.1041     0.0101          0    260.750 328.414187  1022.5252      8.353     -0.412  0.000e+00
      8.270    28.1717   5.669595    35.1976     4.1762     0.0070          0    261.000 328.414190  1022.5224      8.224     -0.423  0.000e+00
      8.151    28.1749   5.669755    35.1964     4.2643     0.0116          0    261.250 328.414193  1022.5200      8.106     -0.448  0.000e+00
      8.054    28.1775   5.669915    35.1956     4.3589     0.0086          0    261.500 328.414196  1022.5181      8.009     -0.456  0.000e+00
      7.881    28.1807   5.670416    35.1968     4.4315     0.0047          0    261.750 328.414198  1022.5171      7.837     -0.467  0.000e+00
      7.718    28.1853   5.671063    35.1979     4.4844     0.0070          0    262.000 328.414201  1022.5158      7.676     -0.495  0.000e+00
      7.610    28.1899   5.671595    35.1983     4.5252     0.0086          0    262.250 328.414204  1022.5141      7.568     -0.517  0.000e+00
      7.459    28.1946   5.672066    35.1981     4.5550     0.0063          0    262.500 328.414207  1022.5118      7.418     -0.532  0.000e+00
      7.221    28.1998   5.672766    35.1991     4.5783     0.0070          0    262.750 328.414210  1022.5098      7.181     -0.571  0.000e+00
      7.016    28.2049   5.673245    35.1988     4.6068     0.0070          0    263.000 328.414213  1022.5070      6.977     -0.618  0.000e+00
      6.897    28.2091   5.673625    35.1983     4.5953     0.0101          0    263.250 328.414216  1022.5048      6.859     -0.647  0.000e+00
      6.897    28.2140   5.674447    35.2004     4.5746     0.0116          0    263.500 328.414219  1022.5048      6.859     -0.625  0.000e+00
      7.016    28.2206   5.675497    35.2028     4.5326     0.0078          0    263.750 328.414222  1022.5049      6.977     -0.520  0.000e+00
      7.059    28.2284   5.676448    35.2036     4.4975     0.0070          0    264.000 328.414225  1022.5031      7.020     -0.391  0.000e+00
      7.113    28.2374   5.677657    35.2053     4.4664     0.0116          0    264.250 328.414227  1022.5017      7.074     -0.248  0.000e+00
      7.156    28.2451   5.678228    35.2036     4.4346    -0.0044          0    264.500 328.414230  1022.4980      7.117     -0.089  0.000e+00
      7.113    28.2523   5.678738    35.2018     4.4091     0.0002          0    264.750 328.414233  1022.4941      7.074      0.039  0.000e+00
      6.983    28.2585   5.679331    35.2014     4.4109    -0.0044          0    265.000 328.414236  1022.4912      6.945      0.076  0.000e+00
      6.908    28.2637   5.679620    35.1995     4.4238    -0.0067          0    265.250 328.414239  1022.4878      6.869      0.040  0.000e+00
      6.778    28.2670   5.679780    35.1982     4.4232    -0.0052          0    265.500 328.414242  1022.4851      6.741     -0.063  0.000e+00
      6.670    28.2690   5.679818    35.1971     4.4217     0.0086          0    265.750 328.414245  1022.4831      6.633     -0.187  0.000e+00
      6.518    28.2704   5.679879    35.1965     4.4488     0.0086          0    266.000 328.414248  1022.4816      6.482     -0.297  0.000e+00
      6.421    28.2709   5.679940    35.1966     4.4650     0.0063          0    266.250 328.414251  1022.4811      6.386     -0.385  0.000e+00
      6.389    28.2712   5.680039    35.1970     4.4579     0.0063          0    266.500 328.414253  1022.4812      6.354     -0.421  0.000e+00
      6.324    28.2716   5.680069    35.1969     4.4007     0.0353          0    266.750 328.414256  1022.4807      6.289     -0.411  0.000e+00
      6.183    28.2725   5.680320    35.1981     4.3699     0.0307          0    267.000 328.414259  1022.4807      6.149     -0.398  0.000e+00
      6.032    28.2734   5.680510    35.1988     4.3583     0.0345          0    267.250 328.414262  1022.4803      5.999     -0.407  0.000e+00
      5.935    28.2747   5.680769    35.1997     4.3288     0.0292          0    267.500 328.414265  1022.4801      5.902     -0.404  0.000e+00
      5.816    28.2764   5.681073    35.2005     4.2860     0.0101          0    267.750 328.414268  1022.4797      5.784     -0.410  0.000e+00
      5.729    28.2781   5.681370    35.2014     4.2386     0.0063          0    268.000 328.414271  1022.4794      5.698     -0.412  0.000e+00
      5.664    28.2796   5.681560    35.2016     4.2201     0.0063          0    268.250 328.414274  1022.4788      5.633     -0.418  0.000e+00
      5.643    28.2805   5.681591    35.2011     4.2497     0.0101          0    268.500 328.414277  1022.4780      5.612     -0.406  0.000e+00
      5.556    28.2821   5.681849    35.2018     4.1365     0.0131          0    268.750 328.414280  1022.4776      5.526     -0.375  0.000e+00
      5.405    28.2845   5.682200    35.2025     3.9598     0.0192          0    269.000 328.414282  1022.4768      5.375     -0.352  0.000e+00
      5.265    28.2880   5.682770    35.2039     3.9460     0.0261          0    269.250 328.414285  1022.4761      5.236     -0.351  0.000e+00
      5.156    28.2911   5.683280    35.2052     4.0059     0.0238          0    269.500 328.414288  1022.4755      5.128     -0.368  0.000e+00
      5.016    28.2943   5.683531    35.2046     4.1494     0.0192          0    269.750 328.414291  1022.4734      4.988     -0.397  0.000e+00
      4.854    28.2974   5.683881    35.2048     4.2646     0.0101          0    270.000 328.414294  1022.4719      4.827     -0.448  0.000e+00
      4.735    28.3002   5.684285    35.2056     4.2856     0.0101          0    270.250 328.414297  1022.4710      4.709     -0.494  0.000e+00
      4.724    28.3036   5.684871    35.2071     4.3165     0.0093          0    270.500 328.414300  1022.4710      4.698     -0.499  0.000e+00
      4.659    28.3088   5.685632    35.2086     4.4135     0.0116          0    270.750 328.414303  1022.4701      4.633     -0.466  0.000e+00
      4.508    28.3158   5.686873    35.2121     4.4474     0.0238          0    271.000 328.414306  1022.4698      4.483     -0.437  0.000e+00
      4.346    28.3217   5.687444    35.2118     4.4359     0.0177          0    271.250 328.414308  1022.4669      4.322     -0.431  0.000e+00
      4.281    28.3263   5.687673    35.2099     4.4127     0.0215          0    271.500 328.414311  1022.4637      4.257     -0.419  0.000e+00
      4.227    28.3299   5.687893    35.2088     4.3984     0.0215          0    271.750 328.414314  1022.4615      4.203     -0.391  0.000e+00
      4.129    28.3326   5.688084    35.2081     4.3912     0.0002          0    272.000 328.414317  1022.4596      4.107     -0.375  0.000e+00
      3.967    28.3347   5.688373    35.2086     4.4125    -0.0029          0    272.250 328.414320  1022.4586      3.945     -0.396  0.000e+00
      3.935    28.3377   5.688723    35.2088     4.4170     0.0017          0    272.500 328.414323  1022.4577      3.913     -0.407  0.000e+00
      3.870    28.3405   5.688936    35.2083     4.4101    -0.0029          0    272.750 328.414326  1022.4561      3.849     -0.386  0.000e+00
      3.697    28.3424   5.689226    35.2089     4.3972    -0.0143          0    273.000 328.414329  1022.4551      3.677     -0.375  0.000e+00
      3.535    28.3444   5.689454    35.2091     4.3949    -0.0159          0    273.250 328.414332  1022.4539      3.515     -0.393  0.000e+00
      3.427    28.3463   5.689705    35.2095     4.3779    -0.0166          0    273.500 328.414334  1022.4532      3.408     -0.430  0.000e+00
      3.308    28.3479   5.689835    35.2092     4.3260    -0.0120          0    273.750 328.414337  1022.4519      3.290     -0.459  0.000e+00
      3.146    28.3491   5.689926    35.2090     4.2898    -0.0143          0    274.000 328.414340  1022.4506      3.128     -0.484  0.000e+00
      3.027    28.3503   5.690215    35.2102     4.2550    -0.0014          0    274.250 328.414343  1022.4506      3.010     -0.502  0.000e+00
      2.994    28.3518   5.690375    35.2102     4.2215    -0.0052          0    274.500 328.414346  1022.4500      2.978     -0.508  0.000e+00
      2.951    28.3532   5.690436    35.2095     4.1401    -0.0029          0    274.750 328.414349  1022.4489      2.935     -0.472  0.000e+00
      2.821    28.3553   5.690855    35.2110     3.9468     0.0047          0    275.000 328.414352  1022.4487      2.806     -0.427  0.000e+00
      2.670    28.3580   5.691236    35.2116     3.7669    -0.0014          0    275.250 328.414355  1022.4476      2.655     -0.409  0.000e+00
      2.594    28.3607   5.691616    35.2123     3.6741     0.0017          0    275.500 328.414358  1022.4470      2.580     -0.398  0.000e+00
      2.519    28.3627   5.691746    35.2118     3.7546    -0.0014          0    275.750 328.414361  1022.4456      2.505     -0.380  0.000e+00
      2.378    28.3639   5.691837    35.2115     3.8865    -0.0029          0    276.000 328.414363  1022.4444      2.365     -0.378  0.000e+00
      2.194    28.3650   5.691997    35.2119     4.0275     0.0360          0    276.250 328.414366  1022.4435      2.182     -0.418  0.000e+00
      2.097    28.3667   5.692317    35.2129     4.1972     0.0315          0    276.500 328.414369  1022.4433      2.085     -0.460  0.000e+00
      2.010    28.3683   5.692446    35.2127     4.4032     0.0307          0    276.750 328.414372  1022.4422      1.999     -0.474  0.000e+00
      1.826    28.3696   5.692515    35.2122     4.5708     0.0345          0    277.000 328.414375  1022.4406      1.816     -0.485  0.000e+00
      1.664    28.3704   5.692637    35.2125     4.6627     0.0017          0    277.250 328.414378  1022.4399      1.655     -0.508  0.000e+00
      1.610    28.3714   5.692797    35.2129     4.6742    -0.0029          0    277.500 328.414381  1022.4397      1.601     -0.519  0.000e+00
