ctd_kilwa/cnv/SBE19plus_01906740_2018_11_26_0070.cnv
* Sea-Bird SBE19plus  Data File:
* FileName = C:\Users\all user\Desktop\Mapping WWF\SBE19plus_01906740_2018_11_26_0070.hex
* Software version 2.6.3.104
* Temperature SN = 6740
* Conductivity SN = 6740
* System UpLoad Time = Nov 26 2018 20:00:31
* <ApplicationData>
* <Seaterm232>
# nquan = 13
# nvalues = 678                                   
# units = specified
# name 0 = prdM: Pressure, Strain Gauge [db]
# name 1 = tv290C: Temperature [ITS-90, deg C]
# name 2 = c0S/m: Conductivity [S/m]
# name 3 = sal00: Salinity, Practical [PSU]
# name 4 = sbeox0ML/L: Oxygen, SBE 43 [ml/l]
# name 5 = flECO-AFL: Fluorescence, WET Labs ECO-AFL/FL [mg/m^3]
# name 6 = nbf: Bottles Fired
# name 7 = timeS: Time, Elapsed [seconds]
# name 8 = timeJ: Julian Days
# name 9 = density00: Density [density, kg/m^3]
# name 10 = depSM: Depth [salt water, m], lat = 0.00
# name 11 = dz/dtM: Descent Rate [m/s]
# name 12 = flag:  0.000e+00
# span 0 =     -1.066,     20.600                 
# span 1 =    28.6345,    29.4880                 
# span 2 =   0.550014,   5.800192                 
# span 3 =     2.7162,    35.2750                 
# span 4 =     2.2731,     6.0877                 
# span 5 =    -0.4156,     2.2539                 
# span 6 =          0,          0                 
# span 7 =      0.000,    169.250                 
# span 8 = 329.622789, 329.624748                 
# span 9 =   997.9163,  1022.4488                 
# span 10 =     -1.060,     20.486                
# span 11 =     -1.003,      0.563                
# span 12 = 0.0000e+00, 0.0000e+00                
# interval = seconds: 0.25
# start_time = Nov 25 2018 14:56:49 [Instrument's time stamp, header]
# bad_flag = -9.990e-29
*END*
[from data line 112]
      0.036    29.3133   5.792492    35.2063     2.4483     0.0170          0     28.000 329.623113  1022.1140      0.036     -0.048  0.000e+00
      0.058    29.3132   5.792692    35.2077     2.4520     0.0040          0     28.250 329.623116  1022.1152      0.058     -0.065  0.000e+00
      0.101    29.3134   5.793114    35.2104     2.4357     0.0101          0     28.500 329.623119  1022.1174      0.101     -0.051  0.000e+00
      0.155    29.3143   5.793375    35.2116     2.4356     0.0055          0     28.750 329.623122  1022.1181      0.154     -0.007  0.000e+00
      0.198    29.3153   5.792300    35.2034     2.4372     0.0086          0     29.000 329.623125  1022.1119      0.197      0.045  0.000e+00
      0.155    29.3160   5.791157    35.1951     2.4383     0.0162          0     29.250 329.623128  1022.1052      0.154      0.073  0.000e+00
      0.155    29.3166   5.790589    35.1907     2.4305     0.0147          0     29.500 329.623131  1022.1017      0.154      0.084  0.000e+00
      0.133    29.3170   5.790182    35.1877     2.4290     0.0490          0     29.750 329.623134  1022.0992      0.133      0.069  0.000e+00
      0.090    29.3170   5.790443    35.1895     2.4101     0.0459          0     30.000 329.623137  1022.1003      0.090      0.037  0.000e+00
      0.101    29.3174   5.791087    35.1936     2.3963     0.0429          0     30.250 329.623139  1022.1033      0.101      0.004  0.000e+00
      0.090    29.3180   5.790443    35.1887     2.4079     0.0482          0     30.500 329.623142  1022.0994      0.090     -0.030  0.000e+00
      0.090    29.3183   5.789691    35.1833     2.4081     0.0086          0     30.750 329.623145  1022.0953      0.090     -0.050  0.000e+00
      0.080    29.3184   5.789276    35.1804     2.4101     0.0047          0     31.000 329.623148  1022.0930      0.079     -0.055  0.000e+00
      0.090    29.3186   5.789951    35.1849     2.4018     0.0086          0     31.250 329.623151  1022.0964      0.090     -0.038  0.000e+00
      0.090    29.3191   5.791417    35.1947     2.4053     0.0055          0     31.500 329.623154  1022.1035      0.090     -0.028  0.000e+00
      0.112    29.3194   5.791840    35.1973     2.3916     0.0223          0     31.750 329.623157  1022.1055      0.111     -0.008  0.000e+00
      0.134    29.3198   5.791156    35.1923     2.3918     0.0238          0     32.000 329.623160  1022.1017      0.133      0.014  0.000e+00
      0.112    29.3204   5.790381    35.1866     2.3874     0.0154          0     32.250 329.623163  1022.0971      0.111      0.015  0.000e+00
      0.036    29.3208   5.790120    35.1845     2.3796     0.0246          0     32.500 329.623166  1022.0951      0.036     -0.001  0.000e+00
     -0.029    29.3212   5.789990    35.1833     2.3759     0.0200          0     32.750 329.623168  1022.0938     -0.028     -0.035  0.000e+00
     -0.083    29.3217   5.790051    35.1834     2.3675     0.0116          0     33.000 329.623171  1022.0935     -0.082     -0.074  0.000e+00
     -0.126    29.3221   5.791809    35.1952     2.3713     0.0246          0     33.250 329.623174  1022.1020     -0.125     -0.117  0.000e+00
     -0.126    29.3224   5.793405    35.2059     2.3750     0.0147          0     33.500 329.623177  1022.1099     -0.125     -0.143  0.000e+00
     -0.061    29.3219   5.794350    35.2127     2.3598     0.0246          0     33.750 329.623180  1022.1155     -0.060     -0.138  0.000e+00
      0.015    29.3199   5.795071    35.2191     2.3609     0.0521          0     34.000 329.623183  1022.1213      0.015     -0.094  0.000e+00
      0.058    29.3172   5.795256    35.2223     2.3604     0.0475          0     34.250 329.623186  1022.1248      0.058     -0.026  0.000e+00
      0.080    29.3161   5.795171    35.2225     2.3524     0.0421          0     34.500 329.623189  1022.1254      0.079      0.046  0.000e+00
      0.058    29.3157   5.794972    35.2215     2.3539     0.0467          0     34.750 329.623192  1022.1247      0.058      0.089  0.000e+00
      0.004    29.3151   5.794849    35.2211     2.3442     0.0101          0     35.000 329.623194  1022.1244      0.004      0.095  0.000e+00
     -0.018    29.3146   5.794450    35.2187     2.3388     0.0063          0     35.250 329.623197  1022.1227     -0.018      0.075  0.000e+00
     -0.029    29.3142   5.793897    35.2153     2.3344     0.0063          0     35.500 329.623200  1022.1201     -0.028      0.033  0.000e+00
     -0.050    29.3149   5.793505    35.2121     2.3342     0.0063          0     35.750 329.623203  1022.1174     -0.050     -0.021  0.000e+00
     -0.050    29.3158   5.793444    35.2110     2.3259     0.0208          0     36.000 329.623206  1022.1163     -0.050     -0.058  0.000e+00
      0.026    29.3162   5.793866    35.2135     2.3477     0.0200          0     36.250 329.623209  1022.1184      0.025     -0.051  0.000e+00
      0.069    29.3161   5.794097    35.2152     2.3382     0.0147          0     36.500 329.623212  1022.1198      0.068     -0.019  0.000e+00
      0.112    29.3153   5.794027    35.2153     2.3421     0.0185          0     36.750 329.623215  1022.1204      0.111      0.032  0.000e+00
      0.101    29.3142   5.794219    35.2174     2.3318     0.0215          0     37.000 329.623218  1022.1223      0.101      0.070  0.000e+00
      0.058    29.3130   5.794035    35.2171     2.3305     0.0292          0     37.250 329.623220  1022.1223      0.058      0.076  0.000e+00
      0.015    29.3122   5.793444    35.2136     2.3317     0.0200          0     37.500 329.623223  1022.1198      0.014      0.059  0.000e+00
     -0.050    29.3121   5.793575    35.2146     2.3380     0.0223          0     37.750 329.623226  1022.1203     -0.050      0.019  0.000e+00
     -0.029    29.3121   5.793943    35.2171     2.3431     0.0231          0     38.000 329.623229  1022.1223     -0.028     -0.020  0.000e+00
      0.004    29.3117   5.794127    35.2187     2.3444     0.0337          0     38.250 329.623232  1022.1237      0.004     -0.053  0.000e+00
      0.069    29.3112   5.794550    35.2219     2.3297     0.0353          0     38.500 329.623235  1022.1265      0.068     -0.046  0.000e+00
      0.101    29.3099   5.794880    35.2251     2.3389     0.0360          0     38.750 329.623238  1022.1295      0.101     -0.019  0.000e+00
      0.134    29.3083   5.795102    35.2278     2.3301     0.0376          0     39.000 329.623241  1022.1322      0.133      0.028  0.000e+00
      0.166    29.3070   5.795003    35.2281     2.3436     0.0208          0     39.250 329.623244  1022.1330      0.165      0.079  0.000e+00
      0.166    29.3061   5.794742    35.2269     2.3392     0.0177          0     39.500 329.623247  1022.1325      0.165      0.112  0.000e+00
      0.166    29.3060   5.794696    35.2267     2.3459     0.0200          0     39.750 329.623249  1022.1323      0.165      0.123  0.000e+00
      0.177    29.3066   5.794580    35.2255     2.3509     0.0177          0     40.000 329.623252  1022.1312      0.176      0.105  0.000e+00
      0.220    29.3074   5.794742    35.2260     2.3568     0.0162          0     40.250 329.623255  1022.1315      0.219      0.090  0.000e+00
      0.307    29.3066   5.795072    35.2288     2.3788     0.0032          0     40.500 329.623258  1022.1343      0.305      0.093  0.000e+00
      0.404    29.3053   5.795302    35.2313     2.2846     0.0093          0     40.750 329.623261  1022.1370      0.402      0.123  0.000e+00
      0.469    29.3038   5.795233    35.2319     2.3391     0.0086          0     41.000 329.623264  1022.1382      0.466      0.159  0.000e+00
      0.534    29.3031   5.795164    35.2319     2.3320    -0.0181          0     41.250 329.623267  1022.1388      0.531      0.199  0.000e+00
      0.566    29.3026   5.794811    35.2298     2.3641    -0.0151          0     41.500 329.623270  1022.1375      0.563      0.231  0.000e+00
      0.566    29.3027   5.794481    35.2275     2.3568    -0.0136          0     41.750 329.623273  1022.1357      0.563      0.237  0.000e+00
      0.620    29.3036   5.794911    35.2298     2.3660    -0.0113          0     42.000 329.623275  1022.1374      0.617      0.231  0.000e+00
      0.718    29.3032   5.795395    35.2334     2.3600    -0.0128          0     42.250 329.623278  1022.1406      0.714      0.224  0.000e+00
      0.804    29.3016   5.795264    35.2336     2.3590     0.0276          0     42.500 329.623281  1022.1417      0.800      0.218  0.000e+00
      0.815    29.3012   5.795042    35.2324     2.3675     0.0299          0     42.750 329.623284  1022.1410      0.811      0.205  0.000e+00
      0.772    29.3007   5.794942    35.2321     2.3555     0.0315          0     43.000 329.623287  1022.1407      0.767      0.179  0.000e+00
      0.664    29.3000   5.794873    35.2322     2.3645     0.0330          0     43.250 329.623290  1022.1406      0.660      0.121  0.000e+00
      0.620    29.2995   5.794850    35.2324     2.3574     0.0345          0     43.500 329.623293  1022.1407      0.617      0.060  0.000e+00
      0.610    29.2992   5.794811    35.2324     2.3613     0.0284          0     43.750 329.623296  1022.1408      0.606      0.002  0.000e+00
      0.620    29.2991   5.794811    35.2324     2.3548     0.0345          0     44.000 329.623299  1022.1409      0.617     -0.056  0.000e+00
      0.696    29.2994   5.794850    35.2325     2.3501     0.0330          0     44.250 329.623302  1022.1411      0.692     -0.080  0.000e+00
      0.793    29.2993   5.794942    35.2331     2.3462     0.0292          0     44.500 329.623304  1022.1421      0.789     -0.050  0.000e+00
      0.891    29.2989   5.794973    35.2336     2.3437     0.0345          0     44.750 329.623307  1022.1430      0.886      0.029  0.000e+00
      0.977    29.2986   5.794980    35.2339     2.3337     0.0376          0     45.000 329.623310  1022.1437      0.972      0.129  0.000e+00
      1.010    29.2982   5.794942    35.2339     2.3386     0.0322          0     45.250 329.623313  1022.1439      1.004      0.213  0.000e+00
      0.988    29.2984   5.794811    35.2328     2.3400     0.0162          0     45.500 329.623316  1022.1430      0.983      0.239  0.000e+00
      0.966    29.2983   5.794635    35.2317     2.3648     0.0055          0     45.750 329.623319  1022.1421      0.961      0.223  0.000e+00
      0.912    29.2987   5.794612    35.2313     2.3798     0.0093          0     46.000 329.623322  1022.1414      0.907      0.166  0.000e+00
      0.902    29.2991   5.794351    35.2292     2.3833     0.0093          0     46.250 329.623325  1022.1397      0.897      0.089  0.000e+00
      0.977    29.2997   5.794604    35.2305     2.2766     0.0177          0     46.500 329.623328  1022.1407      0.972      0.040  0.000e+00
      1.085    29.2997   5.794742    35.2314     2.2731     0.0421          0     46.750 329.623330  1022.1419      1.079      0.033  0.000e+00
      1.215    29.2998   5.795172    35.2342     2.3562     0.0353          0     47.000 329.623333  1022.1445      1.209      0.073  0.000e+00
      1.388    29.2996   5.795656    35.2376     2.3729     0.0261          0     47.250 329.623336  1022.1479      1.381      0.167  0.000e+00
      1.529    29.2996   5.795480    35.2364     2.3628     0.0276          0     47.500 329.623339  1022.1476      1.520      0.281  0.000e+00
      1.561    29.3004   5.795334    35.2348     2.3994     0.0231          0     47.750 329.623342  1022.1462      1.552      0.363  0.000e+00
      1.550    29.3016   5.795234    35.2332     2.3989     0.0231          0     48.000 329.623345  1022.1446      1.542      0.396  0.000e+00
      1.583    29.3023   5.795073    35.2316     2.4098     0.0208          0     48.250 329.623348  1022.1433      1.574      0.380  0.000e+00
      1.572    29.3026   5.795004    35.2309     2.4437     0.0200          0     48.500 329.623351  1022.1426      1.563      0.314  0.000e+00
      1.529    29.3028   5.794842    35.2296     2.4206     0.0162          0     48.750 329.623354  1022.1414      1.520      0.217  0.000e+00
      1.475    29.3028   5.794727    35.2289     2.3958     0.0147          0     49.000 329.623356  1022.1406      1.466      0.104  0.000e+00
      1.453    29.3027   5.794451    35.2270     2.4016     0.0147          0     49.250 329.623359  1022.1392      1.445      0.004  0.000e+00
      1.529    29.3029   5.794220    35.2253     2.3888     0.0177          0     49.500 329.623362  1022.1381      1.520     -0.035  0.000e+00
      1.637    29.3030   5.794789    35.2291     2.3876     0.0170          0     49.750 329.623365  1022.1414      1.628     -0.008  0.000e+00
      1.766    29.3028   5.795203    35.2320     2.4098     0.0208          0     50.000 329.623368  1022.1442      1.757      0.058  0.000e+00
      1.950    29.3023   5.795656    35.2355     2.4211     0.0299          0     50.250 329.623371  1022.1478      1.939      0.155  0.000e+00
      2.026    29.3015   5.795572    35.2355     2.4648     0.0200          0     50.500 329.623374  1022.1483      2.015      0.257  0.000e+00
      2.058    29.3020   5.795395    35.2339     2.4890     0.0200          0     50.750 329.623377  1022.1471      2.047      0.334  0.000e+00
      2.048    29.3031   5.795042    35.2306     2.5033     0.0208          0     51.000 329.623380  1022.1443      2.036      0.361  0.000e+00
      2.048    29.3039   5.795134    35.2307     2.4914     0.0246          0     51.250 329.623383  1022.1440      2.036      0.336  0.000e+00
      2.080    29.3039   5.794873    35.2289     2.4951     0.0185          0     51.500 329.623385  1022.1428      2.069      0.274  0.000e+00
      2.178    29.3038   5.795265    35.2316     2.4582     0.0246          0     51.750 329.623388  1022.1453      2.166      0.221  0.000e+00
      2.351    29.3032   5.795511    35.2337     2.4351     0.0330          0     52.000 329.623391  1022.1478      2.338      0.208  0.000e+00
      2.545    29.3028   5.795956    35.2370     2.3961     0.0391          0     52.250 329.623394  1022.1513      2.531      0.242  0.000e+00
      2.761    29.3020   5.796087    35.2384     2.3833     0.0315          0     52.500 329.623397  1022.1535      2.746      0.343  0.000e+00
      2.902    29.3002   5.796010    35.2392     2.3805     0.0368          0     52.750 329.623400  1022.1553      2.886      0.452  0.000e+00
      2.988    29.2976   5.795788    35.2396     2.4941    -0.0044          0     53.000 329.623403  1022.1569      2.972      0.537  0.000e+00
      2.956    29.2959   5.795726    35.2403     2.5376    -0.0105          0     53.250 329.623406  1022.1579      2.940      0.548  0.000e+00
      2.848    29.2949   5.795419    35.2390     2.5288    -0.0014          0     53.500 329.623409  1022.1567      2.832      0.469  0.000e+00
      2.805    29.2948   5.795173    35.2374     2.5081    -0.0097          0     53.750 329.623411  1022.1554      2.789      0.337  0.000e+00
      2.924    29.2947   5.795465    35.2395     2.4992     0.0208          0     54.000 329.623414  1022.1575      2.908      0.220  0.000e+00
      3.108    29.2942   5.795573    35.2405     2.4789     0.0231          0     54.250 329.623417  1022.1592      3.090      0.160  0.000e+00
      3.248    29.2923   5.795596    35.2420     2.4455     0.0192          0     54.500 329.623420  1022.1616      3.230      0.152  0.000e+00
      3.302    29.2906   5.795435    35.2422     2.4171     0.0231          0     54.750 329.623423  1022.1625      3.284      0.184  0.000e+00
      3.259    29.2886   5.795266    35.2425     2.3790     0.0192          0     55.000 329.623426  1022.1633      3.241      0.215  0.000e+00
      3.129    29.2838   5.795105    35.2450     2.3692     0.0284          0     55.250 329.623429  1022.1662      3.112      0.216  0.000e+00
