ctd_kilwa/cnv/SBE19plus_01906740_2018_11_26_0039.cnv
* Sea-Bird SBE19plus  Data File:
* FileName = C:\Users\all user\Desktop\Mapping WWF\SBE19plus_01906740_2018_11_26_0039.hex
* Software version 2.6.3.104
* Temperature SN = 6740
* Conductivity SN = 6740
* System UpLoad Time = Nov 26 2018 19:52:57
* <ApplicationData>
* <Seaterm232>
# nquan = 13
# nvalues = 460                                   
# units = specified
# name 0 = prdM: Pressure, Strain Gauge [db]
# name 1 = tv290C: Temperature [ITS-90, deg C]
# name 2 = c0S/m: Conductivity [S/m]
# name 3 = sal00: Salinity, Practical [PSU]
# name 4 = sbeox0ML/L: Oxygen, SBE 43 [ml/l]
# name 5 = flECO-AFL: Fluorescence, WET Labs ECO-AFL/FL [mg/m^3]
# name 6 = nbf: Bottles Fired
# name 7 = timeS: Time, Elapsed [seconds]
# name 8 = timeJ: Julian Days
# name 9 = density00: Density [density, kg/m^3]
# name 10 = depSM: Depth [salt water, m], lat = 0.00
# name 11 = dz/dtM: Descent Rate [m/s]
# name 12 = flag:  0.000e+00
# span 0 =     -1.040,      1.912                 
# span 1 =    28.3466,    28.5884                 
# span 2 =   0.110419,   5.730948                 
# span 3 =     0.5100,    35.3356                 
# span 4 =     2.1745,     5.1101                 
# span 5 =    -0.2257,    48.6932                 
# span 6 =          0,          0                 
# span 7 =      0.000,    114.750                 
# span 8 = 328.407176, 328.408504                 
# span 9 =   996.5121,  1022.4600                 
# span 10 =     -1.035,      1.902                
# span 11 =     -0.425,      0.291                
# span 12 = 0.0000e+00, 0.0000e+00                
# interval = seconds: 0.25
# start_time = Nov 24 2018 09:46:20 [Instrument's time stamp, header]
# bad_flag = -9.990e-29
*END*
[from data line 334]
      1.891    28.4576   5.704060    35.2272     2.7907    -0.0181          0     83.500 328.408142  1022.4231      1.880      0.019  0.000e+00
      1.891    28.4583   5.704091    35.2269     2.8009    -0.0136          0     83.750 328.408145  1022.4227      1.880      0.009  0.000e+00
      1.847    28.4588   5.704121    35.2267     2.7967    -0.0113          0     84.000 328.408148  1022.4222      1.837     -0.016  0.000e+00
      1.847    28.4591   5.704144    35.2267     2.7999    -0.0227          0     84.250 328.408151  1022.4221      1.837     -0.026  0.000e+00
      1.837    28.4593   5.704159    35.2266     2.8006    -0.0151          0     84.500 328.408154  1022.4219      1.826     -0.036  0.000e+00
      1.837    28.4599   5.704220    35.2266     2.7916    -0.0197          0     84.750 328.408157  1022.4217      1.826     -0.035  0.000e+00
      1.837    28.4603   5.704220    35.2263     2.7865     0.0109          0     85.000 328.408160  1022.4214      1.826     -0.033  0.000e+00
      1.847    28.4602   5.704159    35.2260     2.7808     0.0063          0     85.250 328.408163  1022.4212      1.837     -0.027  0.000e+00
      1.858    28.4600   5.704121    35.2258     2.7766     0.0086          0     85.500 328.408166  1022.4212      1.848     -0.019  0.000e+00
      1.858    28.4597   5.704091    35.2259     2.7772     0.0139          0     85.750 328.408168  1022.4213      1.848     -0.007  0.000e+00
      1.869    28.4597   5.704091    35.2258     2.7936    -0.0204          0     86.000 328.408171  1022.4213      1.859      0.012  0.000e+00
      1.869    28.4596   5.704083    35.2259     2.7957    -0.0143          0     86.250 328.408174  1022.4214      1.859      0.017  0.000e+00
      1.869    28.4594   5.704091    35.2261     2.7897    -0.0151          0     86.500 328.408177  1022.4216      1.859      0.020  0.000e+00
      1.880    28.4597   5.704030    35.2254     2.7816    -0.0128          0     86.750 328.408180  1022.4211      1.869      0.022  0.000e+00
      1.880    28.4597   5.704060    35.2256     2.7976    -0.0120          0     87.000 328.408183  1022.4212      1.870      0.020  0.000e+00
      1.891    28.4595   5.704030    35.2256     2.7960    -0.0166          0     87.250 328.408186  1022.4213      1.880      0.019  0.000e+00
      1.869    28.4596   5.703999    35.2253     2.7829    -0.0159          0     87.500 328.408189  1022.4210      1.859      0.012  0.000e+00
      1.869    28.4596   5.703999    35.2253     2.7963    -0.0090          0     87.750 328.408192  1022.4210      1.859      0.007  0.000e+00
      1.837    28.4597   5.703961    35.2250     2.8207    -0.0197          0     88.000 328.408194  1022.4205      1.827     -0.008  0.000e+00
      1.837    28.4594   5.703930    35.2250     2.8528     0.0261          0     88.250 328.408197  1022.4206      1.827     -0.017  0.000e+00
      1.804    28.4595   5.703961    35.2251     2.9030     0.0215          0     88.500 328.408200  1022.4206      1.794     -0.033  0.000e+00
      1.804    28.4600   5.703999    35.2250     2.9573     0.0162          0     88.750 328.408203  1022.4203      1.794     -0.045  0.000e+00
      1.826    28.4605   5.704030    35.2249     2.9213     0.0177          0     89.000 328.408206  1022.4201      1.816     -0.042  0.000e+00
      1.826    28.4613   5.704121    35.2248     2.8666    -0.0128          0     89.250 328.408209  1022.4198      1.816     -0.037  0.000e+00
      1.826    28.4620   5.704251    35.2252     2.8337    -0.0067          0     89.500 328.408212  1022.4199      1.816     -0.024  0.000e+00
      1.837    28.4631   5.704357    35.2252     2.7775    -0.0136          0     89.750 328.408215  1022.4195      1.827     -0.011  0.000e+00
      1.804    28.4637   5.704350    35.2247     2.9130    -0.0143          0     90.000 328.408218  1022.4188      1.794     -0.004  0.000e+00
      1.750    28.4634   5.704251    35.2242     3.2652     0.0315          0     90.250 328.408220  1022.4184      1.741     -0.019  0.000e+00
      1.707    28.4636   5.704251    35.2241     3.3818     0.0330          0     90.500 328.408223  1022.4180      1.698     -0.039  0.000e+00
      1.707    28.4637   5.704281    35.2242     3.4609     0.0246          0     90.750 328.408226  1022.4181      1.698     -0.061  0.000e+00
      1.772    28.4640   5.704319    35.2242     3.6576     0.0398          0     91.000 328.408229  1022.4183      1.762     -0.060  0.000e+00
      1.783    28.4652   5.704350    35.2236     3.6327     0.0231          0     91.250 328.408232  1022.4174      1.773     -0.046  0.000e+00
      1.847    28.4648   5.704296    35.2235     3.8649     0.0261          0     91.500 328.408235  1022.4178      1.837     -0.012  0.000e+00
      1.869    28.4637   5.703999    35.2222     3.5711     0.0170          0     91.750 328.408238  1022.4173      1.859      0.026  0.000e+00
      1.880    28.4616   5.703770    35.2222     3.6520     0.0231          0     92.000 328.408241  1022.4180      1.870      0.068  0.000e+00
      1.837    28.4604   5.703679    35.2225     3.8620     0.0109          0     92.250 328.408244  1022.4184      1.827      0.084  0.000e+00
      1.739    28.4593   5.703648    35.2231     3.6310     0.0032          0     92.500 328.408247  1022.4189      1.730      0.055  0.000e+00
      1.696    28.4587   5.703648    35.2236     3.4698     0.0002          0     92.750 328.408249  1022.4192      1.687      0.000  0.000e+00
      1.675    28.4581   5.703648    35.2240     3.1827     0.0154          0     93.000 328.408252  1022.4196      1.665     -0.060  0.000e+00
      1.696    28.4569   5.703564    35.2243     3.0027     0.0040          0     93.250 328.408255  1022.4203      1.687     -0.090  0.000e+00
      1.739    28.4554   5.703389    35.2242     2.8395     0.0032          0     93.500 328.408258  1022.4209      1.730     -0.100  0.000e+00
      1.793    28.4541   5.703199    35.2238     2.7473    -0.0090          0     93.750 328.408261  1022.4214      1.784     -0.071  0.000e+00
      1.793    28.4527   5.703069    35.2240     2.6131    -0.0021          0     94.000 328.408264  1022.4219      1.784     -0.032  0.000e+00
      1.815    28.4523   5.702977    35.2236     2.5543    -0.0036          0     94.250 328.408267  1022.4219      1.805      0.022  0.000e+00
      1.826    28.4526   5.703069    35.2240     2.6523     0.0055          0     94.500 328.408270  1022.4221      1.816      0.069  0.000e+00
      1.815    28.4532   5.703260    35.2249     2.7467     0.0185          0     94.750 328.408273  1022.4226      1.805      0.081  0.000e+00
      1.858    28.4553   5.703595    35.2256     3.1419     0.0109          0     95.000 328.408275  1022.4226      1.848      0.086  0.000e+00
      1.869    28.4577   5.703770    35.2251     3.1407     0.0147          0     95.250 328.408278  1022.4214      1.859      0.075  0.000e+00
      1.880    28.4601   5.703961    35.2246     3.0814    -0.0380          0     95.500 328.408281  1022.4204      1.870      0.061  0.000e+00
      1.869    28.4614   5.704030    35.2241     3.0724    -0.0487          0     95.750 328.408284  1022.4194      1.859      0.047  0.000e+00
      1.858    28.4627   5.704060    35.2234     3.0748    -0.0426          0     96.000 328.408287  1022.4184      1.848      0.039  0.000e+00
      1.826    28.4629   5.703961    35.2225     3.0553    -0.0334          0     96.250 328.408290  1022.4176      1.816      0.018  0.000e+00
      1.837    28.4627   5.703900    35.2223     2.9507    -0.0410          0     96.500 328.408293  1022.4175      1.827      0.005  0.000e+00
      1.826    28.4628   5.704052    35.2233     3.9329     0.0246          0     96.750 328.408296  1022.4182      1.816     -0.009  0.000e+00
      1.858    28.4637   5.704060    35.2226     3.7074     0.0238          0     97.000 328.408299  1022.4175      1.848     -0.017  0.000e+00
      1.858    28.4653   5.704350    35.2235     3.5253     0.0238          0     97.250 328.408302  1022.4177      1.848     -0.014  0.000e+00
      1.847    28.4672   5.704601    35.2238     3.3508     0.0345          0     97.500 328.408304  1022.4173      1.837     -0.011  0.000e+00
      1.826    28.4688   5.704731    35.2235     3.2223     0.0139          0     97.750 328.408307  1022.4164      1.816     -0.008  0.000e+00
      1.729    28.4698   5.704731    35.2228     3.1536     0.0025          0     98.000 328.408310  1022.4151      1.719     -0.031  0.000e+00
      1.599    28.4705   5.704670    35.2219     2.9631     0.0139          0     98.250 328.408313  1022.4136      1.590     -0.083  0.000e+00
      1.491    28.4704   5.704670    35.2220     2.7868     0.0101          0     98.500 328.408316  1022.4133      1.483     -0.157  0.000e+00
      1.404    28.4699   5.704540    35.2215     2.5513     0.0200          0     98.750 328.408319  1022.4127      1.397     -0.228  0.000e+00
      1.350    28.4694   5.704441    35.2212     2.6539     0.0208          0     99.000 328.408322  1022.4124      1.343     -0.289  0.000e+00
      1.318    28.4685   5.704349    35.2212     2.6854     0.0261          0     99.250 328.408325  1022.4126      1.311     -0.316  0.000e+00
      1.275    28.4680   5.704349    35.2216     2.6993     0.0154          0     99.500 328.408328  1022.4128      1.268     -0.318  0.000e+00
      1.199    28.4673   5.704349    35.2221     2.6829    -0.0334          0     99.750 328.408330  1022.4131      1.192     -0.305  0.000e+00
      1.069    28.4671   5.704319    35.2222     2.7436    -0.0296          0    100.000 328.408333  1022.4127      1.063     -0.290  0.000e+00
      0.993    28.4671   5.704395    35.2227     2.7364    -0.0265          0    100.250 328.408336  1022.4128      0.988     -0.278  0.000e+00
      0.961    28.4677   5.704540    35.2232     2.7302    -0.0281          0    100.500 328.408339  1022.4128      0.956     -0.269  0.000e+00
      0.929    28.4695   5.704791    35.2237     2.7577    -0.0311          0    100.750 328.408342  1022.4124      0.923     -0.262  0.000e+00
      0.842    28.4717   5.705142    35.2245     2.7938    -0.0052          0    101.000 328.408345  1022.4120      0.837     -0.269  0.000e+00
      0.788    28.4755   5.705783    35.2262     2.7941     0.0086          0    101.250 328.408348  1022.4117      0.784     -0.271  0.000e+00
      0.712    28.4810   5.706522    35.2272     2.7693    -0.0075          0    101.500 328.408351  1022.4104      0.708     -0.267  0.000e+00
      0.680    28.4850   5.706614    35.2249     2.8177     0.0055          0    101.750 328.408354  1022.4072      0.676     -0.245  0.000e+00
      0.626    28.4879   5.706697    35.2233     2.8265    -0.0334          0    102.000 328.408356  1022.4048      0.622     -0.223  0.000e+00
      0.485    28.4906   5.706903    35.2228     2.9058    -0.0357          0    102.250 328.408359  1022.4029      0.483     -0.244  0.000e+00
      0.399    28.4937   5.707254    35.2230     2.8448    -0.0281          0    102.500 328.408362  1022.4017      0.397     -0.275  0.000e+00
      0.334    28.4970   5.707574    35.2228     2.8161    -0.0273          0    102.750 328.408365  1022.4001      0.332     -0.293  0.000e+00
      0.291    28.4997   5.707704    35.2217     2.7875     0.0574          0    103.000 328.408368  1022.3983      0.289     -0.293  0.000e+00
      0.237    28.5038   5.708245    35.2224     2.7638     0.0620          0    103.250 328.408371  1022.3972      0.235     -0.293  0.000e+00
      0.118    28.5093   5.709076    35.2242     2.7530     0.0635          0    103.500 328.408374  1022.3961      0.117     -0.302  0.000e+00
      0.031    28.5153   5.709770    35.2245     2.7267     0.0505          0    103.750 328.408377  1022.3941      0.031     -0.315  0.000e+00
      0.010    28.5213   5.710327    35.2240     2.8021     0.0437          0    104.000 328.408380  1022.3916      0.010     -0.299  0.000e+00
     -0.055    28.5277   5.710869    35.2230     2.8434     0.0261          0    104.250 328.408383  1022.3885     -0.055     -0.274  0.000e+00
     -0.109    28.5323   5.711189    35.2218     2.9159     0.0337          0    104.500 328.408385  1022.3858     -0.109     -0.264  0.000e+00
     -0.207    28.5354   5.711288    35.2203     2.8802     0.0391          0    104.750 328.408388  1022.3832     -0.205     -0.270  0.000e+00
     -0.271    28.5384   5.711509    35.2196     2.9102     0.0376          0    105.000 328.408391  1022.3814     -0.270     -0.275  0.000e+00
     -0.347    28.5409   5.711708    35.2191     2.8160    -0.0250          0    105.250 328.408394  1022.3799     -0.345     -0.273  0.000e+00
     -0.423    28.5430   5.711891    35.2189     2.8384    -0.0311          0    105.500 328.408397  1022.3787     -0.420     -0.267  0.000e+00
     -0.477    28.5448   5.712119    35.2192     2.8603    -0.0288          0    105.750 328.408400  1022.3781     -0.474     -0.272  0.000e+00
     -0.444    28.5472   5.712402    35.2193     2.7549    -0.0204          0    106.000 328.408403  1022.3775     -0.442     -0.257  0.000e+00
     -0.390    28.5503   5.712882    35.2203     2.7458    -0.0891          0    106.250 328.408406  1022.3776     -0.388     -0.203  0.000e+00
     -0.369    28.5539   5.713462    35.2217     2.7800    -0.0860          0    106.500 328.408409  1022.3774     -0.367     -0.138  0.000e+00
     -0.347    28.5578   5.713813    35.2212     2.7558    -0.0868          0    106.750 328.408411  1022.3759     -0.345     -0.064  0.000e+00
     -0.325    28.5602   5.713958    35.2205     2.7751    -0.0883          0    107.000 328.408414  1022.3747     -0.324     -0.001  0.000e+00
     -0.261    28.5613   5.713874    35.2190     2.7688     0.0559          0    107.250 328.408417  1022.3734     -0.259      0.065  0.000e+00
     -0.207    28.5629   5.714034    35.2189     2.7396     0.0574          0    107.500 328.408420  1022.3731     -0.205      0.120  0.000e+00
     -0.174    28.5647   5.714263    35.2192     2.7519     0.0589          0    107.750 328.408423  1022.3728     -0.173      0.148  0.000e+00
     -0.163    28.5672   5.714675    35.2202     2.7823     0.0620          0    108.000 328.408426  1022.3728     -0.162      0.146  0.000e+00
     -0.163    28.5705   5.715095    35.2206     2.7793    -0.0677          0    108.250 328.408429  1022.3720     -0.162      0.133  0.000e+00
     -0.163    28.5738   5.715431    35.2205     2.7582    -0.0700          0    108.500 328.408432  1022.3709     -0.162      0.119  0.000e+00
     -0.109    28.5765   5.715606    35.2198     2.7554    -0.0700          0    108.750 328.408435  1022.3696     -0.109      0.112  0.000e+00
     -0.109    28.5781   5.715606    35.2185     2.7389    -0.0586          0    109.000 328.408437  1022.3681     -0.109      0.094  0.000e+00
     -0.109    28.5787   5.715576    35.2179     2.7569    -0.0685          0    109.250 328.408440  1022.3675     -0.109      0.068  0.000e+00
     -0.174    28.5788   5.715606    35.2180     2.7768     0.0238          0    109.500 328.408443  1022.3673     -0.173      0.032  0.000e+00
     -0.250    28.5797   5.715736    35.2183     2.7767     0.0231          0    109.750 328.408446  1022.3668     -0.248     -0.012  0.000e+00
     -0.304    28.5805   5.715866    35.2186     2.7749     0.0246          0    110.000 328.408449  1022.3666     -0.302     -0.056  0.000e+00
     -0.380    28.5815   5.715927    35.2183     2.7543     0.0223          0    110.250 328.408452  1022.3657     -0.377     -0.109  0.000e+00
     -0.488    28.5819   5.715927    35.2181     2.8290    -0.0777          0    110.500 328.408455  1022.3649     -0.485     -0.176  0.000e+00
     -0.639    28.5812   5.715476    35.2155     4.5816    -0.0700          0    110.750 328.408458  1022.3626     -0.635     -0.262  0.000e+00
