ctd_kilwa/cnv/SBE19plus_01906740_2018_11_26_0059.cnv
* Sea-Bird SBE19plus  Data File:
* FileName = C:\Users\all user\Desktop\Mapping WWF\SBE19plus_01906740_2018_11_26_0059.hex
* Software version 2.6.3.104
* Temperature SN = 6740
* Conductivity SN = 6740
* System UpLoad Time = Nov 26 2018 19:58:12
* <ApplicationData>
* <Seaterm232>
# nquan = 13
# nvalues = 357                                   
# units = specified
# name 0 = prdM: Pressure, Strain Gauge [db]
# name 1 = tv290C: Temperature [ITS-90, deg C]
# name 2 = c0S/m: Conductivity [S/m]
# name 3 = sal00: Salinity, Practical [PSU]
# name 4 = sbeox0ML/L: Oxygen, SBE 43 [ml/l]
# name 5 = flECO-AFL: Fluorescence, WET Labs ECO-AFL/FL [mg/m^3]
# name 6 = nbf: Bottles Fired
# name 7 = timeS: Time, Elapsed [seconds]
# name 8 = timeJ: Julian Days
# name 9 = density00: Density [density, kg/m^3]
# name 10 = depSM: Depth [salt water, m], lat = 0.00
# name 11 = dz/dtM: Descent Rate [m/s]
# name 12 = flag:  0.000e+00
# span 0 =     -1.032,      3.034                 
# span 1 =    27.9392,    28.8351                 
# span 2 =   0.816374,   5.757471                 
# span 3 =     4.2468,    35.7816                 
# span 4 =     2.5504,     3.7466                 
# span 5 =    -0.3340,    48.6894                 
# span 6 =          0,          0                 
# span 7 =      0.000,     89.000                 
# span 8 = 329.470417, 329.471447                 
# span 9 =   999.4134,  1022.9104                 
# span 10 =     -1.026,      3.017                
# span 11 =     -0.453,      0.411                
# span 12 = 0.0000e+00, 0.0000e+00                
# interval = seconds: 0.25
# start_time = Nov 25 2018 11:17:24 [Instrument's time stamp, header]
# bad_flag = -9.990e-29
*END*
     -0.569    28.8351   1.293414     6.8467     3.4968     1.0553          0      0.000 329.470417  1001.1033     -0.565 2.1053e-16  0.000e+00
     -0.504    28.6537   4.334529    25.7997     3.1376     1.0408          0      0.250 329.470420  1015.2830     -0.501      0.017  0.000e+00
     -0.471    28.5233   3.306850    19.1726     3.2369     1.0454          0      0.500 329.470422  1010.3767     -0.469      0.039  0.000e+00
     -0.482    28.4095   3.146071    18.1916     3.3208     1.0515          0      0.750 329.470425  1009.6806     -0.480      0.051  0.000e+00
     -0.471    28.3596   3.572659    20.9517     3.3916    48.6894          0      1.000 329.470428  1011.7551     -0.469      0.061  0.000e+00
     -0.439    28.3343   4.027770    23.9388     3.3650    48.6833          0      1.250 329.470431  1013.9941     -0.437      0.072  0.000e+00
     -0.342    28.3061   5.723887    35.4793     3.1266    48.6848          0      1.500 329.470434  1022.6531     -0.340      0.101  0.000e+00
     -0.277    28.2642   5.740477    35.6269     3.0159    48.6810          0      1.750 329.470437  1022.7781     -0.275      0.132  0.000e+00
     -0.201    28.2170   5.757471    35.7816     3.0456    -0.3264          0      2.000 329.470440  1022.9104     -0.200      0.164  0.000e+00
     -0.158    28.1860   5.748479    35.7420     3.0594    -0.3310          0      2.250 329.470443  1022.8910     -0.157      0.182  0.000e+00
     -0.126    28.1708   5.703714    35.4397     3.1499    -0.3287          0      2.500 329.470446  1022.6688     -0.125      0.204  0.000e+00
     -0.082    28.1565   5.678956    35.2770     3.2153    -0.3332          0      2.750 329.470448  1022.5513     -0.082      0.223  0.000e+00
     -0.061    28.1261   5.671524    35.2476     3.2392    -0.0052          0      3.000 329.470451  1022.5393     -0.060      0.218  0.000e+00
     -0.050    28.0922   5.669653    35.2599     3.2025    -0.0113          0      3.250 329.470454  1022.5597     -0.050      0.191  0.000e+00
     -0.039    28.0689   5.667692    35.2636     3.2369    -0.0105          0      3.500 329.470457  1022.5702     -0.039      0.150  0.000e+00
     -0.039    28.0521   5.667631    35.2757     3.1979    -0.0067          0      3.750 329.470460  1022.5848     -0.039      0.115  0.000e+00
     -0.061    28.0407   5.667677    35.2846     3.0895    -0.0067          0      4.000 329.470463  1022.5951     -0.060      0.075  0.000e+00
     -0.039    28.0348   5.672385    35.3220     3.0278     0.1016          0      4.250 329.470466  1022.6253     -0.039      0.052  0.000e+00
     -0.017    28.0324   5.686115    35.4203     2.9800     0.1070          0      4.500 329.470469  1022.7000     -0.017      0.038  0.000e+00
     -0.007    28.0339   5.692231    35.4620     2.9217     0.1062          0      4.750 329.470472  1022.7310     -0.006      0.029  0.000e+00
      0.026    28.0474   5.692611    35.4545     2.9048     0.1077          0      5.000 329.470475  1022.7211      0.026      0.035  0.000e+00
      0.015    28.0943   5.695094    35.4367     2.9050     0.0246          0      5.250 329.470477  1022.6922      0.015      0.038  0.000e+00
     -0.039    28.1401   5.697905    35.4220     2.8887     0.0276          0      5.500 329.470480  1022.6660     -0.039      0.025  0.000e+00
     -0.082    28.1731   5.692510    35.3595     2.9133     0.0307          0      5.750 329.470483  1022.6079     -0.082      0.003  0.000e+00
     -0.082    28.1896   5.690437    35.3326     2.9169     0.0345          0      6.000 329.470486  1022.5823     -0.082     -0.016  0.000e+00
     -0.093    28.1861   5.691199    35.3406     2.9393    -0.0220          0      6.250 329.470489  1022.5894     -0.092     -0.042  0.000e+00
     -0.060    28.1652   5.695032    35.3830     2.9367    -0.0128          0      6.500 329.470492  1022.6283     -0.060     -0.050  0.000e+00
     -0.060    28.1494   5.700199    35.4311     2.9645    -0.0166          0      6.750 329.470495  1022.6696     -0.060     -0.049  0.000e+00
     -0.082    28.1419   5.701320    35.4446     2.9562    -0.0166          0      7.000 329.470498  1022.6821     -0.081     -0.047  0.000e+00
     -0.071    28.1326   5.699559    35.4393     2.9496    -0.2699          0      7.250 329.470501  1022.6813     -0.071     -0.027  0.000e+00
     -0.093    28.1178   5.691140    35.3914     2.9567    -0.2699          0      7.500 329.470503  1022.6500     -0.092     -0.010  0.000e+00
     -0.093    28.1023   5.685504    35.3635     2.9441    -0.2676          0      7.750 329.470506  1022.6341     -0.092     -0.004  0.000e+00
     -0.114    28.0905   5.682642    35.3522     2.9517    -0.2615          0      8.000 329.470509  1022.6294     -0.114     -0.014  0.000e+00
     -0.114    28.0831   5.682391    35.3560     2.9621    -0.2692          0      8.250 329.470512  1022.6347     -0.114     -0.022  0.000e+00
     -0.093    28.0791   5.683738    35.3685     2.9673     0.7143          0      8.500 329.470515  1022.6455     -0.092     -0.025  0.000e+00
     -0.103    28.0740   5.682132    35.3610     2.9662     0.7227          0      8.750 329.470518  1022.6415     -0.103     -0.021  0.000e+00
     -0.082    28.0674   5.678699    35.3419     2.9540     0.7204          0      9.000 329.470521  1022.6294     -0.081     -0.008  0.000e+00
     -0.049    28.0626   5.677018    35.3337     2.9521     0.7288          0      9.250 329.470524  1022.6249     -0.049      0.008  0.000e+00
     -0.038    28.0611   5.677276    35.3366     2.9616     0.0299          0      9.500 329.470527  1022.6277     -0.038      0.028  0.000e+00
     -0.038    28.0610   5.678319    35.3440     2.9392     0.0276          0      9.750 329.470530  1022.6332     -0.038      0.039  0.000e+00
     -0.038    28.0597   5.678958    35.3495     2.9201     0.0223          0     10.000 329.470532  1022.6377     -0.038      0.046  0.000e+00
     -0.060    28.0567   5.676318    35.3332     2.9241     0.0276          0     10.250 329.470535  1022.6264     -0.060      0.037  0.000e+00
     -0.060    28.0521   5.672544    35.3102     2.8905    -0.0242          0     10.500 329.470538  1022.6106     -0.060      0.024  0.000e+00
     -0.082    28.0487   5.670103    35.2956     2.8777    -0.0372          0     10.750 329.470541  1022.6007     -0.081      0.009  0.000e+00
     -0.071    28.0460   5.668262    35.2847     2.8810    -0.0311          0     11.000 329.470544  1022.5934     -0.070     -0.008  0.000e+00
     -0.071    28.0403   5.667799    35.2857     2.8630    -0.0227          0     11.250 329.470547  1022.5960     -0.070     -0.019  0.000e+00
     -0.038    28.0326   5.667692    35.2907     2.8473    -0.0044          0     11.500 329.470550  1022.6024     -0.038     -0.012  0.000e+00
     -0.027    28.0256   5.667244    35.2929     2.8500    -0.0105          0     11.750 329.470553  1022.6064     -0.027      0.001  0.000e+00
     -0.006    28.0198   5.666742    35.2936     2.8332    -0.0052          0     12.000 329.470556  1022.6089     -0.006      0.019  0.000e+00
     -0.006    28.0165   5.666864    35.2970     2.8394    -0.0097          0     12.250 329.470558  1022.6126     -0.006      0.035  0.000e+00
     -0.017    28.0162   5.668164    35.3064     2.8235    -0.0090          0     12.500 329.470561  1022.6197     -0.017      0.038  0.000e+00
     -0.038    28.0174   5.670795    35.3239     2.8080     0.0444          0     12.750 329.470564  1022.6324     -0.038      0.033  0.000e+00
     -0.049    28.0192   5.673435    35.3411     2.7812     0.0444          0     13.000 329.470567  1022.6447     -0.049      0.017  0.000e+00
     -0.038    28.0194   5.675398    35.3548     2.7905     0.0345          0     13.250 329.470570  1022.6550     -0.038      0.004  0.000e+00
     -0.060    28.0168   5.671495    35.3293     2.7942     0.0391          0     13.500 329.470573  1022.6365     -0.059     -0.016  0.000e+00
     -0.017    28.0140   5.668864    35.3129     2.7873     0.1375          0     13.750 329.470576  1022.6253     -0.016     -0.014  0.000e+00
      0.048    28.0121   5.669465    35.3185     2.8024     0.1322          0     14.000 329.470579  1022.6305      0.048      0.006  0.000e+00
      0.102    28.0133   5.677970    35.3773     2.8161     0.1482          0     14.250 329.470582  1022.6745      0.102      0.044  0.000e+00
      0.102    28.0202   5.693412    35.4806     2.8229     0.1406          0     14.500 329.470584  1022.7499      0.102      0.074  0.000e+00
      0.081    28.0219   5.694654    35.4881     2.8303    -0.1761          0     14.750 329.470587  1022.7549      0.080      0.088  0.000e+00
      0.048    28.0206   5.684333    35.4165     2.8286    -0.1730          0     15.000 329.470590  1022.7014      0.048      0.079  0.000e+00
      0.016    28.0235   5.675306    35.3510     2.8115    -0.1646          0     15.250 329.470593  1022.6510      0.016      0.053  0.000e+00
     -0.016    28.0248   5.670354    35.3153     2.8036    -0.1631          0     15.500 329.470596  1022.6236     -0.016      0.017  0.000e+00
     -0.006    28.0241   5.669274    35.3082     2.8082    -0.0715          0     15.750 329.470599  1022.6185     -0.006     -0.025  0.000e+00
      0.005    28.0221   5.670453    35.3180     2.8117    -0.0754          0     16.000 329.470602  1022.6266      0.005     -0.053  0.000e+00
     -0.017    28.0200   5.672035    35.3306     2.8123    -0.0784          0     16.250 329.470605  1022.6367     -0.016     -0.067  0.000e+00
     -0.027    28.0175   5.673465    35.3426     2.8185    -0.0677          0     16.500 329.470608  1022.6464     -0.027     -0.061  0.000e+00
     -0.027    28.0132   5.673085    35.3432     2.8078    -0.0738          0     16.750 329.470611  1022.6483     -0.027     -0.047  0.000e+00
     -0.017    28.0084   5.670294    35.3271     2.7947     0.0681          0     17.000 329.470613  1022.6379     -0.016     -0.028  0.000e+00
      0.005    28.0039   5.667822    35.3131     2.7750     0.0681          0     17.250 329.470616  1022.6289      0.005     -0.008  0.000e+00
      0.016    28.0009   5.666332    35.3049     2.7702     0.0604          0     17.500 329.470619  1022.6237      0.016      0.007  0.000e+00
      0.059    28.0005   5.665975    35.3027     2.7660     0.0788          0     17.750 329.470622  1022.6224      0.059      0.023  0.000e+00
      0.048    28.0032   5.666993    35.3079     2.7434     0.1161          0     18.000 329.470625  1022.6254      0.048      0.035  0.000e+00
      0.048    28.0065   5.668104    35.3132     2.7532     0.1138          0     18.250 329.470628  1022.6283      0.048      0.046  0.000e+00
      0.059    28.0091   5.670164    35.3257     2.7418     0.1116          0     18.500 329.470631  1022.6369      0.059      0.050  0.000e+00
      0.059    28.0123   5.674546    35.3541     2.7400     0.1138          0     18.750 329.470634  1022.6572      0.059      0.046  0.000e+00
      0.027    28.0177   5.676288    35.3622     2.7249     0.1230          0     19.000 329.470637  1022.6614      0.026      0.027  0.000e+00
      0.027    28.0229   5.675276    35.3513     2.7281     0.1306          0     19.250 329.470639  1022.6515      0.026      0.009  0.000e+00
      0.016    28.0227   5.675337    35.3518     2.7183     0.1322          0     19.500 329.470642  1022.6519      0.016     -0.009  0.000e+00
     -0.006    28.0199   5.671784    35.3289     2.7207     0.1299          0     19.750 329.470645  1022.6355     -0.006     -0.029  0.000e+00
     -0.017    28.0173   5.669274    35.3133     2.7435     0.0215          0     20.000 329.470648  1022.6245     -0.017     -0.036  0.000e+00
     -0.038    28.0148   5.668735    35.3114     2.7357     0.0200          0     20.250 329.470651  1022.6238     -0.038     -0.048  0.000e+00
     -0.006    28.0126   5.668864    35.3140     2.7255     0.0116          0     20.500 329.470654  1022.6266     -0.006     -0.045  0.000e+00
     -0.006    28.0116   5.669373    35.3183     2.7298     0.0208          0     20.750 329.470657  1022.6302     -0.006     -0.035  0.000e+00
      0.016    28.0113   5.669351    35.3183     2.7335     0.0215          0     21.000 329.470660  1022.6304      0.016     -0.014  0.000e+00
      0.005    28.0104   5.667822    35.3083     2.7315     0.0124          0     21.250 329.470663  1022.6231      0.005     -0.005  0.000e+00
      0.038    28.0093   5.667244    35.3051     2.7441     0.0162          0     21.500 329.470666  1022.6212      0.037      0.015  0.000e+00
      0.016    28.0092   5.669594    35.3216     2.7425     0.0109          0     21.750 329.470668  1022.6336      0.016      0.024  0.000e+00
      0.048    28.0127   5.679591    35.3892     2.7233     0.0131          0     22.000 329.470671  1022.6834      0.048      0.035  0.000e+00
      0.059    28.0201   5.687866    35.4417     2.7211     0.0574          0     22.250 329.470674  1022.7205      0.059      0.041  0.000e+00
      0.059    28.0228   5.689298    35.4498     2.7297     0.0467          0     22.500 329.470677  1022.7258      0.059      0.035  0.000e+00
      0.059    28.0216   5.686016    35.4276     2.7017     0.0505          0     22.750 329.470680  1022.7095      0.059      0.034  0.000e+00
      0.070    28.0222   5.680161    35.3861     2.7093     0.0635          0     23.000 329.470683  1022.6781      0.070      0.031  0.000e+00
      0.070    28.0238   5.679690    35.3815     2.7047    -0.0426          0     23.250 329.470686  1022.6741      0.070      0.030  0.000e+00
      0.049    28.0231   5.679370    35.3798     2.7004    -0.0525          0     23.500 329.470689  1022.6729      0.048      0.017  0.000e+00
      0.027    28.0209   5.678114    35.3727     2.7080    -0.0471          0     23.750 329.470692  1022.6682      0.027      0.005  0.000e+00
      0.027    28.0182   5.677308    35.3690     2.7234    -0.0426          0     24.000 329.470694  1022.6664      0.027     -0.013  0.000e+00
      0.049    28.0167   5.678799    35.3806     2.7250     0.0315          0     24.250 329.470697  1022.6756      0.048     -0.015  0.000e+00
      0.027    28.0169   5.680420    35.3918     2.7247     0.0292          0     24.500 329.470700  1022.6839      0.027     -0.019  0.000e+00
      0.016    28.0191   5.677779    35.3717     2.7372     0.0360          0     24.750 329.470703  1022.6680      0.016     -0.024  0.000e+00
     -0.005    28.0191   5.673526    35.3418     2.7252     0.0276          0     25.000 329.470706  1022.6455     -0.005     -0.032  0.000e+00
      0.016    28.0158   5.668544    35.3093     2.7213     0.0315          0     25.250 329.470709  1022.6222      0.016     -0.027  0.000e+00
      0.027    28.0125   5.669024    35.3152     2.7095     0.0772          0     25.500 329.470712  1022.6277      0.027     -0.014  0.000e+00
      0.038    28.0138   5.677117    35.3710     2.7040     0.0780          0     25.750 329.470715  1022.6693      0.038     -0.004  0.000e+00
      0.016    28.0225   5.687706    35.4389     2.6968     0.0887          0     26.000 329.470718  1022.7174      0.016     -0.005  0.000e+00
      0.027    28.0244   5.690319    35.4558     2.7085     0.0856          0     26.250 329.470720  1022.7295      0.027     -0.003  0.000e+00
      0.027    28.0204   5.687531    35.4392     2.7006    -0.0555          0     26.500 329.470723  1022.7184      0.027      0.007  0.000e+00
      0.038    28.0180   5.685155    35.4243     2.6906    -0.0632          0     26.750 329.470726  1022.7080      0.038      0.013  0.000e+00
      0.060    28.0172   5.686846    35.4368     2.6971    -0.0586          0     27.000 329.470729  1022.7177      0.059      0.021  0.000e+00
      0.049    28.0176   5.690029    35.4588     2.6875    -0.0662          0     27.250 329.470732  1022.7342      0.049      0.016  0.000e+00
      0.038    28.0197   5.693214    35.4797     2.6845     0.0643          0     27.500 329.470735  1022.7491      0.038      0.012  0.000e+00
