ctd_kilwa/cnv/SBE19plus_01906740_2018_11_26_0064.cnv
* Sea-Bird SBE19plus  Data File:
* FileName = C:\Users\all user\Desktop\Mapping WWF\SBE19plus_01906740_2018_11_26_0064.hex
* Software version 2.6.3.104
* Temperature SN = 6740
* Conductivity SN = 6740
* System UpLoad Time = Nov 26 2018 19:59:01
* <ApplicationData>
* <Seaterm232>
# nquan = 13
# nvalues = 336                                   
# units = specified
# name 0 = prdM: Pressure, Strain Gauge [db]
# name 1 = tv290C: Temperature [ITS-90, deg C]
# name 2 = c0S/m: Conductivity [S/m]
# name 3 = sal00: Salinity, Practical [PSU]
# name 4 = sbeox0ML/L: Oxygen, SBE 43 [ml/l]
# name 5 = flECO-AFL: Fluorescence, WET Labs ECO-AFL/FL [mg/m^3]
# name 6 = nbf: Bottles Fired
# name 7 = timeS: Time, Elapsed [seconds]
# name 8 = timeJ: Julian Days
# name 9 = density00: Density [density, kg/m^3]
# name 10 = depSM: Depth [salt water, m], lat = 0.00
# name 11 = dz/dtM: Descent Rate [m/s]
# name 12 = flag:  0.000e+00
# span 0 =     -1.008,      8.089                 
# span 1 =    27.9007,    29.9802                 
# span 2 =   0.803364,   5.874922                 
# span 3 =     4.1238,    35.5342                 
# span 4 =     2.3343,     3.4009                 
# span 5 =    -0.4446,    48.6856                 
# span 6 =          0,          0                 
# span 7 =      0.000,     83.750                 
# span 8 = 329.562164, 329.563134                 
# span 9 =   999.1502,  1022.7882                 
# span 10 =     -1.003,      8.045                
# span 11 =     -0.601,      0.462                
# span 12 = 0.0000e+00, 0.0000e+00                
# interval = seconds: 0.25
# start_time = Nov 25 2018 13:29:31 [Instrument's time stamp, header]
# bad_flag = -9.990e-29
*END*
     -0.365    29.8728   3.545831    20.1374     3.0232    -0.4355          0      0.000 329.562164  1010.6670     -0.363      0.000  0.000e+00
     -0.300    29.9288   3.363967    18.9792     2.9698    -0.4431          0      0.250 329.562167  1009.7872     -0.298      0.017  0.000e+00
     -0.268    29.9631   4.636601    27.0655     2.7890    -0.4347          0      0.500 329.562170  1015.8019     -0.266      0.039  0.000e+00
     -0.278    29.9802   5.874590    35.2777     2.6305    -0.4339          0      0.750 329.562173  1021.9399     -0.277      0.051  0.000e+00
     -0.289    29.9689   5.874922    35.2882     2.6346     0.5266          0      1.000 329.562176  1021.9516     -0.288      0.055  0.000e+00
     -0.278    29.9561   5.873455    35.2876     2.6268     0.5228          0      1.250 329.562179  1021.9556     -0.277      0.056  0.000e+00
     -0.300    29.9382   5.871772    35.2893     2.6328     0.5274          0      1.500 329.562182  1021.9629     -0.298      0.046  0.000e+00
     -0.289    29.8726   5.862333    35.2731     2.6390     0.5251          0      1.750 329.562185  1021.9732     -0.287      0.035  0.000e+00
     -0.267    29.7291   5.834424    35.1882     2.6617    -0.4446          0      2.000 329.562187  1021.9585     -0.266      0.024  0.000e+00
     -0.224    29.5327   5.809886    35.1645     2.6810    -0.4362          0      2.250 329.562190  1022.0074     -0.223      0.018  0.000e+00
     -0.170    29.3338   5.784388    35.1358     2.6976    -0.4393          0      2.500 329.562193  1022.0533     -0.169      0.039  0.000e+00
     -0.159    29.1665   5.771302    35.1688     2.7113    -0.4408          0      2.750 329.562196  1022.1344     -0.158      0.065  0.000e+00
     -0.159    29.0387   5.762938    35.2053     2.7080    -0.1173          0      3.000 329.562199  1022.2046     -0.158      0.080  0.000e+00
     -0.159    28.9451   5.755903    35.2259     2.7229    -0.1196          0      3.250 329.562202  1022.2513     -0.158      0.084  0.000e+00
     -0.181    28.8724   5.751595    35.2498     2.7306    -0.1211          0      3.500 329.562205  1022.2935     -0.180      0.077  0.000e+00
     -0.191    28.8180   5.750211    35.2806     2.7329    -0.1242          0      3.750 329.562208  1022.3347     -0.190      0.053  0.000e+00
     -0.202    28.7788   5.746723    35.2855     2.7491    -0.1227          0      4.000 329.562211  1022.3514     -0.201      0.023  0.000e+00
     -0.181    28.7521   5.745630    35.2977     2.7483    -0.0708          0      4.250 329.562214  1022.3696     -0.180     -0.001  0.000e+00
     -0.127    28.7356   5.744177    35.2998     2.7547    -0.0700          0      4.500 329.562216  1022.3769     -0.126     -0.001  0.000e+00
     -0.018    28.7249   5.743244    35.3013     2.7582    -0.0708          0      4.750 329.562219  1022.3820     -0.018      0.040  0.000e+00
      0.014    28.7201   5.743084    35.3037     2.7737    -0.0670          0      5.000 329.562222  1022.3856      0.014      0.082  0.000e+00
      0.111    28.7186   5.746465    35.3283     2.7745     0.0040          0      5.250 329.562225  1022.4050      0.111      0.139  0.000e+00
      0.111    28.7188   5.750956    35.3593     2.7974     0.0116          0      5.500 329.562228  1022.4282      0.111      0.178  0.000e+00
      0.068    28.7190   5.751078    35.3600     2.8210     0.0017          0      5.750 329.562231  1022.4285      0.068      0.180  0.000e+00
      0.025    28.7177   5.750956    35.3601     2.8261     0.0017          0      6.000 329.562234  1022.4288      0.025      0.151  0.000e+00
     -0.007    28.7161   5.746143    35.3280     2.8281     0.0673          0      6.250 329.562237  1022.4050     -0.007      0.094  0.000e+00
     -0.007    28.7151   5.742464    35.3032     2.8316     0.0612          0      6.500 329.562240  1022.3868     -0.007      0.033  0.000e+00
      0.003    28.7115   5.741019    35.2958     2.8381     0.0620          0      6.750 329.562242  1022.3825      0.003     -0.020  0.000e+00
      0.036    28.7067   5.737892    35.2777     2.8306     0.0704          0      7.000 329.562245  1022.3705      0.035     -0.037  0.000e+00
      0.122    28.7022   5.736318    35.2701     2.8369    -0.0052          0      7.250 329.562248  1022.3668      0.121     -0.023  0.000e+00
      0.198    28.6951   5.735095    35.2669     2.8993    -0.0113          0      7.500 329.562251  1022.3670      0.197      0.036  0.000e+00
      0.252    28.6818   5.734170    35.2703     3.2778    -0.0120          0      7.750 329.562254  1022.3742      0.251      0.104  0.000e+00
      0.241    28.6636   5.731397    35.2646     3.2083    -0.0097          0      8.000 329.562257  1022.3759      0.240      0.145  0.000e+00
      0.230    28.6481   5.729594    35.2636     3.1473    -0.0113          0      8.250 329.562260  1022.3803      0.229      0.157  0.000e+00
      0.219    28.6336   5.727440    35.2594     3.0654     0.0360          0      8.500 329.562263  1022.3819      0.218      0.142  0.000e+00
      0.252    28.6166   5.725424    35.2580     2.9830     0.0383          0      8.750 329.562266  1022.3866      0.251      0.120  0.000e+00
      0.317    28.5992   5.725363    35.2705     2.9070     0.0391          0      9.000 329.562269  1022.4021      0.315      0.102  0.000e+00
      0.360    28.5848   5.722278    35.2598     2.8202     0.0360          0      9.250 329.562271  1022.3990      0.358      0.086  0.000e+00
      0.425    28.5706   5.722149    35.2694     2.7382    -0.0036          0      9.500 329.562274  1022.4111      0.423      0.094  0.000e+00
      0.447    28.5552   5.723012    35.2868     2.6805     0.0002          0      9.750 329.562277  1022.4295      0.444      0.112  0.000e+00
      0.457    28.5414   5.720638    35.2806     2.7221     0.0017          0     10.000 329.562280  1022.4294      0.455      0.136  0.000e+00
      0.479    28.5272   5.718821    35.2785     2.7598     0.0025          0     10.250 329.562283  1022.4327      0.476      0.147  0.000e+00
      0.490    28.5118   5.718272    35.2862     2.7689     0.0162          0     10.500 329.562286  1022.4435      0.487      0.142  0.000e+00
      0.511    28.4978   5.718272    35.2966     2.7832     0.0139          0     10.750 329.562289  1022.4561      0.509      0.122  0.000e+00
      0.479    28.4863   5.715479    35.2857     2.7941     0.0162          0     11.000 329.562292  1022.4516      0.476      0.084  0.000e+00
      0.522    28.4760   5.715479    35.2934     2.7998     0.0147          0     11.250 329.562295  1022.4609      0.519      0.065  0.000e+00
      0.555    28.4692   5.713785    35.2866     2.7891     0.0452          0     11.500 329.562297  1022.4582      0.552      0.055  0.000e+00
      0.598    28.4621   5.712877    35.2856     2.7840     0.0398          0     11.750 329.562300  1022.4600      0.595      0.065  0.000e+00
      0.663    28.4563   5.713465    35.2940     2.7863     0.0444          0     12.000 329.562303  1022.4685      0.659      0.088  0.000e+00
      0.695    28.4497   5.713205    35.2971     2.7845     0.0429          0     12.250 329.562306  1022.4731      0.691      0.109  0.000e+00
      0.749    28.4433   5.713526    35.3040     2.7803     0.0368          0     12.500 329.562309  1022.4807      0.745      0.136  0.000e+00
      0.771    28.4377   5.714136    35.3125     2.7754     0.0376          0     12.750 329.562312  1022.4890      0.767      0.154  0.000e+00
      0.760    28.4301   5.714717    35.3222     2.7729     0.0376          0     13.000 329.562315  1022.4987      0.756      0.157  0.000e+00
      0.760    28.4235   5.715419    35.3321     2.7797     0.0398          0     13.250 329.562318  1022.5084      0.756      0.133  0.000e+00
      0.738    28.4194   5.714236    35.3268     2.7767     0.0383          0     13.500 329.562321  1022.5057      0.734      0.100  0.000e+00
      0.760    28.4119   5.711382    35.3126     2.7766     0.0856          0     13.750 329.562323  1022.4976      0.756      0.068  0.000e+00
      0.793    28.4030   5.709430    35.3055     2.7688     0.0910          0     14.000 329.562326  1022.4954      0.788      0.045  0.000e+00
      0.857    28.3954   5.707676    35.2989     2.7716     0.0932          0     14.250 329.562329  1022.4932      0.853      0.049  0.000e+00
      0.922    28.3858   5.708217    35.3099     2.7995     0.0856          0     14.500 329.562332  1022.5048      0.917      0.068  0.000e+00
      0.976    28.3826   5.714008    35.3527     2.8158     0.0879          0     14.750 329.562335  1022.5383      0.971      0.104  0.000e+00
      0.998    28.3855   5.722992    35.4131     2.8116     0.0810          0     15.000 329.562338  1022.5829      0.992      0.138  0.000e+00
      0.976    28.3805   5.728056    35.4522     2.8037     0.0879          0     15.250 329.562341  1022.6138      0.971      0.147  0.000e+00
      0.922    28.3760   5.729057    35.4626     2.7965     0.0948          0     15.500 329.562344  1022.6229      0.917      0.127  0.000e+00
      0.933    28.3744   5.727705    35.4544     2.7787     0.0070          0     15.750 329.562347  1022.6173      0.928      0.093  0.000e+00
      0.911    28.3753   5.726292    35.4438     2.7597     0.0032          0     16.000 329.562350  1022.6090      0.906      0.047  0.000e+00
      0.943    28.3756   5.723978    35.4275     2.7485     0.0002          0     16.250 329.562352  1022.5967      0.938      0.010  0.000e+00
      0.976    28.3738   5.723084    35.4225     2.7411     0.0017          0     16.500 329.562355  1022.5937      0.970     -0.007  0.000e+00
      1.019    28.3716   5.720038    35.4029     2.7422    -0.0029          0     16.750 329.562358  1022.5799      1.013      0.002  0.000e+00
      1.073    28.3701   5.714199    35.3633     2.7873     0.0147          0     17.000 329.562361  1022.5508      1.067      0.037  0.000e+00
      1.138    28.3654   5.710262    35.3393     2.7941     0.0131          0     17.250 329.562364  1022.5346      1.132      0.089  0.000e+00
      1.235    28.3593   5.713879    35.3691     2.8039     0.0116          0     17.500 329.562367  1022.5594      1.229      0.151  0.000e+00
      1.278    28.3625   5.718893    35.4017     2.7805     0.0177          0     17.750 329.562370  1022.5831      1.271      0.189  0.000e+00
      1.214    28.3624   5.723596    35.4346     2.7613     0.0406          0     18.000 329.562373  1022.6076      1.207      0.190  0.000e+00
      1.203    28.3593   5.728187    35.4690     2.7439     0.0360          0     18.250 329.562376  1022.6344      1.196      0.162  0.000e+00
      1.160    28.3540   5.728477    35.4750     2.7174     0.0406          0     18.500 329.562378  1022.6405      1.153      0.114  0.000e+00
      1.181    28.3507   5.726774    35.4656     2.7009     0.0383          0     18.750 329.562381  1022.6346      1.175      0.068  0.000e+00
      1.203    28.3506   5.725910    35.4596     2.6832     0.0177          0     19.000 329.562384  1022.6302      1.196      0.028  0.000e+00
      1.203    28.3518   5.725704    35.4573     2.6762     0.0147          0     19.250 329.562387  1022.6281      1.196     -0.006  0.000e+00
      1.214    28.3527   5.724979    35.4515     2.6763     0.0124          0     19.500 329.562390  1022.6235      1.207     -0.024  0.000e+00
      1.225    28.3532   5.724559    35.4482     2.6810     0.0162          0     19.750 329.562393  1022.6209      1.218     -0.012  0.000e+00
      1.214    28.3534   5.724368    35.4467     2.6842     0.0391          0     20.000 329.562396  1022.6196      1.207      0.013  0.000e+00
      1.181    28.3528   5.723054    35.4380     2.6663     0.0368          0     20.250 329.562399  1022.6131      1.175      0.012  0.000e+00
      1.149    28.3511   5.718825    35.4098     2.6782     0.0398          0     20.500 329.562402  1022.5924      1.143     -0.000  0.000e+00
      1.203    28.3457   5.709881    35.3514     2.6705     0.0406          0     20.750 329.562405  1022.5505      1.196     -0.008  0.000e+00
      1.311    28.3367   5.706495    35.3344     2.6771     0.0376          0     21.000 329.562407  1022.5412      1.304      0.017  0.000e+00
      1.376    28.3301   5.710812    35.3695     2.6686     0.0437          0     21.250 329.562410  1022.5700      1.368      0.058  0.000e+00
      1.430    28.3299   5.717505    35.4163     2.6480     0.0505          0     21.500 329.562413  1022.6055      1.422      0.102  0.000e+00
      1.419    28.3234   5.722375    35.4552     2.6470     0.0482          0     21.750 329.562416  1022.6368      1.411      0.132  0.000e+00
      1.419    28.3155   5.725865    35.4856     2.6379     0.0543          0     22.000 329.562419  1022.6622      1.411      0.151  0.000e+00
      1.419    28.3115   5.727416    35.4994     2.6286     0.0726          0     22.250 329.562422  1022.6740      1.411      0.154  0.000e+00
      1.451    28.3090   5.728256    35.5071     2.6184     0.0673          0     22.500 329.562425  1022.6807      1.443      0.141  0.000e+00
      1.451    28.3067   5.729960    35.5208     2.6116     0.0650          0     22.750 329.562428  1022.6918      1.443      0.099  0.000e+00
      1.473    28.3140   5.732015    35.5296     2.6033     0.0688          0     23.000 329.562431  1022.6961      1.465      0.061  0.000e+00
      1.516    28.3491   5.733169    35.5113     2.6017     0.0406          0     23.250 329.562433  1022.6709      1.508      0.052  0.000e+00
      1.570    28.3842   5.732136    35.4778     2.6330     0.0360          0     23.500 329.562436  1022.6344      1.562      0.066  0.000e+00
      1.624    28.4048   5.731593    35.4585     2.6302     0.0360          0     23.750 329.562439  1022.6133      1.615      0.099  0.000e+00
      1.667    28.4138   5.728828    35.4325     2.6413     0.0421          0     24.000 329.562442  1022.5909      1.658      0.127  0.000e+00
      1.743    28.4140   5.726291    35.4146     2.6564     0.0383          0     24.250 329.562445  1022.5778      1.734      0.159  0.000e+00
      1.797    28.4133   5.726261    35.4149     2.6741     0.0330          0     24.500 329.562448  1022.5784      1.787      0.184  0.000e+00
      1.862    28.4157   5.726880    35.4174     2.6616     0.0360          0     24.750 329.562451  1022.5798      1.852      0.211  0.000e+00
      1.959    28.4158   5.726551    35.4150     2.6463     0.0391          0     25.000 329.562454  1022.5784      1.949      0.237  0.000e+00
      2.024    28.4122   5.722473    35.3893     2.6641     0.0467          0     25.250 329.562457  1022.5606      2.013      0.254  0.000e+00
      2.122    28.3963   5.717214    35.3644     2.6732     0.0673          0     25.500 329.562459  1022.5475      2.110      0.274  0.000e+00
      2.251    28.3708   5.710621    35.3375     2.6881     0.0620          0     25.750 329.562462  1022.5362      2.239      0.306  0.000e+00
      2.381    28.3428   5.706175    35.3273     2.7333     0.0681          0     26.000 329.562465  1022.5384      2.368      0.346  0.000e+00
      2.468    28.3157   5.704177    35.3336     2.7801     0.0681          0     26.250 329.562468  1022.5524      2.454      0.373  0.000e+00
      2.565    28.2966   5.707640    35.3720     2.7987     0.0490          0     26.500 329.562471  1022.5880      2.551      0.397  0.000e+00
      2.608    28.2900   5.713598    35.4186     2.7708     0.0467          0     26.750 329.562474  1022.6254      2.594      0.397  0.000e+00
      2.619    28.2873   5.716254    35.4392     2.7095     0.0528          0     27.000 329.562477  1022.6418      2.605      0.366  0.000e+00
      2.608    28.2818   5.718369    35.4581     2.6453     0.0543          0     27.250 329.562480  1022.6578      2.594      0.315  0.000e+00
      2.630    28.2778   5.721254    35.4813     2.5975     0.0749          0     27.500 329.562483  1022.6766      2.616      0.248  0.000e+00
