ctd_kilwa/cnv/SBE19plus_01906740_2018_11_26_0069.cnv
* Sea-Bird SBE19plus  Data File:
* FileName = C:\Users\all user\Desktop\Mapping WWF\SBE19plus_01906740_2018_11_26_0069.hex
* Software version 2.6.3.104
* Temperature SN = 6740
* Conductivity SN = 6740
* System UpLoad Time = Nov 26 2018 20:00:16
* <ApplicationData>
* <Seaterm232>
# nquan = 13
# nvalues = 843                                   
# units = specified
# name 0 = prdM: Pressure, Strain Gauge [db]
# name 1 = tv290C: Temperature [ITS-90, deg C]
# name 2 = c0S/m: Conductivity [S/m]
# name 3 = sal00: Salinity, Practical [PSU]
# name 4 = sbeox0ML/L: Oxygen, SBE 43 [ml/l]
# name 5 = flECO-AFL: Fluorescence, WET Labs ECO-AFL/FL [mg/m^3]
# name 6 = nbf: Bottles Fired
# name 7 = timeS: Time, Elapsed [seconds]
# name 8 = timeJ: Julian Days
# name 9 = density00: Density [density, kg/m^3]
# name 10 = depSM: Depth [salt water, m], lat = 0.00
# name 11 = dz/dtM: Descent Rate [m/s]
# name 12 = flag:  0.000e+00
# span 0 =     -1.097,     14.335                 
# span 1 =    28.6160,    34.0135                 
# span 2 =   0.475386,   5.898959                 
# span 3 =     2.3390,    36.0365                 
# span 4 =     2.0895,     3.6335                 
# span 5 =    -0.4393,    48.6909                 
# span 6 =          0,          0                 
# span 7 =      0.000,    210.500                 
# span 8 = 329.609745, 329.612182                 
# span 9 =   996.5411,  1022.8420                 
# span 10 =     -1.091,     14.255                
# span 11 =     -0.927,      0.924                
# span 12 = 0.0000e+00, 0.0000e+00                
# interval = seconds: 0.25
# start_time = Nov 25 2018 14:38:02 [Instrument's time stamp, header]
# bad_flag = -9.990e-29
*END*
[from data line 667]
     12.420    28.6247   5.722055    35.2250     3.0238     0.0261          0    166.750 329.611675  1022.4112     12.351     -0.003  0.000e+00
     12.452    28.6241   5.721971    35.2249     3.0298     0.0246          0    167.000 329.611678  1022.4115     12.384      0.014  0.000e+00
     12.474    28.6238   5.721895    35.2246     3.0396     0.0215          0    167.250 329.611681  1022.4115     12.405      0.032  0.000e+00
     12.452    28.6233   5.721895    35.2250     3.0340     0.0177          0    167.500 329.611684  1022.4118     12.383      0.044  0.000e+00
     12.387    28.6231   5.721895    35.2252     3.0337     0.0360          0    167.750 329.611687  1022.4117     12.319      0.032  0.000e+00
     12.409    28.6231   5.691427    35.0138     3.0255     0.0322          0    168.000 329.611690  1022.2530     12.341      0.022  0.000e+00
     12.485    28.6237   5.685151    34.9698     3.0324     0.0307          0    168.250 329.611693  1022.2201     12.416      0.032  0.000e+00
     12.571    28.6238   5.722086    35.2259     3.0290     0.0276          0    168.500 329.611696  1022.4129     12.502      0.050  0.000e+00
     12.723    28.6246   5.722162    35.2257     3.0179     0.0337          0    168.750 329.611698  1022.4131     12.652      0.103  0.000e+00
     12.798    28.6254   5.722284    35.2260     3.0171     0.0231          0    169.000 329.611701  1022.4133     12.728      0.164  0.000e+00
     12.788    28.6263   5.722376    35.2260     3.0119     0.0185          0    169.250 329.611704  1022.4130     12.717      0.208  0.000e+00
     12.734    28.6269   5.722414    35.2258     3.0009     0.0215          0    169.500 329.611707  1022.4124     12.663      0.223  0.000e+00
     12.593    28.6277   5.722444    35.2255     3.0151     0.0162          0    169.750 329.611710  1022.4113     12.524      0.175  0.000e+00
     12.507    28.6281   5.722467    35.2254     3.0198     0.0246          0    170.000 329.611713  1022.4107     12.438      0.074  0.000e+00
     12.464    28.6282   5.722506    35.2256     3.0210     0.0330          0    170.250 329.611716  1022.4107     12.395     -0.040  0.000e+00
     12.464    28.6286   5.722536    35.2255     3.0233     0.0299          0    170.500 329.611719  1022.4105     12.395     -0.132  0.000e+00
     12.550    28.6290   5.722574    35.2254     3.0316     0.0330          0    170.750 329.611722  1022.4107     12.481     -0.171  0.000e+00
     12.637    28.6292   5.722605    35.2255     3.0372     0.0315          0    171.000 329.611725  1022.4110     12.567     -0.135  0.000e+00
     12.658    28.6293   5.722574    35.2252     3.0356     0.0322          0    171.250 329.611727  1022.4108     12.588     -0.063  0.000e+00
     12.615    28.6294   5.722559    35.2250     3.0438     0.0292          0    171.500 329.611730  1022.4105     12.545      0.004  0.000e+00
     12.507    28.6293   5.722536    35.2250     3.0430     0.0330          0    171.750 329.611733  1022.4100     12.438      0.036  0.000e+00
     12.420    28.6291   5.722505    35.2249     3.0274     0.0185          0    172.000 329.611736  1022.4097     12.352      0.013  0.000e+00
     12.388    28.6291   5.722536    35.2251     3.0213     0.0200          0    172.250 329.611739  1022.4097     12.319     -0.036  0.000e+00
     12.409    28.6296   5.722605    35.2252     3.0208     0.0231          0    172.500 329.611742  1022.4097     12.341     -0.086  0.000e+00
     12.496    28.6295   5.722635    35.2255     3.0123     0.0200          0    172.750 329.611745  1022.4103     12.427     -0.109  0.000e+00
     12.582    28.6295   5.722620    35.2254     3.0160     0.0231          0    173.000 329.611748  1022.4106     12.513     -0.082  0.000e+00
     12.604    28.6292   5.722506    35.2248     3.0186     0.0490          0    173.250 329.611751  1022.4103     12.534     -0.023  0.000e+00
     12.604    28.6287   5.722414    35.2245     3.0103     0.0467          0    173.500 329.611753  1022.4103     12.534      0.045  0.000e+00
     12.561    28.6281   5.722345    35.2245     3.0180     0.0452          0    173.750 329.611756  1022.4103     12.491      0.091  0.000e+00
     12.539    28.6275   5.722315    35.2247     3.0287     0.0459          0    174.000 329.611759  1022.4106     12.470      0.099  0.000e+00
     12.517    28.6272   5.722254    35.2245     3.0268     0.0292          0    174.250 329.611762  1022.4104     12.448      0.071  0.000e+00
     12.517    28.6269   5.722315    35.2252     3.0153     0.0276          0    174.500 329.611765  1022.4110     12.448      0.024  0.000e+00
     12.517    28.6268   5.722345    35.2255     3.0163     0.0261          0    174.750 329.611768  1022.4113     12.448     -0.023  0.000e+00
     12.561    28.6270   5.722345    35.2253     3.0208     0.0330          0    175.000 329.611771  1022.4113     12.491     -0.037  0.000e+00
     12.561    28.6270   5.722345    35.2253     3.0236     0.0276          0    175.250 329.611774  1022.4113     12.491     -0.027  0.000e+00
     12.582    28.6269   5.722315    35.2252     3.0271     0.0307          0    175.500 329.611777  1022.4113     12.513     -0.003  0.000e+00
     12.582    28.6269   5.722315    35.2252     3.0239     0.0330          0    175.750 329.611780  1022.4113     12.513      0.023  0.000e+00
     12.604    28.6265   5.722215    35.2248     3.0300     0.0322          0    176.000 329.611782  1022.4112     12.534      0.042  0.000e+00
     12.658    28.6267   5.722254    35.2249     3.0270     0.0391          0    176.250 329.611785  1022.4114     12.588      0.065  0.000e+00
     12.669    28.6267   5.722315    35.2253     3.0309     0.0482          0    176.500 329.611788  1022.4118     12.599      0.076  0.000e+00
     12.669    28.6268   5.722345    35.2254     3.0331     0.0467          0    176.750 329.611791  1022.4119     12.599      0.076  0.000e+00
     12.658    28.6270   5.722345    35.2253     3.0220     0.0490          0    177.000 329.611794  1022.4117     12.588      0.064  0.000e+00
     12.669    28.6268   5.722345    35.2254     3.0148     0.0414          0    177.250 329.611797  1022.4119     12.599      0.060  0.000e+00
     12.680    28.6267   5.722284    35.2251     3.0188     0.0276          0    177.500 329.611800  1022.4117     12.610      0.051  0.000e+00
     12.712    28.6268   5.722345    35.2254     3.0156     0.0292          0    177.750 329.611803  1022.4121     12.642      0.051  0.000e+00
     12.723    28.6269   5.722345    35.2253     3.0182     0.0330          0    178.000 329.611806  1022.4120     12.653      0.044  0.000e+00
     12.723    28.6266   5.722315    35.2253     3.0240     0.0360          0    178.250 329.611808  1022.4121     12.653      0.035  0.000e+00
     12.647    28.6263   5.722254    35.2252     3.0279     0.0002          0    178.500 329.611811  1022.4118     12.577      0.017  0.000e+00
     12.604    28.6263   5.722185    35.2247     3.0410     0.0101          0    178.750 329.611814  1022.4112     12.534     -0.009  0.000e+00
     12.637    28.6258   5.722185    35.2251     3.0428     0.0086          0    179.000 329.611817  1022.4118     12.567     -0.022  0.000e+00
     12.691    28.6261   5.722284    35.2255     3.0469     0.0055          0    179.250 329.611820  1022.4123     12.620     -0.022  0.000e+00
     12.745    28.6262   5.722284    35.2254     3.0433     0.0345          0    179.500 329.611823  1022.4124     12.674     -0.006  0.000e+00
     12.799    28.6259   5.722254    35.2254     3.0366     0.0276          0    179.750 329.611826  1022.4127     12.728      0.022  0.000e+00
     12.809    28.6256   5.722132    35.2248     3.0352     0.0276          0    180.000 329.611829  1022.4124     12.739      0.057  0.000e+00
     12.842    28.6252   5.722086    35.2247     3.0291     0.0330          0    180.250 329.611832  1022.4126     12.771      0.097  0.000e+00
     12.798    28.6245   5.722055    35.2251     3.0184     0.0345          0    180.500 329.611834  1022.4129     12.728      0.118  0.000e+00
     12.798    28.6242   5.721964    35.2247     3.0163     0.0337          0    180.750 329.611837  1022.4128     12.728      0.109  0.000e+00
     12.755    28.6234   5.721925    35.2251     3.0144     0.0330          0    181.000 329.611840  1022.4131     12.685      0.063  0.000e+00
     12.712    28.6232   5.721880    35.2249     3.0162     0.0292          0    181.250 329.611843  1022.4129     12.642      0.007  0.000e+00
     12.690    28.6232   5.721964    35.2255     3.0217     0.0315          0    181.500 329.611846  1022.4132     12.620     -0.042  0.000e+00
     12.658    28.6237   5.722055    35.2258     3.0242     0.0391          0    181.750 329.611849  1022.4131     12.588     -0.082  0.000e+00
     12.647    28.6237   5.722055    35.2258     3.0281     0.0475          0    182.000 329.611852  1022.4131     12.577     -0.100  0.000e+00
     12.647    28.6239   5.722055    35.2256     3.0398     0.0475          0    182.250 329.611855  1022.4129     12.577     -0.105  0.000e+00
     12.615    28.6238   5.722055    35.2257     3.0369     0.0444          0    182.500 329.611858  1022.4129     12.545     -0.097  0.000e+00
     12.593    28.6239   5.722040    35.2255     3.0414     0.0452          0    182.750 329.611861  1022.4126     12.523     -0.094  0.000e+00
     12.614    28.6237   5.721994    35.2253     3.0368     0.0536          0    183.000 329.611863  1022.4126     12.545     -0.072  0.000e+00
     12.625    28.6238   5.722025    35.2255     3.0335     0.0452          0    183.250 329.611866  1022.4128     12.556     -0.049  0.000e+00
     12.615    28.6239   5.722025    35.2254     3.0405     0.0429          0    183.500 329.611869  1022.4126     12.545     -0.035  0.000e+00
     12.517    28.6240   5.721994    35.2252     3.0378     0.0162          0    183.750 329.611872  1022.4120     12.448     -0.047  0.000e+00
     12.334    28.6238   5.721925    35.2249     3.0310     0.0200          0    184.000 329.611875  1022.4111     12.266     -0.107  0.000e+00
     12.096    28.6237   5.721971    35.2253     3.0441     0.0284          0    184.250 329.611878  1022.4104     12.029     -0.213  0.000e+00
     11.912    28.6238   5.721963    35.2253     3.0496     0.0238          0    184.500 329.611881  1022.4095     11.846     -0.331  0.000e+00
     11.761    28.6240   5.721994    35.2254     3.0416     0.0345          0    184.750 329.611884  1022.4089     11.696     -0.452  0.000e+00
     11.631    28.6240   5.721994    35.2254     3.0723     0.0330          0    185.000 329.611887  1022.4084     11.567     -0.557  0.000e+00
     11.436    28.6244   5.721993    35.2252     3.0767     0.0360          0    185.250 329.611889  1022.4072     11.373     -0.643  0.000e+00
     11.155    28.6243   5.722009    35.2254     3.0756     0.0284          0    185.500 329.611892  1022.4063     11.094     -0.721  0.000e+00
     10.885    28.6244   5.721924    35.2248     3.0762     0.0330          0    185.750 329.611895  1022.4046     10.825     -0.778  0.000e+00
     10.604    28.6241   5.721924    35.2252     3.0923     0.0215          0    186.000 329.611898  1022.4038     10.545     -0.826  0.000e+00
     10.344    28.6241   5.721863    35.2248     3.0992     0.0185          0    186.250 329.611901  1022.4024     10.287     -0.877  0.000e+00
     10.150    28.6239   5.721832    35.2248     3.1092     0.0231          0    186.500 329.611904  1022.4016     10.094     -0.927  0.000e+00
     10.128    28.6236   5.721863    35.2252     3.1197     0.0215          0    186.750 329.611907  1022.4020     10.072     -0.914  0.000e+00
     10.139    28.6236   5.721878    35.2253     3.1218     0.0215          0    187.000 329.611910  1022.4021     10.083     -0.830  0.000e+00
     10.085    28.6236   5.721863    35.2253     3.1113     0.0185          0    187.250 329.611913  1022.4018     10.029     -0.695  0.000e+00
      9.879    28.6236   5.721802    35.2249     3.1101     0.0177          0    187.500 329.611916  1022.4006      9.825     -0.577  0.000e+00
      9.620    28.6231   5.721763    35.2251     3.1039     0.0246          0    187.750 329.611918  1022.3998      9.567     -0.518  0.000e+00
      9.403    28.6231   5.721763    35.2251     3.1004     0.0315          0    188.000 329.611921  1022.3989      9.351     -0.504  0.000e+00
      9.263    28.6233   5.721763    35.2250     3.1075     0.0353          0    188.250 329.611924  1022.3982      9.212     -0.523  0.000e+00
      9.144    28.6232   5.721786    35.2253     3.1098     0.0360          0    188.500 329.611927  1022.3979      9.093     -0.570  0.000e+00
      8.971    28.6236   5.721801    35.2252     3.1185     0.0330          0    188.750 329.611930  1022.3969      8.921     -0.649  0.000e+00
      8.733    28.6238   5.721832    35.2253     3.1388     0.0475          0    189.000 329.611933  1022.3960      8.685     -0.719  0.000e+00
      8.441    28.6236   5.721763    35.2250     3.1381     0.0421          0    189.250 329.611936  1022.3946      8.394     -0.771  0.000e+00
      8.214    28.6238   5.721763    35.2250     3.1309     0.0459          0    189.500 329.611939  1022.3935      8.169     -0.789  0.000e+00
      7.965    28.6236   5.721755    35.2251     3.1190     0.0421          0    189.750 329.611942  1022.3926      7.921     -0.816  0.000e+00
      7.727    28.6236   5.721732    35.2250     3.1279     0.0429          0    190.000 329.611944  1022.3915      7.685     -0.866  0.000e+00
      7.554    28.6239   5.721762    35.2251     3.1034     0.0276          0    190.250 329.611947  1022.3907      7.513     -0.908  0.000e+00
      7.500    28.6240   5.721800    35.2253     3.0974     0.0337          0    190.500 329.611950  1022.3906      7.459     -0.887  0.000e+00
      7.446    28.6244   5.721861    35.2254     3.0789     0.0322          0    190.750 329.611953  1022.3904      7.405     -0.804  0.000e+00
      7.328    28.6246   5.721922    35.2257     3.0947     0.0330          0    191.000 329.611956  1022.3899      7.287     -0.696  0.000e+00
      7.101    28.6252   5.721968    35.2256     3.0969     0.0345          0    191.250 329.611959  1022.3887      7.061     -0.619  0.000e+00
      6.830    28.6256   5.721922    35.2251     3.0913     0.0307          0    191.500 329.611962  1022.3870      6.793     -0.602  0.000e+00
      6.614    28.6257   5.721960    35.2253     3.0788     0.0307          0    191.750 329.611965  1022.3863      6.578     -0.612  0.000e+00
      6.452    28.6264   5.722052    35.2255     3.0467     0.0322          0    192.000 329.611968  1022.3855      6.416     -0.641  0.000e+00
      6.290    28.6269   5.722082    35.2254     3.0329     0.2222          0    192.250 329.611970  1022.3845      6.255     -0.691  0.000e+00
      6.052    28.6274   5.722120    35.2254     3.0116     0.2207          0    192.500 329.611973  1022.3833      6.018     -0.767  0.000e+00
      5.782    28.6276   5.722128    35.2254     3.0093     0.2291          0    192.750 329.611976  1022.3821      5.750     -0.832  0.000e+00
      5.522    28.6281   5.722150    35.2252     2.9930     0.2252          0    193.000 329.611979  1022.3807      5.492     -0.871  0.000e+00
      5.273    28.6285   5.722211    35.2254     2.9721     0.1230          0    193.250 329.611982  1022.3797      5.244     -0.887  0.000e+00
      5.090    28.6292   5.722311    35.2256     2.9536     0.0688          0    193.500 329.611985  1022.3788      5.062     -0.890  0.000e+00
      4.884    28.6300   5.722372    35.2255     2.9438     0.0696          0    193.750 329.611988  1022.3776      4.857     -0.905  0.000e+00
      4.841    28.6305   5.722402    35.2254     2.9250     0.0665          0    194.000 329.611991  1022.3772      4.814     -0.873  0.000e+00
