ctd_kilwa/cnv/SBE19plus_01906740_2018_11_26_0040.cnv
* Sea-Bird SBE19plus  Data File:
* FileName = C:\Users\all user\Desktop\Mapping WWF\SBE19plus_01906740_2018_11_26_0040.hex
* Software version 2.6.3.104
* Temperature SN = 6740
* Conductivity SN = 6740
* System UpLoad Time = Nov 26 2018 19:53:22
* <ApplicationData>
* <Seaterm232>
# nquan = 13
# nvalues = 1173                                  
# units = specified
# name 0 = prdM: Pressure, Strain Gauge [db]
# name 1 = tv290C: Temperature [ITS-90, deg C]
# name 2 = c0S/m: Conductivity [S/m]
# name 3 = sal00: Salinity, Practical [PSU]
# name 4 = sbeox0ML/L: Oxygen, SBE 43 [ml/l]
# name 5 = flECO-AFL: Fluorescence, WET Labs ECO-AFL/FL [mg/m^3]
# name 6 = nbf: Bottles Fired
# name 7 = timeS: Time, Elapsed [seconds]
# name 8 = timeJ: Julian Days
# name 9 = density00: Density [density, kg/m^3]
# name 10 = depSM: Depth [salt water, m], lat = 0.00
# name 11 = dz/dtM: Descent Rate [m/s]
# name 12 = flag:  0.000e+00
# span 0 =     -1.060,     25.404                 
# span 1 =    27.8266,    28.6210                 
# span 2 =   0.088550,   5.721087                 
# span 3 =     0.4038,    35.2692                 
# span 4 =     1.9475,     4.6742                 
# span 5 =    -0.1395,    48.6780                 
# span 6 =          0,          0                 
# span 7 =      0.000,    293.000                 
# span 8 = 328.411169, 328.414560                 
# span 9 =   996.3564,  1022.7091                 
# span 10 =     -1.054,     25.263                
# span 11 =     -0.698,      0.605                
# span 12 = 0.0000e+00, 0.0000e+00                
# interval = seconds: 0.25
# start_time = Nov 24 2018 09:52:05 [Instrument's time stamp, header]
# bad_flag = -9.990e-29
*END*
[from data line 445]
      6.389    28.2852   5.684362    35.2168     2.5845     0.0231          0    111.250 328.412457  1022.4914      6.354      0.248  0.000e+00
      6.411    28.2806   5.683951    35.2173     2.5773    -0.0212          0    111.500 328.412459  1022.4934      6.375      0.254  0.000e+00
      6.411    28.2754   5.683281    35.2166     2.5868    -0.0128          0    111.750 328.412462  1022.4946      6.375      0.233  0.000e+00
      6.400    28.2706   5.682771    35.2166     2.6017    -0.0166          0    112.000 328.412465  1022.4962      6.365      0.190  0.000e+00
      6.432    28.2678   5.682421    35.2162     2.5897    -0.0189          0    112.250 328.412468  1022.4969      6.397      0.143  0.000e+00
      6.443    28.2663   5.682452    35.2176     2.5891    -0.0082          0    112.500 328.412471  1022.4985      6.408      0.100  0.000e+00
      6.454    28.2650   5.682421    35.2183     2.5970    -0.0044          0    112.750 328.412474  1022.4995      6.418      0.068  0.000e+00
      6.454    28.2642   5.682322    35.2182     2.6073    -0.0082          0    113.000 328.412477  1022.4997      6.418      0.048  0.000e+00
      6.508    28.2632   5.682261    35.2185     2.5788    -0.0014          0    113.250 328.412480  1022.5005      6.472      0.049  0.000e+00
      6.627    28.2626   5.682170    35.2182     2.6088    -0.0128          0    113.500 328.412483  1022.5010      6.590      0.086  0.000e+00
      6.735    28.2621   5.682102    35.2181     2.5905     0.0063          0    113.750 328.412486  1022.5015      6.698      0.143  0.000e+00
      6.854    28.2602   5.681752    35.2171     2.5975     0.0124          0    114.000 328.412488  1022.5019      6.816      0.210  0.000e+00
      6.919    28.2576   5.681310    35.2159     2.5819     0.0063          0    114.250 328.412491  1022.5022      6.881      0.261  0.000e+00
      6.984    28.2549   5.680770    35.2141     2.5922     0.0040          0    114.500 328.412494  1022.5019      6.945      0.306  0.000e+00
      7.005    28.2523   5.680580    35.2147     2.5929     0.0154          0    114.750 328.412497  1022.5034      6.967      0.323  0.000e+00
      7.049    28.2498   5.680389    35.2152     2.5926     0.0147          0    115.000 328.412500  1022.5047      7.010      0.318  0.000e+00
      7.092    28.2476   5.680131    35.2151     2.6166     0.0131          0    115.250 328.412503  1022.5055      7.053      0.285  0.000e+00
      7.157    28.2453   5.679971    35.2156     2.6101     0.0101          0    115.500 328.412506  1022.5070      7.117      0.244  0.000e+00
      7.232    28.2434   5.679910    35.2166     2.6901     0.0086          0    115.750 328.412509  1022.5087      7.192      0.221  0.000e+00
      7.265    28.2418   5.679499    35.2149     2.6504     0.0101          0    116.000 328.412512  1022.5081      7.225      0.201  0.000e+00
      7.265    28.2402   5.679370    35.2152     2.6432     0.0124          0    116.250 328.412514  1022.5089      7.225      0.186  0.000e+00
      7.319    28.2391   5.679279    35.2154     2.6218     0.0063          0    116.500 328.412517  1022.5095      7.279      0.179  0.000e+00
      7.416    28.2385   5.679149    35.2149     2.6327    -0.0029          0    116.750 328.412520  1022.5098      7.375      0.194  0.000e+00
      7.513    28.2379   5.679149    35.2153     2.5949     0.0017          0    117.000 328.412523  1022.5107      7.472      0.213  0.000e+00
      7.546    28.2377   5.679149    35.2154     2.5912    -0.0052          0    117.250 328.412526  1022.5110      7.504      0.221  0.000e+00
      7.600    28.2377   5.679088    35.2150     2.5889    -0.0014          0    117.500 328.412529  1022.5109      7.558      0.224  0.000e+00
      7.632    28.2356   5.678639    35.2134     2.5896    -0.0082          0    117.750 328.412532  1022.5106      7.590      0.224  0.000e+00
      7.676    28.2320   5.678099    35.2123     2.5885    -0.0143          0    118.000 328.412535  1022.5111      7.633      0.229  0.000e+00
      7.730    28.2288   5.677848    35.2129     2.5917    -0.0166          0    118.250 328.412538  1022.5128      7.687      0.230  0.000e+00
      7.794    28.2272   5.677749    35.2134     2.5946    -0.0166          0    118.500 328.412541  1022.5140      7.752      0.217  0.000e+00
      7.870    28.2255   5.677590    35.2135     2.5745    -0.0128          0    118.750 328.412543  1022.5150      7.827      0.207  0.000e+00
      7.946    28.2233   5.677369    35.2136     2.5869    -0.0036          0    119.000 328.412546  1022.5161      7.902      0.213  0.000e+00
      7.957    28.2203   5.676958    35.2130     2.5847    -0.0097          0    119.250 328.412549  1022.5166      7.913      0.218  0.000e+00
      7.924    28.2176   5.676555    35.2122     2.6056    -0.0044          0    119.500 328.412552  1022.5168      7.881      0.197  0.000e+00
      7.924    28.2155   5.676509    35.2134     2.6137     0.0002          0    119.750 328.412555  1022.5184      7.880      0.168  0.000e+00
      7.935    28.2141   5.676479    35.2143     2.6106     0.0177          0    120.000 328.412558  1022.5196      7.891      0.131  0.000e+00
      7.978    28.2131   5.676418    35.2146     2.6150     0.0246          0    120.250 328.412561  1022.5203      7.934      0.100  0.000e+00
      8.043    28.2121   5.676228    35.2139     2.5986     0.0208          0    120.500 328.412564  1022.5204      7.999      0.084  0.000e+00
      8.086    28.2119   5.676228    35.2141     2.5990     0.0200          0    120.750 328.412567  1022.5208      8.042      0.081  0.000e+00
      8.119    28.2123   5.676319    35.2144     2.6032    -0.0029          0    121.000 328.412569  1022.5210      8.074      0.091  0.000e+00
      8.140    28.2119   5.676319    35.2147     2.6124     0.0002          0    121.250 328.412572  1022.5215      8.095      0.117  0.000e+00
      8.194    28.2097   5.675908    35.2135     2.6059    -0.0067          0    121.500 328.412575  1022.5215      8.149      0.147  0.000e+00
      8.281    28.2046   5.675117    35.2117     2.6217     0.0017          0    121.750 328.412578  1022.5222      8.235      0.174  0.000e+00
      8.324    28.1999   5.674669    35.2120     2.6209    -0.0075          0    122.000 328.412581  1022.5242      8.278      0.188  0.000e+00
      8.400    28.1914   5.674007    35.2137     2.6204    -0.0021          0    122.250 328.412584  1022.5286      8.353      0.200  0.000e+00
      8.443    28.1769   5.671581    35.2076     2.5979     0.0002          0    122.500 328.412587  1022.5289      8.396      0.206  0.000e+00
      8.486    28.1621   5.669535    35.2043     2.5728    -0.0067          0    122.750 328.412590  1022.5315      8.439      0.215  0.000e+00
      8.519    28.1489   5.668356    35.2059     2.5982     0.0009          0    123.000 328.412593  1022.5372      8.472      0.217  0.000e+00
      8.573    28.1387   5.667946    35.2106     2.5896     0.0208          0    123.250 328.412595  1022.5443      8.526      0.215  0.000e+00
      8.584    28.1308   5.667315    35.2121     2.5590     0.0253          0    123.500 328.412598  1022.5480      8.536      0.194  0.000e+00
      8.638    28.1258   5.667125    35.2145     2.5798     0.0238          0    123.750 328.412601  1022.5518      8.590      0.175  0.000e+00
      8.692    28.1214   5.666836    35.2157     2.5824     0.0261          0    124.000 328.412604  1022.5544      8.644      0.170  0.000e+00
      8.757    28.1166   5.666076    35.2139     2.5854     0.0101          0    124.250 328.412607  1022.5549      8.708      0.169  0.000e+00
      8.811    28.1114   5.665536    35.2140     2.5954     0.0116          0    124.500 328.412610  1022.5568      8.762      0.179  0.000e+00
      8.800    28.1066   5.665225    35.2155     2.6339     0.0078          0    124.750 328.412613  1022.5595      8.751      0.174  0.000e+00
      8.800    28.1029   5.664875    35.2158     2.7050     0.0139          0    125.000 328.412616  1022.5609      8.751      0.159  0.000e+00
      8.767    28.1008   5.664655    35.2158     2.6895     0.0177          0    125.250 328.412619  1022.5614      8.719      0.125  0.000e+00
      8.800    28.1002   5.664685    35.2165     2.6649     0.0177          0    125.500 328.412622  1022.5623      8.751      0.101  0.000e+00
      8.865    28.0996   5.664685    35.2169     2.6521     0.0246          0    125.750 328.412624  1022.5631      8.816      0.083  0.000e+00
      8.962    28.0991   5.664685    35.2172     2.6305     0.0177          0    126.000 328.412627  1022.5639      8.912      0.090  0.000e+00
      9.048    28.0989   5.664685    35.2173     2.6227     0.0208          0    126.250 328.412630  1022.5645      8.998      0.117  0.000e+00
      9.092    28.0982   5.664510    35.2166     2.6426     0.0284          0    126.500 328.412633  1022.5643      9.042      0.153  0.000e+00
      9.157    28.0971   5.664146    35.2149     2.6475     0.0391          0    126.750 328.412636  1022.5637      9.106      0.202  0.000e+00
      9.265    28.0941   5.663606    35.2133     2.5978     0.0360          0    127.000 328.412639  1022.5639      9.214      0.253  0.000e+00
      9.351    28.0904   5.663104    35.2125     2.6112     0.0345          0    127.250 328.412642  1022.5649      9.300      0.296  0.000e+00
      9.438    28.0876   5.662816    35.2125     2.6100     0.0376          0    127.500 328.412645  1022.5662      9.386      0.315  0.000e+00
      9.513    28.0834   5.662314    35.2121     2.5971     0.0330          0    127.750 328.412648  1022.5676      9.461      0.320  0.000e+00
      9.578    28.0789   5.661866    35.2124     2.6028     0.0292          0    128.000 328.412650  1022.5696      9.525      0.316  0.000e+00
      9.600    28.0736   5.661205    35.2117     2.6116     0.0292          0    128.250 328.412653  1022.5708      9.547      0.303  0.000e+00
      9.600    28.0691   5.660696    35.2115     2.6487     0.0368          0    128.500 328.412656  1022.5722      9.547      0.277  0.000e+00
      9.611    28.0651   5.660316    35.2118     2.6434     0.0246          0    128.750 328.412659  1022.5738      9.558      0.231  0.000e+00
      9.621    28.0624   5.660255    35.2134     2.6387     0.0368          0    129.000 328.412662  1022.5760      9.568      0.174  0.000e+00
      9.675    28.0606   5.660194    35.2143     2.6130     0.0391          0    129.250 328.412665  1022.5774      9.622      0.138  0.000e+00
      9.675    28.0593   5.660126    35.2147     2.6109     0.0330          0    129.500 328.412668  1022.5782      9.622      0.102  0.000e+00
      9.686    28.0589   5.660126    35.2151     2.5972     0.0360          0    129.750 328.412671  1022.5786      9.633      0.077  0.000e+00
      9.708    28.0584   5.660065    35.2150     2.5869     0.0391          0    130.000 328.412674  1022.5788      9.654      0.066  0.000e+00
      9.740    28.0578   5.660065    35.2155     2.5628     0.0330          0    130.250 328.412677  1022.5795      9.686      0.073  0.000e+00
      9.773    28.0575   5.660095    35.2159     2.5655     0.0276          0    130.500 328.412679  1022.5800      9.719      0.084  0.000e+00
      9.805    28.0573   5.660065    35.2158     2.5667     0.0459          0    130.750 328.412682  1022.5802      9.751      0.093  0.000e+00
      9.859    28.0572   5.660042    35.2157     2.5802     0.0528          0    131.000 328.412685  1022.5804      9.805      0.106  0.000e+00
      9.881    28.0572   5.660096    35.2161     2.5797     0.0475          0    131.250 328.412688  1022.5807      9.826      0.112  0.000e+00
      9.989    28.0571   5.659936    35.2150     2.5967     0.0452          0    131.500 328.412691  1022.5804      9.934      0.147  0.000e+00
     10.086    28.0567   5.659746    35.2139     2.6030     0.0559          0    131.750 328.412694  1022.5802     10.031      0.187  0.000e+00
     10.151    28.0560   5.659625    35.2136     2.5914     0.0589          0    132.000 328.412697  1022.5804     10.095      0.221  0.000e+00
     10.248    28.0564   5.659746    35.2141     2.5942     0.0521          0    132.250 328.412700  1022.5811     10.192      0.257  0.000e+00
     10.281    28.0573   5.659906    35.2145     2.5935     0.0589          0    132.500 328.412703  1022.5813     10.224      0.277  0.000e+00
     10.324    28.0591   5.660157    35.2150     2.5789     0.0490          0    132.750 328.412705  1022.5812     10.267      0.283  0.000e+00
     10.292    28.0610   5.660385    35.2151     2.7298     0.0490          0    133.000 328.412708  1022.5806     10.235      0.254  0.000e+00
     10.270    28.0624   5.660346    35.2139     2.7711     0.0452          0    133.250 328.412711  1022.5791     10.213      0.205  0.000e+00
     10.249    28.0640   5.660415    35.2131     2.7462     0.0490          0    133.500 328.412714  1022.5779     10.192      0.130  0.000e+00
     10.205    28.0650   5.660445    35.2126     2.7032     0.0307          0    133.750 328.412717  1022.5770     10.149      0.055  0.000e+00
     10.227    28.0658   5.660536    35.2127     2.6642     0.0246          0    134.000 328.412720  1022.5769     10.170      0.004  0.000e+00
     10.248    28.0667   5.660605    35.2124     2.6111     0.0231          0    134.250 328.412723  1022.5765     10.192     -0.029  0.000e+00
     10.281    28.0671   5.660536    35.2116     2.5658     0.0215          0    134.500 328.412726  1022.5759     10.224     -0.028  0.000e+00
     10.367    28.0675   5.660567    35.2115     2.5342     0.0208          0    134.750 328.412729  1022.5760     10.310      0.005  0.000e+00
     10.465    28.0676   5.660567    35.2114     2.5058     0.0162          0    135.000 328.412731  1022.5764     10.407      0.073  0.000e+00
     10.605    28.0680   5.660635    35.2116     2.5522     0.0269          0    135.250 328.412734  1022.5769     10.547      0.158  0.000e+00
     10.681    28.0685   5.660559    35.2107     2.5391     0.0162          0    135.500 328.412737  1022.5764     10.622      0.235  0.000e+00
     10.713    28.0695   5.660666    35.2106     2.5810     0.0246          0    135.750 328.412740  1022.5762     10.654      0.286  0.000e+00
     10.767    28.0689   5.660506    35.2100     2.6237     0.0269          0    136.000 328.412743  1022.5761     10.708      0.306  0.000e+00
     10.800    28.0667   5.660195    35.2094     2.5974     0.0246          0    136.250 328.412746  1022.5765     10.740      0.305  0.000e+00
     10.789    28.0641   5.659876    35.2091     2.5942     0.0253          0    136.500 328.412749  1022.5771     10.729      0.270  0.000e+00
     10.811    28.0618   5.659716    35.2097     2.5871     0.0261          0    136.750 328.412752  1022.5785     10.751      0.215  0.000e+00
     10.767    28.0598   5.659496    35.2096     2.5760     0.0475          0    137.000 328.412755  1022.5788     10.708      0.142  0.000e+00
     10.746    28.0585   5.659465    35.2104     2.5786     0.0459          0    137.250 328.412758  1022.5798     10.686      0.069  0.000e+00
     10.746    28.0579   5.659526    35.2113     2.5822     0.0444          0    137.500 328.412760  1022.5806     10.686      0.024  0.000e+00
     10.735    28.0581   5.659716    35.2125     2.5807     0.0429          0    137.750 328.412763  1022.5814     10.676     -0.007  0.000e+00
     10.778    28.0600   5.660066    35.2135     2.5966     0.0475          0    138.000 328.412766  1022.5817     10.719     -0.020  0.000e+00
     10.843    28.0632   5.660415    35.2135     2.5803     0.0459          0    138.250 328.412769  1022.5810     10.783     -0.002  0.000e+00
     10.951    28.0660   5.660666    35.2131     2.5710     0.0459          0    138.500 328.412772  1022.5802     10.891      0.051  0.000e+00
