ctd_kilwa/cnv/SBE19plus_01906740_2018_11_26_0041.cnv
* Sea-Bird SBE19plus  Data File:
* FileName = C:\Users\all user\Desktop\Mapping WWF\SBE19plus_01906740_2018_11_26_0041.hex
* Software version 2.6.3.104
* Temperature SN = 6740
* Conductivity SN = 6740
* System UpLoad Time = Nov 26 2018 19:53:40
* <ApplicationData>
* <Seaterm232>
# nquan = 13
# nvalues = 866                                   
# units = specified
# name 0 = prdM: Pressure, Strain Gauge [db]
# name 1 = tv290C: Temperature [ITS-90, deg C]
# name 2 = c0S/m: Conductivity [S/m]
# name 3 = sal00: Salinity, Practical [PSU]
# name 4 = sbeox0ML/L: Oxygen, SBE 43 [ml/l]
# name 5 = flECO-AFL: Fluorescence, WET Labs ECO-AFL/FL [mg/m^3]
# name 6 = nbf: Bottles Fired
# name 7 = timeS: Time, Elapsed [seconds]
# name 8 = timeJ: Julian Days
# name 9 = density00: Density [density, kg/m^3]
# name 10 = depSM: Depth [salt water, m], lat = 0.00
# name 11 = dz/dtM: Descent Rate [m/s]
# name 12 = flag:  0.000e+00
# span 0 =     -1.034,     14.570                 
# span 1 =    28.1863,    30.3568                 
# span 2 =   0.072742,   5.830855                 
# span 3 =     0.3198,    35.7467                 
# span 4 =     2.1130,     6.2872                 
# span 5 =    -0.0815,     3.6433                 
# span 6 =          0,          0                 
# span 7 =      0.000,    216.250                 
# span 8 = 328.431574, 328.434077                 
# span 9 =   995.8213,  1022.7523                 
# span 10 =     -1.029,     14.489                
# span 11 =     -0.514,      0.560                
# span 12 = 0.0000e+00, 0.0000e+00                
# interval = seconds: 0.25
# start_time = Nov 24 2018 10:21:28 [Instrument's time stamp, header]
# bad_flag = -9.990e-29
*END*
[from data line 445]
      4.710    28.2779   5.685077    35.2277     2.4319     0.0330          0    111.250 328.432862  1022.4949      4.685      0.154  0.000e+00
      4.797    28.2763   5.684872    35.2274     2.4351     0.0406          0    111.500 328.432865  1022.4956      4.771      0.185  0.000e+00
      4.873    28.2756   5.684902    35.2281     2.4446     0.0490          0    111.750 328.432867  1022.4966      4.846      0.215  0.000e+00
      5.002    28.2757   5.684902    35.2280     2.4610     0.0452          0    112.000 328.432870  1022.4971      4.975      0.252  0.000e+00
      5.111    28.2763   5.684994    35.2282     2.4716     0.0437          0    112.250 328.432873  1022.4975      5.082      0.295  0.000e+00
      5.273    28.2766   5.684994    35.2279     2.4848     0.0246          0    112.500 328.432876  1022.4979      5.244      0.352  0.000e+00
      5.424    28.2767   5.684933    35.2274     2.4834     0.0345          0    112.750 328.432879  1022.4981      5.394      0.414  0.000e+00
      5.575    28.2759   5.684842    35.2273     2.4923     0.0330          0    113.000 328.432882  1022.4989      5.545      0.470  0.000e+00
      5.716    28.2755   5.684743    35.2269     2.4846     0.0330          0    113.250 328.432885  1022.4994      5.684      0.515  0.000e+00
      5.835    28.2749   5.684682    35.2269     2.4767     0.0246          0    113.500 328.432888  1022.5001      5.803      0.543  0.000e+00
      5.954    28.2737   5.684560    35.2269     2.4712     0.0345          0    113.750 328.432891  1022.5010      5.921      0.556  0.000e+00
      6.116    28.2724   5.684423    35.2268     2.4848     0.0307          0    114.000 328.432894  1022.5020      6.082      0.560  0.000e+00
      6.224    28.2712   5.684233    35.2263     2.4746     0.0238          0    114.250 328.432896  1022.5025      6.190      0.554  0.000e+00
      6.300    28.2701   5.684172    35.2268     2.4780     0.0337          0    114.500 328.432899  1022.5036      6.265      0.522  0.000e+00
      6.386    28.2686   5.684104    35.2274     2.4834     0.0475          0    114.750 328.432902  1022.5048      6.351      0.488  0.000e+00
      6.473    28.2670   5.683913    35.2272     2.4733     0.0444          0    115.000 328.432905  1022.5056      6.437      0.453  0.000e+00
      6.602    28.2650   5.683601    35.2265     2.4573     0.0459          0    115.250 328.432908  1022.5063      6.566      0.434  0.000e+00
      6.711    28.2625   5.683251    35.2258     2.4536     0.0467          0    115.500 328.432911  1022.5071      6.674      0.422  0.000e+00
      6.840    28.2597   5.682871    35.2252     2.4513     0.0322          0    115.750 328.432914  1022.5081      6.803      0.417  0.000e+00
      6.927    28.2566   5.682642    35.2260     2.4419     0.0353          0    116.000 328.432917  1022.5101      6.889      0.409  0.000e+00
      7.013    28.2539   5.682452    35.2266     2.4220     0.0276          0    116.250 328.432920  1022.5118      6.975      0.412  0.000e+00
      7.089    28.2520   5.682171    35.2260     2.4090     0.0292          0    116.500 328.432922  1022.5123      7.050      0.412  0.000e+00
      7.175    28.2500   5.681942    35.2259     2.4080     0.0574          0    116.750 328.432925  1022.5132      7.136      0.403  0.000e+00
      7.251    28.2476   5.681661    35.2257     2.3982     0.0658          0    117.000 328.432928  1022.5142      7.211      0.384  0.000e+00
      7.327    28.2458   5.681470    35.2257     2.3859     0.0589          0    117.250 328.432931  1022.5151      7.286      0.357  0.000e+00
      7.446    28.2452   5.681471    35.2261     2.3815     0.0589          0    117.500 328.432934  1022.5161      7.405      0.347  0.000e+00
      7.554    28.2448   5.681532    35.2268     2.3799     0.0528          0    117.750 328.432937  1022.5172      7.512      0.347  0.000e+00
      7.587    28.2440   5.681341    35.2261     2.3827     0.0726          0    118.000 328.432940  1022.5171      7.545      0.342  0.000e+00
      7.630    28.2425   5.681052    35.2251     2.3922     0.0765          0    118.250 328.432943  1022.5171      7.588      0.327  0.000e+00
      7.651    28.2402   5.680770    35.2249     2.3923     0.0688          0    118.500 328.432946  1022.5178      7.609      0.301  0.000e+00
      7.619    28.2371   5.680253    35.2236     2.3867     0.0749          0    118.750 328.432948  1022.5176      7.577      0.248  0.000e+00
      7.619    28.2335   5.679911    35.2239     2.3866     0.0406          0    119.000 328.432951  1022.5190      7.577      0.189  0.000e+00
      7.608    28.2309   5.679781    35.2249     2.3879     0.0467          0    119.250 328.432954  1022.5207      7.566      0.123  0.000e+00
      7.608    28.2297   5.679819    35.2261     2.3862     0.0490          0    119.500 328.432957  1022.5219      7.566      0.058  0.000e+00
      7.641    28.2303   5.680200    35.2283     2.3860     0.0444          0    119.750 328.432960  1022.5235      7.599      0.022  0.000e+00
      7.662    28.2314   5.680451    35.2292     2.3884     0.0803          0    120.000 328.432963  1022.5240      7.620      0.016  0.000e+00
      7.673    28.2322   5.680550    35.2293     2.3861     0.0841          0    120.250 328.432966  1022.5238      7.631      0.016  0.000e+00
      7.727    28.2331   5.680550    35.2286     2.3894     0.0749          0    120.500 328.432969  1022.5232      7.685      0.039  0.000e+00
      7.803    28.2339   5.680512    35.2277     2.3969     0.0833          0    120.750 328.432972  1022.5226      7.760      0.083  0.000e+00
      7.933    28.2344   5.680451    35.2269     2.4007     0.0696          0    121.000 328.432975  1022.5224      7.889      0.141  0.000e+00
      7.976    28.2348   5.680360    35.2259     2.4013     0.0726          0    121.250 328.432977  1022.5217      7.932      0.189  0.000e+00
      8.019    28.2339   5.680162    35.2252     2.3938     0.0673          0    121.500 328.432980  1022.5216      7.975      0.221  0.000e+00
      8.062    28.2310   5.679622    35.2236     2.3932     0.0734          0    121.750 328.432983  1022.5216      8.018      0.238  0.000e+00
      8.095    28.2276   5.679241    35.2234     2.3912     0.0757          0    122.000 328.432986  1022.5227      8.050      0.244  0.000e+00
      8.095    28.2246   5.679119    35.2248     2.3957     0.0612          0    122.250 328.432989  1022.5247      8.050      0.226  0.000e+00
      8.138    28.2224   5.678960    35.2254     2.4027     0.0559          0    122.500 328.432992  1022.5261      8.093      0.195  0.000e+00
      8.235    28.2210   5.678701    35.2245     2.3996     0.0597          0    122.750 328.432995  1022.5263      8.190      0.177  0.000e+00
      8.300    28.2203   5.678671    35.2248     2.4111     0.0528          0    123.000 328.432998  1022.5270      8.254      0.168  0.000e+00
      8.365    28.2198   5.678610    35.2247     2.4093     0.0788          0    123.250 328.433001  1022.5274      8.319      0.186  0.000e+00
      8.440    28.2190   5.678260    35.2229     2.4065     0.0704          0    123.500 328.433003  1022.5266      8.394      0.210  0.000e+00
      8.484    28.2175   5.678070    35.2227     2.4080     0.0711          0    123.750 328.433006  1022.5271      8.437      0.228  0.000e+00
      8.484    28.2154   5.677818    35.2225     2.4014     0.0696          0    124.000 328.433009  1022.5276      8.437      0.231  0.000e+00
      8.494    28.2139   5.677750    35.2231     2.4017     0.0574          0    124.250 328.433012  1022.5287      8.448      0.218  0.000e+00
      8.559    28.2125   5.677689    35.2237     2.4016     0.0574          0    124.500 328.433015  1022.5299      8.512      0.197  0.000e+00
      8.668    28.2117   5.677560    35.2234     2.4005     0.0559          0    124.750 328.433018  1022.5303      8.620      0.187  0.000e+00
      8.776    28.2112   5.677499    35.2233     2.3969     0.0574          0    125.000 328.433021  1022.5309      8.727      0.204  0.000e+00
      8.895    28.2109   5.677560    35.2239     2.3997     0.0734          0    125.250 328.433024  1022.5320      8.846      0.238  0.000e+00
      8.959    28.2098   5.677431    35.2238     2.3971     0.0673          0    125.500 328.433027  1022.5326      8.910      0.271  0.000e+00
      9.024    28.2086   5.677210    35.2231     2.3974     0.0673          0    125.750 328.433030  1022.5327      8.975      0.307  0.000e+00
      9.078    28.2072   5.677119    35.2235     2.3980     0.0643          0    126.000 328.433032  1022.5337      9.028      0.333  0.000e+00
      9.100    28.2061   5.676990    35.2235     2.3959     0.0688          0    126.250 328.433035  1022.5341      9.050      0.325  0.000e+00
      9.089    28.2050   5.676929    35.2238     2.3960     0.0688          0    126.500 328.433038  1022.5347      9.039      0.277  0.000e+00
      9.111    28.2043   5.676891    35.2241     2.4004     0.0696          0    126.750 328.433041  1022.5352      9.061      0.216  0.000e+00
      9.165    28.2038   5.676891    35.2244     2.3992     0.0658          0    127.000 328.433044  1022.5358      9.114      0.169  0.000e+00
      9.251    28.2037   5.676799    35.2238     2.4063     0.0696          0    127.250 328.433047  1022.5358      9.200      0.149  0.000e+00
      9.349    28.2033   5.676640    35.2230     2.4052     0.0726          0    127.500 328.433050  1022.5357      9.297      0.162  0.000e+00
      9.435    28.2033   5.676701    35.2234     2.4069     0.0704          0    127.750 328.433053  1022.5364      9.383      0.189  0.000e+00
      9.479    28.2029   5.676609    35.2230     2.4027     0.0757          0    128.000 328.433056  1022.5364      9.426      0.218  0.000e+00
      9.500    28.2025   5.676480    35.2225     2.4015     0.0704          0    128.250 328.433058  1022.5363      9.448      0.240  0.000e+00
      9.576    28.2016   5.676389    35.2225     2.4030     0.1016          0    128.500 328.433061  1022.5369      9.523      0.262  0.000e+00
      9.652    28.2006   5.676320    35.2227     2.4024     0.0917          0    128.750 328.433064  1022.5377      9.598      0.268  0.000e+00
      9.716    28.1999   5.676259    35.2228     2.4017     0.1032          0    129.000 328.433067  1022.5382      9.663      0.262  0.000e+00
      9.770    28.1997   5.676290    35.2231     2.3997     0.0948          0    129.250 328.433070  1022.5388      9.717      0.247  0.000e+00
      9.846    28.1994   5.676229    35.2229     2.3979     0.0444          0    129.500 328.433073  1022.5390      9.792      0.241  0.000e+00
      9.889    28.1994   5.676290    35.2233     2.3990     0.0490          0    129.750 328.433076  1022.5395      9.835      0.240  0.000e+00
      9.976    28.1992   5.676252    35.2231     2.4051     0.0475          0    130.000 328.433079  1022.5399      9.921      0.254  0.000e+00
     10.073    28.1994   5.676229    35.2228     2.4080     0.0467          0    130.250 328.433082  1022.5400     10.017      0.273  0.000e+00
     10.170    28.1990   5.676161    35.2226     2.4149     0.0414          0    130.500 328.433084  1022.5403     10.114      0.285  0.000e+00
     10.289    28.1986   5.676070    35.2223     2.4191     0.0932          0    130.750 328.433087  1022.5408     10.232      0.310  0.000e+00
     10.365    28.1979   5.675940    35.2219     2.4336     0.0917          0    131.000 328.433090  1022.5410     10.308      0.332  0.000e+00
     10.505    28.1970   5.675689    35.2207     2.4308     0.0887          0    131.250 328.433093  1022.5410     10.447      0.366  0.000e+00
     10.646    28.1955   5.675499    35.2204     2.4302     0.0894          0    131.500 328.433096  1022.5419     10.587      0.403  0.000e+00
     10.765    28.1948   5.675339    35.2199     2.4303     0.0574          0    131.750 328.433099  1022.5423     10.705      0.438  0.000e+00
     10.862    28.1940   5.675469    35.2213     2.4334     0.0566          0    132.000 328.433102  1022.5440     10.802      0.453  0.000e+00
     10.959    28.1939   5.675400    35.2209     2.4277     0.0589          0    132.250 328.433105  1022.5441     10.899      0.457  0.000e+00
     10.949    28.1938   5.675370    35.2208     2.4252     0.0559          0    132.500 328.433108  1022.5440     10.888      0.425  0.000e+00
     10.927    28.1932   5.675370    35.2212     2.4177     0.0833          0    132.750 328.433111  1022.5445     10.867      0.362  0.000e+00
     10.927    28.1936   5.675400    35.2211     2.4182     0.0803          0    133.000 328.433113  1022.5443     10.867      0.288  0.000e+00
     10.938    28.1935   5.675431    35.2214     2.4167     0.0726          0    133.250 328.433116  1022.5446     10.877      0.199  0.000e+00
     10.949    28.1940   5.675469    35.2213     2.4140     0.0780          0    133.500 328.433119  1022.5444     10.888      0.122  0.000e+00
     10.927    28.1942   5.675499    35.2214     2.4158     0.0704          0    133.750 328.433122  1022.5443     10.867      0.056  0.000e+00
     10.906    28.1945   5.675560    35.2216     2.4134     0.0749          0    134.000 328.433125  1022.5443     10.845      0.006  0.000e+00
     10.895    28.1944   5.675629    35.2221     2.4144     0.0734          0    134.250 328.433128  1022.5447     10.835     -0.024  0.000e+00
     10.884    28.1947   5.675629    35.2219     2.4157     0.0749          0    134.500 328.433131  1022.5443     10.824     -0.027  0.000e+00
     10.884    28.1952   5.675629    35.2215     2.4154     0.0749          0    134.750 328.433134  1022.5438     10.824     -0.029  0.000e+00
     10.895    28.1953   5.675690    35.2218     2.4140     0.0742          0    135.000 328.433137  1022.5441     10.835     -0.030  0.000e+00
     10.906    28.1959   5.675750    35.2218     2.4134     0.0658          0    135.250 328.433139  1022.5439     10.845     -0.027  0.000e+00
     10.895    28.1961   5.675750    35.2217     2.4121     0.0734          0    135.500 328.433142  1022.5437     10.834     -0.021  0.000e+00
     10.895    28.1959   5.675720    35.2216     2.4080     0.0665          0    135.750 328.433145  1022.5437     10.834     -0.009  0.000e+00
     10.927    28.1960   5.675644    35.2210     2.4093     0.0772          0    136.000 328.433148  1022.5434     10.867      0.009  0.000e+00
     10.905    28.1951   5.675530    35.2209     2.4050     0.0788          0    136.250 328.433151  1022.5435     10.845      0.013  0.000e+00
     10.927    28.1945   5.675431    35.2207     2.4029     0.0803          0    136.500 328.433154  1022.5437     10.866      0.019  0.000e+00
     10.938    28.1936   5.675340    35.2207     2.3972     0.0818          0    136.750 328.433157  1022.5440     10.877      0.023  0.000e+00
     10.948    28.1932   5.675279    35.2206     2.3986     0.0398          0    137.000 328.433160  1022.5441     10.888      0.026  0.000e+00
     10.948    28.1926   5.675279    35.2210     2.4000     0.0444          0    137.250 328.433163  1022.5446     10.888      0.028  0.000e+00
     10.959    28.1924   5.675241    35.2209     2.3993     0.0459          0    137.500 328.433166  1022.5446     10.899      0.033  0.000e+00
     10.938    28.1921   5.675241    35.2211     2.3978     0.0490          0    137.750 328.433168  1022.5448     10.877      0.025  0.000e+00
     10.927    28.1923   5.675241    35.2210     2.3986     0.0849          0    138.000 328.433171  1022.5446     10.867      0.011  0.000e+00
     10.927    28.1921   5.675210    35.2209     2.3972     0.0849          0    138.250 328.433174  1022.5446     10.867      0.006  0.000e+00
     10.916    28.1921   5.675279    35.2214     2.3996     0.0818          0    138.500 328.433177  1022.5449     10.856     -0.009  0.000e+00
