ctd_kilwa/cnv/SBE19plus_01906740_2018_11_26_0040.cnv
* Sea-Bird SBE19plus  Data File:
* FileName = C:\Users\all user\Desktop\Mapping WWF\SBE19plus_01906740_2018_11_26_0040.hex
* Software version 2.6.3.104
* Temperature SN = 6740
* Conductivity SN = 6740
* System UpLoad Time = Nov 26 2018 19:53:22
* <ApplicationData>
* <Seaterm232>
# nquan = 13
# nvalues = 1173                                  
# units = specified
# name 0 = prdM: Pressure, Strain Gauge [db]
# name 1 = tv290C: Temperature [ITS-90, deg C]
# name 2 = c0S/m: Conductivity [S/m]
# name 3 = sal00: Salinity, Practical [PSU]
# name 4 = sbeox0ML/L: Oxygen, SBE 43 [ml/l]
# name 5 = flECO-AFL: Fluorescence, WET Labs ECO-AFL/FL [mg/m^3]
# name 6 = nbf: Bottles Fired
# name 7 = timeS: Time, Elapsed [seconds]
# name 8 = timeJ: Julian Days
# name 9 = density00: Density [density, kg/m^3]
# name 10 = depSM: Depth [salt water, m], lat = 0.00
# name 11 = dz/dtM: Descent Rate [m/s]
# name 12 = flag:  0.000e+00
# span 0 =     -1.060,     25.404                 
# span 1 =    27.8266,    28.6210                 
# span 2 =   0.088550,   5.721087                 
# span 3 =     0.4038,    35.2692                 
# span 4 =     1.9475,     4.6742                 
# span 5 =    -0.1395,    48.6780                 
# span 6 =          0,          0                 
# span 7 =      0.000,    293.000                 
# span 8 = 328.411169, 328.414560                 
# span 9 =   996.3564,  1022.7091                 
# span 10 =     -1.054,     25.263                
# span 11 =     -0.698,      0.605                
# span 12 = 0.0000e+00, 0.0000e+00                
# interval = seconds: 0.25
# start_time = Nov 24 2018 09:52:05 [Instrument's time stamp, header]
# bad_flag = -9.990e-29
*END*
[from data line 889]
     19.091    27.9142   5.642044    35.1935     3.2129     0.0917          0    222.250 328.413741  1022.6500     18.985     -0.292  0.000e+00
     18.972    27.9141   5.642044    35.1936     3.2373     0.0963          0    222.500 328.413744  1022.6496     18.867     -0.317  0.000e+00
     18.842    27.9139   5.642074    35.1940     3.2719     0.0925          0    222.750 328.413747  1022.6494     18.738     -0.339  0.000e+00
     18.756    27.9143   5.642165    35.1944     3.3013     0.0894          0    223.000 328.413750  1022.6492     18.652     -0.356  0.000e+00
     18.669    27.9147   5.642264    35.1948     3.3171     0.0940          0    223.250 328.413753  1022.6490     18.566     -0.368  0.000e+00
     18.605    27.9156   5.642324    35.1946     3.3332     0.0963          0    223.500 328.413756  1022.6483     18.502     -0.376  0.000e+00
     18.551    27.9162   5.642423    35.1948     3.3453     0.0917          0    223.750 328.413759  1022.6480     18.448     -0.372  0.000e+00
     18.475    27.9170   5.642514    35.1949     3.3519     0.0902          0    224.000 328.413762  1022.6475     18.373     -0.359  0.000e+00
     18.367    27.9179   5.642605    35.1949     3.3689     0.0864          0    224.250 328.413764  1022.6468     18.265     -0.341  0.000e+00
     18.270    27.9185   5.642673    35.1950     3.3569     0.0833          0    224.500 328.413767  1022.6462     18.168     -0.328  0.000e+00
     18.248    27.9193   5.642764    35.1950     3.3513     0.0818          0    224.750 328.413770  1022.6458     18.147     -0.305  0.000e+00
     18.313    27.9205   5.642893    35.1950     3.3584     0.0849          0    225.000 328.413773  1022.6457     18.211     -0.259  0.000e+00
     18.345    27.9221   5.643174    35.1957     3.3624     0.0871          0    225.250 328.413776  1022.6459     18.243     -0.199  0.000e+00
     18.410    27.9237   5.643364    35.1959     3.3739     0.0871          0    225.500 328.413779  1022.6458     18.308     -0.123  0.000e+00
     18.431    27.9249   5.643334    35.1948     3.3819     0.0856          0    225.750 328.413782  1022.6447     18.329     -0.045  0.000e+00
     18.421    27.9255   5.643334    35.1943     3.3906     0.0818          0    226.000 328.413785  1022.6440     18.319      0.024  0.000e+00
     18.377    27.9257   5.643334    35.1942     3.4001     0.0826          0    226.250 328.413788  1022.6437     18.276      0.064  0.000e+00
     18.366    27.9258   5.643303    35.1939     3.4068     0.0780          0    226.500 328.413791  1022.6434     18.265      0.072  0.000e+00
     18.356    27.9256   5.643273    35.1938     3.4174     0.0841          0    226.750 328.413793  1022.6434     18.254      0.045  0.000e+00
     18.323    27.9255   5.643273    35.1939     3.4207     0.0833          0    227.000 328.413796  1022.6433     18.222     -0.004  0.000e+00
     18.312    27.9253   5.643273    35.1941     3.4237     0.0826          0    227.250 328.413799  1022.6435     18.211     -0.040  0.000e+00
     18.291    27.9250   5.643204    35.1938     3.4132     0.0986          0    227.500 328.413802  1022.6433     18.190     -0.070  0.000e+00
     18.269    27.9242   5.643113    35.1938     3.4156     0.0955          0    227.750 328.413805  1022.6435     18.168     -0.081  0.000e+00
     18.247    27.9236   5.643083    35.1940     3.4017     0.0971          0    228.000 328.413808  1022.6437     18.146     -0.081  0.000e+00
     18.302    27.9232   5.643053    35.1941     3.4076     0.0986          0    228.250 328.413811  1022.6441     18.200     -0.058  0.000e+00
     18.312    27.9228   5.643083    35.1946     3.3939     0.0849          0    228.500 328.413814  1022.6447     18.211     -0.038  0.000e+00
     18.356    27.9233   5.643205    35.1951     3.3935     0.0803          0    228.750 328.413817  1022.6451     18.254     -0.006  0.000e+00
     18.323    27.9240   5.643311    35.1953     3.3903     0.0818          0    229.000 328.413819  1022.6449     18.222      0.014  0.000e+00
     18.194    27.9239   5.643303    35.1954     3.4199     0.0887          0    229.250 328.413822  1022.6444     18.093     -0.009  0.000e+00
     17.988    27.9233   5.643113    35.1946     3.4367     0.0765          0    229.500 328.413825  1022.6431     17.889     -0.082  0.000e+00
     17.858    27.9225   5.643015    35.1945     3.4452     0.0833          0    229.750 328.413828  1022.6427     17.760     -0.175  0.000e+00
     17.750    27.9226   5.643083    35.1949     3.4680     0.0849          0    230.000 328.413831  1022.6426     17.652     -0.275  0.000e+00
     17.664    27.9234   5.643235    35.1954     3.4685     0.0841          0    230.250 328.413834  1022.6423     17.566     -0.371  0.000e+00
     17.524    27.9248   5.643424    35.1958     3.4696     0.0948          0    230.500 328.413837  1022.6416     17.427     -0.447  0.000e+00
     17.351    27.9263   5.643712    35.1967     3.4953     0.0910          0    230.750 328.413840  1022.6410     17.254     -0.514  0.000e+00
     17.167    27.9285   5.643902    35.1964     3.5056     0.0978          0    231.000 328.413843  1022.6393     17.072     -0.552  0.000e+00
     16.983    27.9306   5.644092    35.1963     3.5152     0.0932          0    231.250 328.413845  1022.6377     16.889     -0.570  0.000e+00
     16.756    27.9330   5.644312    35.1961     3.5504     0.0894          0    231.500 328.413848  1022.6358     16.663     -0.602  0.000e+00
     16.562    27.9350   5.644562    35.1964     3.5539     0.1039          0    231.750 328.413851  1022.6346     16.470     -0.659  0.000e+00
     16.443    27.9371   5.644812    35.1966     3.5702     0.0932          0    232.000 328.413854  1022.6335     16.352     -0.696  0.000e+00
     16.356    27.9397   5.645161    35.1971     3.5628     0.0955          0    232.250 328.413857  1022.6327     16.266     -0.698  0.000e+00
     16.216    27.9425   5.645412    35.1969     3.5662     0.0978          0    232.500 328.413860  1022.6310     16.126     -0.672  0.000e+00
     16.086    27.9450   5.645601    35.1964     3.5663     0.1070          0    232.750 328.413863  1022.6293     15.997     -0.632  0.000e+00
     15.956    27.9472   5.645791    35.1961     3.5764     0.1047          0    233.000 328.413866  1022.6278     15.868     -0.588  0.000e+00
     15.848    27.9489   5.645950    35.1960     3.5621     0.1116          0    233.250 328.413869  1022.6266     15.760     -0.541  0.000e+00
     15.729    27.9504   5.646102    35.1960     3.5472     0.1100          0    233.500 328.413872  1022.6256     15.642     -0.499  0.000e+00
     15.621    27.9520   5.646330    35.1964     3.5345     0.0681          0    233.750 328.413874  1022.6249     15.535     -0.478  0.000e+00
     15.556    27.9542   5.646520    35.1961     3.5337     0.0658          0    234.000 328.413877  1022.6238     15.470     -0.464  0.000e+00
     15.513    27.9556   5.646641    35.1959     3.5381     0.0696          0    234.250 328.413880  1022.6230     15.427     -0.434  0.000e+00
     15.416    27.9575   5.646891    35.1963     3.5468     0.0696          0    234.500 328.413883  1022.6222     15.331     -0.396  0.000e+00
     15.340    27.9608   5.647370    35.1972     3.5621     0.0719          0    234.750 328.413886  1022.6215     15.255     -0.363  0.000e+00
     15.253    27.9658   5.648121    35.1988     3.5592     0.0749          0    235.000 328.413889  1022.6207     15.169     -0.338  0.000e+00
     15.156    27.9699   5.648501    35.1984     3.5664     0.0688          0    235.250 328.413892  1022.6186     15.072     -0.327  0.000e+00
     15.016    27.9727   5.648569    35.1968     3.5634     0.0673          0    235.500 328.413895  1022.6159     14.933     -0.335  0.000e+00
     14.853    27.9757   5.648850    35.1966     3.5584     0.0650          0    235.750 328.413898  1022.6140     14.771     -0.371  0.000e+00
     14.691    27.9784   5.649100    35.1964     3.5540     0.0559          0    236.000 328.413900  1022.6124     14.610     -0.428  0.000e+00
     14.529    27.9815   5.649358    35.1960     3.5506     0.0627          0    236.250 328.413903  1022.6103     14.449     -0.488  0.000e+00
     14.378    27.9844   5.649669    35.1960     3.5446     0.0543          0    236.500 328.413906  1022.6088     14.298     -0.534  0.000e+00
     14.248    27.9875   5.650110    35.1968     3.5174     0.0635          0    236.750 328.413909  1022.6078     14.169     -0.572  0.000e+00
     14.107    27.9914   5.650558    35.1970     3.4954     0.0719          0    237.000 328.413912  1022.6061     14.029     -0.594  0.000e+00
     13.945    27.9957   5.651089    35.1976     3.4848     0.0688          0    237.250 328.413915  1022.6044     13.868     -0.606  0.000e+00
     13.816    28.0004   5.651598    35.1978     3.4765     0.0742          0    237.500 328.413918  1022.6025     13.739     -0.598  0.000e+00
     13.686    28.0047   5.651977    35.1972     3.4721     0.0711          0    237.750 328.413921  1022.6001     13.610     -0.582  0.000e+00
     13.578    28.0094   5.652509    35.1975     3.4626     0.0673          0    238.000 328.413924  1022.5983     13.503     -0.561  0.000e+00
     13.480    28.0146   5.653109    35.1978     3.4472     0.0711          0    238.250 328.413927  1022.5964     13.406     -0.534  0.000e+00
     13.383    28.0187   5.653412    35.1969     3.5365     0.0696          0    238.500 328.413929  1022.5940     13.309     -0.507  0.000e+00
     13.297    28.0222   5.653648    35.1960     3.5311     0.0711          0    238.750 328.413932  1022.5918     13.223     -0.476  0.000e+00
     13.178    28.0249   5.653898    35.1958     3.5360     0.0650          0    239.000 328.413935  1022.5902     13.105     -0.449  0.000e+00
     13.102    28.0274   5.654088    35.1952     3.5452     0.0681          0    239.250 328.413938  1022.5886     13.030     -0.417  0.000e+00
     13.048    28.0293   5.654187    35.1946     3.5651     0.0635          0    239.500 328.413941  1022.5873     12.976     -0.387  0.000e+00
     12.994    28.0309   5.654308    35.1942     3.5882     0.0665          0    239.750 328.413944  1022.5863     12.922     -0.355  0.000e+00
     12.907    28.0338   5.654847    35.1958     3.6198     0.0719          0    240.000 328.413947  1022.5862     12.836     -0.334  0.000e+00
     12.810    28.0364   5.655068    35.1955     3.6452     0.0620          0    240.250 328.413950  1022.5846     12.739     -0.323  0.000e+00
     12.648    28.0384   5.655197    35.1950     3.6654     0.0604          0    240.500 328.413953  1022.5829     12.578     -0.337  0.000e+00
     12.518    28.0394   5.655257    35.1946     3.7082     0.0543          0    240.750 328.413955  1022.5817     12.449     -0.362  0.000e+00
     12.486    28.0405   5.655326    35.1943     3.7317     0.0574          0    241.000 328.413958  1022.5810     12.417     -0.367  0.000e+00
     12.475    28.0409   5.655386    35.1945     3.7524     0.0360          0    241.250 328.413961  1022.5809     12.406     -0.360  0.000e+00
     12.443    28.0418   5.655516    35.1947     3.7690     0.0315          0    241.500 328.413964  1022.5807     12.374     -0.341  0.000e+00
     12.453    28.0427   5.655576    35.1944     3.7780     0.0353          0    241.750 328.413967  1022.5802     12.385     -0.293  0.000e+00
     12.432    28.0432   5.655667    35.1947     3.7750     0.0406          0    242.000 328.413970  1022.5802     12.363     -0.228  0.000e+00
     12.443    28.0438   5.655797    35.1952     3.7717     0.0658          0    242.250 328.413973  1022.5804     12.374     -0.153  0.000e+00
     12.421    28.0447   5.655956    35.1956     3.7645     0.0643          0    242.500 328.413976  1022.5804     12.352     -0.084  0.000e+00
     12.453    28.0454   5.655986    35.1953     3.7639     0.0749          0    242.750 328.413979  1022.5801     12.385     -0.035  0.000e+00
     12.497    28.0457   5.656017    35.1953     3.7522     0.0734          0    243.000 328.413981  1022.5801     12.428     -0.005  0.000e+00
     12.572    28.0460   5.656047    35.1952     3.7554     0.0429          0    243.250 328.413984  1022.5803     12.503      0.036  0.000e+00
     12.626    28.0460   5.656047    35.1952     3.7525     0.0513          0    243.500 328.413987  1022.5805     12.557      0.082  0.000e+00
     12.616    28.0459   5.655987    35.1949     3.7575     0.0452          0    243.750 328.413990  1022.5802     12.546      0.105  0.000e+00
     12.594    28.0456   5.655926    35.1947     3.7590     0.0467          0    244.000 328.413993  1022.5801     12.524      0.113  0.000e+00
     12.572    28.0454   5.655873    35.1945     3.7735     0.0490          0    244.250 328.413996  1022.5799     12.503      0.099  0.000e+00
     12.540    28.0445   5.655766    35.1944     3.7655     0.0849          0    244.500 328.413999  1022.5800     12.471      0.071  0.000e+00
     12.497    28.0442   5.655766    35.1946     3.7793     0.0826          0    244.750 328.414002  1022.5801     12.428      0.018  0.000e+00
     12.399    28.0439   5.655888    35.1957     3.8007     0.0864          0    245.000 328.414005  1022.5806     12.331     -0.056  0.000e+00
     12.248    28.0441   5.655888    35.1956     3.8142     0.0826          0    245.250 328.414008  1022.5798     12.180     -0.151  0.000e+00
     12.032    28.0444   5.655956    35.1960     3.8262     0.0604          0    245.500 328.414010  1022.5790     11.965     -0.263  0.000e+00
     11.870    28.0442   5.655956    35.1962     3.8514     0.0536          0    245.750 328.414013  1022.5786     11.804     -0.364  0.000e+00
     11.708    28.0444   5.656016    35.1965     3.8590     0.0559          0    246.000 328.414016  1022.5780     11.643     -0.461  0.000e+00
     11.567    28.0444   5.656016    35.1965     3.8821     0.0681          0    246.250 328.414019  1022.5775     11.503     -0.543  0.000e+00
     11.448    28.0442   5.655956    35.1963     3.8998     0.0719          0    246.500 328.414022  1022.5768     11.385     -0.595  0.000e+00
     11.286    28.0435   5.655887    35.1964     3.9125     0.0696          0    246.750 328.414025  1022.5764     11.224     -0.626  0.000e+00
     11.156    28.0426   5.655826    35.1966     3.9258     0.0734          0    247.000 328.414028  1022.5764     11.095     -0.622  0.000e+00
     11.048    28.0422   5.655606    35.1955     3.9271     0.0757          0    247.250 328.414031  1022.5752     10.987     -0.590  0.000e+00
     10.908    28.0415   5.655416    35.1947     3.9344     0.0711          0    247.500 328.414034  1022.5742     10.847     -0.556  0.000e+00
     10.745    28.0409   5.655226    35.1938     3.9459     0.0688          0    247.750 328.414036  1022.5731     10.686     -0.548  0.000e+00
     10.616    28.0409   5.655416    35.1952     3.9502     0.0681          0    248.000 328.414039  1022.5736     10.557     -0.543  0.000e+00
     10.464    28.0412   5.655796    35.1977     3.9548     0.0704          0    248.250 328.414042  1022.5747     10.407     -0.549  0.000e+00
     10.313    28.0417   5.655925    35.1983     3.9538     0.0772          0    248.500 328.414045  1022.5743     10.256     -0.559  0.000e+00
     10.194    28.0420   5.656016    35.1988     3.9564     0.0536          0    248.750 328.414048  1022.5741     10.138     -0.557  0.000e+00
     10.097    28.0428   5.656076    35.1986     3.9526     0.0627          0    249.000 328.414051  1022.5732     10.041     -0.551  0.000e+00
     10.021    28.0438   5.656175    35.1985     3.9548     0.0604          0    249.250 328.414054  1022.5726      9.966     -0.530  0.000e+00
      9.978    28.0452   5.656335    35.1987     3.9328     0.0521          0    249.500 328.414057  1022.5720      9.923     -0.480  0.000e+00
      9.902    28.0468   5.656570    35.1991     3.9132     0.0376          0    249.750 328.414060  1022.5715      9.848     -0.426  0.000e+00
