ctd_kilwa/cnv/SBE19plus_01906740_2018_11_26_0047.cnv
* Sea-Bird SBE19plus  Data File:
* FileName = C:\Users\all user\Desktop\Mapping WWF\SBE19plus_01906740_2018_11_26_0047.hex
* Software version 2.6.3.104
* Temperature SN = 6740
* Conductivity SN = 6740
* System UpLoad Time = Nov 26 2018 19:55:13
* <ApplicationData>
* <Seaterm232>
# nquan = 13
# nvalues = 1286                                  
# units = specified
# name 0 = prdM: Pressure, Strain Gauge [db]
# name 1 = tv290C: Temperature [ITS-90, deg C]
# name 2 = c0S/m: Conductivity [S/m]
# name 3 = sal00: Salinity, Practical [PSU]
# name 4 = sbeox0ML/L: Oxygen, SBE 43 [ml/l]
# name 5 = flECO-AFL: Fluorescence, WET Labs ECO-AFL/FL [mg/m^3]
# name 6 = nbf: Bottles Fired
# name 7 = timeS: Time, Elapsed [seconds]
# name 8 = timeJ: Julian Days
# name 9 = density00: Density [density, kg/m^3]
# name 10 = depSM: Depth [salt water, m], lat = 0.00
# name 11 = dz/dtM: Descent Rate [m/s]
# name 12 = flag:  0.000e+00
# span 0 =     -1.072,     14.811                 
# span 1 =    28.2939,    29.7246                 
# span 2 =   0.096927,   5.811697                 
# span 3 =     0.4343,    35.6617                 
# span 4 =     2.1233,     4.7915                 
# span 5 =    -0.4439,    48.6864                 
# span 6 =          0,          0                 
# span 7 =      0.000,    321.250                 
# span 8 = 328.502315, 328.506033                 
# span 9 =   996.0752,  1022.6480                 
# span 10 =     -1.066,     14.729                
# span 11 =     -0.380,      0.474                
# span 12 = 0.0000e+00, 0.0000e+00                
# interval = seconds: 0.25
# start_time = Nov 24 2018 12:03:20 [Instrument's time stamp, header]
# bad_flag = -9.990e-29
*END*
[from data line 223]
     -0.031    28.6665   5.781701    35.6118     2.1905     0.0276          0     55.750 328.502960  1022.6347     -0.031      0.014  0.000e+00
      0.001    28.6687   5.781470    35.6085     2.1919     0.0315          0     56.000 328.502963  1022.6316      0.001      0.050  0.000e+00
     -0.020    28.6707   5.780374    35.5994     2.2018    -0.0136          0     56.250 328.502966  1022.6240     -0.020      0.076  0.000e+00
     -0.053    28.6724   5.779101    35.5893     2.1989    -0.0151          0     56.500 328.502969  1022.6157     -0.053      0.076  0.000e+00
     -0.053    28.6740   5.778226    35.5820     2.1982    -0.0143          0     56.750 328.502972  1022.6097     -0.053      0.060  0.000e+00
     -0.096    28.6757   5.778387    35.5819     2.1991    -0.0166          0     57.000 328.502975  1022.6089     -0.096      0.022  0.000e+00
     -0.096    28.6767   5.778840    35.5843     2.2045    -0.0067          0     57.250 328.502977  1022.6103     -0.095     -0.009  0.000e+00
     -0.096    28.6779   5.780105    35.5922     2.2068    -0.0044          0     57.500 328.502980  1022.6159     -0.095     -0.031  0.000e+00
     -0.118    28.6792   5.782191    35.6057     2.2076    -0.0090          0     57.750 328.502983  1022.6255     -0.117     -0.055  0.000e+00
     -0.107    28.6805   5.783748    35.6155     2.2063    -0.0075          0     58.000 328.502986  1022.6325     -0.106     -0.057  0.000e+00
     -0.107    28.6823   5.785144    35.6238     2.2064    -0.0319          0     58.250 328.502989  1022.6381     -0.106     -0.042  0.000e+00
     -0.085    28.6839   5.785766    35.6269     2.2075    -0.0342          0     58.500 328.502992  1022.6401     -0.085     -0.022  0.000e+00
     -0.074    28.6856   5.786717    35.6323     2.2116    -0.0326          0     58.750 328.502995  1022.6436     -0.074     -0.006  0.000e+00
     -0.064    28.6872   5.787070    35.6335     2.2065    -0.0227          0     59.000 328.502998  1022.6440     -0.063      0.015  0.000e+00
     -0.053    28.6904   5.787423    35.6336     2.2038    -0.0288          0     59.250 328.503001  1022.6431     -0.052      0.025  0.000e+00
     -0.009    28.6946   5.787392    35.6302     2.2058     0.0093          0     59.500 328.503003  1022.6393     -0.009      0.044  0.000e+00
     -0.009    28.6987   5.786970    35.6242     2.2029     0.0101          0     59.750 328.503006  1022.6334     -0.009      0.057  0.000e+00
     -0.053    28.7026   5.786088    35.6152     2.2060     0.0063          0     60.000 328.503009  1022.6252     -0.052      0.045  0.000e+00
     -0.053    28.7052   5.785052    35.6061     2.2082     0.0124          0     60.250 328.503012  1022.6174     -0.052      0.033  0.000e+00
     -0.074    28.7071   5.784185    35.5986     2.2074    -0.0082          0     60.500 328.503015  1022.6110     -0.074      0.012  0.000e+00
     -0.096    28.7079   5.784139    35.5977     2.2084     0.0025          0     60.750 328.503018  1022.6100     -0.095     -0.011  0.000e+00
     -0.107    28.7088   5.785052    35.6033     2.2081     0.0017          0     61.000 328.503021  1022.6139     -0.106     -0.032  0.000e+00
     -0.096    28.7097   5.786778    35.6146     2.2057    -0.0067          0     61.250 328.503024  1022.6222     -0.095     -0.044  0.000e+00
     -0.074    28.7117   5.788497    35.6251     2.2046    -0.0159          0     61.500 328.503027  1022.6294     -0.074     -0.045  0.000e+00
     -0.064    28.7152   5.789479    35.6293     2.2060    -0.0120          0     61.750 328.503030  1022.6315     -0.063     -0.027  0.000e+00
     -0.053    28.7200   5.789970    35.6290     2.2030    -0.0159          0     62.000 328.503032  1022.6297     -0.052     -0.002  0.000e+00
     -0.031    28.7260   5.789832    35.6236     2.1999    -0.0197          0     62.250 328.503035  1022.6238     -0.031      0.017  0.000e+00
     -0.053    28.7314   5.789187    35.6151     2.2010    -0.0105          0     62.500 328.503038  1022.6155     -0.052      0.028  0.000e+00
     -0.085    28.7351   5.787982    35.6040     2.1974    -0.0082          0     62.750 328.503041  1022.6058     -0.085      0.024  0.000e+00
     -0.085    28.7370   5.786686    35.5935     2.1992    -0.0227          0     63.000 328.503044  1022.5973     -0.085      0.013  0.000e+00
     -0.107    28.7375   5.784430    35.5775     2.2137    -0.0174          0     63.250 328.503047  1022.5850     -0.106     -0.008  0.000e+00
     -0.139    28.7364   5.764177    35.4379     2.2268    -0.0128          0     63.500 328.503050  1022.4803     -0.138     -0.034  0.000e+00
     -0.182    28.7252   5.743672    35.3041     2.2249     0.0078          0     63.750 328.503053  1022.3833     -0.181     -0.061  0.000e+00
     -0.172    28.6887   5.731618    35.2476     2.2224     0.0109          0     64.000 328.503056  1022.3531     -0.171     -0.075  0.000e+00
     -0.172    28.6452   5.725904    35.2402     2.2201     0.0131          0     64.250 328.503058  1022.3619     -0.171     -0.078  0.000e+00
     -0.118    28.6117   5.724171    35.2531     2.2134     0.0078          0     64.500 328.503061  1022.3830     -0.117     -0.051  0.000e+00
     -0.107    28.5899   5.723370    35.2637     2.2105    -0.0258          0     64.750 328.503064  1022.3982     -0.106     -0.023  0.000e+00
     -0.074    28.5780   5.723401    35.2728     2.2009    -0.0258          0     65.000 328.503067  1022.4092     -0.074      0.006  0.000e+00
     -0.064    28.5732   5.723607    35.2778     2.1968    -0.0212          0     65.250 328.503070  1022.4145     -0.063      0.038  0.000e+00
     -0.074    28.5734   5.724012    35.2804     2.1895    -0.0258          0     65.500 328.503073  1022.4164     -0.074      0.058  0.000e+00
     -0.064    28.5742   5.723943    35.2794     2.2011     0.0215          0     65.750 328.503076  1022.4154     -0.063      0.068  0.000e+00
     -0.085    28.5701   5.722408    35.2717     2.2096     0.0261          0     66.000 328.503079  1022.4109     -0.085      0.053  0.000e+00
     -0.107    28.5592   5.720034    35.2634     2.2210     0.0215          0     66.250 328.503082  1022.4081     -0.106      0.030  0.000e+00
     -0.096    28.5443   5.717469    35.2566     2.2366     0.0307          0     66.500 328.503084  1022.4081     -0.095      0.004  0.000e+00
     -0.128    28.5324   5.716630    35.2596     2.2425     0.0315          0     66.750 328.503087  1022.4141     -0.128     -0.017  0.000e+00
     -0.128    28.5224   5.715928    35.2622     2.2599     0.0345          0     67.000 328.503090  1022.4194     -0.128     -0.033  0.000e+00
     -0.150    28.5138   5.715066    35.2626     2.2693     0.0315          0     67.250 328.503093  1022.4224     -0.149     -0.043  0.000e+00
     -0.139    28.5063   5.714516    35.2643     2.2895     0.0330          0     67.500 328.503096  1022.4263     -0.138     -0.042  0.000e+00
     -0.117    28.5001   5.713784    35.2639     2.3014     0.0360          0     67.750 328.503099  1022.4280     -0.117     -0.033  0.000e+00
     -0.107    28.4966   5.713586    35.2650     2.3143    -0.0052          0     68.000 328.503102  1022.4301     -0.106     -0.015  0.000e+00
     -0.053    28.4969   5.714074    35.2682     2.3317    -0.0021          0     68.250 328.503105  1022.4326     -0.052      0.013  0.000e+00
     -0.031    28.4983   5.714234    35.2683     2.3388    -0.0044          0     68.500 328.503108  1022.4323     -0.031      0.038  0.000e+00
      0.002    28.4947   5.713174    35.2635     2.3565    -0.0006          0     68.750 328.503111  1022.4301      0.002      0.069  0.000e+00
     -0.020    28.4814   5.710008    35.2514     2.3629     0.0177          0     69.000 328.503113  1022.4253     -0.020      0.078  0.000e+00
     -0.053    28.4625   5.706903    35.2439     2.3718     0.0276          0     69.250 328.503116  1022.4257     -0.052      0.071  0.000e+00
     -0.096    28.4484   5.706202    35.2495     2.3807     0.0147          0     69.500 328.503119  1022.4344     -0.095      0.040  0.000e+00
     -0.117    28.4383   5.705897    35.2549     2.3875     0.0162          0     69.750 328.503122  1022.4417     -0.117      0.003  0.000e+00
     -0.139    28.4336   5.706134    35.2601     2.3988     0.0688          0     70.000 328.503125  1022.4471     -0.138     -0.034  0.000e+00
     -0.182    28.4399   5.708055    35.2688     2.4005     0.0673          0     70.250 328.503128  1022.4514     -0.181     -0.077  0.000e+00
     -0.215    28.4529   5.709909    35.2720     2.4107     0.0726          0     70.500 328.503131  1022.4494     -0.214     -0.106  0.000e+00
     -0.215    28.4661   5.711251    35.2716     2.4119     0.0688          0     70.750 328.503134  1022.4447     -0.214     -0.117  0.000e+00
     -0.204    28.4766   5.711671    35.2666     2.4186     0.0078          0     71.000 328.503137  1022.4375     -0.203     -0.102  0.000e+00
     -0.150    28.4849   5.711732    35.2609     2.4240    -0.0120          0     71.250 328.503139  1022.4307     -0.149     -0.066  0.000e+00
     -0.150    28.4948   5.713097    35.2630     2.4245    -0.0128          0     71.500 328.503142  1022.4290     -0.149     -0.032  0.000e+00
     -0.107    28.5064   5.714394    35.2634     2.4318    -0.0128          0     71.750 328.503145  1022.4257     -0.106      0.006  0.000e+00
     -0.139    28.5166   5.715256    35.2618     2.4304    -0.0113          0     72.000 328.503148  1022.4209     -0.138      0.028  0.000e+00
     -0.074    28.5256   5.715996    35.2602     2.4324    -0.0151          0     72.250 328.503151  1022.4171     -0.074      0.062  0.000e+00
     -0.042    28.5318   5.715706    35.2536     2.4394    -0.0174          0     72.500 328.503154  1022.4101     -0.041      0.086  0.000e+00
     -0.042    28.5283   5.713333    35.2397     2.4452    -0.0212          0     72.750 328.503157  1022.4009     -0.041      0.089  0.000e+00
     -0.020    28.5124   5.710167    35.2295     2.4498    -0.0151          0     73.000 328.503160  1022.3986     -0.020      0.087  0.000e+00
     -0.031    28.4935   5.708116    35.2293     2.4510     0.0299          0     73.250 328.503163  1022.4046     -0.031      0.073  0.000e+00
     -0.009    28.4752   5.707063    35.2355     2.4549     0.0360          0     73.500 328.503166  1022.4154     -0.009      0.071  0.000e+00
     -0.052    28.4631   5.706682    35.2419     2.4572     0.0261          0     73.750 328.503168  1022.4240     -0.052      0.048  0.000e+00
     -0.096    28.4545   5.706171    35.2448     2.4583     0.0315          0     74.000 328.503171  1022.4289     -0.095      0.021  0.000e+00
     -0.117    28.4499   5.706332    35.2493     2.4582     0.0292          0     74.250 328.503174  1022.4337     -0.117     -0.023  0.000e+00
     -0.171    28.4511   5.707247    35.2548     2.4583     0.0376          0     74.500 328.503177  1022.4372     -0.170     -0.061  0.000e+00
     -0.161    28.4571   5.708536    35.2593     2.4569     0.0337          0     74.750 328.503180  1022.4386     -0.160     -0.079  0.000e+00
     -0.161    28.4637   5.709146    35.2586     2.4499     0.0261          0     75.000 328.503183  1022.4360     -0.160     -0.089  0.000e+00
     -0.139    28.4723   5.710099    35.2589     2.4518     0.0154          0     75.250 328.503186  1022.4334     -0.138     -0.079  0.000e+00
     -0.117    28.4839   5.711480    35.2599     2.4552    -0.0372          0     75.500 328.503189  1022.4304     -0.117     -0.058  0.000e+00
     -0.096    28.4970   5.712853    35.2596     2.4568    -0.0357          0     75.750 328.503192  1022.4260     -0.095     -0.018  0.000e+00
     -0.074    28.5100   5.713944    35.2576     2.4518    -0.0471          0     76.000 328.503194  1022.4202     -0.074      0.019  0.000e+00
     -0.063    28.5217   5.714692    35.2541     2.4550    -0.0395          0     76.250 328.503197  1022.4138     -0.063      0.045  0.000e+00
     -0.042    28.5253   5.713875    35.2457     2.4558     0.0559          0     76.500 328.503200  1022.4064     -0.041      0.069  0.000e+00
     -0.042    28.5216   5.712471    35.2387     2.4589     0.0574          0     76.750 328.503203  1022.4024     -0.041      0.068  0.000e+00
     -0.085    28.5141   5.711159    35.2352     2.4625     0.0589          0     77.000 328.503206  1022.4020     -0.084      0.052  0.000e+00
     -0.096    28.5051   5.710099    35.2345     2.4619     0.0604          0     77.250 328.503209  1022.4044     -0.095      0.027  0.000e+00
     -0.128    28.4957   5.709145    35.2348     2.4635    -0.0204          0     77.500 328.503212  1022.4076     -0.127     -0.003  0.000e+00
     -0.117    28.4877   5.708512    35.2363     2.4666    -0.0189          0     77.750 328.503215  1022.4114     -0.117     -0.024  0.000e+00
     -0.150    28.4792   5.707574    35.2362     2.4680    -0.0143          0     78.000 328.503218  1022.4140     -0.149     -0.046  0.000e+00
     -0.128    28.4754   5.707704    35.2399     2.4747    -0.0143          0     78.250 328.503220  1022.4181     -0.128     -0.052  0.000e+00
     -0.150    28.4797   5.709466    35.2490     2.4686    -0.0342          0     78.500 328.503223  1022.4235     -0.149     -0.056  0.000e+00
     -0.182    28.4917   5.711670    35.2554     2.4752    -0.0296          0     78.750 328.503226  1022.4242     -0.181     -0.056  0.000e+00
     -0.193    28.5057   5.713082    35.2548     2.4727    -0.0303          0     79.000 328.503229  1022.4191     -0.192     -0.050  0.000e+00
     -0.215    28.5203   5.714615    35.2546     2.4742    -0.0265          0     79.250 328.503232  1022.4140     -0.214     -0.053  0.000e+00
     -0.215    28.5361   5.716424    35.2555     2.4721    -0.0281          0     79.500 328.503235  1022.4094     -0.214     -0.052  0.000e+00
     -0.182    28.5528   5.718072    35.2545     2.4702    -0.0410          0     79.750 328.503238  1022.4033     -0.181     -0.045  0.000e+00
     -0.182    28.5677   5.719102    35.2506     2.4754    -0.0403          0     80.000 328.503241  1022.3954     -0.181     -0.030  0.000e+00
     -0.139    28.5783   5.719392    35.2447     2.4723    -0.0410          0     80.250 328.503244  1022.3876     -0.138     -0.011  0.000e+00
     -0.139    28.5845   5.719232    35.2390     2.4795    -0.0365          0     80.500 328.503247  1022.3813     -0.138      0.015  0.000e+00
     -0.117    28.5909   5.719583    35.2367     2.4818     0.0101          0     80.750 328.503249  1022.3775     -0.117      0.040  0.000e+00
     -0.096    28.5961   5.720270    35.2375     2.4821     0.0093          0     81.000 328.503252  1022.3765     -0.095      0.058  0.000e+00
     -0.085    28.5989   5.720033    35.2338     2.4816     0.0055          0     81.250 328.503255  1022.3729     -0.084      0.070  0.000e+00
     -0.107    28.6011   5.719773    35.2304     2.4847     0.0078          0     81.500 328.503258  1022.3695     -0.106      0.061  0.000e+00
     -0.107    28.6036   5.720224    35.2317     2.4833     0.0200          0     81.750 328.503261  1022.3697     -0.106      0.045  0.000e+00
     -0.139    28.6057   5.720636    35.2330     2.4860     0.0177          0     82.000 328.503264  1022.3697     -0.138      0.025  0.000e+00
     -0.150    28.6091   5.721132    35.2339     2.4887     0.0215          0     82.250 328.503267  1022.3693     -0.149     -0.002  0.000e+00
     -0.161    28.6114   5.721315    35.2335     2.4900     0.0177          0     82.500 328.503270  1022.3682     -0.160     -0.019  0.000e+00
     -0.150    28.6132   5.721407    35.2328     2.4889     0.0246          0     82.750 328.503273  1022.3671     -0.149     -0.032  0.000e+00
     -0.139    28.6110   5.720796    35.2302     2.4926     0.0170          0     83.000 328.503275  1022.3659     -0.138     -0.035  0.000e+00
