ctd_kilwa/cnv/SBE19plus_01906740_2018_11_26_0059.cnv
* Sea-Bird SBE19plus  Data File:
* FileName = C:\Users\all user\Desktop\Mapping WWF\SBE19plus_01906740_2018_11_26_0059.hex
* Software version 2.6.3.104
* Temperature SN = 6740
* Conductivity SN = 6740
* System UpLoad Time = Nov 26 2018 19:58:12
* <ApplicationData>
* <Seaterm232>
# nquan = 13
# nvalues = 357                                   
# units = specified
# name 0 = prdM: Pressure, Strain Gauge [db]
# name 1 = tv290C: Temperature [ITS-90, deg C]
# name 2 = c0S/m: Conductivity [S/m]
# name 3 = sal00: Salinity, Practical [PSU]
# name 4 = sbeox0ML/L: Oxygen, SBE 43 [ml/l]
# name 5 = flECO-AFL: Fluorescence, WET Labs ECO-AFL/FL [mg/m^3]
# name 6 = nbf: Bottles Fired
# name 7 = timeS: Time, Elapsed [seconds]
# name 8 = timeJ: Julian Days
# name 9 = density00: Density [density, kg/m^3]
# name 10 = depSM: Depth [salt water, m], lat = 0.00
# name 11 = dz/dtM: Descent Rate [m/s]
# name 12 = flag:  0.000e+00
# span 0 =     -1.032,      3.034                 
# span 1 =    27.9392,    28.8351                 
# span 2 =   0.816374,   5.757471                 
# span 3 =     4.2468,    35.7816                 
# span 4 =     2.5504,     3.7466                 
# span 5 =    -0.3340,    48.6894                 
# span 6 =          0,          0                 
# span 7 =      0.000,     89.000                 
# span 8 = 329.470417, 329.471447                 
# span 9 =   999.4134,  1022.9104                 
# span 10 =     -1.026,      3.017                
# span 11 =     -0.453,      0.411                
# span 12 = 0.0000e+00, 0.0000e+00                
# interval = seconds: 0.25
# start_time = Nov 25 2018 11:17:24 [Instrument's time stamp, header]
# bad_flag = -9.990e-29
*END*
[from data line 334]
     -0.307    27.9757   5.645972    35.1810     2.9428    -0.3302          0     83.500 329.471383  1022.5374     -0.306      0.070  0.000e+00
     -0.340    27.9773   5.646442    35.1830     2.9520    -0.3271          0     83.750 329.471386  1022.5383     -0.338      0.038  0.000e+00
     -0.405    27.9793   5.646883    35.1846     2.9533     0.0780          0     84.000 329.471389  1022.5385     -0.403     -0.010  0.000e+00
     -0.426    27.9824   5.647330    35.1855     2.9503     0.0604          0     84.250 329.471392  1022.5380     -0.424     -0.050  0.000e+00
     -0.459    27.9858   5.647421    35.1836     2.9485     0.0681          0     84.500 329.471395  1022.5354     -0.456     -0.078  0.000e+00
     -0.502    27.9883   5.647452    35.1819     2.9413     0.0658          0     84.750 329.471398  1022.5331     -0.499     -0.107  0.000e+00
     -0.621    27.9898   5.647391    35.1804     3.0607     0.0879          0     85.000 329.471400  1022.5310     -0.618     -0.156  0.000e+00
     -0.772    27.9904   5.647482    35.1807     3.1246     0.0833          0     85.250 329.471403  1022.5304     -0.768     -0.215  0.000e+00
     -0.913    27.9908   5.647550    35.1809     3.1035     0.0810          0     85.500 329.471406  1022.5298     -0.908     -0.282  0.000e+00
     -1.010    27.9916   5.647702    35.1814     3.0619     0.0803          0     85.750 329.471409  1022.5294     -1.005     -0.337  0.000e+00
     -0.999    27.9931   5.240257    32.3390     3.0914     1.2125          0     86.000 329.471412  1020.3929     -0.994     -0.354  0.000e+00
     -1.021    27.9943   2.858072    16.5124     3.3523     1.2094          0     86.250 329.471415  1008.5537     -1.015     -0.354  0.000e+00
     -0.999    27.9915   0.869933     4.5459     3.5662     1.2201          0     86.500 329.471418   999.6355     -0.994     -0.314  0.000e+00
     -1.021    27.9872   0.816374     4.2468     3.5272     1.2201          0     86.750 329.471421   999.4134     -1.015     -0.253  0.000e+00
     -1.010    27.9852   1.036963     5.4910     3.4769     0.0376          0     87.000 329.471424  1000.3423     -1.005     -0.166  0.000e+00
     -0.999    27.9847   1.245319     6.6890     3.4684     0.0490          0     87.250 329.471427  1001.2358     -0.994     -0.081  0.000e+00
     -0.989    27.9839   1.330968     7.1874     3.4686     0.0482          0     87.500 329.471429  1001.6076     -0.983     -0.019  0.000e+00
     -0.999    27.9824   0.923142     4.8460     3.6075     0.0376          0     87.750 329.471432   999.8621     -0.994      0.007  0.000e+00
     -0.999    27.9812   1.033693     5.4728     3.6174     0.0414          0     88.000 329.471435  1000.3300     -0.994      0.007  0.000e+00
     -1.032    27.9795   1.257656     6.7613     3.5643    -0.0334          0     88.250 329.471438  1001.2911     -1.026      0.001  0.000e+00
     -1.010    27.9775   1.136247     6.0602     3.7379    -0.0395          0     88.500 329.471441  1000.7691     -1.005     -0.004  0.000e+00
     -0.999    27.9748   0.979760     5.1670     3.7466    -0.0372          0     88.750 329.471444  1000.1037     -0.994      0.001  0.000e+00
     -1.010    27.9712   1.125113     5.9970     3.7080    -0.0258          0     89.000 329.471447  1000.7238     -1.005     -0.005  0.000e+00
