ctd_kilwa/cnv/SBE19plus_01906740_2018_11_26_0058.cnv
* Sea-Bird SBE19plus  Data File:
* FileName = C:\Users\all user\Desktop\Mapping WWF\SBE19plus_01906740_2018_11_26_0058.hex
* Software version 2.6.3.104
* Temperature SN = 6740
* Conductivity SN = 6740
* System UpLoad Time = Nov 26 2018 19:58:02
* <ApplicationData>
* <Seaterm232>
# nquan = 13
# nvalues = 1111                                  
# units = specified
# name 0 = prdM: Pressure, Strain Gauge [db]
# name 1 = tv290C: Temperature [ITS-90, deg C]
# name 2 = c0S/m: Conductivity [S/m]
# name 3 = sal00: Salinity, Practical [PSU]
# name 4 = sbeox0ML/L: Oxygen, SBE 43 [ml/l]
# name 5 = flECO-AFL: Fluorescence, WET Labs ECO-AFL/FL [mg/m^3]
# name 6 = nbf: Bottles Fired
# name 7 = timeS: Time, Elapsed [seconds]
# name 8 = timeJ: Julian Days
# name 9 = density00: Density [density, kg/m^3]
# name 10 = depSM: Depth [salt water, m], lat = 0.00
# name 11 = dz/dtM: Descent Rate [m/s]
# name 12 = flag:  0.000e+00
# span 0 =     -0.995,     26.537                 
# span 1 =    27.1049,    30.8670                 
# span 2 =   0.363797,   5.841752                 
# span 3 =     1.7906,    36.0040                 
# span 4 =     1.8903,     3.4239                 
# span 5 =    -0.4393,    48.6856                 
# span 6 =          0,          0                 
# span 7 =      0.000,    277.500                 
# span 8 = 329.431910, 329.435122                 
# span 9 =   997.0982,  1022.9403                 
# span 10 =     -0.990,     26.390                
# span 11 =     -0.589,      0.734                
# span 12 = 0.0000e+00, 0.0000e+00                
# interval = seconds: 0.25
# start_time = Nov 25 2018 10:21:57 [Instrument's time stamp, header]
# bad_flag = -9.990e-29
*END*
[from data line 223]
     -0.066    28.2661   5.741861    35.6351     1.9233     0.0360          0     55.750 329.432555  1022.7846     -0.066      0.006  0.000e+00
     -0.055    28.2675   5.742863    35.6410     1.9196     0.0269          0     56.000 329.432558  1022.7886     -0.055      0.001  0.000e+00
     -0.055    28.2688   5.743559    35.6449     1.9210    -0.0014          0     56.250 329.432561  1022.7911     -0.055     -0.002  0.000e+00
     -0.066    28.2706   5.743895    35.6459     1.9162    -0.0120          0     56.500 329.432564  1022.7913     -0.066     -0.009  0.000e+00
     -0.088    28.2726   5.744216    35.6466     1.9137    -0.0075          0     56.750 329.432567  1022.7910     -0.087     -0.014  0.000e+00
     -0.077    28.2749   5.745570    35.6544     1.9079    -0.0021          0     57.000 329.432569  1022.7962     -0.076     -0.017  0.000e+00
     -0.077    28.2770   5.746786    35.6613     1.9052     0.0162          0     57.250 329.432572  1022.8007     -0.076     -0.011  0.000e+00
     -0.077    28.2798   5.745861    35.6527     1.9028     0.0086          0     57.500 329.432575  1022.7933     -0.076     -0.013  0.000e+00
     -0.066    28.2822   5.743994    35.6378     1.9077     0.0223          0     57.750 329.432578  1022.7814     -0.066     -0.008  0.000e+00
     -0.088    28.2837   5.742541    35.6266     1.9020     0.0200          0     58.000 329.432581  1022.7723     -0.087     -0.012  0.000e+00
     -0.077    28.2832   5.742090    35.6238     1.9004    -0.0380          0     58.250 329.432584  1022.7704     -0.076     -0.007  0.000e+00
     -0.055    28.2819   5.744025    35.6383     1.8971    -0.0441          0     58.500 329.432587  1022.7818     -0.055      0.004  0.000e+00
     -0.034    28.2818   5.746442    35.6552     1.8949    -0.0502          0     58.750 329.432590  1022.7947     -0.033      0.018  0.000e+00
     -0.023    28.2836   5.747605    35.6621     1.8972    -0.0494          0     59.000 329.432593  1022.7993     -0.023      0.025  0.000e+00
     -0.044    28.2860   5.746954    35.6557     1.8942    -0.0426          0     59.250 329.432595  1022.7936     -0.044      0.026  0.000e+00
     -0.066    28.2886   5.744614    35.6374     1.8922     0.0650          0     59.500 329.432598  1022.7789     -0.066      0.019  0.000e+00
     -0.066    28.2897   5.743635    35.6296     1.8903     0.0604          0     59.750 329.432601  1022.7727     -0.066      0.011  0.000e+00
     -0.088    28.2898   5.741318    35.6134     1.9013     0.0719          0     60.000 329.432604  1022.7603     -0.087      0.000  0.000e+00
     -0.109    28.2869   5.715482    35.4349     1.9233     0.0627          0     60.250 329.432607  1022.6270     -0.109     -0.022  0.000e+00
     -0.077    28.2584   5.693019    35.2992     1.9182    -0.0403          0     60.500 329.432610  1022.5345     -0.076     -0.031  0.000e+00
     -0.077    28.2091   5.679085    35.2386     1.9199    -0.0479          0     60.750 329.432613  1022.5052     -0.076     -0.032  0.000e+00
     -0.077    28.1556   5.670983    35.2219     1.9197    -0.0395          0     61.000 329.432616  1022.5102     -0.076     -0.025  0.000e+00
     -0.066    28.1067   5.666429    35.2265     1.9163    -0.0471          0     61.250 329.432619  1022.5297     -0.066     -0.009  0.000e+00
     -0.034    28.0677   5.663700    35.2365     1.9151    -0.0349          0     61.500 329.432622  1022.5502     -0.033      0.012  0.000e+00
     -0.044    28.0383   5.662082    35.2471     1.9134    -0.0357          0     61.750 329.432624  1022.5678     -0.044      0.022  0.000e+00
     -0.055    28.0144   5.660691    35.2552     1.9196    -0.0479          0     62.000 329.432627  1022.5816     -0.055      0.028  0.000e+00
     -0.034    27.9964   5.659392    35.2596     1.9198    -0.0426          0     62.250 329.432630  1022.5909     -0.033      0.032  0.000e+00
     -0.055    27.9843   5.658450    35.2621     1.9314     0.0704          0     62.500 329.432633  1022.5966     -0.055      0.019  0.000e+00
     -0.055    27.9765   5.657592    35.2618     1.9384     0.0620          0     62.750 329.432636  1022.5990     -0.055      0.013  0.000e+00
     -0.034    27.9715   5.657371    35.2641     1.9395     0.0696          0     63.000 329.432639  1022.6024     -0.033      0.012  0.000e+00
     -0.023    27.9693   5.657592    35.2673     1.9555     0.0589          0     63.250 329.432642  1022.6056     -0.023      0.010  0.000e+00
     -0.044    27.9691   5.657592    35.2674     1.9572     0.0604          0     63.500 329.432645  1022.6057     -0.044      0.003  0.000e+00
     -0.023    27.9696   5.657371    35.2654     1.9671    -0.0166          0     63.750 329.432648  1022.6041     -0.022      0.011  0.000e+00
     -0.033    27.9716   5.657022    35.2615     1.9742    -0.0044          0     64.000 329.432650  1022.6005     -0.033      0.012  0.000e+00
     -0.044    27.9729   5.656741    35.2585     1.9818    -0.0075          0     64.250 329.432653  1022.5977     -0.044      0.005  0.000e+00
     -0.044    27.9741   5.656520    35.2561     1.9917     0.0032          0     64.500 329.432656  1022.5955     -0.044      0.005  0.000e+00
     -0.077    27.9763   5.656262    35.2526     2.0082    -0.0380          0     64.750 329.432659  1022.5921     -0.076     -0.010  0.000e+00
     -0.066    27.9796   5.656581    35.2524     2.0268    -0.0441          0     65.000 329.432662  1022.5909     -0.065     -0.021  0.000e+00
     -0.055    27.9829   5.656862    35.2519     2.0456    -0.0334          0     65.250 329.432665  1022.5895     -0.055     -0.021  0.000e+00
     -0.055    27.9840   5.656900    35.2514     2.0611    -0.0326          0     65.500 329.432668  1022.5887     -0.055     -0.016  0.000e+00
     -0.022    27.9850   5.656672    35.2490     2.0869    -0.0334          0     65.750 329.432671  1022.5867     -0.022     -0.007  0.000e+00
     -0.022    27.9865   5.656490    35.2466     2.1024    -0.0357          0     66.000 329.432674  1022.5844     -0.022      0.007  0.000e+00
     -0.033    27.9886   5.656049    35.2419     2.1237    -0.0296          0     66.250 329.432677  1022.5802     -0.033      0.015  0.000e+00
     -0.055    27.9900   5.656231    35.2422     2.1409    -0.0372          0     66.500 329.432679  1022.5798     -0.054      0.014  0.000e+00
     -0.044    27.9896   5.656231    35.2425     2.1542     0.0368          0     66.750 329.432682  1022.5802     -0.044      0.016  0.000e+00
     -0.033    27.9889   5.656042    35.2417     2.1637     0.0444          0     67.000 329.432685  1022.5799     -0.033      0.010  0.000e+00
     -0.055    27.9890   5.655920    35.2407     2.1753     0.0406          0     67.250 329.432688  1022.5791     -0.054     -0.001  0.000e+00
     -0.066    27.9918   5.656201    35.2406     2.1905     0.0437          0     67.500 329.432691  1022.5780     -0.065     -0.011  0.000e+00
     -0.076    27.9957   5.656771    35.2417     2.1969     0.0391          0     67.750 329.432694  1022.5775     -0.076     -0.025  0.000e+00
     -0.076    28.0007   5.657242    35.2412     2.2056    -0.0410          0     68.000 329.432697  1022.5755     -0.076     -0.025  0.000e+00
     -0.066    28.0069   5.657621    35.2393     2.2105    -0.0410          0     68.250 329.432700  1022.5721     -0.065     -0.020  0.000e+00
     -0.055    28.0147   5.658541    35.2399     2.2137    -0.0410          0     68.500 329.432703  1022.5700     -0.055     -0.012  0.000e+00
     -0.012    28.0230   5.659361    35.2394     2.2238    -0.0395          0     68.750 329.432705  1022.5671     -0.012      0.002  0.000e+00
      0.010    28.0316   5.660091    35.2381     2.2321    -0.0349          0     69.000 329.432708  1022.5634      0.010      0.022  0.000e+00
      0.010    28.0384   5.660471    35.2357     2.2371    -0.0281          0     69.250 329.432711  1022.5594      0.010      0.043  0.000e+00
     -0.012    28.0432   5.660660    35.2334     2.2368    -0.0334          0     69.500 329.432714  1022.5560     -0.011      0.047  0.000e+00
     -0.022    28.0462   5.660721    35.2316     2.2480    -0.0372          0     69.750 329.432717  1022.5536     -0.022      0.042  0.000e+00
     -0.012    28.0483   5.660790    35.2306     2.2549     0.0711          0     70.000 329.432720  1022.5522     -0.011      0.033  0.000e+00
     -0.033    28.0504   5.660850    35.2294     2.2573     0.0803          0     70.250 329.432723  1022.5505     -0.033      0.014  0.000e+00
     -0.044    28.0530   5.661071    35.2290     2.2631     0.0826          0     70.500 329.432726  1022.5493     -0.044     -0.006  0.000e+00
     -0.076    28.0576   5.661359    35.2276     2.2679     0.0772          0     70.750 329.432729  1022.5466     -0.076     -0.034  0.000e+00
     -0.076    28.0626   5.661891    35.2276     2.2715     0.0147          0     71.000 329.432731  1022.5450     -0.076     -0.045  0.000e+00
     -0.076    28.0684   5.662530    35.2278     2.2799     0.0101          0     71.250 329.432734  1022.5432     -0.076     -0.045  0.000e+00
     -0.055    28.0736   5.663062    35.2276     2.2917     0.0017          0     71.500 329.432737  1022.5414     -0.055     -0.034  0.000e+00
     -0.076    28.0762   5.663062    35.2256     2.2927     0.0070          0     71.750 329.432740  1022.5390     -0.076     -0.031  0.000e+00
     -0.076    28.0771   5.662720    35.2226     2.2999     0.0063          0     72.000 329.432743  1022.5364     -0.076     -0.027  0.000e+00
     -0.076    28.0772   5.662431    35.2205     2.3028    -0.0357          0     72.250 329.432746  1022.5348     -0.076     -0.017  0.000e+00
     -0.055    28.0747   5.661959    35.2190     2.3006    -0.0357          0     72.500 329.432749  1022.5347     -0.055     -0.003  0.000e+00
     -0.033    28.0691   5.661010    35.2166     2.3000    -0.0303          0     72.750 329.432752  1022.5348     -0.033      0.014  0.000e+00
     -0.012    28.0626   5.660029    35.2146     2.2999    -0.0387          0     73.000 329.432755  1022.5355     -0.011      0.026  0.000e+00
      0.010    28.0559   5.659361    35.2148     2.2993     0.0780          0     73.250 329.432758  1022.5379      0.010      0.039  0.000e+00
     -0.001    28.0502   5.658981    35.2164     2.3020     0.0772          0     73.500 329.432760  1022.5410     -0.001      0.043  0.000e+00
     -0.033    28.0472   5.659049    35.2192     2.3060     0.0818          0     73.750 329.432763  1022.5439     -0.033      0.041  0.000e+00
     -0.055    28.0444   5.659011    35.2210     2.3090     0.0849          0     74.000 329.432766  1022.5461     -0.054      0.025  0.000e+00
     -0.076    28.0411   5.658601    35.2206     2.3193    -0.0632          0     74.250 329.432769  1022.5468     -0.076      0.001  0.000e+00
     -0.098    28.0358   5.657970    35.2202     2.3252    -0.0540          0     74.500 329.432772  1022.5481     -0.097     -0.029  0.000e+00
     -0.087    28.0305   5.657211    35.2188     2.3307    -0.0601          0     74.750 329.432775  1022.5488     -0.087     -0.047  0.000e+00
     -0.076    28.0274   5.656930    35.2191     2.3336    -0.0586          0     75.000 329.432778  1022.5501     -0.076     -0.053  0.000e+00
     -0.066    28.0261   5.656991    35.2205     2.3304    -0.0456          0     75.250 329.432781  1022.5517     -0.065     -0.045  0.000e+00
     -0.044    28.0249   5.657150    35.2225     2.3334    -0.0128          0     75.500 329.432784  1022.5537     -0.044     -0.022  0.000e+00
     -0.055    28.0248   5.657180    35.2228     2.3313    -0.0113          0     75.750 329.432786  1022.5539     -0.054     -0.001  0.000e+00
     -0.044    28.0252   5.657142    35.2223     2.3341    -0.0136          0     76.000 329.432789  1022.5534     -0.044      0.016  0.000e+00
     -0.022    28.0261   5.657211    35.2221     2.3373    -0.0227          0     76.250 329.432792  1022.5530     -0.022      0.032  0.000e+00
     -0.033    28.0269   5.657241    35.2216     2.3421     0.0070          0     76.500 329.432795  1022.5524     -0.033      0.035  0.000e+00
     -0.033    28.0276   5.657370    35.2220     2.3387     0.0063          0     76.750 329.432798  1022.5525     -0.033      0.029  0.000e+00
     -0.022    28.0293   5.657469    35.2215     2.3459     0.0070          0     77.000 329.432801  1022.5516     -0.022      0.024  0.000e+00
     -0.033    28.0326   5.657841    35.2216     2.3525     0.0017          0     77.250 329.432804  1022.5505     -0.033      0.016  0.000e+00
     -0.033    28.0375   5.658510    35.2226     2.3512     0.0147          0     77.500 329.432807  1022.5497     -0.033      0.009  0.000e+00
     -0.055    28.0437   5.659080    35.2220     2.3538     0.0170          0     77.750 329.432810  1022.5471     -0.055      0.001  0.000e+00
     -0.076    28.0493   5.659391    35.2200     2.3563     0.0101          0     78.000 329.432813  1022.5436     -0.076     -0.015  0.000e+00
     -0.077    28.0542   5.659741    35.2188     2.3571     0.0192          0     78.250 329.432815  1022.5411     -0.076     -0.027  0.000e+00
     -0.076    28.0577   5.659999    35.2180     2.3607     0.0383          0     78.500 329.432818  1022.5394     -0.076     -0.029  0.000e+00
     -0.055    28.0597   5.660121    35.2173     2.3631     0.0406          0     78.750 329.432821  1022.5383     -0.055     -0.025  0.000e+00
     -0.033    28.0620   5.660310    35.2170     2.3598     0.0475          0     79.000 329.432824  1022.5374     -0.033     -0.014  0.000e+00
     -0.012    28.0635   5.660379    35.2163     2.3586     0.0452          0     79.250 329.432827  1022.5365     -0.012      0.006  0.000e+00
     -0.012    28.0649   5.660470    35.2159     2.3559     0.0345          0     79.500 329.432830  1022.5357     -0.012      0.022  0.000e+00
     -0.012    28.0656   5.660341    35.2145     2.3602     0.0360          0     79.750 329.432833  1022.5344     -0.011      0.036  0.000e+00
     -0.011    28.0652   5.660090    35.2130     2.3643     0.0398          0     80.000 329.432836  1022.5335     -0.011      0.042  0.000e+00
     -0.012    28.0635   5.659741    35.2118     2.3652     0.0414          0     80.250 329.432839  1022.5331     -0.011      0.038  0.000e+00
     -0.033    28.0624   5.659680    35.2123     2.3647     0.0376          0     80.500 329.432841  1022.5337     -0.033      0.023  0.000e+00
     -0.055    28.0568   5.658639    35.2091     2.3679     0.0032          0     80.750 329.432844  1022.5331     -0.054      0.000  0.000e+00
     -0.022    28.0421   5.656018    35.2017     2.3713     0.0086          0     81.000 329.432847  1022.5325     -0.022     -0.009  0.000e+00
     -0.055    28.0239   5.653580    35.1982     2.3676     0.0078          0     81.250 329.432850  1022.5356     -0.054     -0.021  0.000e+00
     -0.055    28.0095   5.652471    35.2012     2.3675     0.0040          0     81.500 329.432853  1022.5426     -0.054     -0.024  0.000e+00
     -0.066    28.0006   5.652661    35.2092     2.3715     0.0017          0     81.750 329.432856  1022.5515     -0.065     -0.028  0.000e+00
     -0.022    27.9956   5.652851    35.2142     2.3724     0.0002          0     82.000 329.432859  1022.5571     -0.022     -0.017  0.000e+00
     -0.033    27.9926   5.652692    35.2154     2.3754     0.0131          0     82.250 329.432862  1022.5589     -0.033     -0.007  0.000e+00
     -0.022    27.9905   5.652540    35.2159     2.3735     0.0032          0     82.500 329.432865  1022.5600     -0.022      0.006  0.000e+00
     -0.012    27.9916   5.652950    35.2179     2.3738    -0.0029          0     82.750 329.432867  1022.5612     -0.011      0.017  0.000e+00
     -0.033    27.9967   5.653861    35.2205     2.3794     0.0032          0     83.000 329.432870  1022.5615     -0.033      0.012  0.000e+00
