ctd_kilwa/cnv/SBE19plus_01906740_2018_11_26_0067.cnv
* Sea-Bird SBE19plus  Data File:
* FileName = C:\Users\all user\Desktop\Mapping WWF\SBE19plus_01906740_2018_11_26_0067.hex
* Software version 2.6.3.104
* Temperature SN = 6740
* Conductivity SN = 6740
* System UpLoad Time = Nov 26 2018 19:59:47
* <ApplicationData>
* <Seaterm232>
# nquan = 13
# nvalues = 570                                   
# units = specified
# name 0 = prdM: Pressure, Strain Gauge [db]
# name 1 = tv290C: Temperature [ITS-90, deg C]
# name 2 = c0S/m: Conductivity [S/m]
# name 3 = sal00: Salinity, Practical [PSU]
# name 4 = sbeox0ML/L: Oxygen, SBE 43 [ml/l]
# name 5 = flECO-AFL: Fluorescence, WET Labs ECO-AFL/FL [mg/m^3]
# name 6 = nbf: Bottles Fired
# name 7 = timeS: Time, Elapsed [seconds]
# name 8 = timeJ: Julian Days
# name 9 = density00: Density [density, kg/m^3]
# name 10 = depSM: Depth [salt water, m], lat = 0.00
# name 11 = dz/dtM: Descent Rate [m/s]
# name 12 = flag:  0.000e+00
# span 0 =     -1.089,     10.481                 
# span 1 =    28.4288,    29.2684                 
# span 2 =   0.536450,   5.777249                 
# span 3 =     2.6410,    35.4508                 
# span 4 =     2.2771,     3.5322                 
# span 5 =    -0.1303,    48.6864                 
# span 6 =          0,          0                 
# span 7 =      0.000,    142.250                 
# span 8 = 329.588657, 329.590304                 
# span 9 =   997.8387,  1022.4681                 
# span 10 =     -1.083,     10.423                
# span 11 =     -0.623,      0.582                
# span 12 = 0.0000e+00, 0.0000e+00                
# interval = seconds: 0.25
# start_time = Nov 25 2018 14:07:40 [Instrument's time stamp, header]
# bad_flag = -9.990e-29
*END*
[from data line 445]
      7.248    28.4316   5.700099    35.2173     2.6897     0.0849          0    111.250 329.589945  1022.4472      7.208     -0.106  0.000e+00
      7.043    28.4315   5.700069    35.2172     2.6616     0.0887          0    111.500 329.589948  1022.4463      7.004     -0.261  0.000e+00
      6.913    28.4315   5.700099    35.2175     2.6678     0.0841          0    111.750 329.589951  1022.4460      6.875     -0.408  0.000e+00
      6.837    28.4319   5.700167    35.2177     2.6634     0.0826          0    112.000 329.589954  1022.4457      6.800     -0.520  0.000e+00
      6.773    28.4322   5.700190    35.2177     2.6589     0.0788          0    112.250 329.589957  1022.4452      6.735     -0.587  0.000e+00
      6.773    28.4323   5.700198    35.2176     2.6451     0.0978          0    112.500 329.589959  1022.4452      6.735     -0.579  0.000e+00
      6.827    28.4327   5.700198    35.2173     2.6463     0.1077          0    112.750 329.589962  1022.4451      6.789     -0.471  0.000e+00
      6.902    28.4327   5.700198    35.2173     2.6557     0.1016          0    113.000 329.589965  1022.4454      6.864     -0.294  0.000e+00
      7.000    28.4327   5.700168    35.2171     2.6543     0.1062          0    113.250 329.589968  1022.4456      6.961     -0.110  0.000e+00
      7.000    28.4323   5.700137    35.2171     2.6400     0.1085          0    113.500 329.589971  1022.4458      6.961      0.018  0.000e+00
      6.848    28.4316   5.699977    35.2166     2.6439     0.0864          0    113.750 329.589974  1022.4450      6.811      0.054  0.000e+00
      6.556    28.4307   5.699847    35.2164     2.6503     0.0788          0    114.000 329.589977  1022.4439      6.520     -0.018  0.000e+00
      6.383    28.4301   5.699786    35.2165     2.6414     0.0818          0    114.250 329.589980  1022.4434      6.348     -0.138  0.000e+00
      6.275    28.4300   5.699878    35.2173     2.6282     0.0849          0    114.500 329.589983  1022.4436      6.241     -0.277  0.000e+00
      6.221    28.4300   5.699908    35.2175     2.6269     0.0719          0    114.750 329.589986  1022.4435      6.187     -0.398  0.000e+00
      6.146    28.4305   5.699977    35.2176     2.6301     0.0833          0    115.000 329.589988  1022.4431      6.112     -0.485  0.000e+00
      6.113    28.4308   5.700007    35.2176     2.6288     0.0788          0    115.250 329.589991  1022.4428      6.080     -0.509  0.000e+00
      6.092    28.4310   5.699977    35.2172     2.6347     0.0833          0    115.500 329.589994  1022.4424      6.058     -0.455  0.000e+00
      6.135    28.4312   5.699977    35.2171     2.6142     0.0719          0    115.750 329.589997  1022.4424      6.101     -0.328  0.000e+00
      6.070    28.4310   5.699946    35.2170     2.6046     0.0681          0    116.000 329.590000  1022.4422      6.037     -0.211  0.000e+00
      5.832    28.4307   5.699877    35.2168     2.6151     0.0650          0    116.250 329.590003  1022.4411      5.800     -0.203  0.000e+00
      5.551    28.4304   5.699816    35.2167     2.6153     0.0749          0    116.500 329.590006  1022.4399      5.521     -0.280  0.000e+00
      5.422    28.4302   5.699786    35.2167     2.6056     0.0711          0    116.750 329.590009  1022.4394      5.392     -0.371  0.000e+00
      5.357    28.4302   5.699816    35.2169     2.6045     0.0719          0    117.000 329.590012  1022.4393      5.327     -0.441  0.000e+00
      5.281    28.4301   5.699847    35.2172     2.6068     0.0711          0    117.250 329.590014  1022.4392      5.252     -0.499  0.000e+00
      5.227    28.4304   5.699907    35.2175     2.5868     0.0795          0    117.500 329.590017  1022.4391      5.198     -0.524  0.000e+00
      5.194    28.4316   5.700136    35.2182     2.5857     0.0704          0    117.750 329.590020  1022.4391      5.166     -0.506  0.000e+00
      5.140    28.4327   5.700220    35.2180     2.5628     0.0780          0    118.000 329.590023  1022.4383      5.112     -0.428  0.000e+00
      4.978    28.4337   5.700258    35.2176     2.5570     0.0810          0    118.250 329.590026  1022.4370      4.951     -0.349  0.000e+00
      4.676    28.4349   5.700387    35.2177     2.5641     0.0849          0    118.500 329.590029  1022.4354      4.650     -0.357  0.000e+00
      4.449    28.4366   5.700616    35.2180     2.5658     0.0894          0    118.750 329.590032  1022.4341      4.424     -0.442  0.000e+00
      4.384    28.4380   5.700738    35.2179     2.5500     0.0810          0    119.000 329.590035  1022.4333      4.360     -0.514  0.000e+00
      4.362    28.4395   5.700898    35.2179     2.5525     0.0810          0    119.250 329.590038  1022.4327      4.338     -0.544  0.000e+00
      4.384    28.4414   5.701187    35.2185     2.5528     0.0803          0    119.500 329.590041  1022.4326      4.359     -0.528  0.000e+00
      4.362    28.4428   5.701233    35.2177     2.5461     0.0795          0    119.750 329.590043  1022.4315      4.338     -0.475  0.000e+00
      4.254    28.4436   5.701157    35.2166     2.5370     0.0780          0    120.000 329.590046  1022.4299      4.230     -0.404  0.000e+00
      3.940    28.4431   5.700966    35.2158     2.5431     0.0833          0    120.250 329.590049  1022.4281      3.919     -0.373  0.000e+00
      3.605    28.4423   5.700768    35.2151     2.5453     0.0780          0    120.500 329.590052  1022.4264      3.585     -0.405  0.000e+00
      3.475    28.4418   5.700768    35.2156     2.5427     0.0772          0    120.750 329.590055  1022.4264      3.456     -0.480  0.000e+00
      3.454    28.4419   5.700966    35.2169     2.5382     0.0803          0    121.000 329.590058  1022.4273      3.435     -0.557  0.000e+00
      3.410    28.4434   5.701317    35.2182     2.5332     0.0780          0    121.250 329.590061  1022.4275      3.392     -0.601  0.000e+00
      3.410    28.4466   5.701858    35.2196     2.5308     0.0849          0    121.500 329.590064  1022.4276      3.392     -0.588  0.000e+00
      3.367    28.4499   5.702208    35.2195     2.5239     0.0734          0    121.750 329.590067  1022.4262      3.349     -0.515  0.000e+00
      3.129    28.4534   5.702429    35.2186     2.5045     0.0749          0    122.000 329.590069  1022.4234      3.112     -0.445  0.000e+00
      2.805    28.4563   5.702688    35.2183     2.5022     0.0459          0    122.250 329.590072  1022.4208      2.789     -0.415  0.000e+00
      2.664    28.4591   5.702909    35.2178     2.4974     0.0597          0    122.500 329.590075  1022.4189      2.650     -0.431  0.000e+00
      2.610    28.4609   5.702940    35.2167     2.4987     0.0582          0    122.750 329.590078  1022.4172      2.596     -0.488  0.000e+00
      2.610    28.4624   5.703069    35.2165     2.4941     0.0604          0    123.000 329.590081  1022.4166      2.596     -0.522  0.000e+00
      2.599    28.4634   5.703130    35.2162     2.4935     0.0559          0    123.250 329.590084  1022.4160      2.585     -0.508  0.000e+00
      2.534    28.4641   5.703130    35.2157     2.5084     0.0559          0    123.500 329.590087  1022.4151      2.521     -0.469  0.000e+00
      2.254    28.4650   5.703199    35.2156     2.5505     0.0658          0    123.750 329.590090  1022.4135      2.241     -0.447  0.000e+00
      1.918    28.4658   5.703290    35.2157     2.5665     0.0559          0    124.000 329.590093  1022.4119      1.908     -0.451  0.000e+00
      1.767    28.4666   5.703389    35.2159     2.5944     0.0734          0    124.250 329.590095  1022.4111      1.757     -0.479  0.000e+00
      1.745    28.4673   5.703488    35.2160     2.6143     0.0704          0    124.500 329.590098  1022.4109      1.736     -0.529  0.000e+00
      1.746    28.4688   5.703709    35.2164     2.6084     0.0734          0    124.750 329.590101  1022.4107      1.736     -0.556  0.000e+00
      1.789    28.4707   5.704029    35.2172     2.5808     0.0704          0    125.000 329.590104  1022.4109      1.779     -0.527  0.000e+00
      1.778    28.4732   5.704235    35.2169     2.5832     0.0414          0    125.250 329.590107  1022.4097      1.768     -0.448  0.000e+00
      1.680    28.4755   5.704471    35.2168     2.5503     0.0444          0    125.500 329.590110  1022.4085      1.671     -0.342  0.000e+00
      1.432    28.4781   5.704731    35.2167     2.5335     0.0505          0    125.750 329.590113  1022.4065      1.424     -0.262  0.000e+00
      1.140    28.4804   5.704921    35.2165     2.5401     0.0391          0    126.000 329.590116  1022.4043      1.133     -0.281  0.000e+00
      1.032    28.4820   5.705020    35.2159     2.5107     0.0437          0    126.250 329.590119  1022.4029      1.026     -0.366  0.000e+00
      0.967    28.4825   5.704989    35.2154     2.4888     0.0566          0    126.500 329.590122  1022.4021      0.961     -0.460  0.000e+00
      0.956    28.4830   5.705020    35.2152     2.4874     0.0612          0    126.750 329.590124  1022.4017      0.951     -0.510  0.000e+00
      0.913    28.4838   5.705188    35.2158     2.4839     0.0582          0    127.000 329.590127  1022.4017      0.908     -0.520  0.000e+00
      0.891    28.4857   5.705561    35.2170     2.4616     0.0635          0    127.250 329.590130  1022.4019      0.886     -0.465  0.000e+00
      0.761    28.4880   5.705851    35.2173     2.4537     0.0574          0    127.500 329.590133  1022.4008      0.757     -0.388  0.000e+00
      0.491    28.4901   5.705912    35.2163     2.4685     0.0559          0    127.750 329.590136  1022.3982      0.488     -0.349  0.000e+00
      0.253    28.4917   5.705912    35.2152     2.4722     0.0620          0    128.000 329.590139  1022.3958      0.252     -0.376  0.000e+00
      0.188    28.4931   5.706041    35.2151     2.4685     0.0566          0    128.250 329.590142  1022.3950      0.187     -0.440  0.000e+00
      0.177    28.4944   5.706293    35.2158     2.4680     0.0383          0    128.500 329.590145  1022.3951      0.176     -0.479  0.000e+00
      0.177    28.4972   5.706728    35.2168     2.4588     0.0284          0    128.750 329.590148  1022.3949      0.176     -0.482  0.000e+00
      0.145    28.5016   5.707444    35.2185     2.4554     0.0307          0    129.000 329.590150  1022.3946      0.144     -0.445  0.000e+00
      0.113    28.5068   5.707955    35.2183     2.4634     0.0360          0    129.250 329.590153  1022.3925      0.112     -0.378  0.000e+00
     -0.039    28.5102   5.707955    35.2157     2.4720     0.0551          0    129.500 329.590156  1022.3889     -0.038     -0.304  0.000e+00
     -0.352    28.5130   5.708085    35.2147     2.5123     0.0543          0    129.750 329.590159  1022.3858     -0.350     -0.295  0.000e+00
     -0.568    28.5158   5.708405    35.2148     2.6453     0.0543          0    130.000 329.590162  1022.3841     -0.565     -0.360  0.000e+00
     -0.579    28.5182   5.708695    35.2151     2.6135     0.0589          0    130.250 329.590165  1022.3834     -0.576     -0.437  0.000e+00
     -0.590    28.5210   5.709030    35.2154     2.5839     0.0612          0    130.500 329.590168  1022.3827     -0.587     -0.482  0.000e+00
     -0.622    28.5262   5.709816    35.2170     2.5875     0.0765          0    130.750 329.590171  1022.3820     -0.619     -0.488  0.000e+00
     -0.601    28.5335   5.710838    35.2187     2.5601     0.0795          0    131.000 329.590174  1022.3809     -0.597     -0.435  0.000e+00
     -0.590    28.5381   5.711090    35.2170     2.5144     0.0734          0    131.250 329.590177  1022.3782     -0.587     -0.337  0.000e+00
     -0.557    28.5382   5.710708    35.2142     2.4573     0.0788          0    131.500 329.590179  1022.3762     -0.554     -0.193  0.000e+00
     -0.547    28.5358   5.710037    35.2114     2.4156     0.0688          0    131.750 329.590182  1022.3750     -0.544     -0.052  0.000e+00
     -0.493    28.5332   5.709556    35.2099     2.3880     0.0688          0    132.000 329.590185  1022.3749     -0.490      0.033  0.000e+00
     -0.471    28.5331   5.709778    35.2115     2.3966     0.0650          0    132.250 329.590188  1022.3763     -0.468      0.061  0.000e+00
     -0.417    28.5378   5.710929    35.2160     2.3984     0.0673          0    132.500 329.590191  1022.3783     -0.415      0.094  0.000e+00
     -0.374    28.5440   5.711639    35.2164     2.3909     0.0444          0    132.750 329.590194  1022.3767     -0.372      0.123  0.000e+00
     -0.363    28.5509   5.712402    35.2166     2.4024     0.0391          0    133.000 329.590197  1022.3746     -0.361      0.130  0.000e+00
     -0.363    28.5564   5.713042    35.2169     2.4105     0.0421          0    133.250 329.590200  1022.3731     -0.361      0.127  0.000e+00
     -0.374    28.5614   5.713561    35.2168     2.4159     0.0444          0    133.500 329.590203  1022.3712     -0.372      0.109  0.000e+00
     -0.406    28.5643   5.713645    35.2152     2.4256     0.0726          0    133.750 329.590205  1022.3690     -0.404      0.079  0.000e+00
     -0.385    28.5659   5.713462    35.2128     2.4300     0.0688          0    134.000 329.590208  1022.3667     -0.382      0.048  0.000e+00
     -0.395    28.5674   5.713561    35.2124     2.4359     0.0688          0    134.250 329.590211  1022.3659     -0.393      0.022  0.000e+00
     -0.395    28.5676   5.713561    35.2122     2.4323     0.0757          0    134.500 329.590214  1022.3657     -0.393     -0.004  0.000e+00
     -0.406    28.5636   5.712791    35.2098     2.4324     0.0696          0    134.750 329.590217  1022.3652     -0.404     -0.020  0.000e+00
     -0.406    28.5582   5.711990    35.2083     2.4271     0.0452          0    135.000 329.590220  1022.3658     -0.404     -0.022  0.000e+00
     -0.406    28.5537   5.711646    35.2092     2.4194     0.0459          0    135.250 329.590223  1022.3680     -0.404     -0.019  0.000e+00
     -0.385    28.5509   5.711608    35.2110     2.4272     0.0459          0    135.500 329.590226  1022.3704     -0.383     -0.006  0.000e+00
     -0.320    28.5486   5.711509    35.2120     2.4175     0.0459          0    135.750 329.590229  1022.3722     -0.318      0.021  0.000e+00
     -0.309    28.5463   5.711379    35.2128     2.4257     0.0513          0    136.000 329.590231  1022.3735     -0.307      0.037  0.000e+00
     -0.331    28.5435   5.711090    35.2129     2.4399     0.0574          0    136.250 329.590234  1022.3745     -0.329      0.048  0.000e+00
     -0.439    28.5413   5.710929    35.2135     2.4515     0.0612          0    136.500 329.590237  1022.3751     -0.436      0.022  0.000e+00
     -0.644    28.5396   5.710784    35.2138     2.4606     0.0574          0    136.750 329.590240  1022.3750     -0.641     -0.055  0.000e+00
     -0.925    28.5385   5.710708    35.2141     2.4694     0.6731          0    137.000 329.590243  1022.3745     -0.920     -0.194  0.000e+00
     -1.066    28.5379   5.710738    35.2148     2.5017     0.6716          0    137.250 329.590246  1022.3746     -1.060     -0.336  0.000e+00
     -1.077    28.5382   5.331636    32.5954     2.5453     0.6700          0    137.500 329.590249  1020.4075     -1.071     -0.437  0.000e+00
     -1.066    28.5386   1.757556     9.6021     2.8885     0.6815          0    137.750 329.590252  1003.2411     -1.060     -0.483  0.000e+00
     -1.044    28.5366   0.735675     3.7558     2.9774    48.6810          0    138.000 329.590255   998.8869     -1.038     -0.456  0.000e+00
     -1.055    28.5310   0.974295     5.0772     2.9652    48.6810          0    138.250 329.590258   999.8737     -1.049     -0.381  0.000e+00
     -1.044    28.5254   0.907761     4.7061     2.9430    48.6780          0    138.500 329.590260   999.5988     -1.038     -0.259  0.000e+00
