ctd_kilwa/cnv/SBE19plus_01906740_2018_11_26_0051.cnv
* Sea-Bird SBE19plus  Data File:
* FileName = C:\Users\all user\Desktop\Mapping WWF\SBE19plus_01906740_2018_11_26_0051.hex
* Software version 2.6.3.104
* Temperature SN = 6740
* Conductivity SN = 6740
* System UpLoad Time = Nov 26 2018 19:56:06
* <ApplicationData>
* <Seaterm232>
# nquan = 13
# nvalues = 799                                   
# units = specified
# name 0 = prdM: Pressure, Strain Gauge [db]
# name 1 = tv290C: Temperature [ITS-90, deg C]
# name 2 = c0S/m: Conductivity [S/m]
# name 3 = sal00: Salinity, Practical [PSU]
# name 4 = sbeox0ML/L: Oxygen, SBE 43 [ml/l]
# name 5 = flECO-AFL: Fluorescence, WET Labs ECO-AFL/FL [mg/m^3]
# name 6 = nbf: Bottles Fired
# name 7 = timeS: Time, Elapsed [seconds]
# name 8 = timeJ: Julian Days
# name 9 = density00: Density [density, kg/m^3]
# name 10 = depSM: Depth [salt water, m], lat = 0.00
# name 11 = dz/dtM: Descent Rate [m/s]
# name 12 = flag:  0.000e+00
# span 0 =     -1.034,     16.524                 
# span 1 =    28.5716,    30.4681                 
# span 2 =   0.797075,   6.006255                 
# span 3 =     4.0255,    36.4742                 
# span 4 =     2.2599,     3.8359                 
# span 5 =    -0.0342,    48.6902                 
# span 6 =          0,          0                 
# span 7 =      0.000,    199.500                 
# span 8 = 328.559641, 328.561950                 
# span 9 =   998.8080,  1022.9744                 
# span 10 =     -1.029,     16.433                
# span 11 =     -0.761,      0.628                
# span 12 = 0.0000e+00, 0.0000e+00                
# interval = seconds: 0.25
# start_time = Nov 24 2018 13:25:53 [Instrument's time stamp, header]
# bad_flag = -9.990e-29
*END*
[from data line 778]
     -1.024    29.3206   0.944416     4.8311     3.0262    48.6864          0    194.500 328.561892   999.4549     -1.018     -0.044  0.000e+00
     -1.034    29.3116   1.030781     5.3087     3.2561    48.6841          0    194.750 328.561895   999.8131     -1.029     -0.017  0.000e+00
     -1.023    29.3033   0.834636     4.2326     3.2697    48.6864          0    195.000 328.561898   999.0144     -1.018     -0.006  0.000e+00
     -1.023    29.2955   1.005816     5.1722     3.3990    48.6879          0    195.250 328.561901   999.7164     -1.018     -0.003  0.000e+00
     -1.023    29.2879   0.924072     4.7226     3.3292    -0.0258          0    195.500 328.561904   999.3839     -1.018     -0.003  0.000e+00
     -1.023    29.2799   0.862783     4.3879     3.2396    -0.0265          0    195.750 328.561907   999.1371     -1.018     -0.003  0.000e+00
     -1.023    29.2720   0.898965     4.5864     3.1416    -0.0242          0    196.000 328.561910   999.2873     -1.018      0.001  0.000e+00
     -1.023    29.2656   0.998360     5.1341     3.0590    -0.0242          0    196.250 328.561913   999.6971     -1.018      0.002  0.000e+00
     -1.034    29.2585   0.904410     4.6175     2.9522    -0.0288          0    196.500 328.561916   999.3145     -1.028     -0.001  0.000e+00
     -1.034    29.2495   0.937835     4.8019     2.8777    -0.0250          0    196.750 328.561918   999.4546     -1.028     -0.002  0.000e+00
     -1.023    29.2385   1.160081     6.0382     2.8988    -0.0250          0    197.000 328.561921  1000.3781     -1.018     -0.004  0.000e+00
     -0.991    29.2303   1.364325     7.1946     2.9055    -0.0319          0    197.250 328.561924  1001.2411     -0.985      0.007  0.000e+00
     -1.034    29.2214   1.046840     5.4077     2.9469    -0.0273          0    197.500 328.561927   999.9140     -1.028      0.003  0.000e+00
     -1.012    29.2087   1.046747     5.4086     2.9034    -0.0227          0    197.750 328.561930   999.9185     -1.007      0.006  0.000e+00
     -1.023    29.1946   1.002904     5.1667     2.9483    -0.0273          0    198.000 328.561933   999.7427     -1.018      0.005  0.000e+00
     -1.034    29.1765   0.890645     4.5497     2.9556    -0.0250          0    198.250 328.561936   999.2887     -1.028      0.001  0.000e+00
     -1.012    29.1584   1.047378     5.4177     2.9328    -0.0342          0    198.500 328.561939   999.9405     -1.007      0.004  0.000e+00
     -1.023    29.1439   0.807029     4.0960     2.9276    -0.0242          0    198.750 328.561942   998.9605     -1.018      0.000  0.000e+00
     -1.013    29.1285   1.375719     7.2747     2.8478    -0.0250          0    199.000 328.561944  1001.3315     -1.007     -0.002  0.000e+00
     -1.013    29.1166   0.833330     4.2416     2.8759    -0.0227          0    199.250 328.561947   999.0772     -1.007     -0.002  0.000e+00
     -1.023    29.1080   1.077595     5.5919     2.8601    -0.0273          0    199.500 328.561950  1000.0852     -1.018      0.005  0.000e+00
