ctd_kilwa/cnv/SBE19plus_01906740_2018_11_26_0041.cnv
* Sea-Bird SBE19plus  Data File:
* FileName = C:\Users\all user\Desktop\Mapping WWF\SBE19plus_01906740_2018_11_26_0041.hex
* Software version 2.6.3.104
* Temperature SN = 6740
* Conductivity SN = 6740
* System UpLoad Time = Nov 26 2018 19:53:40
* <ApplicationData>
* <Seaterm232>
# nquan = 13
# nvalues = 866                                   
# units = specified
# name 0 = prdM: Pressure, Strain Gauge [db]
# name 1 = tv290C: Temperature [ITS-90, deg C]
# name 2 = c0S/m: Conductivity [S/m]
# name 3 = sal00: Salinity, Practical [PSU]
# name 4 = sbeox0ML/L: Oxygen, SBE 43 [ml/l]
# name 5 = flECO-AFL: Fluorescence, WET Labs ECO-AFL/FL [mg/m^3]
# name 6 = nbf: Bottles Fired
# name 7 = timeS: Time, Elapsed [seconds]
# name 8 = timeJ: Julian Days
# name 9 = density00: Density [density, kg/m^3]
# name 10 = depSM: Depth [salt water, m], lat = 0.00
# name 11 = dz/dtM: Descent Rate [m/s]
# name 12 = flag:  0.000e+00
# span 0 =     -1.034,     14.570                 
# span 1 =    28.1863,    30.3568                 
# span 2 =   0.072742,   5.830855                 
# span 3 =     0.3198,    35.7467                 
# span 4 =     2.1130,     6.2872                 
# span 5 =    -0.0815,     3.6433                 
# span 6 =          0,          0                 
# span 7 =      0.000,    216.250                 
# span 8 = 328.431574, 328.434077                 
# span 9 =   995.8213,  1022.7523                 
# span 10 =     -1.029,     14.489                
# span 11 =     -0.514,      0.560                
# span 12 = 0.0000e+00, 0.0000e+00                
# interval = seconds: 0.25
# start_time = Nov 24 2018 10:21:28 [Instrument's time stamp, header]
# bad_flag = -9.990e-29
*END*
     -1.024    30.2074   0.073655     0.3239     2.8346     3.6326          0      0.000 328.431574   995.8246     -1.018 -4.211e-16  0.000e+00
     -1.034    30.2079   0.072742     0.3198     2.8186     3.6433          0      0.250 328.431577   995.8213     -1.029     -0.003  0.000e+00
     -1.034    30.2080   0.073524     0.3233     2.8389     3.6433          0      0.500 328.431580   995.8239     -1.029     -0.005  0.000e+00
     -1.013    30.2079   0.078412     0.3454     2.8434     3.6402          0      0.750 328.431583   995.8406     -1.007     -0.001  0.000e+00
     -1.013    30.2081   0.106454     0.4734     2.8507     0.3298          0      1.000 328.431586   995.9364     -1.007      0.003  0.000e+00
     -1.002    30.2223   0.126956     0.5681     2.8705     0.3328          0      1.250 328.431589   996.0030     -0.996      0.009  0.000e+00
     -1.002    30.2662   0.141720     0.6365     2.8779     0.3198          0      1.500 328.431591   996.0408     -0.996      0.013  0.000e+00
     -0.991    30.3201   0.144905     0.6507     2.8794     0.3359          0      1.750 328.431594   996.0350     -0.986      0.019  0.000e+00
     -0.958    30.3529   0.152424     0.6855     2.8863     0.4335          0      2.000 328.431597   996.0512     -0.953      0.031  0.000e+00
     -0.915    30.3568   0.165688     0.7479     2.8991     0.4419          0      2.250 328.431600   996.0968     -0.910      0.051  0.000e+00
     -0.872    30.3157   0.178708     0.8101     2.8977     0.4366          0      2.500 328.431603   996.1561     -0.867      0.071  0.000e+00
     -0.861    30.2538   0.180357     0.8189     2.9017     0.4480          0      2.750 328.431606   996.1816     -0.856      0.083  0.000e+00
     -0.850    30.0648   0.176564     0.8039     2.8924     0.1398          0      3.000 328.431609   996.2280     -0.846      0.094  0.000e+00
     -0.807    29.7385   0.198303     0.9138     3.0217     0.1459          0      3.250 328.431612   996.4089     -0.803      0.105  0.000e+00
     -0.699    29.4915   0.198594     0.9197     3.1470     0.1436          0      3.500 328.431615   996.4878     -0.695      0.136  0.000e+00
     -0.634    29.3285   2.993958    16.9016     3.0089     0.1367          0      3.750 328.431617  1008.4315     -0.630      0.163  0.000e+00
     -0.558    29.2294   3.645423    21.0399     2.9427     0.1406          0      4.000 328.431620  1011.5454     -0.555      0.190  0.000e+00
     -0.504    29.1688   5.592027    33.9390     2.7049     0.0864          0      4.250 328.431623  1021.2092     -0.501      0.213  0.000e+00
     -0.493    29.1367   5.830855    35.6006     2.6281     0.0833          0      4.500 328.431626  1022.4671     -0.491      0.223  0.000e+00
     -0.450    29.1198   5.817990    35.5246     2.6201     0.0849          0      4.750 328.431629  1022.4159     -0.447      0.231  0.000e+00
     -0.353    29.1075   5.817136    35.5278     2.5967     0.0780          0      5.000 328.431632  1022.4229     -0.351      0.240  0.000e+00
     -0.331    29.0998   5.811962    35.4979     2.5437     0.6609          0      5.250 328.431635  1022.4031     -0.329      0.225  0.000e+00
     -0.331    29.0876   5.810194    35.4947     2.5047     0.6601          0      5.500 328.431638  1022.4048     -0.329      0.190  0.000e+00
     -0.320    29.0770   5.805775    35.4721     2.4931     0.6594          0      5.750 328.431641  1022.3914     -0.318      0.162  0.000e+00
     -0.299    29.0653   5.802026    35.4550     2.5112     0.6609          0      6.000 328.431644  1022.3826     -0.297      0.136  0.000e+00
     -0.234    29.0582   5.799645    35.4438     2.5184     0.0948          0      6.250 328.431646  1022.3768     -0.232      0.130  0.000e+00
     -0.223    29.0526   5.792881    35.4013     2.5155     0.1016          0      6.500 328.431649  1022.3469     -0.222      0.123  0.000e+00
     -0.158    29.0391   5.787386    35.3734     2.5216     0.0955          0      6.750 328.431652  1022.3307     -0.157      0.119  0.000e+00
     -0.093    29.0244   5.790026    35.4025     2.5266     0.0955          0      7.000 328.431655  1022.3578     -0.092      0.124  0.000e+00
     -0.028    29.0034   5.782898    35.3689     2.5580    -0.0174          0      7.250 328.431658  1022.3398     -0.028      0.155  0.000e+00
     -0.039    28.9773   5.778382    35.3571     2.5460    -0.0143          0      7.500 328.431661  1022.3397     -0.039      0.169  0.000e+00
     -0.028    28.9338   5.770395    35.3342     2.5435    -0.0128          0      7.750 328.431664  1022.3371     -0.028      0.166  0.000e+00
     -0.006    28.8736   5.761563    35.3178     2.5522    -0.0097          0      8.000 328.431667  1022.3449     -0.006      0.152  0.000e+00
      0.059    28.8143   5.760454    35.3541     2.5552    -0.0097          0      8.250 328.431670  1022.3923      0.058      0.142  0.000e+00
      0.145    28.7625   5.754116    35.3487     2.5589    -0.0326          0      8.500 328.431672  1022.4058      0.144      0.153  0.000e+00
      0.188    28.7265   5.754116    35.3754     2.5634    -0.0349          0      8.750 328.431675  1022.4381      0.187      0.154  0.000e+00
      0.167    28.7026   5.760846    35.4399     2.5385    -0.0288          0      9.000 328.431678  1022.4944      0.166      0.143  0.000e+00
      0.188    28.6842   5.762011    35.4617     2.5374    -0.0281          0      9.250 328.431681  1022.5170      0.187      0.138  0.000e+00
      0.167    28.6707   5.750536    35.3921     2.5328    -0.0181          0      9.500 328.431684  1022.4691      0.166      0.130  0.000e+00
      0.189    28.6555   5.748019    35.3860     2.5286    -0.0212          0      9.750 328.431687  1022.4696      0.188      0.111  0.000e+00
      0.178    28.6385   5.744791    35.3762     2.5380    -0.0174          0     10.000 328.431690  1022.4679      0.177      0.078  0.000e+00
      0.189    28.6176   5.741472    35.3687     2.5094    -0.0128          0     10.250 328.431693  1022.4692      0.188      0.041  0.000e+00
      0.189    28.5962   5.738988    35.3674     2.4982    -0.0197          0     10.500 328.431696  1022.4753      0.188      0.013  0.000e+00
      0.232    28.5773   5.737513    35.3713     2.4898    -0.0227          0     10.750 328.431698  1022.4847      0.231      0.017  0.000e+00
      0.254    28.5628   5.736030    35.3717     2.4487    -0.0181          0     11.000 328.431701  1022.4899      0.252      0.035  0.000e+00
      0.254    28.5532   5.735006    35.3718     2.4170    -0.0105          0     11.250 328.431704  1022.4931      0.252      0.041  0.000e+00
      0.264    28.5465   5.735640    35.3812     2.3970     0.0215          0     11.500 328.431707  1022.5025      0.263      0.052  0.000e+00
      0.243    28.5424   5.736611    35.3910     2.3753     0.0231          0     11.750 328.431710  1022.5111      0.241      0.045  0.000e+00
      0.221    28.5414   5.737804    35.4001     2.3712     0.0208          0     12.000 328.431713  1022.5182      0.220      0.034  0.000e+00
      0.199    28.5382   5.737643    35.4013     2.3857     0.0177          0     12.250 328.431716  1022.5201      0.198      0.012  0.000e+00
      0.178    28.5334   5.738133    35.4083     2.4147     0.0177          0     12.500 328.431719  1022.5269      0.177     -0.014  0.000e+00
      0.156    28.5294   5.738377    35.4131     2.4344     0.0047          0     12.750 328.431722  1022.5317      0.155     -0.045  0.000e+00
      0.124    28.5267   5.734838    35.3904     2.4521     0.0025          0     13.000 328.431725  1022.5154      0.123     -0.068  0.000e+00
      0.102    28.5252   5.733424    35.3817     2.4621     0.0070          0     13.250 328.431727  1022.5092      0.101     -0.083  0.000e+00
      0.113    28.5266   5.734257    35.3865     2.4745     0.0124          0     13.500 328.431730  1022.5124      0.112     -0.084  0.000e+00
      0.167    28.5300   5.736214    35.3975     2.4638     0.0292          0     13.750 328.431733  1022.5198      0.166     -0.058  0.000e+00
      0.188    28.5346   5.738087    35.4071     2.4639     0.0391          0     14.000 328.431736  1022.5256      0.187     -0.028  0.000e+00
      0.232    28.5374   5.739379    35.4140     2.4593     0.0284          0     14.250 328.431739  1022.5301      0.230      0.011  0.000e+00
      0.253    28.5394   5.740411    35.4197     2.4548     0.0467          0     14.500 328.431742  1022.5337      0.252      0.048  0.000e+00
      0.307    28.5419   5.742636    35.4333     2.4471     0.0269          0     14.750 328.431745  1022.5434      0.306      0.089  0.000e+00
      0.275    28.5445   5.746498    35.4583     2.4436     0.0368          0     15.000 328.431748  1022.5611      0.273      0.104  0.000e+00
      0.264    28.5468   5.754571    35.5127     2.4427     0.0246          0     15.250 328.431751  1022.6012      0.263      0.099  0.000e+00
      0.210    28.5504   5.761041    35.5551     2.4505     0.0330          0     15.500 328.431753  1022.6316      0.209      0.062  0.000e+00
      0.156    28.5531   5.767421    35.5975     2.4457     0.0177          0     15.750 328.431756  1022.6624      0.155      0.007  0.000e+00
      0.102    28.5537   5.758988    35.5383     2.4533     0.0177          0     16.000 328.431759  1022.6175      0.102     -0.047  0.000e+00
      0.080    28.5535   5.753477    35.5001     2.4619     0.0276          0     16.250 328.431762  1022.5887      0.080     -0.095  0.000e+00
      0.124    28.5522   5.747692    35.4609     2.4677     0.0192          0     16.500 328.431765  1022.5599      0.123     -0.110  0.000e+00
      0.178    28.5504   5.753086    35.4997     2.4741     0.0116          0     16.750 328.431768  1022.5899      0.177     -0.096  0.000e+00
      0.221    28.5528   5.751617    35.4877     2.4743    -0.0174          0     17.000 328.431771  1022.5803      0.220     -0.048  0.000e+00
      0.264    28.5531   5.751992    35.4901     2.4706    -0.0181          0     17.250 328.431774  1022.5821      0.263      0.007  0.000e+00
      0.275    28.5523   5.750829    35.4826     2.4717    -0.0197          0     17.500 328.431777  1022.5768      0.274      0.061  0.000e+00
      0.286    28.5513   5.749467    35.4738     2.4821    -0.0113          0     17.750 328.431780  1022.5706      0.285      0.100  0.000e+00
      0.275    28.5509   5.749077    35.4714     2.4810    -0.0250          0     18.000 328.431782  1022.5689      0.274      0.113  0.000e+00
      0.265    28.5507   5.749375    35.4736     2.4798    -0.0296          0     18.250 328.431785  1022.5706      0.263      0.098  0.000e+00
      0.265    28.5508   5.749796    35.4765     2.4779    -0.0296          0     18.500 328.431788  1022.5727      0.263      0.064  0.000e+00
      0.243    28.5508   5.750500    35.4814     2.4780    -0.0342          0     18.750 328.431791  1022.5763      0.242      0.026  0.000e+00
      0.211    28.5509   5.749467    35.4741     2.4756     0.0055          0     19.000 328.431794  1022.5707      0.210     -0.010  0.000e+00
      0.200    28.5510   5.748426    35.4668     2.4762     0.0070          0     19.250 328.431797  1022.5651      0.199     -0.036  0.000e+00
      0.200    28.5509   5.746116    35.4508     2.4702     0.0055          0     19.500 328.431800  1022.5531      0.199     -0.047  0.000e+00
      0.189    28.5499   5.744663    35.4415     2.4657     0.0055          0     19.750 328.431803  1022.5463      0.188     -0.053  0.000e+00
      0.211    28.5490   5.744242    35.4392     2.4642     0.0620          0     20.000 328.431806  1022.5450      0.210     -0.044  0.000e+00
      0.254    28.5479   5.744487    35.4417     2.4633     0.0643          0     20.250 328.431808  1022.5474      0.253     -0.022  0.000e+00
      0.265    28.5465   5.745213    35.4478     2.4599     0.0521          0     20.500 328.431811  1022.5525      0.263      0.001  0.000e+00
      0.265    28.5452   5.745726    35.4524     2.4515     0.0521          0     20.750 328.431814  1022.5564      0.263      0.024  0.000e+00
      0.276    28.5439   5.746950    35.4618     2.4504     0.0650          0     21.000 328.431817  1022.5640      0.274      0.043  0.000e+00
      0.254    28.5432   5.747692    35.4675     2.4428    -0.0029          0     21.250 328.431820  1022.5684      0.252      0.043  0.000e+00
      0.221    28.5420   5.748174    35.4718     2.4440    -0.0075          0     21.500 328.431823  1022.5719      0.220      0.028  0.000e+00
      0.200    28.5404   5.747570    35.4688     2.4380    -0.0052          0     21.750 328.431826  1022.5700      0.199      0.006  0.000e+00
      0.211    28.5378   5.745757    35.4581     2.4330    -0.0067          0     22.000 328.431829  1022.5629      0.210     -0.017  0.000e+00
      0.200    28.5354   5.743890    35.4469     2.4358     0.0086          0     22.250 328.431832  1022.5553      0.199     -0.038  0.000e+00
      0.232    28.5330   5.742996    35.4425     2.4295     0.0063          0     22.500 328.431834  1022.5529      0.231     -0.034  0.000e+00
      0.232    28.5313   5.743087    35.4444     2.4221     0.0032          0     22.750 328.431837  1022.5548      0.231     -0.025  0.000e+00
      0.243    28.5296   5.744082    35.4526     2.4234     0.0109          0     23.000 328.431840  1022.5617      0.242     -0.012  0.000e+00
      0.243    28.5284   5.744602    35.4571     2.4220     0.0444          0     23.250 328.431843  1022.5655      0.242      0.007  0.000e+00
      0.254    28.5268   5.745183    35.4623     2.4254     0.0467          0     23.500 328.431846  1022.5699      0.252      0.024  0.000e+00
      0.232    28.5244   5.744357    35.4584     2.4269     0.0459          0     23.750 328.431849  1022.5677      0.231      0.024  0.000e+00
      0.211    28.5219   5.744441    35.4609     2.4257     0.0414          0     24.000 328.431852  1022.5703      0.209      0.010  0.000e+00
      0.200    28.5203   5.744051    35.4593     2.4276    -0.0120          0     24.250 328.431855  1022.5696      0.199     -0.004  0.000e+00
      0.211    28.5184   5.743829    35.4592     2.4289    -0.0151          0     24.500 328.431858  1022.5702      0.210     -0.017  0.000e+00
      0.222    28.5167   5.743057    35.4551     2.4270    -0.0143          0     24.750 328.431861  1022.5677      0.220     -0.018  0.000e+00
      0.221    28.5144   5.742698    35.4543     2.4200    -0.0143          0     25.000 328.431863  1022.5679      0.220     -0.018  0.000e+00
      0.221    28.5123   5.743891    35.4642     2.4167    -0.0174          0     25.250 328.431866  1022.5760      0.220     -0.014  0.000e+00
      0.232    28.5114   5.745344    35.4750     2.4117     0.0208          0     25.500 328.431869  1022.5845      0.231     -0.005  0.000e+00
      0.200    28.5121   5.746537    35.4828     2.4106     0.0177          0     25.750 328.431872  1022.5900      0.199     -0.001  0.000e+00
      0.189    28.5134   5.747585    35.4891     2.4100     0.0170          0     26.000 328.431875  1022.5942      0.188     -0.003  0.000e+00
      0.178    28.5145   5.748182    35.4925     2.4025     0.0200          0     26.250 328.431878  1022.5964      0.177     -0.012  0.000e+00
      0.189    28.5140   5.746537    35.4814     2.4035    -0.0044          0     26.500 328.431881  1022.5882      0.188     -0.020  0.000e+00
      0.167    28.5125   5.744281    35.4668     2.4031     0.0017          0     26.750 328.431884  1022.5777      0.167     -0.030  0.000e+00
      0.211    28.5107   5.744296    35.4682     2.4016    -0.0014          0     27.000 328.431887  1022.5795      0.210     -0.021  0.000e+00
      0.189    28.5102   5.745726    35.4785     2.4089    -0.0021          0     27.250 328.431889  1022.5873      0.188     -0.017  0.000e+00
      0.211    28.5113   5.746790    35.4851     2.4067    -0.0044          0     27.500 328.431892  1022.5920      0.209     -0.006  0.000e+00
