ctd_kilwa/cnv/SBE19plus_01906740_2018_11_26_0065.cnv
* Sea-Bird SBE19plus  Data File:
* FileName = C:\Users\all user\Desktop\Mapping WWF\SBE19plus_01906740_2018_11_26_0065.hex
* Software version 2.6.3.104
* Temperature SN = 6740
* Conductivity SN = 6740
* System UpLoad Time = Nov 26 2018 19:59:18
* <ApplicationData>
* <Seaterm232>
# nquan = 13
# nvalues = 741                                   
# units = specified
# name 0 = prdM: Pressure, Strain Gauge [db]
# name 1 = tv290C: Temperature [ITS-90, deg C]
# name 2 = c0S/m: Conductivity [S/m]
# name 3 = sal00: Salinity, Practical [PSU]
# name 4 = sbeox0ML/L: Oxygen, SBE 43 [ml/l]
# name 5 = flECO-AFL: Fluorescence, WET Labs ECO-AFL/FL [mg/m^3]
# name 6 = nbf: Bottles Fired
# name 7 = timeS: Time, Elapsed [seconds]
# name 8 = timeJ: Julian Days
# name 9 = density00: Density [density, kg/m^3]
# name 10 = depSM: Depth [salt water, m], lat = 0.00
# name 11 = dz/dtM: Descent Rate [m/s]
# name 12 = flag:  0.000e+00
# span 0 =     -1.020,     12.097                 
# span 1 =    28.3508,    29.2306                 
# span 2 =   0.409949,   5.897660                 
# span 3 =     2.0085,    36.1716                 
# span 4 =     2.1840,     3.7931                 
# span 5 =    -0.4385,    48.6856                 
# span 6 =          0,          0                 
# span 7 =      0.000,    185.000                 
# span 8 = 329.570833, 329.572975                 
# span 9 =   997.5415,  1022.9456                 
# span 10 =     -1.015,     12.030                
# span 11 =     -0.993,      0.351                
# span 12 = 0.0000e+00, 0.0000e+00                
# interval = seconds: 0.25
# start_time = Nov 25 2018 13:42:00 [Instrument's time stamp, header]
# bad_flag = -9.990e-29
*END*
[from data line 556]
     11.881    28.3623   5.643072    34.8702     2.7530     0.1108          0    139.000 329.572442  1022.2291     11.815     -0.024  0.000e+00
     11.870    28.3623   5.646761    34.8959     2.7596    10.9600          0    139.250 329.572445  1022.2483     11.805     -0.036  0.000e+00
     11.848    28.3621   5.650800    34.9241     2.7582    10.9684          0    139.500 329.572448  1022.2695     11.783     -0.050  0.000e+00
     11.816    28.3623   5.649395    34.9142     2.7661    10.9623          0    139.750 329.572451  1022.2619     11.751     -0.074  0.000e+00
     11.827    28.3622   5.639383    34.8446     2.7744    10.9623          0    140.000 329.572454  1022.2096     11.762     -0.077  0.000e+00
     11.892    28.3616   5.638405    34.8382     2.7792     6.0153          0    140.250 329.572457  1022.2053     11.826     -0.048  0.000e+00
     11.967    28.3615   5.637684    34.8332     2.7784     6.0160          0    140.500 329.572459  1022.2019     11.901      0.002  0.000e+00
     11.978    28.3615   5.642783    34.8687     2.7761     6.0191          0    140.750 329.572462  1022.2286     11.912      0.048  0.000e+00
     11.957    28.3611   5.651841    34.9321     2.7672     6.0191          0    141.000 329.572465  1022.2763     11.891      0.063  0.000e+00
     11.967    28.3606   5.652311    34.9357     2.7641     1.5245          0    141.250 329.572468  1022.2792     11.901      0.079  0.000e+00
     12.043    28.3605   5.652539    34.9374     2.7678     1.5268          0    141.500 329.572471  1022.2808     11.977      0.105  0.000e+00
     12.075    28.3603   5.655031    34.9549     2.7656     1.5207          0    141.750 329.572474  1022.2942     12.009      0.122  0.000e+00
     12.054    28.3605   5.655441    34.9576     2.7623     1.5207          0    142.000 329.572477  1022.2961     11.987      0.107  0.000e+00
     12.065    28.3609   5.656041    34.9615     2.7660     1.5261          0    142.250 329.572480  1022.2989     11.998      0.082  0.000e+00
     12.054    28.3614   5.656611    34.9651     2.7684     0.0917          0    142.500 329.572483  1022.3014     11.987      0.060  0.000e+00
     12.065    28.3617   5.656581    34.9646     2.7619     0.0994          0    142.750 329.572486  1022.3010     11.998      0.056  0.000e+00
     12.086    28.3618   5.657340    34.9698     2.7619     0.0978          0    143.000 329.572488  1022.3050     12.019      0.055  0.000e+00
     12.097    28.3621   5.658001    34.9742     2.7529     0.0887          0    143.250 329.572491  1022.3082     12.030      0.042  0.000e+00
     12.086    28.3618   5.658131    34.9754     2.7461     0.0879          0    143.500 329.572494  1022.3091     12.019      0.020  0.000e+00
     12.086    28.3622   5.658222    34.9757     2.7460     0.1001          0    143.750 329.572497  1022.3093     12.019      0.016  0.000e+00
     12.097    28.3625   5.658290    34.9760     2.7395     0.1016          0    144.000 329.572500  1022.3094     12.030      0.022  0.000e+00
     12.086    28.3623   5.658191    34.9754     2.7323     0.0932          0    144.250 329.572503  1022.3090     12.019      0.017  0.000e+00
     12.086    28.3625   5.658412    34.9768     2.7414     0.1116          0    144.500 329.572506  1022.3100     12.019      0.014  0.000e+00
     12.075    28.3624   5.657561    34.9709     2.7468     0.1062          0    144.750 329.572509  1022.3056     12.008      0.002  0.000e+00
     12.064    28.3620   5.657432    34.9703     2.7394     0.0978          0    145.000 329.572512  1022.3052     11.998     -0.010  0.000e+00
     12.043    28.3615   5.657280    34.9697     2.7454     0.1062          0    145.250 329.572514  1022.3048     11.976     -0.021  0.000e+00
     12.000    28.3614   5.655031    34.9541     2.7381     0.1207          0    145.500 329.572517  1022.2929     11.933     -0.037  0.000e+00
     11.924    28.3612   5.653360    34.9426     2.7338     0.1276          0    145.750 329.572520  1022.2840     11.858     -0.070  0.000e+00
     11.827    28.3610   5.653360    34.9428     2.7298     0.1268          0    146.000 329.572523  1022.2838     11.761     -0.118  0.000e+00
     11.848    28.3610   5.653132    34.9412     2.7218     0.1383          0    146.250 329.572526  1022.2827     11.783     -0.140  0.000e+00
     11.913    28.3616   5.654370    34.9494     2.7459     0.1215          0    146.500 329.572529  1022.2889     11.847     -0.131  0.000e+00
     11.924    28.3617   5.655160    34.9548     2.7323     0.0681          0    146.750 329.572532  1022.2930     11.858     -0.108  0.000e+00
     11.924    28.3623   5.660121    34.9889     2.7197     0.0673          0    147.000 329.572535  1022.3185     11.858     -0.078  0.000e+00
     11.924    28.3620   5.661261    34.9971     2.7128     0.0719          0    147.250 329.572538  1022.3247     11.858     -0.041  0.000e+00
     11.837    28.3621   5.660980    34.9951     2.7209     0.0658          0    147.500 329.572541  1022.3228     11.772     -0.025  0.000e+00
     11.686    28.3623   5.658890    34.9804     2.7339     0.1016          0    147.750 329.572543  1022.3111     11.621     -0.051  0.000e+00
     11.491    28.3624   5.662812    35.0077     2.7408     0.1032          0    148.000 329.572546  1022.3307     11.428     -0.132  0.000e+00
     11.297    28.3624   5.664172    35.0172     2.7493     0.0986          0    148.250 329.572549  1022.3370     11.234     -0.269  0.000e+00
     11.243    28.3626   5.665602    35.0271     2.7374     0.1062          0    148.500 329.572552  1022.3441     11.181     -0.378  0.000e+00
     11.308    28.3627   5.666522    35.0334     2.7455     0.0788          0    148.750 329.572555  1022.3491     11.245     -0.407  0.000e+00
     11.448    28.3630   5.665723    35.0276     2.7437     0.0810          0    149.000 329.572558  1022.3453     11.385     -0.355  0.000e+00
     11.545    28.3628   5.665282    35.0246     2.7360     0.0864          0    149.250 329.572561  1022.3435     11.482     -0.246  0.000e+00
     11.610    28.3623   5.665663    35.0276     2.7284     0.0833          0    149.500 329.572564  1022.3462     11.546     -0.094  0.000e+00
     11.686    28.3620   5.664332    35.0185     2.7266     0.0856          0    149.750 329.572567  1022.3398     11.621      0.071  0.000e+00
     11.751    28.3615   5.664933    35.0231     2.7257     0.0765          0    150.000 329.572569  1022.3437     11.686      0.212  0.000e+00
     11.772    28.3612   5.665723    35.0288     2.7270     0.0780          0    150.250 329.572572  1022.3481     11.707      0.290  0.000e+00
     11.729    28.3613   5.666400    35.0334     2.7358     0.0833          0    150.500 329.572575  1022.3514     11.664      0.272  0.000e+00
     11.588    28.3619   5.667632    35.0416     2.7376     0.0788          0    150.750 329.572578  1022.3568     11.524      0.171  0.000e+00
     11.415    28.3628   5.668894    35.0498     2.7384     0.0788          0    151.000 329.572581  1022.3619     11.352      0.022  0.000e+00
     11.286    28.3630   5.670704    35.0622     2.7378     0.0665          0    151.250 329.572584  1022.3706     11.223     -0.123  0.000e+00
     11.210    28.3637   5.670643    35.0613     2.7471     0.0711          0    151.500 329.572587  1022.3694     11.148     -0.244  0.000e+00
     11.232    28.3643   5.670643    35.0609     2.7484     0.0635          0    151.750 329.572590  1022.3689     11.170     -0.315  0.000e+00
     11.231    28.3644   5.670765    35.0617     2.7442     0.0704          0    152.000 329.572593  1022.3695     11.169     -0.336  0.000e+00
     11.275    28.3647   5.671685    35.0678     2.7400     0.0681          0    152.250 329.572595  1022.3742     11.212     -0.294  0.000e+00
     11.286    28.3644   5.672225    35.0718     2.7375     0.0803          0    152.500 329.572598  1022.3773     11.223     -0.209  0.000e+00
     11.350    28.3641   5.672286    35.0724     2.7359     0.0734          0    152.750 329.572601  1022.3782     11.288     -0.089  0.000e+00
     11.372    28.3635   5.672005    35.0709     2.7330     0.0574          0    153.000 329.572604  1022.3773     11.309      0.014  0.000e+00
     11.318    28.3630   5.671624    35.0686     2.7409     0.0604          0    153.250 329.572607  1022.3755     11.255      0.060  0.000e+00
     11.156    28.3626   5.671944    35.0713     2.7447     0.0536          0    153.500 329.572610  1022.3770     11.094      0.027  0.000e+00
     10.961    28.3625   5.672400    35.0746     2.7545     0.0528          0    153.750 329.572613  1022.3787     10.901     -0.076  0.000e+00
     10.820    28.3625   5.672735    35.0770     2.7591     0.0688          0    154.000 329.572616  1022.3799     10.761     -0.192  0.000e+00
     10.702    28.3628   5.672765    35.0770     2.7677     0.0719          0    154.250 329.572619  1022.3793     10.642     -0.312  0.000e+00
     10.745    28.3630   5.672514    35.0750     2.7706     0.0719          0    154.500 329.572622  1022.3779     10.685     -0.371  0.000e+00
     10.734    28.3631   5.672194    35.0727     2.7720     0.0719          0    154.750 329.572624  1022.3761     10.675     -0.394  0.000e+00
     10.734    28.3637   5.672415    35.0738     2.7631     0.0688          0    155.000 329.572627  1022.3767     10.675     -0.359  0.000e+00
     10.734    28.3641   5.672636    35.0751     2.7602     0.0833          0    155.250 329.572630  1022.3775     10.675     -0.275  0.000e+00
     10.777    28.3646   5.672544    35.0741     2.7499     0.0803          0    155.500 329.572633  1022.3768     10.718     -0.156  0.000e+00
     10.810    28.3649   5.672415    35.0729     2.7488     0.0910          0    155.750 329.572636  1022.3760     10.750     -0.045  0.000e+00
     10.842    28.3652   5.672795    35.0753     2.7407     0.0719          0    156.000 329.572639  1022.3778     10.782      0.032  0.000e+00
     10.777    28.3654   5.672955    35.0763     2.7394     0.0681          0    156.250 329.572642  1022.3782     10.718      0.053  0.000e+00
     10.647    28.3653   5.672864    35.0758     2.7345     0.0749          0    156.500 329.572645  1022.3773     10.589      0.002  0.000e+00
     10.507    28.3652   5.673115    35.0777     2.7356     0.0604          0    156.750 329.572648  1022.3781     10.449     -0.068  0.000e+00
     10.409    28.3653   5.673594    35.0810     2.7392     0.0772          0    157.000 329.572650  1022.3802     10.352     -0.151  0.000e+00
     10.420    28.3653   5.672894    35.0761     2.7331     0.0452          0    157.250 329.572653  1022.3766     10.363     -0.211  0.000e+00
     10.388    28.3652   5.673465    35.0801     2.7339     0.0459          0    157.500 329.572656  1022.3795     10.331     -0.257  0.000e+00
     10.355    28.3652   5.673176    35.0781     2.7294     0.0444          0    157.750 329.572659  1022.3778     10.298     -0.275  0.000e+00
     10.323    28.3650   5.672734    35.0752     2.7273     0.0490          0    158.000 329.572662  1022.3756     10.266     -0.263  0.000e+00
     10.312    28.3648   5.672826    35.0760     2.7300     0.0833          0    158.250 329.572665  1022.3762     10.255     -0.211  0.000e+00
     10.269    28.3647   5.672635    35.0748     2.7267     0.0788          0    158.500 329.572668  1022.3751     10.212     -0.156  0.000e+00
     10.236    28.3645   5.672826    35.0762     2.7298     0.0780          0    158.750 329.572671  1022.3761     10.180     -0.119  0.000e+00
     10.085    28.3643   5.672825    35.0764     2.7254     0.0818          0    159.000 329.572674  1022.3757     10.029     -0.142  0.000e+00
      9.890    28.3643   5.672985    35.0776     2.7367     0.0803          0    159.250 329.572677  1022.3757      9.836     -0.221  0.000e+00
      9.696    28.3643   5.673304    35.0799     2.7383     0.0574          0    159.500 329.572679  1022.3766      9.642     -0.314  0.000e+00
      9.609    28.3645   5.673555    35.0815     2.7430     0.0582          0    159.750 329.572682  1022.3774      9.556     -0.393  0.000e+00
      9.566    28.3647   5.673624    35.0819     2.7382     0.0528          0    160.000 329.572685  1022.3774      9.513     -0.442  0.000e+00
      9.555    28.3650   5.673533    35.0810     2.7374     0.0559          0    160.250 329.572688  1022.3766      9.503     -0.452  0.000e+00
      9.523    28.3651   5.673974    35.0840     2.7373     0.0833          0    160.500 329.572691  1022.3787      9.470     -0.423  0.000e+00
      9.501    28.3650   5.673464    35.0805     2.7374     0.0818          0    160.750 329.572694  1022.3761      9.449     -0.362  0.000e+00
      9.512    28.3649   5.673335    35.0797     2.7381     0.0726          0    161.000 329.572697  1022.3755      9.459     -0.257  0.000e+00
      9.479    28.3646   5.673335    35.0799     2.7420     0.0788          0    161.250 329.572700  1022.3756      9.427     -0.164  0.000e+00
      9.361    28.3647   5.673335    35.0799     2.7343     0.0749          0    161.500 329.572703  1022.3751      9.309     -0.126  0.000e+00
      9.101    28.3642   5.673433    35.0810     2.7345     0.0620          0    161.750 329.572705  1022.3750      9.051     -0.187  0.000e+00
      8.896    28.3642   5.673654    35.0826     2.7340     0.0719          0    162.000 329.572708  1022.3753      8.846     -0.293  0.000e+00
      8.820    28.3642   5.673464    35.0813     2.7282     0.0742          0    162.250 329.572711  1022.3740      8.771     -0.385  0.000e+00
      8.755    28.3643   5.673243    35.0797     2.7277     0.0688          0    162.500 329.572714  1022.3725      8.707     -0.448  0.000e+00
      8.712    28.3645   5.673243    35.0796     2.7156     0.0734          0    162.750 329.572717  1022.3721      8.664     -0.481  0.000e+00
      8.560    28.3636   5.673144    35.0796     2.7158     0.0765          0    163.000 329.572720  1022.3718      8.513     -0.507  0.000e+00
      8.268    28.3626   5.673045    35.0798     2.7136     0.0658          0    163.250 329.572723  1022.3710      8.223     -0.544  0.000e+00
      7.998    28.3616   5.673273    35.0822     2.7138     0.0749          0    163.500 329.572726  1022.3720      7.954     -0.582  0.000e+00
      7.912    28.3606   5.673745    35.0862     2.6980     0.0559          0    163.750 329.572729  1022.3750      7.868     -0.583  0.000e+00
      7.847    28.3603   5.673494    35.0847     2.6977     0.0559          0    164.000 329.572731  1022.3737      7.804     -0.592  0.000e+00
      7.814    28.3596   5.673395    35.0846     2.6877     0.0582          0    164.250 329.572734  1022.3736      7.771     -0.594  0.000e+00
      7.685    28.3583   5.672954    35.0825     2.6727     0.0551          0    164.500 329.572737  1022.3719      7.642     -0.584  0.000e+00
      7.501    28.3566   5.672733    35.0823     2.6608     0.0597          0    164.750 329.572740  1022.3716      7.459     -0.569  0.000e+00
      7.176    28.3551   5.672923    35.0848     2.6523     0.0620          0    165.000 329.572743  1022.3726      7.137     -0.571  0.000e+00
      6.949    28.3539   5.673143    35.0873     2.6375     0.0597          0    165.250 329.572746  1022.3739      6.911     -0.582  0.000e+00
      6.765    28.3531   5.672672    35.0846     2.6325     0.0673          0    165.500 329.572749  1022.3713      6.728     -0.632  0.000e+00
      6.668    28.3529   5.673052    35.0875     2.6266     0.0513          0    165.750 329.572752  1022.3731      6.631     -0.697  0.000e+00
      6.560    28.3530   5.672983    35.0869     2.6167     0.0528          0    166.000 329.572755  1022.3722      6.524     -0.732  0.000e+00
      6.398    28.3527   5.673052    35.0877     2.6127     0.0604          0    166.250 329.572758  1022.3722      6.363     -0.741  0.000e+00
