ctd_kilwa/cnv/SBE19plus_01906740_2018_11_26_0052.cnv
* Sea-Bird SBE19plus  Data File:
* FileName = C:\Users\all user\Desktop\Mapping WWF\SBE19plus_01906740_2018_11_26_0052.hex
* Software version 2.6.3.104
* Temperature SN = 6740
* Conductivity SN = 6740
* System UpLoad Time = Nov 26 2018 19:56:23
* <ApplicationData>
* <Seaterm232>
# nquan = 13
# nvalues = 738                                   
# units = specified
# name 0 = prdM: Pressure, Strain Gauge [db]
# name 1 = tv290C: Temperature [ITS-90, deg C]
# name 2 = c0S/m: Conductivity [S/m]
# name 3 = sal00: Salinity, Practical [PSU]
# name 4 = sbeox0ML/L: Oxygen, SBE 43 [ml/l]
# name 5 = flECO-AFL: Fluorescence, WET Labs ECO-AFL/FL [mg/m^3]
# name 6 = nbf: Bottles Fired
# name 7 = timeS: Time, Elapsed [seconds]
# name 8 = timeJ: Julian Days
# name 9 = density00: Density [density, kg/m^3]
# name 10 = depSM: Depth [salt water, m], lat = 0.00
# name 11 = dz/dtM: Descent Rate [m/s]
# name 12 = flag:  0.000e+00
# span 0 =     -1.011,     15.931                 
# span 1 =    28.4757,    29.1802                 
# span 2 =   0.081608,   6.110480                 
# span 3 =     0.3698,    37.5975                 
# span 4 =     1.7246,     4.1640                 
# span 5 =    -0.4385,    48.6848                 
# span 6 =          0,          0                 
# span 7 =      0.000,    184.250                 
# span 8 = 328.565764, 328.567896                 
# span 9 =   996.2739,  1023.9947                 
# span 10 =     -1.005,     15.843                
# span 11 =     -0.742,      0.523                
# span 12 = 0.0000e+00, 0.0000e+00                
# interval = seconds: 0.25
# start_time = Nov 24 2018 13:34:42 [Instrument's time stamp, header]
# bad_flag = -9.990e-29
*END*
[from data line 556]
     12.980    28.5093   5.715264    35.2634     3.2369     0.1886          0    139.000 328.567373  1022.4807     12.908     -0.706  0.000e+00
     12.958    28.5103   5.715325    35.2631     3.2307     0.2268          0    139.250 328.567376  1022.4800     12.886     -0.595  0.000e+00
     12.980    28.5106   5.715363    35.2631     3.2213     0.2275          0    139.500 328.567378  1022.4801     12.908     -0.425  0.000e+00
     12.980    28.5109   5.715363    35.2629     3.2154     0.2199          0    139.750 328.567381  1022.4798     12.908     -0.268  0.000e+00
     12.752    28.5105   5.715294    35.2628     3.2154     0.2237          0    140.000 328.567384  1022.4789     12.682     -0.230  0.000e+00
     12.482    28.5093   5.715012    35.2618     3.2316     0.2344          0    140.250 328.567387  1022.4773     12.413     -0.273  0.000e+00
     12.212    28.5061   5.714332    35.2596     3.2351     0.2336          0    140.500 328.567390  1022.4756     12.144     -0.379  0.000e+00
     12.061    28.5028   5.714012    35.2598     3.2398     0.2382          0    140.750 328.567393  1022.4762     11.994     -0.489  0.000e+00
     12.028    28.5002   5.713852    35.2607     3.2554     0.2352          0    141.000 328.567396  1022.4776     11.962     -0.569  0.000e+00
     11.996    28.4979   5.713760    35.2617     3.2685     0.2603          0    141.250 328.567399  1022.4790     11.930     -0.605  0.000e+00
     11.942    28.4947   5.713371    35.2614     3.2722     0.2649          0    141.500 328.567402  1022.4796     11.876     -0.598  0.000e+00
     11.931    28.4904   5.712730    35.2601     3.2709     0.2611          0    141.750 328.567405  1022.4800     11.865     -0.519  0.000e+00
     11.910    28.4862   5.712249    35.2600     3.2662     0.2642          0    142.000 328.567407  1022.4812     11.844     -0.375  0.000e+00
     11.888    28.4824   5.711967    35.2608     3.2538     0.2458          0    142.250 328.567410  1022.4830     11.822     -0.242  0.000e+00
     11.693    28.4796   5.711868    35.2623     3.2420     0.2489          0    142.500 328.567413  1022.4842     11.629     -0.193  0.000e+00
     11.347    28.4773   5.711738    35.2632     3.2604     0.2489          0    142.750 328.567416  1022.4841     11.285     -0.274  0.000e+00
     11.044    28.4760   5.711677    35.2638     3.2605     0.2527          0    143.000 328.567419  1022.4837     10.983     -0.428  0.000e+00
     10.882    28.4757   5.711715    35.2643     3.2666     0.2466          0    143.250 328.567422  1022.4835     10.822     -0.569  0.000e+00
     10.850    28.4757   5.711806    35.2650     3.2544     0.2542          0    143.500 328.567425  1022.4839     10.790     -0.652  0.000e+00
     10.839    28.4770   5.712028    35.2656     3.2492     0.2626          0    143.750 328.567428  1022.4838     10.779     -0.680  0.000e+00
     10.796    28.4790   5.712348    35.2663     3.2327     0.2626          0    144.000 328.567431  1022.4836     10.736     -0.650  0.000e+00
     10.763    28.4829   5.712829    35.2668     3.2155     0.2642          0    144.250 328.567433  1022.4825     10.704     -0.560  0.000e+00
     10.731    28.4874   5.713439    35.2676     3.2202     0.2123          0    144.500 328.567436  1022.4815     10.672     -0.409  0.000e+00
     10.655    28.4917   5.713790    35.2669     3.2156     0.2176          0    144.750 328.567439  1022.4793     10.596     -0.267  0.000e+00
     10.417    28.4953   5.714026    35.2660     3.2159     0.2123          0    145.000 328.567442  1022.4763     10.360     -0.234  0.000e+00
     10.060    28.4980   5.714140    35.2649     3.2171     0.2107          0    145.250 328.567445  1022.4731     10.005     -0.335  0.000e+00
      9.790    28.5000   5.714171    35.2637     3.2184     0.2374          0    145.500 328.567448  1022.4704      9.736     -0.496  0.000e+00
      9.650    28.5020   5.714430    35.2640     3.2141     0.2497          0    145.750 328.567451  1022.4693      9.596     -0.633  0.000e+00
      9.574    28.5041   5.714621    35.2638     3.2109     0.2352          0    146.000 328.567454  1022.4682      9.521     -0.714  0.000e+00
      9.509    28.5056   5.714720    35.2634     3.1972     0.2336          0    146.250 328.567457  1022.4671      9.457     -0.742  0.000e+00
      9.477    28.5070   5.714766    35.2627     3.1601     0.2390          0    146.500 328.567459  1022.4660      9.424     -0.704  0.000e+00
      9.466    28.5082   5.714842    35.2623     3.1449     0.2329          0    146.750 328.567462  1022.4652      9.414     -0.593  0.000e+00
      9.488    28.5096   5.715071    35.2629     3.1285     0.2390          0    147.000 328.567465  1022.4652      9.435     -0.418  0.000e+00
      9.498    28.5116   5.715292    35.2629     3.1249     0.2413          0    147.250 328.567468  1022.4647      9.446     -0.241  0.000e+00
      9.369    28.5130   5.715452    35.2631     3.1156     0.2359          0    147.500 328.567471  1022.4638      9.317     -0.157  0.000e+00
      9.055    28.5159   5.715681    35.2625     3.1308     0.2146          0    147.750 328.567474  1022.4611      9.005     -0.200  0.000e+00
      8.742    28.5196   5.716360    35.2646     3.1376     0.2130          0    148.000 328.567477  1022.4601      8.693     -0.325  0.000e+00
      8.536    28.5236   5.716764    35.2645     3.1304     0.2123          0    148.250 328.567480  1022.4578      8.489     -0.469  0.000e+00
      8.450    28.5268   5.716925    35.2633     3.1157     0.2130          0    148.500 328.567483  1022.4554      8.403     -0.589  0.000e+00
      8.417    28.5296   5.717154    35.2628     3.1040     0.2130          0    148.750 328.567486  1022.4541      8.371     -0.657  0.000e+00
      8.374    28.5337   5.717695    35.2635     3.0946     0.2161          0    149.000 328.567488  1022.4530      8.328     -0.670  0.000e+00
      8.309    28.5387   5.718306    35.2641     3.0728     0.2123          0    149.250 328.567491  1022.4515      8.263     -0.620  0.000e+00
      8.266    28.5434   5.718703    35.2634     3.0460     0.2138          0    149.500 328.567494  1022.4492      8.220     -0.500  0.000e+00
      8.299    28.5468   5.718916    35.2623     3.0300     0.2382          0    149.750 328.567497  1022.4474      8.253     -0.332  0.000e+00
      8.201    28.5489   5.718916    35.2608     3.0210     0.2420          0    150.000 328.567500  1022.4452      8.156     -0.223  0.000e+00
      7.963    28.5510   5.719008    35.2599     3.0284     0.2352          0    150.250 328.567503  1022.4428      7.919     -0.226  0.000e+00
      7.672    28.5524   5.719168    35.2601     3.0286     0.2428          0    150.500 328.567506  1022.4413      7.629     -0.322  0.000e+00
      7.434    28.5538   5.719267    35.2598     3.0180     0.2092          0    150.750 328.567509  1022.4395      7.393     -0.453  0.000e+00
      7.336    28.5548   5.719320    35.2594     3.0132     0.1970          0    151.000 328.567512  1022.4385      7.296     -0.553  0.000e+00
      7.304    28.5557   5.719488    35.2600     3.0117     0.2039          0    151.250 328.567514  1022.4384      7.264     -0.605  0.000e+00
      7.315    28.5568   5.719618    35.2600     3.0064     0.1978          0    151.500 328.567517  1022.4382      7.274     -0.603  0.000e+00
      7.315    28.5585   5.719839    35.2603     2.9800     0.2008          0    151.750 328.567520  1022.4379      7.274     -0.550  0.000e+00
      7.315    28.5603   5.720099    35.2608     2.9688     0.2046          0    152.000 328.567523  1022.4376      7.274     -0.422  0.000e+00
      7.358    28.5623   5.720320    35.2608     2.9472     0.2016          0    152.250 328.567526  1022.4371      7.317     -0.250  0.000e+00
      7.271    28.5641   5.720427    35.2602     2.9351     0.1962          0    152.500 328.567529  1022.4357      7.231     -0.124  0.000e+00
      7.034    28.5657   5.720549    35.2600     2.9304     0.1962          0    152.750 328.567532  1022.4340      6.995     -0.113  0.000e+00
      6.774    28.5669   5.720641    35.2598     2.9271     0.2138          0    153.000 328.567535  1022.4324      6.737     -0.207  0.000e+00
      6.493    28.5679   5.720709    35.2596     2.9135     0.2153          0    153.250 328.567538  1022.4307      6.457     -0.365  0.000e+00
      6.352    28.5682   5.720709    35.2595     2.9012     0.2168          0    153.500 328.567541  1022.4299      6.317     -0.515  0.000e+00
      6.309    28.5683   5.720617    35.2588     2.8909     0.2077          0    153.750 328.567543  1022.4291      6.274     -0.609  0.000e+00
      6.342    28.5676   5.720518    35.2586     2.8762     0.1833          0    154.000 328.567546  1022.4294      6.307     -0.628  0.000e+00
      6.352    28.5669   5.720449    35.2586     2.8647     0.1894          0    154.250 328.567549  1022.4297      6.317     -0.579  0.000e+00
      6.341    28.5668   5.720518    35.2592     2.8478     0.1894          0    154.500 328.567552  1022.4301      6.306     -0.454  0.000e+00
      6.298    28.5676   5.720740    35.2601     2.8337     0.1894          0    154.750 328.567555  1022.4304      6.263     -0.302  0.000e+00
      6.190    28.5689   5.720869    35.2601     2.8199     0.1818          0    155.000 328.567558  1022.4294      6.156     -0.193  0.000e+00
      5.931    28.5697   5.720923    35.2599     2.8180     0.1718          0    155.250 328.567561  1022.4279      5.898     -0.184  0.000e+00
      5.650    28.5704   5.720961    35.2597     2.8072     0.1779          0    155.500 328.567564  1022.4263      5.618     -0.287  0.000e+00
      5.379    28.5706   5.720960    35.2597     2.8060     0.1741          0    155.750 328.567567  1022.4250      5.350     -0.453  0.000e+00
      5.195    28.5703   5.720869    35.2593     2.7949     0.1764          0    156.000 328.567569  1022.4241      5.167     -0.617  0.000e+00
      5.185    28.5696   5.720739    35.2590     2.7840     0.1955          0    156.250 328.567572  1022.4241      5.156     -0.699  0.000e+00
      5.152    28.5680   5.720517    35.2586     2.7762     0.2001          0    156.500 328.567575  1022.4242      5.124     -0.709  0.000e+00
      5.174    28.5658   5.720151    35.2577     2.7485     0.2069          0    156.750 328.567578  1022.4243      5.145     -0.637  0.000e+00
      5.174    28.5635   5.720037    35.2586     2.7281     0.2046          0    157.000 328.567581  1022.4257      5.145     -0.502  0.000e+00
      5.185    28.5624   5.720037    35.2594     2.7130     0.1482          0    157.250 328.567584  1022.4267      5.156     -0.324  0.000e+00
      5.077    28.5615   5.719998    35.2598     2.7034     0.1558          0    157.500 328.567587  1022.4269      5.049     -0.195  0.000e+00
      4.806    28.5618   5.720097    35.2604     2.7223     0.1543          0    157.750 328.567590  1022.4260      4.780     -0.175  0.000e+00
      4.439    28.5621   5.720181    35.2608     2.7262     0.1505          0    158.000 328.567593  1022.4247      4.414     -0.287  0.000e+00
      4.168    28.5622   5.720196    35.2610     2.7149     0.1634          0    158.250 328.567595  1022.4236      4.146     -0.469  0.000e+00
      4.082    28.5627   5.720288    35.2612     2.7094     0.1619          0    158.500 328.567598  1022.4233      4.060     -0.610  0.000e+00
      4.050    28.5646   5.720998    35.2648     2.6970     0.1703          0    158.750 328.567601  1022.4252      4.027     -0.696  0.000e+00
      4.060    28.5726   5.722410    35.2687     2.6755     0.1680          0    159.000 328.567604  1022.4255      4.038     -0.699  0.000e+00
      4.038    28.5883   5.724907    35.2743     2.6560     0.1604          0    159.250 328.567607  1022.4245      4.016     -0.634  0.000e+00
      4.039    28.6062   5.727091    35.2762     2.6331     0.1436          0    159.500 328.567610  1022.4199      4.016     -0.489  0.000e+00
      4.082    28.6186   5.727381    35.2690     2.6148     0.1390          0    159.750 328.567613  1022.4106      4.059     -0.292  0.000e+00
      4.039    28.6287   5.727702    35.2637     2.6060     0.1413          0    160.000 328.567616  1022.4031      4.016     -0.131  0.000e+00
      3.877    28.6398   5.728825    35.2633     2.6063     0.1375          0    160.250 328.567619  1022.3984      3.855     -0.084  0.000e+00
      3.617    28.6498   5.729726    35.2622     2.6070     0.1436          0    160.500 328.567622  1022.3932      3.597     -0.159  0.000e+00
      3.390    28.6563   5.729962    35.2591     2.6155     0.1383          0    160.750 328.567624  1022.3877      3.371     -0.286  0.000e+00
      3.217    28.6594   5.729886    35.2563     2.6079     0.1436          0    161.000 328.567627  1022.3838      3.199     -0.425  0.000e+00
      3.173    28.6592   5.729404    35.2532     2.5878     0.1375          0    161.250 328.567630  1022.3813      3.156     -0.515  0.000e+00
      3.141    28.6579   5.729244    35.2530     2.5780     0.1444          0    161.500 328.567633  1022.3815      3.124     -0.563  0.000e+00
      3.119    28.6583   5.729725    35.2561     2.5711     0.1406          0    161.750 328.567636  1022.3836      3.102     -0.557  0.000e+00
      3.119    28.6625   5.730757    35.2601     2.5640     0.1413          0    162.000 328.567639  1022.3853      3.102     -0.474  0.000e+00
      3.141    28.6690   5.731910    35.2633     2.5407     0.1413          0    162.250 328.567642  1022.3855      3.124     -0.337  0.000e+00
      3.087    28.6726   5.731910    35.2606     2.5469     0.0932          0    162.500 328.567645  1022.3821      3.070     -0.208  0.000e+00
      2.849    28.6706   5.730886    35.2551     2.5855     0.0963          0    162.750 328.567648  1022.3776      2.833     -0.176  0.000e+00
      2.525    28.6693   5.730886    35.2561     2.6316     0.0978          0    163.000 328.567650  1022.3774      2.511     -0.255  0.000e+00
      2.276    28.6707   5.731398    35.2587     2.6402     0.0894          0    163.250 328.567653  1022.3779      2.264     -0.401  0.000e+00
      2.136    28.6726   5.731573    35.2586     2.6271     0.0971          0    163.500 328.567656  1022.3765      2.124     -0.535  0.000e+00
      2.092    28.6756   5.731978    35.2592     2.6019     0.0978          0    163.750 328.567659  1022.3758      2.081     -0.623  0.000e+00
      2.125    28.6792   5.732750    35.2619     2.5973     0.0917          0    164.000 328.567662  1022.3768      2.113     -0.640  0.000e+00
      2.168    28.6843   5.733644    35.2642     2.5662     0.0940          0    164.250 328.567665  1022.3770      2.156     -0.579  0.000e+00
      2.200    28.6904   5.734164    35.2634     2.5315     0.0894          0    164.500 328.567668  1022.3745      2.188     -0.438  0.000e+00
      2.168    28.6954   5.734416    35.2614     2.5162     0.1100          0    164.750 328.567671  1022.3712      2.156     -0.262  0.000e+00
      1.962    28.6996   5.734645    35.2599     2.5090     0.1085          0    165.000 328.567674  1022.3678      1.952     -0.158  0.000e+00
      1.606    28.7032   5.734836    35.2587     2.5320     0.1085          0    165.250 328.567677  1022.3642      1.597     -0.198  0.000e+00
      1.303    28.7059   5.735065    35.2583     2.5394     0.1085          0    165.500 328.567679  1022.3617      1.296     -0.341  0.000e+00
      1.130    28.7079   5.735156    35.2575     2.5352     0.0559          0    165.750 328.567682  1022.3597      1.124     -0.512  0.000e+00
      1.065    28.7099   5.735500    35.2584     2.5319     0.0597          0    166.000 328.567685  1022.3594      1.059     -0.647  0.000e+00
      1.076    28.7158   5.736769    35.2629     2.5318     0.0620          0    166.250 328.567688  1022.3609      1.070     -0.701  0.000e+00
