ctd_kilwa/cnv/SBE19plus_01906740_2018_11_26_0045.cnv
* Sea-Bird SBE19plus  Data File:
* FileName = C:\Users\all user\Desktop\Mapping WWF\SBE19plus_01906740_2018_11_26_0045.hex
* Software version 2.6.3.104
* Temperature SN = 6740
* Conductivity SN = 6740
* System UpLoad Time = Nov 26 2018 19:54:34
* <ApplicationData>
* <Seaterm232>
# nquan = 13
# nvalues = 566                                   
# units = specified
# name 0 = prdM: Pressure, Strain Gauge [db]
# name 1 = tv290C: Temperature [ITS-90, deg C]
# name 2 = c0S/m: Conductivity [S/m]
# name 3 = sal00: Salinity, Practical [PSU]
# name 4 = sbeox0ML/L: Oxygen, SBE 43 [ml/l]
# name 5 = flECO-AFL: Fluorescence, WET Labs ECO-AFL/FL [mg/m^3]
# name 6 = nbf: Bottles Fired
# name 7 = timeS: Time, Elapsed [seconds]
# name 8 = timeJ: Julian Days
# name 9 = density00: Density [density, kg/m^3]
# name 10 = depSM: Depth [salt water, m], lat = 0.00
# name 11 = dz/dtM: Descent Rate [m/s]
# name 12 = flag:  0.000e+00
# span 0 =     -1.026,      8.974                 
# span 1 =    28.3408,    29.4103                 
# span 2 =   0.518489,   5.829003                 
# span 3 =     2.5439,    35.7173                 
# span 4 =     2.0505,     3.5944                 
# span 5 =    -0.3187,    48.6940                 
# span 6 =          0,          0                 
# span 7 =      0.000,    141.250                 
# span 8 = 328.485174, 328.486808                 
# span 9 =   997.7495,  1022.6136                 
# span 10 =     -1.020,      8.925                
# span 11 =     -0.668,      0.465                
# span 12 = 0.0000e+00, 0.0000e+00                
# interval = seconds: 0.25
# start_time = Nov 24 2018 11:38:39 [Instrument's time stamp, header]
# bad_flag = -9.990e-29
*END*
[from data line 223]
      0.562    28.7435   5.757385    35.3853     2.0760     0.0376          0     55.750 328.485819  1022.4414      0.559      0.053  0.000e+00
      0.573    28.7442   5.759950    35.4026     2.0773     0.0315          0     56.000 328.485822  1022.4542      0.570      0.012  0.000e+00
      0.638    28.7451   5.761558    35.4130     2.0761     0.0070          0     56.250 328.485825  1022.4621      0.635      0.004  0.000e+00
      0.725    28.7449   5.762401    35.4190     2.0718     0.0025          0     56.500 328.485828  1022.4670      0.721      0.032  0.000e+00
      0.789    28.7444   5.762041    35.4169     2.0772     0.0162          0     56.750 328.485830  1022.4658      0.785      0.074  0.000e+00
      0.854    28.7441   5.761037    35.4101     2.0600     0.0063          0     57.000 328.485833  1022.4611      0.850      0.128  0.000e+00
      0.876    28.7444   5.760555    35.4065     2.0729    -0.0662          0     57.250 328.485836  1022.4584      0.871      0.169  0.000e+00
      0.897    28.7448   5.760394    35.4051     2.0792    -0.0639          0     57.500 328.485839  1022.4573      0.893      0.197  0.000e+00
      0.930    28.7449   5.760325    35.4046     2.0707    -0.0685          0     57.750 328.485842  1022.4570      0.925      0.203  0.000e+00
      0.973    28.7454   5.760785    35.4074     2.0781    -0.0616          0     58.000 328.485845  1022.4591      0.968      0.194  0.000e+00
      1.006    28.7454   5.760065    35.4024     2.0831     0.0437          0     58.250 328.485848  1022.4555      1.000      0.169  0.000e+00
      1.027    28.7455   5.760586    35.4059     2.0779     0.0444          0     58.500 328.485851  1022.4582      1.022      0.143  0.000e+00
      1.038    28.7458   5.759743    35.3998     2.0877     0.0498          0     58.750 328.485854  1022.4536      1.032      0.123  0.000e+00
      0.995    28.7460   5.759261    35.3964     2.0839     0.0459          0     59.000 328.485856  1022.4508      0.989      0.092  0.000e+00
      0.984    28.7460   5.760486    35.4048     2.0687     0.0498          0     59.250 328.485859  1022.4571      0.979      0.066  0.000e+00
      0.984    28.7462   5.762462    35.4184     2.0719     0.0482          0     59.500 328.485862  1022.4672      0.979      0.039  0.000e+00
      1.027    28.7464   5.764047    35.4292     2.0687     0.0498          0     59.750 328.485865  1022.4755      1.022      0.023  0.000e+00
      1.060    28.7464   5.764208    35.4303     2.0762     0.0429          0     60.000 328.485868  1022.4764      1.054      0.018  0.000e+00
      1.125    28.7458   5.752019    35.3463     2.0881     0.0467          0     60.250 328.485871  1022.4138      1.118      0.036  0.000e+00
      1.168    28.7471   5.742051    35.2762     2.0782     0.0124          0     60.500 328.485874  1022.3609      1.161      0.066  0.000e+00
      1.168    28.7527   5.740920    35.2642     2.0708     0.0208          0     60.750 328.485877  1022.3500      1.161      0.093  0.000e+00
      1.189    28.7538   5.739926    35.2565     2.0684     0.0162          0     61.000 328.485880  1022.3439      1.183      0.120  0.000e+00
      1.168    28.7517   5.738840    35.2506     2.0675     0.0200          0     61.250 328.485883  1022.3401      1.161      0.116  0.000e+00
      1.211    28.7489   5.738343    35.2492     2.0680     0.0177          0     61.500 328.485885  1022.3402      1.204      0.109  0.000e+00
      1.254    28.7450   5.737090    35.2434     2.0744     0.0200          0     61.750 328.485888  1022.3373      1.247      0.098  0.000e+00
      1.319    28.7405   5.736478    35.2425     2.1031     0.0223          0     62.000 328.485891  1022.3383      1.312      0.101  0.000e+00
      1.416    28.7368   5.736180    35.2431     2.1809     0.0192          0     62.250 328.485894  1022.3405      1.409      0.121  0.000e+00
      1.492    28.7336   5.735867    35.2433     2.2510     0.0086          0     62.500 328.485897  1022.3421      1.484      0.159  0.000e+00
      1.557    28.7321   5.735737    35.2435     2.2704     0.0147          0     62.750 328.485900  1022.3430      1.548      0.205  0.000e+00
      1.622    28.7307   5.735676    35.2441     2.2654     0.0101          0     63.000 328.485903  1022.3441      1.613      0.241  0.000e+00
      1.676    28.7287   5.735386    35.2436     2.2606     0.0162          0     63.250 328.485906  1022.3446      1.667      0.269  0.000e+00
      1.762    28.7272   5.735126    35.2428     2.2585     0.0116          0     63.500 328.485909  1022.3449      1.753      0.281  0.000e+00
      1.849    28.7245   5.734904    35.2433     2.2585    -0.0014          0     63.750 328.485911  1022.3465      1.839      0.291  0.000e+00
      1.903    28.7215   5.734163    35.2403     2.2414     0.0032          0     64.000 328.485914  1022.3455      1.893      0.286  0.000e+00
      1.914    28.7186   5.733934    35.2409     2.2243    -0.0052          0     64.250 328.485917  1022.3470      1.903      0.263  0.000e+00
      1.903    28.7163   5.733773    35.2415     2.2232    -0.0029          0     64.500 328.485920  1022.3482      1.893      0.230  0.000e+00
      1.903    28.7153   5.733735    35.2420     2.2330     0.0147          0     64.750 328.485923  1022.3489      1.893      0.190  0.000e+00
      1.882    28.7148   5.733712    35.2422     2.2418     0.0223          0     65.000 328.485926  1022.3491      1.871      0.138  0.000e+00
      1.871    28.7142   5.733643    35.2422     2.2462     0.0231          0     65.250 328.485929  1022.3492      1.861      0.083  0.000e+00
      1.882    28.7135   5.733483    35.2416     2.2634     0.0276          0     65.500 328.485932  1022.3491      1.871      0.033  0.000e+00
      1.893    28.7131   5.733582    35.2426     2.2623     0.0467          0     65.750 328.485935  1022.3500      1.882      0.000  0.000e+00
      1.925    28.7136   5.733674    35.2428     2.2785     0.0459          0     66.000 328.485937  1022.3502      1.914     -0.003  0.000e+00
      1.968    28.7143   5.733712    35.2425     2.2922     0.0444          0     66.250 328.485940  1022.3499      1.957      0.018  0.000e+00
      2.011    28.7142   5.733613    35.2419     2.3145     0.0482          0     66.500 328.485943  1022.3497      2.000      0.049  0.000e+00
      2.022    28.7115   5.732872    35.2388     2.3268    -0.0044          0     66.750 328.485946  1022.3482      2.011      0.074  0.000e+00
      2.022    28.7088   5.732650    35.2392     2.3434    -0.0014          0     67.000 328.485949  1022.3495      2.011      0.090  0.000e+00
      2.022    28.7076   5.732589    35.2397     2.3725    -0.0052          0     67.250 328.485952  1022.3502      2.011      0.092  0.000e+00
      2.033    28.7068   5.732429    35.2392     2.3657    -0.0014          0     67.500 328.485955  1022.3501      2.022      0.083  0.000e+00
      2.044    28.7065   5.732459    35.2396     2.3649    -0.0082          0     67.750 328.485958  1022.3506      2.033      0.070  0.000e+00
      2.077    28.7066   5.732490    35.2397     2.3642     0.0063          0     68.000 328.485961  1022.3508      2.065      0.058  0.000e+00
      2.120    28.7072   5.732650    35.2404     2.3573     0.0047          0     68.250 328.485964  1022.3513      2.108      0.057  0.000e+00
      2.195    28.7084   5.732750    35.2402     2.3710     0.0093          0     68.500 328.485966  1022.3510      2.183      0.077  0.000e+00
      2.239    28.7085   5.732650    35.2394     2.3536     0.0093          0     68.750 328.485969  1022.3506      2.226      0.108  0.000e+00
      2.293    28.7074   5.732360    35.2382     2.3679     0.0383          0     69.000 328.485972  1022.3503      2.280      0.142  0.000e+00
      2.336    28.7055   5.731909    35.2365     2.3818     0.0421          0     69.250 328.485975  1022.3499      2.323      0.169  0.000e+00
      2.379    28.7045   5.732009    35.2379     2.4056     0.0475          0     69.500 328.485978  1022.3514      2.366      0.187  0.000e+00
      2.455    28.7049   5.732161    35.2386     2.4221     0.0459          0     69.750 328.485981  1022.3522      2.441      0.205  0.000e+00
      2.509    28.7053   5.732070    35.2377     2.4330     0.0116          0     70.000 328.485984  1022.3516      2.495      0.213  0.000e+00
      2.563    28.7046   5.731909    35.2371     2.4267     0.0131          0     70.250 328.485987  1022.3516      2.549      0.215  0.000e+00
      2.628    28.7039   5.731749    35.2365     2.4417     0.0063          0     70.500 328.485990  1022.3516      2.613      0.217  0.000e+00
      2.703    28.7023   5.731428    35.2354     2.4580     0.0131          0     70.750 328.485992  1022.3517      2.689      0.230  0.000e+00
      2.801    28.6986   5.730985    35.2350     2.4669     0.0200          0     71.000 328.485995  1022.3530      2.785      0.249  0.000e+00
      2.898    28.6944   5.730366    35.2338     2.4804     0.0246          0     71.250 328.485998  1022.3539      2.882      0.275  0.000e+00
      2.952    28.6911   5.730076    35.2343     2.4551     0.0238          0     71.500 328.486001  1022.3556      2.936      0.290  0.000e+00
      2.952    28.6881   5.729916    35.2354     2.4531     0.0231          0     71.750 328.486004  1022.3574      2.936      0.278  0.000e+00
      2.941    28.6850   5.729625    35.2356     2.4444     0.0215          0     72.000 328.486007  1022.3586      2.925      0.249  0.000e+00
      2.974    28.6823   5.729465    35.2365     2.4362     0.0177          0     72.250 328.486010  1022.3603      2.957      0.215  0.000e+00
      3.049    28.6810   5.729534    35.2379     2.4318     0.0162          0     72.500 328.486013  1022.3621      3.033      0.189  0.000e+00
      3.093    28.6805   5.729534    35.2383     2.4452     0.0223          0     72.750 328.486016  1022.3627      3.076      0.163  0.000e+00
      3.168    28.6807   5.729503    35.2379     2.4643     0.0177          0     73.000 328.486019  1022.3627      3.151      0.151  0.000e+00
      3.190    28.6812   5.729626    35.2384     2.4692     0.0215          0     73.250 328.486021  1022.3630      3.173      0.147  0.000e+00
      3.168    28.6814   5.729404    35.2367     2.4719     0.0215          0     73.500 328.486024  1022.3616      3.151      0.144  0.000e+00
      3.201    28.6815   5.729534    35.2375     2.4702     0.0170          0     73.750 328.486027  1022.3623      3.183      0.149  0.000e+00
      3.233    28.6818   5.729435    35.2366     2.4833     0.0200          0     74.000 328.486030  1022.3616      3.216      0.146  0.000e+00
      3.287    28.6819   5.729503    35.2370     2.4948     0.0185          0     74.250 328.486033  1022.3621      3.269      0.135  0.000e+00
      3.352    28.6826   5.729534    35.2367     2.4814     0.0246          0     74.500 328.486036  1022.3619      3.334      0.129  0.000e+00
      3.461    28.6832   5.729503    35.2360     2.4975     0.0192          0     74.750 328.486039  1022.3617      3.442      0.152  0.000e+00
      3.569    28.6834   5.729442    35.2354     2.5065     0.0192          0     75.000 328.486042  1022.3616      3.549      0.191  0.000e+00
      3.666    28.6830   5.729435    35.2356     2.5375     0.0215          0     75.250 328.486045  1022.3623      3.646      0.250  0.000e+00
      3.742    28.6821   5.729183    35.2345     2.5354     0.0223          0     75.500 328.486047  1022.3621      3.721      0.302  0.000e+00
      3.828    28.6812   5.729145    35.2348     2.5413     0.0246          0     75.750 328.486050  1022.3631      3.807      0.334  0.000e+00
      3.926    28.6799   5.728893    35.2340     2.5410     0.0238          0     76.000 328.486053  1022.3633      3.904      0.358  0.000e+00
      4.001    28.6775   5.728450    35.2328     2.5613     0.0200          0     76.250 328.486056  1022.3635      3.979      0.366  0.000e+00
      4.109    28.6743   5.728152    35.2330     2.5606     0.0444          0     76.500 328.486059  1022.3652      4.087      0.368  0.000e+00
      4.185    28.6714   5.727862    35.2331     2.5427     0.0459          0     76.750 328.486062  1022.3666      4.162      0.358  0.000e+00
      4.250    28.6690   5.727701    35.2338     2.5312     0.0406          0     77.000 328.486065  1022.3681      4.226      0.346  0.000e+00
      4.304    28.6675   5.727571    35.2340     2.5247     0.0444          0     77.250 328.486068  1022.3691      4.280      0.331  0.000e+00
      4.347    28.6656   5.727442    35.2345     2.5245     0.0177          0     77.500 328.486071  1022.3702      4.323      0.312  0.000e+00
      4.401    28.6635   5.727220    35.2345     2.5236     0.0170          0     77.750 328.486073  1022.3711      4.377      0.287  0.000e+00
      4.520    28.6614   5.726961    35.2342     2.5217     0.0261          0     78.000 328.486076  1022.3721      4.495      0.278  0.000e+00
      4.617    28.6581   5.726548    35.2337     2.5219     0.0147          0     78.250 328.486079  1022.3733      4.592      0.282  0.000e+00
      4.726    28.6552   5.726197    35.2335     2.5330     0.0414          0     78.500 328.486082  1022.3745      4.699      0.293  0.000e+00
      4.812    28.6537   5.726228    35.2348     2.5308     0.0444          0     78.750 328.486085  1022.3764      4.786      0.316  0.000e+00
      4.909    28.6523   5.726044    35.2345     2.5357     0.0421          0     79.000 328.486088  1022.3770      4.882      0.342  0.000e+00
      5.017    28.6508   5.725838    35.2341     2.5492     0.0467          0     79.250 328.486091  1022.3777      4.990      0.371  0.000e+00
      5.158    28.6470   5.725197    35.2324     2.5605     0.0490          0     79.500 328.486094  1022.3783      5.129      0.404  0.000e+00
      5.266    28.6353   5.723112    35.2266     2.5531     0.0307          0     79.750 328.486097  1022.3783      5.237      0.424  0.000e+00
      5.374    28.6244   5.721921    35.2265     2.5587     0.0330          0     80.000 328.486100  1022.3823      5.345      0.429  0.000e+00
      5.493    28.6179   5.721967    35.2315     2.5634     0.0330          0     80.250 328.486102  1022.3887      5.463      0.440  0.000e+00
      5.601    28.6117   5.721189    35.2307     2.5634     0.0315          0     80.500 328.486105  1022.3906      5.570      0.448  0.000e+00
      5.731    28.6029   5.720128    35.2298     2.5705     0.0475          0     80.750 328.486108  1022.3935      5.700      0.461  0.000e+00
      5.839    28.5869   5.717953    35.2266     2.5592     0.0452          0     81.000 328.486111  1022.3968      5.807      0.465  0.000e+00
      5.937    28.5544   5.713015    35.2163     2.5538     0.0444          0     81.250 328.486114  1022.4002      5.904      0.459  0.000e+00
      6.056    28.5130   5.707676    35.2099     2.5500     0.0475          0     81.500 328.486117  1022.4097      6.022      0.451  0.000e+00
      6.131    28.4802   5.705885    35.2218     2.5495     0.0597          0     81.750 328.486120  1022.4298      6.097      0.442  0.000e+00
      6.207    28.4550   5.704581    35.2314     2.5450     0.0582          0     82.000 328.486123  1022.4456      6.173      0.424  0.000e+00
      6.282    28.4350   5.703102    35.2360     2.5568     0.0505          0     82.250 328.486126  1022.4561      6.248      0.399  0.000e+00
      6.347    28.4204   5.701951    35.2388     2.5441     0.0658          0     82.500 328.486128  1022.4632      6.312      0.371  0.000e+00
      6.412    28.4103   5.701479    35.2430     2.5324     0.0444          0     82.750 328.486131  1022.4700      6.377      0.339  0.000e+00
      6.499    28.4038   5.701090    35.2451     2.5244     0.0444          0     83.000 328.486134  1022.4741      6.463      0.320  0.000e+00
