ctd_kilwa/cnv/SBE19plus_01906740_2018_11_26_0046.cnv
* Sea-Bird SBE19plus  Data File:
* FileName = C:\Users\all user\Desktop\Mapping WWF\SBE19plus_01906740_2018_11_26_0046.hex
* Software version 2.6.3.104
* Temperature SN = 6740
* Conductivity SN = 6740
* System UpLoad Time = Nov 26 2018 19:54:47
* <ApplicationData>
* <Seaterm232>
# nquan = 13
# nvalues = 550                                   
# units = specified
# name 0 = prdM: Pressure, Strain Gauge [db]
# name 1 = tv290C: Temperature [ITS-90, deg C]
# name 2 = c0S/m: Conductivity [S/m]
# name 3 = sal00: Salinity, Practical [PSU]
# name 4 = sbeox0ML/L: Oxygen, SBE 43 [ml/l]
# name 5 = flECO-AFL: Fluorescence, WET Labs ECO-AFL/FL [mg/m^3]
# name 6 = nbf: Bottles Fired
# name 7 = timeS: Time, Elapsed [seconds]
# name 8 = timeJ: Julian Days
# name 9 = density00: Density [density, kg/m^3]
# name 10 = depSM: Depth [salt water, m], lat = 0.00
# name 11 = dz/dtM: Descent Rate [m/s]
# name 12 = flag:  0.000e+00
# span 0 =     -1.022,      5.303                 
# span 1 =    28.3185,    30.7877                 
# span 2 =   0.351526,   5.780877                 
# span 3 =     1.6405,    35.5764                 
# span 4 =     2.1289,     6.1288                 
# span 5 =    -0.4446,    48.6879                 
# span 6 =          0,          0                 
# span 7 =      0.000,    137.250                 
# span 8 = 328.492361, 328.493950                 
# span 9 =   996.6764,  1022.6531                 
# span 10 =     -1.016,      5.274                
# span 11 =     -0.889,      0.437                
# span 12 = 0.0000e+00, 0.0000e+00                
# interval = seconds: 0.25
# start_time = Nov 24 2018 11:49:00 [Instrument's time stamp, header]
# bad_flag = -9.990e-29
*END*
[from data line 223]
      0.806    28.5701   5.733363    35.3476     2.3469    -0.0067          0     55.750 328.493006  1022.4717      0.801      0.017  0.000e+00
      0.817    28.5593   5.732347    35.3486     2.3453    -0.0014          0     56.000 328.493009  1022.4761      0.812      0.012  0.000e+00
      0.817    28.5507   5.731881    35.3518     2.3596     0.0032          0     56.250 328.493012  1022.4814      0.812      0.009  0.000e+00
      0.806    28.5432   5.731720    35.3563     2.3699    -0.0044          0     56.500 328.493015  1022.4872      0.801      0.006  0.000e+00
      0.828    28.5370   5.731170    35.3571     2.3832    -0.0029          0     56.750 328.493018  1022.4899      0.823      0.011  0.000e+00
      0.838    28.5314   5.729375    35.3487     2.3550    -0.0067          0     57.000 328.493021  1022.4855      0.834      0.014  0.000e+00
      0.860    28.5226   5.729841    35.3585     2.3547     0.0200          0     57.250 328.493024  1022.4959      0.855      0.023  0.000e+00
      0.892    28.5158   5.730368    35.3672     2.3494     0.0215          0     57.500 328.493027  1022.5048      0.887      0.037  0.000e+00
      0.914    28.5117   5.731851    35.3806     2.3563     0.0177          0     57.750 328.493030  1022.5164      0.909      0.052  0.000e+00
      0.947    28.5081   5.732393    35.3870     2.3462     0.0131          0     58.000 328.493032  1022.5225      0.941      0.068  0.000e+00
      0.957    28.5065   5.731561    35.3825     2.3410     0.0612          0     58.250 328.493035  1022.5197      0.952      0.081  0.000e+00
      0.968    28.5039   5.730988    35.3804     2.3210     0.0566          0     58.500 328.493038  1022.5190      0.963      0.087  0.000e+00
      1.000    28.5003   5.729666    35.3739     2.3331     0.0582          0     58.750 328.493041  1022.5155      0.995      0.089  0.000e+00
      1.011    28.4968   5.726962    35.3577     2.3059     0.0475          0     59.000 328.493044  1022.5045      1.006      0.087  0.000e+00
      1.022    28.4918   5.725648    35.3523     2.3028     0.0543          0     59.250 328.493047  1022.5021      1.016      0.080  0.000e+00
      1.033    28.4877   5.724396    35.3466     2.3016     0.0246          0     59.500 328.493050  1022.4992      1.027      0.071  0.000e+00
      1.022    28.4824   5.722762    35.3391     2.2993     0.0177          0     59.750 328.493053  1022.4953      1.016      0.057  0.000e+00
      1.033    28.4758   5.722067    35.3392     2.3068     0.0231          0     60.000 328.493056  1022.4976      1.027      0.046  0.000e+00
      1.043    28.4718   5.722151    35.3428     2.3223     0.0223          0     60.250 328.493058  1022.5017      1.038      0.040  0.000e+00
      1.033    28.4691   5.708216    35.2478     2.3566     0.0116          0     60.500 328.493061  1022.4311      1.027      0.029  0.000e+00
      1.011    28.4583   5.700995    35.2056     2.3600     0.0047          0     60.750 328.493064  1022.4029      1.005      0.010  0.000e+00
      1.011    28.4396   5.699745    35.2108     2.3596     0.0124          0     61.000 328.493067  1022.4130      1.005     -0.001  0.000e+00
      1.022    28.4231   5.699273    35.2198     2.3405     0.0162          0     61.250 328.493070  1022.4252      1.016     -0.006  0.000e+00
      1.044    28.4133   5.699044    35.2254     2.3228    -0.0227          0     61.500 328.493073  1022.4328      1.038     -0.002  0.000e+00
      1.119    28.4081   5.698435    35.2250     2.3170    -0.0204          0     61.750 328.493076  1022.4345      1.113      0.024  0.000e+00
      1.162    28.4031   5.698054    35.2261     2.3294    -0.0166          0     62.000 328.493079  1022.4372      1.156      0.052  0.000e+00
      1.173    28.3992   5.697772    35.2270     2.3263    -0.0166          0     62.250 328.493082  1022.4392      1.167      0.077  0.000e+00
      1.162    28.3960   5.696682    35.2218     2.3437    -0.0303          0     62.500 328.493084  1022.4363      1.156      0.094  0.000e+00
      1.130    28.3902   5.696240    35.2230     2.3723    -0.0326          0     62.750 328.493087  1022.4390      1.124      0.090  0.000e+00
      1.098    28.3855   5.696812    35.2305     2.4043    -0.0319          0     63.000 328.493090  1022.4460      1.092      0.064  0.000e+00
      1.065    28.3854   5.697132    35.2328     2.4173    -0.0303          0     63.250 328.493093  1022.4477      1.060      0.024  0.000e+00
      1.130    28.3872   5.697040    35.2309     2.4344    -0.0220          0     63.500 328.493096  1022.4459      1.124      0.001  0.000e+00
      1.130    28.3882   5.696812    35.2285     2.4618     0.0345          0     63.750 328.493099  1022.4438      1.124     -0.022  0.000e+00
      1.174    28.3875   5.695729    35.2215     2.2622     0.0315          0     64.000 328.493102  1022.4389      1.167     -0.014  0.000e+00
      1.228    28.3828   5.695311    35.2221     2.1955     0.0330          0     64.250 328.493105  1022.4411      1.221      0.019  0.000e+00
      1.293    28.3774   5.694358    35.2194     2.1719     0.0337          0     64.500 328.493108  1022.4412      1.285      0.069  0.000e+00
      1.325    28.3719   5.694297    35.2231     2.1694     0.0147          0     64.750 328.493111  1022.4459      1.318      0.115  0.000e+00
      1.336    28.3676   5.694229    35.2258     2.2195     0.0162          0     65.000 328.493113  1022.4494      1.328      0.143  0.000e+00
      1.325    28.3652   5.694137    35.2269     2.2724     0.0208          0     65.250 328.493116  1022.4510      1.318      0.144  0.000e+00
      1.314    28.3638   5.694069    35.2275     2.4237     0.0200          0     65.500 328.493119  1022.4518      1.307      0.116  0.000e+00
      1.314    28.3630   5.694358    35.2302     2.2854     0.0047          0     65.750 328.493122  1022.4541      1.307      0.093  0.000e+00
      1.357    28.3641   5.694358    35.2293     2.5007     0.0116          0     66.000 328.493125  1022.4533      1.350      0.069  0.000e+00
      1.357    28.3653   5.694549    35.2297     2.4949     0.0070          0     66.250 328.493128  1022.4532      1.350      0.045  0.000e+00
      1.368    28.3661   5.694389    35.2280     2.5550     0.0017          0     66.500 328.493131  1022.4517      1.360      0.029  0.000e+00
      1.389    28.3662   5.694069    35.2257     2.5527    -0.0220          0     66.750 328.493134  1022.4500      1.382      0.031  0.000e+00
      1.389    28.3652   5.694137    35.2269     2.5730    -0.0197          0     67.000 328.493137  1022.4513      1.382      0.037  0.000e+00
      1.389    28.3644   5.694038    35.2268     2.5549    -0.0181          0     67.250 328.493139  1022.4515      1.382      0.043  0.000e+00
      1.400    28.3637   5.693947    35.2267     2.5780    -0.0097          0     67.500 328.493142  1022.4516      1.392      0.044  0.000e+00
      1.422    28.3631   5.693955    35.2272     2.5761    -0.0166          0     67.750 328.493145  1022.4523      1.414      0.043  0.000e+00
      1.433    28.3630   5.693749    35.2258     2.5511    -0.0067          0     68.000 328.493148  1022.4513      1.425      0.037  0.000e+00
      1.476    28.3622   5.693338    35.2236     2.5742    -0.0036          0     68.250 328.493151  1022.4501      1.468      0.050  0.000e+00
      1.465    28.3598   5.693147    35.2240     2.5168    -0.0014          0     68.500 328.493154  1022.4512      1.457      0.051  0.000e+00
      1.487    28.3576   5.692766    35.2230     2.5207    -0.0075          0     68.750 328.493157  1022.4513      1.479      0.055  0.000e+00
      1.498    28.3550   5.692538    35.2233     2.4475     0.0170          0     69.000 328.493160  1022.4524      1.490      0.061  0.000e+00
      1.563    28.3521   5.691677    35.2195     2.5990     0.0154          0     69.250 328.493163  1022.4508      1.554      0.077  0.000e+00
      1.595    28.3476   5.691677    35.2228     2.5172     0.0185          0     69.500 328.493166  1022.4548      1.586      0.090  0.000e+00
      1.681    28.3435   5.690557    35.2180     2.4692     0.0147          0     69.750 328.493168  1022.4530      1.672      0.116  0.000e+00
      1.725    28.3381   5.689895    35.2174     2.4617     0.0231          0     70.000 328.493171  1022.4545      1.715      0.141  0.000e+00
      1.736    28.3318   5.690124    35.2237     2.6606     0.0200          0     70.250 328.493174  1022.4614      1.726      0.154  0.000e+00
      1.747    28.3289   5.689895    35.2242     2.7398     0.0177          0     70.500 328.493177  1022.4628      1.737      0.163  0.000e+00
      1.747    28.3274   5.690185    35.2274     2.6333     0.0223          0     70.750 328.493180  1022.4657      1.737      0.151  0.000e+00
      1.779    28.3274   5.690215    35.2276     2.6518     0.0177          0     71.000 328.493183  1022.4660      1.769      0.136  0.000e+00
      1.822    28.3281   5.690345    35.2279     2.6349     0.0162          0     71.250 328.493186  1022.4661      1.812      0.116  0.000e+00
      1.844    28.3288   5.690405    35.2278     2.6818     0.0177          0     71.500 328.493189  1022.4659      1.834      0.103  0.000e+00
      1.855    28.3296   5.690474    35.2277     2.6199     0.0162          0     71.750 328.493192  1022.4656      1.845      0.084  0.000e+00
      1.844    28.3303   5.690527    35.2276     2.6171     0.0215          0     72.000 328.493194  1022.4653      1.834      0.074  0.000e+00
      1.844    28.3309   5.690405    35.2263     2.5381     0.0330          0     72.250 328.493197  1022.4641      1.834      0.067  0.000e+00
      1.844    28.3312   5.690474    35.2266     2.6236     0.0376          0     72.500 328.493200  1022.4642      1.834      0.056  0.000e+00
      1.833    28.3312   5.690344    35.2257     2.6601     0.0322          0     72.750 328.493203  1022.4635      1.823      0.039  0.000e+00
      1.822    28.3309   5.690436    35.2265     2.6783     0.0353          0     73.000 328.493206  1022.4642      1.812      0.013  0.000e+00
      1.887    28.3311   5.690375    35.2259     2.6090     0.0185          0     73.250 328.493209  1022.4639      1.877      0.010  0.000e+00
      1.941    28.3309   5.689895    35.2227     2.3520     0.0246          0     73.500 328.493212  1022.4618      1.930      0.029  0.000e+00
      1.984    28.3288   5.689865    35.2240     2.6034     0.0131          0     73.750 328.493215  1022.4637      1.974      0.058  0.000e+00
      1.995    28.3273   5.689926    35.2256     2.5888     0.0185          0     74.000 328.493218  1022.4654      1.984      0.085  0.000e+00
      2.028    28.3270   5.689979    35.2262     2.5238     0.0047          0     74.250 328.493220  1022.4661      2.017      0.107  0.000e+00
      2.114    28.3269   5.689735    35.2245     2.5124     0.0101          0     74.500 328.493223  1022.4652      2.102      0.141  0.000e+00
      2.211    28.3260   5.689515    35.2236     2.4999     0.0070          0     74.750 328.493226  1022.4653      2.199      0.182  0.000e+00
      2.287    28.3243   5.689545    35.2251     2.5579     0.0063          0     75.000 328.493229  1022.4672      2.274      0.215  0.000e+00
      2.309    28.3234   5.689515    35.2255     2.6157     0.0162          0     75.250 328.493232  1022.4679      2.296      0.220  0.000e+00
      2.406    28.3231   5.689355    35.2246     2.7186     0.0337          0     75.500 328.493235  1022.4677      2.393      0.240  0.000e+00
      2.449    28.3222   5.689385    35.2255     2.6534     0.0315          0     75.750 328.493238  1022.4690      2.436      0.255  0.000e+00
      2.482    28.3217   5.689164    35.2243     2.7881     0.0345          0     76.000 328.493241  1022.4684      2.468      0.260  0.000e+00
      2.547    28.3211   5.689164    35.2247     2.7667     0.0330          0     76.250 328.493244  1022.4691      2.533      0.252  0.000e+00
      2.633    28.3202   5.689088    35.2248     2.6316     0.0490          0     76.500 328.493247  1022.4699      2.619      0.241  0.000e+00
      2.687    28.3196   5.689195    35.2260     2.7194     0.0459          0     76.750 328.493249  1022.4712      2.673      0.233  0.000e+00
      2.741    28.3195   5.689073    35.2252     2.8234     0.0444          0     77.000 328.493252  1022.4709      2.726      0.234  0.000e+00
      2.752    28.3189   5.689073    35.2256     2.8487     0.0498          0     77.250 328.493255  1022.4714      2.737      0.227  0.000e+00
      2.752    28.3189   5.689134    35.2261     2.8841     0.0177          0     77.500 328.493258  1022.4717      2.737      0.197  0.000e+00
      2.795    28.3193   5.689165    35.2260     2.6708     0.0200          0     77.750 328.493261  1022.4717      2.780      0.181  0.000e+00
      2.850    28.3195   5.689264    35.2265     2.6706     0.0192          0     78.000 328.493264  1022.4723      2.834      0.168  0.000e+00
      2.893    28.3199   5.689035    35.2246     2.6006     0.0223          0     78.250 328.493267  1022.4709      2.877      0.151  0.000e+00
      2.958    28.3195   5.689035    35.2249     2.6687     0.0131          0     78.500 328.493270  1022.4715      2.941      0.145  0.000e+00
      3.033    28.3189   5.689028    35.2252     2.6714     0.0124          0     78.750 328.493273  1022.4723      3.017      0.161  0.000e+00
      3.066    28.3185   5.689165    35.2265     2.5563     0.0177          0     79.000 328.493275  1022.4735      3.049      0.177  0.000e+00
      3.023    28.3189   5.689134    35.2260     2.7889     0.0116          0     79.250 328.493278  1022.4728      3.006      0.174  0.000e+00
      3.044    28.3193   5.689264    35.2266     2.9979     0.0017          0     79.500 328.493281  1022.4733      3.027      0.161  0.000e+00
      3.098    28.3202   5.689355    35.2266     2.7937     0.0444          0     79.750 328.493284  1022.4732      3.081      0.144  0.000e+00
      3.195    28.3209   5.689454    35.2267     2.7314     0.0521          0     80.000 328.493287  1022.4735      3.178      0.144  0.000e+00
      3.282    28.3216   5.689264    35.2248     2.7444     0.0505          0     80.250 328.493290  1022.4722      3.264      0.159  0.000e+00
      3.336    28.3217   5.689264    35.2248     2.7742     0.0444          0     80.500 328.493293  1022.4724      3.318      0.173  0.000e+00
      3.423    28.3215   5.689264    35.2249     2.6811     0.0330          0     80.750 328.493296  1022.4729      3.404      0.202  0.000e+00
      3.466    28.3214   5.689302    35.2252     2.7551     0.0307          0     81.000 328.493299  1022.4733      3.447      0.238  0.000e+00
      3.552    28.3213   5.689294    35.2252     2.6975     0.0330          0     81.250 328.493302  1022.4737      3.533      0.278  0.000e+00
      3.574    28.3217   5.689264    35.2247     2.8898     0.0345          0     81.500 328.493304  1022.4733      3.554      0.277  0.000e+00
      3.660    28.3216   5.689355    35.2254     2.9700     0.0337          0     81.750 328.493307  1022.4742      3.640      0.270  0.000e+00
      3.736    28.3217   5.689675    35.2275     2.8350     0.0345          0     82.000 328.493310  1022.4761      3.715      0.260  0.000e+00
      3.833    28.3226   5.689896    35.2283     2.6914     0.0315          0     82.250 328.493313  1022.4768      3.812      0.266  0.000e+00
      3.942    28.3244   5.689774    35.2261     2.8561     0.0330          0     82.500 328.493316  1022.4750      3.920      0.287  0.000e+00
      4.039    28.3251   5.689386    35.2228     2.8108     0.0231          0     82.750 328.493319  1022.4728      4.017      0.308  0.000e+00
      4.104    28.3247   5.689196    35.2218     2.9202     0.0261          0     83.000 328.493322  1022.4724      4.081      0.328  0.000e+00
