ctd_kilwa/cnv/SBE19plus_01906740_2018_11_26_0049.cnv
* Sea-Bird SBE19plus  Data File:
* FileName = C:\Users\all user\Desktop\Mapping WWF\SBE19plus_01906740_2018_11_26_0049.hex
* Software version 2.6.3.104
* Temperature SN = 6740
* Conductivity SN = 6740
* System UpLoad Time = Nov 26 2018 19:55:43
* <ApplicationData>
* <Seaterm232>
# nquan = 13
# nvalues = 386                                   
# units = specified
# name 0 = prdM: Pressure, Strain Gauge [db]
# name 1 = tv290C: Temperature [ITS-90, deg C]
# name 2 = c0S/m: Conductivity [S/m]
# name 3 = sal00: Salinity, Practical [PSU]
# name 4 = sbeox0ML/L: Oxygen, SBE 43 [ml/l]
# name 5 = flECO-AFL: Fluorescence, WET Labs ECO-AFL/FL [mg/m^3]
# name 6 = nbf: Bottles Fired
# name 7 = timeS: Time, Elapsed [seconds]
# name 8 = timeJ: Julian Days
# name 9 = density00: Density [density, kg/m^3]
# name 10 = depSM: Depth [salt water, m], lat = 0.00
# name 11 = dz/dtM: Descent Rate [m/s]
# name 12 = flag:  0.000e+00
# span 0 =     -1.047,     11.354                 
# span 1 =    28.4559,    30.0974                 
# span 2 =   0.081823,   5.880839                 
# span 3 =     0.3624,    36.0103                 
# span 4 =     2.0899,     3.5527                 
# span 5 =    -0.0319,    48.6963                 
# span 6 =          0,          0                 
# span 7 =      0.000,     96.250                 
# span 8 = 328.532037, 328.533151                 
# span 9 =   995.9215,  1022.8703                 
# span 10 =     -1.042,     11.291                
# span 11 =     -0.944,      0.402                
# span 12 = 0.0000e+00, 0.0000e+00                
# interval = seconds: 0.25
# start_time = Nov 24 2018 12:46:08 [Instrument's time stamp, header]
# bad_flag = -9.990e-29
*END*
[from data line 112]
      2.197    28.9948   5.838721    35.7601     2.3413     0.0139          0     28.000 328.532361  1022.6461      2.185      0.186  0.000e+00
      2.218    28.9934   5.841749    35.7821     2.3286     0.0276          0     28.250 328.532364  1022.6631      2.206      0.165  0.000e+00
      2.262    28.9920   5.832337    35.7181     2.3327     0.0147          0     28.500 328.532367  1022.6157      2.249      0.151  0.000e+00
      2.305    28.9896   5.818278    35.6227     2.3255     0.0101          0     28.750 328.532370  1022.5451      2.292      0.146  0.000e+00
      2.391    28.9852   5.807646    35.5526     2.3166     0.0116          0     29.000 328.532373  1022.4942      2.378      0.156  0.000e+00
      2.467    28.9816   5.806509    35.5474     2.3097     0.0131          0     29.250 328.532376  1022.4919      2.454      0.174  0.000e+00
      2.564    28.9825   5.825148    35.6754     2.3159     0.0040          0     29.500 328.532378  1022.5882      2.550      0.200  0.000e+00
      2.586    28.9889   5.839245    35.7680     2.3056     0.0490          0     29.750 328.532381  1022.6557      2.572      0.222  0.000e+00
      2.629    28.9895   5.841518    35.7833     2.3040     0.0444          0     30.000 328.532384  1022.6671      2.615      0.240  0.000e+00
      2.684    28.9878   5.830928    35.7114     2.3041     0.0467          0     30.250 328.532387  1022.6139      2.669      0.247  0.000e+00
      2.770    28.9884   5.810459    35.5695     2.3011     0.0536          0     30.500 328.532390  1022.5075      2.755      0.251  0.000e+00
      2.867    28.9854   5.813519    35.5928     2.2886     0.0177          0     30.750 328.532393  1022.5264      2.852      0.259  0.000e+00
      2.954    28.9843   5.833985    35.7350     2.2963     0.0307          0     31.000 328.532396  1022.6340      2.937      0.264  0.000e+00
      2.986    28.9848   5.847814    35.8303     2.2966     0.0147          0     31.250 328.532399  1022.7055      2.970      0.263  0.000e+00
      3.008    28.9814   5.847552    35.8310     2.2818     0.0246          0     31.500 328.532402  1022.7073      2.991      0.254  0.000e+00
      3.051    28.9963   5.843560    35.7922     2.2755     0.0147          0     31.750 328.532405  1022.6733      3.034      0.252  0.000e+00
      3.062    29.0337   5.837981    35.7256     2.2761     0.0223          0     32.000 328.532407  1022.6108      3.045      0.228  0.000e+00
      3.138    29.0490   5.828295    35.6473     2.2731     0.0177          0     32.250 328.532410  1022.5472      3.120      0.208  0.000e+00
      3.192    29.0438   5.837234    35.7129     2.2658     0.0223          0     32.500 328.532413  1022.5984      3.174      0.185  0.000e+00
      3.235    29.0414   5.841594    35.7448     2.2637    -0.0036          0     32.750 328.532416  1022.6234      3.217      0.169  0.000e+00
      3.278    29.0362   5.838752    35.7290     2.2499    -0.0036          0     33.000 328.532419  1022.6134      3.260      0.167  0.000e+00
      3.343    29.0284   5.828118    35.6614     2.2533    -0.0082          0     33.250 328.532422  1022.5655      3.325      0.182  0.000e+00
      3.408    29.0162   5.819170    35.6087     2.2513    -0.0052          0     33.500 328.532425  1022.5304      3.389      0.200  0.000e+00
      3.494    28.9967   5.819732    35.6271     2.2377    -0.0067          0     33.750 328.532428  1022.5511      3.475      0.221  0.000e+00
      3.559    28.9788   5.831560    35.7222     2.2384     0.0345          0     34.000 328.532431  1022.6288      3.540      0.240  0.000e+00
      3.613    28.9697   5.843761    35.8133     2.2362     0.0376          0     34.250 328.532433  1022.7005      3.593      0.244  0.000e+00
      3.689    28.9625   5.843337    35.8158     2.2325     0.0337          0     34.500 328.532436  1022.7051      3.669      0.256  0.000e+00
      3.721    28.9552   5.852240    35.8829     2.2281     0.0376          0     34.750 328.532439  1022.7581      3.701      0.258  0.000e+00
      3.765    28.9494   5.857646    35.9246     2.2274     0.0124          0     35.000 328.532442  1022.7916      3.744      0.251  0.000e+00
      3.743    28.9447   5.860864    35.9505     2.2204     0.0131          0     35.250 328.532445  1022.8125      3.722      0.217  0.000e+00
      3.786    28.9500   5.856667    35.9174     2.2168     0.0063          0     35.500 328.532448  1022.7860      3.765      0.185  0.000e+00
      3.840    28.9769   5.836905    35.7605     2.2096     0.0116          0     35.750 328.532451  1022.6594      3.819      0.160  0.000e+00
      3.948    28.9924   5.822225    35.6474     2.2100     0.0330          0     36.000 328.532454  1022.5697      3.927      0.164  0.000e+00
      4.057    28.9950   5.822533    35.6476     2.2052     0.0315          0     36.250 328.532457  1022.5694      4.034      0.187  0.000e+00
      4.143    28.9871   5.830206    35.7065     2.1874     0.0292          0     36.500 328.532459  1022.6167      4.120      0.219  0.000e+00
      4.197    28.9788   5.843098    35.8018     2.1826     0.0345          0     36.750 328.532462  1022.6913      4.174      0.255  0.000e+00
      4.251    28.9703   5.851454    35.8659     2.1820     0.0063          0     37.000 328.532465  1022.7425      4.228      0.283  0.000e+00
      4.316    28.9603   5.854747    35.8962     2.1835     0.0116          0     37.250 328.532468  1022.7689      4.292      0.306  0.000e+00
      4.414    28.9486   5.842953    35.8234     2.1828     0.0086          0     37.500 328.532471  1022.7185      4.389      0.312  0.000e+00
      4.478    28.9382   5.840996    35.8176     2.1848     0.0131          0     37.750 328.532474  1022.7180      4.454      0.305  0.000e+00
      4.489    28.9313   5.851516    35.8956     2.1849     0.0086          0     38.000 328.532477  1022.7790      4.464      0.272  0.000e+00
      4.467    28.9252   5.857956    35.9448     2.1897     0.0177          0     38.250 328.532480  1022.8179      4.443      0.227  0.000e+00
      4.457    28.9208   5.863874    35.9892     2.1948     0.0231          0     38.500 328.532483  1022.8526      4.432      0.180  0.000e+00
      4.532    28.9162   5.866429    36.0103     2.1890     0.0185          0     38.750 328.532486  1022.8703      4.508      0.156  0.000e+00
      4.684    28.9221   5.867054    36.0101     2.1872     0.0246          0     39.000 328.532488  1022.8689      4.658      0.164  0.000e+00
      4.814    28.9557   5.865317    35.9727     2.1872     0.0185          0     39.250 328.532491  1022.8300      4.787      0.192  0.000e+00
      4.954    29.0139   5.857229    35.8729     2.1810     0.0162          0     39.500 328.532494  1022.7362      4.927      0.241  0.000e+00
      5.008    29.0503   5.855547    35.8339     2.1837     0.0223          0     39.750 328.532497  1022.6949      4.981      0.296  0.000e+00
      5.084    29.0663   5.856365    35.8275     2.1789     0.0154          0     40.000 328.532500  1022.6851      5.056      0.352  0.000e+00
      5.160    29.0765   5.856156    35.8184     2.1787     0.0063          0     40.250 328.532503  1022.6751      5.131      0.391  0.000e+00
      5.246    29.0781   5.857159    35.8241     2.1900     0.0078          0     40.500 328.532506  1022.6792      5.217      0.402  0.000e+00
      5.311    29.0756   5.861942    35.8589     2.1817     0.0116          0     40.750 328.532509  1022.7065      5.282      0.375  0.000e+00
      5.354    29.0812   5.867553    35.8935     2.1843     0.0009          0     41.000 328.532512  1022.7308      5.325      0.327  0.000e+00
      5.376    29.0935   5.871830    35.9137     2.1722     0.0391          0     41.250 328.532514  1022.7419      5.346      0.281  0.000e+00
      5.419    29.1024   5.874494    35.9255     2.1627     0.0406          0     41.500 328.532517  1022.7479      5.389      0.244  0.000e+00
      5.473    29.1055   5.875112    35.9274     2.1692     0.0376          0     41.750 328.532520  1022.7485      5.443      0.227  0.000e+00
      5.549    29.1054   5.874239    35.9214     2.1771     0.0376          0     42.000 328.532523  1022.7444      5.518      0.214  0.000e+00
      5.625    29.1031   5.870965    35.9005     2.1708     0.0315          0     42.250 328.532526  1022.7298      5.594      0.211  0.000e+00
      5.700    29.0988   5.868024    35.8834     2.1739     0.0322          0     42.500 328.532529  1022.7188      5.669      0.216  0.000e+00
      5.754    29.0935   5.869143    35.8951     2.1878     0.0315          0     42.750 328.532532  1022.7295      5.723      0.229  0.000e+00
      5.787    29.0902   5.871143    35.9114     2.1878     0.0315          0     43.000 328.532535  1022.7430      5.755      0.239  0.000e+00
      5.830    29.0889   5.874680    35.9368     2.1819     0.0376          0     43.250 328.532538  1022.7627      5.798      0.242  0.000e+00
      5.895    29.0898   5.877522    35.9557     2.1779     0.0376          0     43.500 328.532541  1022.7769      5.862      0.239  0.000e+00
      5.960    29.0927   5.877399    35.9526     2.1595     0.0391          0     43.750 328.532543  1022.7739      5.927      0.232  0.000e+00
      6.057    29.0946   5.864774    35.8640     2.1472     0.0368          0     44.000 328.532546  1022.7071      6.024      0.233  0.000e+00
      6.133    29.0925   5.855971    35.8048     2.1359     0.0376          0     44.250 328.532549  1022.6637      6.099      0.241  0.000e+00
      6.187    29.0861   5.858440    35.8267     2.1261     0.0093          0     44.500 328.532552  1022.6825      6.153      0.250  0.000e+00
      6.241    29.0779   5.861788    35.8559     2.1191     0.0063          0     44.750 328.532555  1022.7074      6.206      0.261  0.000e+00
      6.295    29.0699   5.858255    35.8375     2.1020     0.0116          0     45.000 328.532558  1022.6965      6.260      0.268  0.000e+00
      6.392    29.0605   5.851607    35.7986     2.0972     0.0116          0     45.250 328.532561  1022.6708      6.357      0.276  0.000e+00
      6.435    29.0435   5.851677    35.8119     2.1044     0.0620          0     45.500 328.532564  1022.6867      6.400      0.269  0.000e+00
      6.468    29.0246   5.854315    35.8442     2.1073     0.0574          0     45.750 328.532567  1022.7175      6.432      0.253  0.000e+00
      6.468    29.0106   5.858912    35.8865     2.1076     0.0574          0     46.000 328.532569  1022.7540      6.432      0.220  0.000e+00
      6.500    29.0029   5.861088    35.9073     2.1218     0.0566          0     46.250 328.532572  1022.7723      6.464      0.194  0.000e+00
      6.554    28.9983   5.851609    35.8453     2.1130     0.0543          0     46.500 328.532575  1022.7275      6.518      0.178  0.000e+00
      6.640    28.9788   5.851840    35.8615     2.1141     0.0215          0     46.750 328.532578  1022.7466      6.604      0.175  0.000e+00
      6.727    28.9537   5.856699    35.9140     2.1147     0.0231          0     47.000 328.532581  1022.7948      6.690      0.183  0.000e+00
      6.792    28.9414   5.848842    35.8688     2.1105     0.0261          0     47.250 328.532584  1022.7653      6.754      0.194  0.000e+00
      6.889    28.9224   5.841914    35.8352     2.1074     0.0162          0     47.500 328.532587  1022.7467      6.851      0.230  0.000e+00
      6.976    28.8867   5.841260    35.8574     2.1042    -0.0082          0     47.750 328.532590  1022.7758      6.937      0.270  0.000e+00
      7.062    28.8542   5.839920    35.8726     2.1029     0.0002          0     48.000 328.532593  1022.7985      7.023      0.308  0.000e+00
      7.116    28.8312   5.839944    35.8901     2.0942     0.0017          0     48.250 328.532595  1022.8195      7.077      0.321  0.000e+00
      7.170    28.8125   5.833875    35.8621     2.0963    -0.0082          0     48.500 328.532598  1022.8049      7.131      0.316  0.000e+00
      7.257    28.7873   5.827871    35.8394     2.0916     0.0406          0     48.750 328.532601  1022.7967      7.217      0.308  0.000e+00
      7.300    28.7553   5.826725    35.8555     2.0899     0.0376          0     49.000 328.532604  1022.8196      7.260      0.293  0.000e+00
      7.332    28.7317   5.829797    35.8947     2.0926     0.0292          0     49.250 328.532607  1022.8571      7.292      0.271  0.000e+00
      7.376    28.7200   5.829681    35.9027     2.0949     0.0398          0     49.500 328.532610  1022.8671      7.335      0.242  0.000e+00
      7.441    28.7131   5.825187    35.8766     2.1073     0.0566          0     49.750 328.532613  1022.8502      7.400      0.224  0.000e+00
      7.484    28.7003   5.818094    35.8370     2.0946     0.0620          0     50.000 328.532616  1022.8248      7.443      0.210  0.000e+00
      7.570    28.6796   5.807754    35.7807     2.0988     0.0521          0     50.250 328.532619  1022.7897      7.529      0.213  0.000e+00
      7.668    28.6547   5.800487    35.7489     2.1140     0.0559          0     50.500 328.532622  1022.7746      7.625      0.227  0.000e+00
      7.733    28.6330   5.797600    35.7452     2.1092     0.0528          0     50.750 328.532624  1022.7793      7.690      0.239  0.000e+00
      7.787    28.6176   5.796325    35.7478     2.1065     0.0284          0     51.000 328.532627  1022.7866      7.744      0.257  0.000e+00
      7.862    28.6064   5.798284    35.7699     2.1074     0.0238          0     51.250 328.532630  1022.8072      7.819      0.275  0.000e+00
      7.927    28.6004   5.798445    35.7755     2.1069     0.0322          0     51.500 328.532633  1022.8138      7.883      0.283  0.000e+00
      8.025    28.5962   5.794729    35.7528     2.1035     0.0330          0     51.750 328.532636  1022.7984      7.980      0.291  0.000e+00
      8.133    28.5894   5.792380    35.7415     2.1106     0.0315          0     52.000 328.532639  1022.7927      8.088      0.307  0.000e+00
      8.219    28.5804   5.790799    35.7373     2.1090     0.0337          0     52.250 328.532642  1022.7929      8.174      0.314  0.000e+00
      8.306    28.5740   5.790361    35.7390     2.1127     0.0292          0     52.500 328.532645  1022.7967      8.260      0.324  0.000e+00
      8.338    28.5696   5.789487    35.7363     2.1124     0.0376          0     52.750 328.532648  1022.7963      8.292      0.326  0.000e+00
      8.403    28.5654   5.789356    35.7385     2.1148     0.0612          0     53.000 328.532650  1022.7996      8.357      0.323  0.000e+00
      8.435    28.5617   5.788343    35.7342     2.1127     0.0604          0     53.250 328.532653  1022.7977      8.389      0.301  0.000e+00
      8.533    28.5583   5.787239    35.7290     2.1113     0.0612          0     53.500 328.532656  1022.7954      8.485      0.288  0.000e+00
      8.565    28.5543   5.786226    35.7250     2.1157     0.0543          0     53.750 328.532659  1022.7938      8.518      0.259  0.000e+00
      8.662    28.5508   5.785674    35.7238     2.1067     0.0521          0     54.000 328.532662  1022.7945      8.614      0.247  0.000e+00
      8.738    28.5474   5.784086    35.7152     2.1137     0.0459          0     54.250 328.532665  1022.7895      8.690      0.249  0.000e+00
      8.824    28.5445   5.777751    35.6733     2.1131     0.0490          0     54.500 328.532668  1022.7593      8.776      0.261  0.000e+00
      8.932    28.5399   5.768691    35.6136     2.1223     0.0391          0     54.750 328.532671  1022.7164      8.883      0.292  0.000e+00
      9.051    28.5321   5.762149    35.5738     2.1140     0.0505          0     55.000 328.532674  1022.6896      9.001      0.323  0.000e+00
      9.105    28.5228   5.759461    35.5621     2.1148     0.0658          0     55.250 328.532677  1022.6841      9.055      0.342  0.000e+00
