ctd_kilwa/cnv/SBE19plus_01906740_2018_11_26_0070.cnv
* Sea-Bird SBE19plus  Data File:
* FileName = C:\Users\all user\Desktop\Mapping WWF\SBE19plus_01906740_2018_11_26_0070.hex
* Software version 2.6.3.104
* Temperature SN = 6740
* Conductivity SN = 6740
* System UpLoad Time = Nov 26 2018 20:00:31
* <ApplicationData>
* <Seaterm232>
# nquan = 13
# nvalues = 678                                   
# units = specified
# name 0 = prdM: Pressure, Strain Gauge [db]
# name 1 = tv290C: Temperature [ITS-90, deg C]
# name 2 = c0S/m: Conductivity [S/m]
# name 3 = sal00: Salinity, Practical [PSU]
# name 4 = sbeox0ML/L: Oxygen, SBE 43 [ml/l]
# name 5 = flECO-AFL: Fluorescence, WET Labs ECO-AFL/FL [mg/m^3]
# name 6 = nbf: Bottles Fired
# name 7 = timeS: Time, Elapsed [seconds]
# name 8 = timeJ: Julian Days
# name 9 = density00: Density [density, kg/m^3]
# name 10 = depSM: Depth [salt water, m], lat = 0.00
# name 11 = dz/dtM: Descent Rate [m/s]
# name 12 = flag:  0.000e+00
# span 0 =     -1.066,     20.600                 
# span 1 =    28.6345,    29.4880                 
# span 2 =   0.550014,   5.800192                 
# span 3 =     2.7162,    35.2750                 
# span 4 =     2.2731,     6.0877                 
# span 5 =    -0.4156,     2.2539                 
# span 6 =          0,          0                 
# span 7 =      0.000,    169.250                 
# span 8 = 329.622789, 329.624748                 
# span 9 =   997.9163,  1022.4488                 
# span 10 =     -1.060,     20.486                
# span 11 =     -1.003,      0.563                
# span 12 = 0.0000e+00, 0.0000e+00                
# interval = seconds: 0.25
# start_time = Nov 25 2018 14:56:49 [Instrument's time stamp, header]
# bad_flag = -9.990e-29
*END*
[from data line 223]
      2.945    29.2748   5.794744    35.2492     2.3950     0.0292          0     55.750 329.623435  1022.1716      2.929      0.056  0.000e+00
      2.978    29.2743   5.794821    35.2501     2.3922     0.0292          0     56.000 329.623438  1022.1725      2.961     -0.063  0.000e+00
      3.075    29.2729   5.794944    35.2519     2.3990     0.0131          0     56.250 329.623440  1022.1748      3.058     -0.128  0.000e+00
      3.205    29.2656   5.794844    35.2566     2.3953     0.0055          0     56.500 329.623443  1022.1813      3.187     -0.107  0.000e+00
      3.334    29.2586   5.794506    35.2593     2.4043     0.0101          0     56.750 329.623446  1022.1863      3.316     -0.011  0.000e+00
      3.442    29.2521   5.793931    35.2601     2.4090     0.0032          0     57.000 329.623449  1022.1895      3.424      0.126  0.000e+00
      3.551    29.2441   5.793409    35.2624     2.4113     0.0185          0     57.250 329.623452  1022.1944      3.531      0.268  0.000e+00
      3.583    29.2373   5.793163    35.2657     2.4007     0.0231          0     57.500 329.623455  1022.1993      3.563      0.356  0.000e+00
      3.605    29.2323   5.792987    35.2682     2.4055     0.0238          0     57.750 329.623458  1022.2030      3.585      0.376  0.000e+00
      3.605    29.2300   5.792757    35.2683     2.4141     0.0200          0     58.000 329.623461  1022.2038      3.585      0.338  0.000e+00
      3.669    29.2277   5.792473    35.2680     2.4122    -0.0029          0     58.250 329.623464  1022.2046      3.649      0.284  0.000e+00
      3.756    29.2246   5.792104    35.2678     2.4182    -0.0029          0     58.500 329.623466  1022.2059      3.735      0.239  0.000e+00
      3.875    29.2205   5.791590    35.2672     2.4174     0.0040          0     58.750 329.623469  1022.2074      3.854      0.224  0.000e+00
      4.016    29.2156   5.791061    35.2671     2.4236    -0.0082          0     59.000 329.623472  1022.2095      3.993      0.245  0.000e+00
      4.080    29.2111   5.790769    35.2685     2.4259    -0.0052          0     59.250 329.623475  1022.2123      4.058      0.274  0.000e+00
      4.080    29.2068   5.790639    35.2707     2.4359     0.0055          0     59.500 329.623478  1022.2154      4.058      0.296  0.000e+00
      4.080    29.2028   5.790593    35.2734     2.4374     0.0063          0     59.750 329.623481  1022.2188      4.058      0.294  0.000e+00
      4.102    29.1989   5.790416    35.2750     2.4521     0.0131          0     60.000 329.623484  1022.2215      4.079      0.272  0.000e+00
      4.156    29.1939   5.788621    35.2663     2.4992     0.0070          0     60.250 329.623487  1022.2168      4.133      0.231  0.000e+00
      4.286    29.1827   5.785107    35.2504     2.5627     0.0192          0     60.500 329.623490  1022.2092      4.262      0.209  0.000e+00
      4.459    29.1648   5.781586    35.2393     2.6293     0.0231          0     60.750 329.623492  1022.2076      4.434      0.221  0.000e+00
      4.578    29.1432   5.779064    35.2379     2.6937     0.0246          0     61.000 329.623495  1022.2143      4.552      0.258  0.000e+00
      4.675    29.1158   5.776173    35.2382     2.7519     0.0208          0     61.250 329.623498  1022.2241      4.649      0.321  0.000e+00
      4.762    29.0853   5.772127    35.2328     2.8242     0.0063          0     61.500 329.623501  1022.2307      4.735      0.384  0.000e+00
      4.870    29.0545   5.768319    35.2292     2.8715     0.0063          0     61.750 329.623504  1022.2388      4.843      0.431  0.000e+00
      4.978    29.0213   5.764466    35.2272     2.9097     0.0086          0     62.000 329.623507  1022.2488      4.950      0.454  0.000e+00
      5.075    28.9865   5.761135    35.2299     2.9256     0.0086          0     62.250 329.623510  1022.2629      5.047      0.450  0.000e+00
      5.129    28.9492   5.758386    35.2384     2.9484     0.0368          0     62.500 329.623513  1022.2820      5.101      0.414  0.000e+00
      5.194    28.9082   5.754276    35.2403     2.9606     0.0391          0     62.750 329.623516  1022.2974      5.165      0.374  0.000e+00
      5.302    28.8701   5.750435    35.2419     2.9885     0.0315          0     63.000 329.623519  1022.3118      5.273      0.360  0.000e+00
      5.432    28.8343   5.747437    35.2476     3.0011     0.0315          0     63.250 329.623521  1022.3286      5.402      0.363  0.000e+00
      5.583    28.8055   5.745410    35.2549     2.9966     0.0307          0     63.500 329.623524  1022.3443      5.553      0.383  0.000e+00
      5.745    28.7825   5.743889    35.2614     3.0255     0.0559          0     63.750 329.623527  1022.3575      5.714      0.414  0.000e+00
      5.832    28.7618   5.741855    35.2626     3.0462     0.0604          0     64.000 329.623530  1022.3657      5.800      0.438  0.000e+00
      5.918    28.7440   5.740502    35.2664     3.0577     0.0582          0     64.250 329.623533  1022.3749      5.886      0.458  0.000e+00
      5.929    28.7308   5.739248    35.2675     3.0703     0.0620          0     64.500 329.623536  1022.3801      5.897      0.450  0.000e+00
      5.972    28.7202   5.738255    35.2684     3.0751     0.0269          0     64.750 329.623539  1022.3845      5.940      0.414  0.000e+00
      6.026    28.7130   5.737414    35.2680     3.0762     0.0345          0     65.000 329.623542  1022.3868      5.993      0.359  0.000e+00
      6.156    28.7077   5.736481    35.2654     3.0762     0.0284          0     65.250 329.623545  1022.3872      6.122      0.319  0.000e+00
      6.253    28.7025   5.736512    35.2695     3.0604     0.0337          0     65.500 329.623547  1022.3924      6.219      0.290  0.000e+00
      6.383    28.6975   5.736421    35.2725     3.0697     0.0330          0     65.750 329.623550  1022.3969      6.348      0.293  0.000e+00
      6.513    28.6934   5.736245    35.2742     3.0510     0.0345          0     66.000 329.623553  1022.4001      6.477      0.330  0.000e+00
      6.589    28.6908   5.735809    35.2732     3.0684     0.0360          0     66.250 329.623556  1022.4005      6.552      0.365  0.000e+00
      6.697    28.6890   5.735389    35.2716     3.0717     0.0307          0     66.500 329.623559  1022.4003      6.660      0.408  0.000e+00
      6.805    28.6880   5.735129    35.2705     3.1051     0.0246          0     66.750 329.623562  1022.4003      6.767      0.431  0.000e+00
      6.978    28.6882   5.734915    35.2688     3.0913     0.0360          0     67.000 329.623565  1022.3997      6.939      0.456  0.000e+00
      7.129    28.6883   5.734678    35.2670     3.0145     0.0360          0     67.250 329.623568  1022.3990      7.090      0.473  0.000e+00
      7.259    28.6884   5.734908    35.2685     2.9988     0.0345          0     67.500 329.623571  1022.4007      7.219      0.494  0.000e+00
      7.335    28.6876   5.734839    35.2686     2.9791     0.0376          0     67.750 329.623573  1022.4013      7.294      0.494  0.000e+00
      7.378    28.6866   5.734747    35.2687     2.9702     0.0688          0     68.000 329.623576  1022.4019      7.337      0.476  0.000e+00
      7.421    28.6862   5.734572    35.2677     2.9610     0.0696          0     68.250 329.623579  1022.4015      7.380      0.448  0.000e+00
      7.497    28.6856   5.734358    35.2667     2.9613     0.0650          0     68.500 329.623582  1022.4012      7.456      0.404  0.000e+00
      7.605    28.6854   5.734098    35.2650     2.9841     0.0726          0     68.750 329.623585  1022.4005      7.563      0.364  0.000e+00
      7.757    28.6854   5.734098    35.2649     3.0035     0.0543          0     69.000 329.623588  1022.4011      7.714      0.340  0.000e+00
      7.897    28.6850   5.734068    35.2650     3.0180     0.0574          0     69.250 329.623591  1022.4019      7.854      0.348  0.000e+00
      8.016    28.6841   5.733617    35.2625     3.0284     0.0620          0     69.500 329.623594  1022.4008      7.972      0.377  0.000e+00
      8.146    28.6837   5.733265    35.2603     3.0351     0.0589          0     69.750 329.623597  1022.3998      8.101      0.425  0.000e+00
      8.275    28.6832   5.733487    35.2622     3.0495     0.0589          0     70.000 329.623600  1022.4020      8.230      0.473  0.000e+00
      8.329    28.6831   5.733617    35.2631     3.0600     0.0582          0     70.250 329.623602  1022.4029      8.283      0.487  0.000e+00
      8.297    28.6831   5.733487    35.2622     3.0495     0.0513          0     70.500 329.623605  1022.4021      8.251      0.444  0.000e+00
      8.265    28.6830   5.733495    35.2624     3.0376     0.0574          0     70.750 329.623608  1022.4021      8.219      0.359  0.000e+00
      8.275    28.6832   5.733327    35.2611     3.0490     0.0452          0     71.000 329.623611  1022.4011      8.230      0.262  0.000e+00
      8.384    28.6844   5.733135    35.2588     3.0325     0.0459          0     71.250 329.623614  1022.3995      8.337      0.199  0.000e+00
      8.513    28.6855   5.733265    35.2589     3.0246     0.0444          0     71.500 329.623617  1022.3997      8.466      0.176  0.000e+00
      8.643    28.6865   5.733525    35.2599     3.0196     0.0406          0     71.750 329.623620  1022.4007      8.596      0.186  0.000e+00
      8.805    28.6865   5.733587    35.2603     3.0239     0.0429          0     72.000 329.623623  1022.4017      8.757      0.241  0.000e+00
      8.892    28.6848   5.733235    35.2591     3.0186     0.0643          0     72.250 329.623626  1022.4017      8.843      0.318  0.000e+00
      8.946    28.6824   5.732815    35.2579     3.0271     0.0543          0     72.500 329.623628  1022.4019      8.897      0.386  0.000e+00
      8.968    28.6798   5.732433    35.2572     3.0200     0.0536          0     72.750 329.623631  1022.4023      8.918      0.409  0.000e+00
      8.979    28.6776   5.732173    35.2570     3.0435     0.0528          0     73.000 329.623634  1022.4030      8.929      0.379  0.000e+00
      9.065    28.6761   5.731913    35.2563     3.0492     0.0673          0     73.250 329.623637  1022.4033      9.015      0.327  0.000e+00
      9.184    28.6752   5.731784    35.2561     3.0464     0.0688          0     73.500 329.623640  1022.4039      9.133      0.291  0.000e+00
      9.314    28.6745   5.731784    35.2565     3.0513     0.0704          0     73.750 329.623643  1022.4051      9.262      0.280  0.000e+00
      9.422    28.6740   5.731852    35.2573     3.0503     0.0643          0     74.000 329.623646  1022.4063      9.370      0.287  0.000e+00
      9.541    28.6732   5.731662    35.2566     3.0442     0.0482          0     74.250 329.623649  1022.4065      9.488      0.328  0.000e+00
      9.617    28.6720   5.731394    35.2556     3.0381     0.0406          0     74.500 329.623652  1022.4065      9.563      0.369  0.000e+00
      9.638    28.6698   5.731012    35.2545     3.0404     0.0482          0     74.750 329.623655  1022.4065      9.585      0.386  0.000e+00
      9.714    28.6673   5.730691    35.2542     3.0499     0.0429          0     75.000 329.623657  1022.4074      9.660      0.383  0.000e+00
      9.768    28.6649   5.730309    35.2533     3.0537     0.0459          0     75.250 329.623660  1022.4078      9.714      0.350  0.000e+00
      9.887    28.6631   5.730050    35.2528     3.0680     0.0406          0     75.500 329.623663  1022.4085      9.832      0.324  0.000e+00
     10.006    28.6616   5.730180    35.2548     3.0596     0.0459          0     75.750 329.623666  1022.4110      9.950      0.314  0.000e+00
     10.114    28.6606   5.729935    35.2538     3.0669     0.0498          0     76.000 329.623669  1022.4110     10.058      0.322  0.000e+00
     10.233    28.6590   5.729668    35.2531     3.0739     0.0383          0     76.250 329.623672  1022.4115     10.176      0.344  0.000e+00
     10.308    28.6565   5.729248    35.2520     3.0797     0.0162          0     76.500 329.623675  1022.4119     10.251      0.373  0.000e+00
     10.438    28.6549   5.729088    35.2521     3.0818     0.0185          0     76.750 329.623678  1022.4130     10.380      0.409  0.000e+00
     10.524    28.6534   5.728897    35.2518     3.0806     0.0246          0     77.000 329.623681  1022.4137     10.466      0.421  0.000e+00
     10.621    28.6521   5.728767    35.2518     3.0926     0.0185          0     77.250 329.623683  1022.4146     10.563      0.426  0.000e+00
     10.708    28.6511   5.728637    35.2517     3.0851     0.0330          0     77.500 329.623686  1022.4151     10.649      0.411  0.000e+00
     10.881    28.6503   5.728507    35.2513     3.0896     0.0330          0     77.750 329.623689  1022.4159     10.821      0.418  0.000e+00
     11.065    28.6493   5.728477    35.2518     3.0804     0.0253          0     78.000 329.623692  1022.4173     11.004      0.449  0.000e+00
     11.227    28.6486   5.728378    35.2515     3.0820     0.0292          0     78.250 329.623695  1022.4181     11.165      0.488  0.000e+00
     11.324    28.6482   5.728179    35.2504     3.0729     0.0536          0     78.500 329.623698  1022.4178     11.262      0.518  0.000e+00
     11.378    28.6477   5.728026    35.2497     3.0674     0.0559          0     78.750 329.623701  1022.4177     11.315      0.515  0.000e+00
     11.389    28.6475   5.728095    35.2503     3.0930     0.0658          0     79.000 329.623704  1022.4183     11.326      0.487  0.000e+00
     11.399    28.6471   5.727736    35.2481     3.1049     0.0589          0     79.250 329.623707  1022.4168     11.336      0.427  0.000e+00
     11.432    28.6471   5.727774    35.2484     3.1078     0.0673          0     79.500 329.623709  1022.4171     11.369      0.350  0.000e+00
     11.562    28.6473   5.727622    35.2471     3.1145     0.0688          0     79.750 329.623712  1022.4167     11.498      0.282  0.000e+00
     11.746    28.6479   5.727545    35.2461     3.1167     0.0658          0     80.000 329.623715  1022.4165     11.681      0.264  0.000e+00
     11.940    28.6477   5.727706    35.2473     3.1090     0.0711          0     80.250 329.623718  1022.4183     11.874      0.302  0.000e+00
     12.070    28.6469   5.727866    35.2490     3.0945     0.0749          0     80.500 329.623721  1022.4204     12.003      0.370  0.000e+00
     12.070    28.6467   5.727736    35.2482     3.1047     0.0429          0     80.750 329.623724  1022.4199     12.003      0.414  0.000e+00
     12.016    28.6470   5.727706    35.2478     3.1017     0.0437          0     81.000 329.623727  1022.4192     11.949      0.412  0.000e+00
     11.973    28.6476   5.727713    35.2474     3.1179     0.0421          0     81.250 329.623730  1022.4185     11.907      0.359  0.000e+00
     11.984    28.6481   5.727706    35.2470     3.1414     0.0429          0     81.500 329.623733  1022.4181     11.917      0.274  0.000e+00
     12.005    28.6482   5.727736    35.2472     3.1514     0.0391          0     81.750 329.623736  1022.4183     11.939      0.167  0.000e+00
     12.059    28.6491   5.727996    35.2483     3.1621     0.0414          0     82.000 329.623738  1022.4190     11.993      0.079  0.000e+00
     12.124    28.6502   5.728027    35.2477     3.1549     0.0467          0     82.250 329.623741  1022.4185     12.057      0.036  0.000e+00
     12.178    28.6503   5.727966    35.2471     3.1464     0.0482          0     82.500 329.623744  1022.4183     12.111      0.048  0.000e+00
     12.200    28.6503   5.727805    35.2460     3.1120     0.0551          0     82.750 329.623747  1022.4176     12.132      0.092  0.000e+00
     12.243    28.6498   5.727775    35.2462     3.1036     0.0521          0     83.000 329.623750  1022.4180     12.175      0.140  0.000e+00
