ctd_kilwa/cnv/SBE19plus_01906740_2018_11_26_0039.cnv
* Sea-Bird SBE19plus  Data File:
* FileName = C:\Users\all user\Desktop\Mapping WWF\SBE19plus_01906740_2018_11_26_0039.hex
* Software version 2.6.3.104
* Temperature SN = 6740
* Conductivity SN = 6740
* System UpLoad Time = Nov 26 2018 19:52:57
* <ApplicationData>
* <Seaterm232>
# nquan = 13
# nvalues = 460                                   
# units = specified
# name 0 = prdM: Pressure, Strain Gauge [db]
# name 1 = tv290C: Temperature [ITS-90, deg C]
# name 2 = c0S/m: Conductivity [S/m]
# name 3 = sal00: Salinity, Practical [PSU]
# name 4 = sbeox0ML/L: Oxygen, SBE 43 [ml/l]
# name 5 = flECO-AFL: Fluorescence, WET Labs ECO-AFL/FL [mg/m^3]
# name 6 = nbf: Bottles Fired
# name 7 = timeS: Time, Elapsed [seconds]
# name 8 = timeJ: Julian Days
# name 9 = density00: Density [density, kg/m^3]
# name 10 = depSM: Depth [salt water, m], lat = 0.00
# name 11 = dz/dtM: Descent Rate [m/s]
# name 12 = flag:  0.000e+00
# span 0 =     -1.040,      1.912                 
# span 1 =    28.3466,    28.5884                 
# span 2 =   0.110419,   5.730948                 
# span 3 =     0.5100,    35.3356                 
# span 4 =     2.1745,     5.1101                 
# span 5 =    -0.2257,    48.6932                 
# span 6 =          0,          0                 
# span 7 =      0.000,    114.750                 
# span 8 = 328.407176, 328.408504                 
# span 9 =   996.5121,  1022.4600                 
# span 10 =     -1.035,      1.902                
# span 11 =     -0.425,      0.291                
# span 12 = 0.0000e+00, 0.0000e+00                
# interval = seconds: 0.25
# start_time = Nov 24 2018 09:46:20 [Instrument's time stamp, header]
# bad_flag = -9.990e-29
*END*
[from data line 223]
      0.107    28.5689   5.722981    35.2766     2.1947     0.0276          0     55.750 328.407821  1022.4158      0.106      0.085  0.000e+00
      0.074    28.5692   5.722851    35.2755     2.2159     0.0330          0     56.000 328.407824  1022.4147      0.074      0.048  0.000e+00
      0.074    28.5690   5.723172    35.2778     2.2243    -0.0197          0     56.250 328.407827  1022.4166      0.074      0.017  0.000e+00
      0.074    28.5691   5.723355    35.2790     2.2282    -0.0189          0     56.500 328.407830  1022.4174      0.074     -0.005  0.000e+00
      0.117    28.5690   5.723752    35.2819     2.2180    -0.0097          0     56.750 328.407833  1022.4198      0.117     -0.010  0.000e+00
      0.150    28.5690   5.723332    35.2789     2.2145    -0.0128          0     57.000 328.407836  1022.4177      0.149      0.001  0.000e+00
      0.117    28.5688   5.722981    35.2767     2.2166    -0.0311          0     57.250 328.407839  1022.4159      0.117     -0.004  0.000e+00
      0.096    28.5688   5.723011    35.2769     2.2119    -0.0235          0     57.500 328.407841  1022.4160      0.095      0.001  0.000e+00
      0.096    28.5688   5.723172    35.2780     2.2124    -0.0220          0     57.750 328.407844  1022.4168      0.095      0.012  0.000e+00
      0.107    28.5688   5.723638    35.2812     2.1973    -0.0220          0     58.000 328.407847  1022.4193      0.106      0.016  0.000e+00
      0.107    28.5686   5.723882    35.2831     2.1865     0.0238          0     58.250 328.407850  1022.4208      0.106      0.009  0.000e+00
      0.150    28.5683   5.723783    35.2826     2.3276     0.0284          0     58.500 328.407853  1022.4207      0.149      0.011  0.000e+00
      0.172    28.5685   5.723813    35.2826     2.3205     0.0192          0     58.750 328.407856  1022.4207      0.171      0.014  0.000e+00
      0.193    28.5682   5.723851    35.2831     2.2917     0.0200          0     59.000 328.407859  1022.4213      0.192      0.030  0.000e+00
      0.193    28.5682   5.723974    35.2840     2.2909     0.0231          0     59.250 328.407862  1022.4219      0.192      0.053  0.000e+00
      0.226    28.5681   5.724042    35.2845     2.3491     0.0360          0     59.500 328.407865  1022.4225      0.224      0.070  0.000e+00
      0.312    28.5678   5.723783    35.2829     2.3099     0.0360          0     59.750 328.407867  1022.4218      0.310      0.096  0.000e+00
      0.355    28.5675   5.723302    35.2798     2.2564     0.0368          0     60.000 328.407870  1022.4197      0.353      0.119  0.000e+00
      0.366    28.5677   5.722500    35.2740     2.2223     0.0368          0     60.250 328.407873  1022.4154      0.364      0.131  0.000e+00
      0.388    28.5679   5.722309    35.2726     2.2076    -0.0426          0     60.500 328.407876  1022.4143      0.386      0.132  0.000e+00
      0.420    28.5680   5.722431    35.2733     2.2103    -0.0342          0     60.750 328.407879  1022.4150      0.418      0.137  0.000e+00
      0.409    28.5681   5.722599    35.2744     2.2198    -0.0380          0     61.000 328.407882  1022.4157      0.407      0.128  0.000e+00
      0.420    28.5684   5.722729    35.2751     2.2327    -0.0357          0     61.250 328.407885  1022.4162      0.418      0.114  0.000e+00
      0.442    28.5684   5.722599    35.2742     2.1977     0.0017          0     61.500 328.407888  1022.4156      0.439      0.090  0.000e+00
      0.453    28.5682   5.722531    35.2739     2.1923    -0.0029          0     61.750 328.407891  1022.4155      0.450      0.063  0.000e+00
      0.485    28.5683   5.722645    35.2746     2.1942     0.0017          0     62.000 328.407894  1022.4161      0.482      0.059  0.000e+00
      0.496    28.5682   5.722599    35.2743     2.2010    -0.0036          0     62.250 328.407896  1022.4160      0.493      0.061  0.000e+00
      0.528    28.5682   5.722790    35.2756     2.2065    -0.0342          0     62.500 328.407899  1022.4171      0.525      0.065  0.000e+00
      0.550    28.5680   5.722821    35.2760     2.1829    -0.0258          0     62.750 328.407902  1022.4175      0.547      0.071  0.000e+00
      0.593    28.5680   5.722920    35.2767     2.1745    -0.0357          0     63.000 328.407905  1022.4182      0.590      0.089  0.000e+00
      0.626    28.5679   5.723012    35.2774     2.2000    -0.0258          0     63.250 328.407908  1022.4189      0.622      0.101  0.000e+00
      0.647    28.5679   5.723019    35.2774     2.2619    -0.0181          0     63.500 328.407911  1022.4191      0.644      0.107  0.000e+00
      0.626    28.5678   5.723371    35.2799     2.2523     0.0017          0     63.750 328.407914  1022.4209      0.622      0.100  0.000e+00
      0.637    28.5677   5.723691    35.2822     2.2268     0.0032          0     64.000 328.407917  1022.4227      0.633      0.087  0.000e+00
      0.647    28.5675   5.724073    35.2850     2.2077     0.0017          0     64.250 328.407920  1022.4249      0.644      0.076  0.000e+00
      0.701    28.5669   5.724554    35.2888     2.2234    -0.0014          0     64.500 328.407922  1022.4282      0.698      0.071  0.000e+00
      0.734    28.5666   5.724005    35.2852     2.2495    -0.0067          0     64.750 328.407925  1022.4257      0.730      0.073  0.000e+00
      0.734    28.5666   5.718843    35.2493     2.2565    -0.0166          0     65.000 328.407928  1022.3987      0.730      0.068  0.000e+00
      0.712    28.5672   5.717019    35.2362     2.2174    -0.0052          0     65.250 328.407931  1022.3886      0.708      0.059  0.000e+00
      0.734    28.5663   5.716378    35.2324     2.1861    -0.0120          0     65.500 328.407934  1022.3861      0.730      0.059  0.000e+00
      0.766    28.5645   5.716027    35.2313     2.1818    -0.0166          0     65.750 328.407937  1022.3860      0.762      0.068  0.000e+00
      0.755    28.5633   5.715866    35.2311     2.1783    -0.0197          0     66.000 328.407940  1022.3862      0.751      0.058  0.000e+00
      0.766    28.5627   5.715744    35.2307     2.1806    -0.0120          0     66.250 328.407943  1022.3861      0.762      0.047  0.000e+00
      0.777    28.5620   5.715638    35.2304     2.1795    -0.0113          0     66.500 328.407946  1022.3862      0.773      0.033  0.000e+00
      0.809    28.5617   5.715607    35.2304     2.1929     0.0353          0     66.750 328.407948  1022.3865      0.805      0.037  0.000e+00
      0.831    28.5616   5.715546    35.2301     2.2318     0.0307          0     67.000 328.407951  1022.3863      0.827      0.051  0.000e+00
      0.820    28.5615   5.715577    35.2304     2.2855     0.0368          0     67.250 328.407954  1022.3865      0.816      0.056  0.000e+00
      0.788    28.5616   5.715477    35.2296     2.4469     0.0330          0     67.500 328.407957  1022.3858      0.784      0.038  0.000e+00
      0.745    28.5613   5.715355    35.2291     2.5507     0.0253          0     67.750 328.407960  1022.3853      0.741      0.012  0.000e+00
      0.701    28.5609   5.715279    35.2288     2.5522     0.0261          0     68.000 328.407963  1022.3851      0.698     -0.017  0.000e+00
      0.766    28.5604   5.715157    35.2283     2.5164     0.0170          0     68.250 328.407966  1022.3852      0.762     -0.027  0.000e+00
      0.842    28.5599   5.715096    35.2283     2.5343     0.0200          0     68.500 328.407969  1022.3856      0.837     -0.014  0.000e+00
      0.864    28.5593   5.715035    35.2283     2.5432     0.0215          0     68.750 328.407972  1022.3859      0.859      0.004  0.000e+00
      0.907    28.5587   5.714966    35.2282     2.5350    -0.0372          0     69.000 328.407975  1022.3862      0.902      0.038  0.000e+00
      0.874    28.5557   5.714264    35.2255     2.5398    -0.0227          0     69.250 328.407977  1022.3851      0.870      0.063  0.000e+00
      0.864    28.5509   5.713524    35.2240     2.5391    -0.0265          0     69.500 328.407980  1022.3855      0.859      0.080  0.000e+00
      0.896    28.5476   5.713364    35.2253     2.5548    -0.0303          0     69.750 328.407983  1022.3877      0.891      0.092  0.000e+00
      0.918    28.5454   5.713364    35.2269     2.5835     0.0597          0     70.000 328.407986  1022.3897      0.913      0.087  0.000e+00
      0.972    28.5451   5.713524    35.2283     2.6055     0.0604          0     70.250 328.407989  1022.3911      0.966      0.071  0.000e+00
      0.982    28.5451   5.713593    35.2288     2.6162     0.0589          0     70.500 328.407992  1022.3915      0.977      0.062  0.000e+00
      0.950    28.5445   5.713562    35.2290     2.6265     0.0513          0     70.750 328.407995  1022.3917      0.945      0.055  0.000e+00
      0.907    28.5428   5.713188    35.2277     2.6358    -0.0197          0     71.000 328.407998  1022.3911      0.902      0.036  0.000e+00
      0.853    28.5401   5.712631    35.2258     2.6310    -0.0212          0     71.250 328.408001  1022.3903      0.848      0.014  0.000e+00
      0.864    28.5386   5.712662    35.2271     2.6303    -0.0258          0     71.500 328.408003  1022.3919      0.859     -0.012  0.000e+00
      0.907    28.5378   5.712723    35.2281     2.6953    -0.0258          0     71.750 328.408006  1022.3930      0.902     -0.029  0.000e+00
      0.907    28.5374   5.712601    35.2276     2.7493    -0.0311          0     72.000 328.408009  1022.3928      0.902     -0.038  0.000e+00
      0.907    28.5367   5.712532    35.2276     2.7621    -0.0006          0     72.250 328.408012  1022.3931      0.902     -0.041  0.000e+00
      0.864    28.5366   5.712479    35.2274     2.8056    -0.0097          0     72.500 328.408015  1022.3927      0.859     -0.037  0.000e+00
      0.874    28.5365   5.712502    35.2276     2.7838     0.0032          0     72.750 328.408018  1022.3930      0.870     -0.019  0.000e+00
      0.939    28.5363   5.712471    35.2275     2.7339     0.0032          0     73.000 328.408021  1022.3933      0.934      0.013  0.000e+00
      0.983    28.5357   5.712311    35.2268     2.7094     0.0109          0     73.250 328.408024  1022.3931      0.977      0.043  0.000e+00
      1.026    28.5347   5.712082    35.2259     2.6872     0.0055          0     73.500 328.408027  1022.3930      1.020      0.061  0.000e+00
      1.004    28.5338   5.712052    35.2264     2.6607     0.0116          0     73.750 328.408030  1022.3935      0.999      0.065  0.000e+00
      0.950    28.5336   5.712120    35.2270     2.6662     0.0032          0     74.000 328.408032  1022.3938      0.945      0.060  0.000e+00
      0.918    28.5338   5.712143    35.2271     2.6821    -0.0197          0     74.250 328.408035  1022.3937      0.913      0.043  0.000e+00
      0.939    28.5342   5.712181    35.2270     2.6815    -0.0151          0     74.500 328.408038  1022.3936      0.934      0.032  0.000e+00
      0.972    28.5344   5.712181    35.2269     2.6921    -0.0143          0     74.750 328.408041  1022.3936      0.966      0.012  0.000e+00
      1.026    28.5347   5.712311    35.2275     2.7395    -0.0174          0     75.000 328.408044  1022.3942      1.020      0.004  0.000e+00
      1.080    28.5354   5.712342    35.2272     2.7734     0.0116          0     75.250 328.408047  1022.3940      1.074      0.021  0.000e+00
      1.112    28.5359   5.712311    35.2266     2.7487     0.0109          0     75.500 328.408050  1022.3935      1.106      0.052  0.000e+00
      1.134    28.5359   5.712204    35.2259     2.7400     0.0131          0     75.750 328.408053  1022.3930      1.128      0.094  0.000e+00
      1.156    28.5344   5.711930    35.2251     2.7485     0.0063          0     76.000 328.408056  1022.3930      1.149      0.128  0.000e+00
      1.199    28.5323   5.711609    35.2244     2.7425     0.0109          0     76.250 328.408058  1022.3933      1.192      0.146  0.000e+00
      1.253    28.5299   5.711381    35.2246     2.7873     0.0559          0     76.500 328.408061  1022.3945      1.246      0.150  0.000e+00
      1.339    28.5271   5.711129    35.2249     2.8129     0.0574          0     76.750 328.408064  1022.3960      1.332      0.162  0.000e+00
      1.383    28.5225   5.710580    35.2244     2.8419     0.0589          0     77.000 328.408067  1022.3974      1.375      0.170  0.000e+00
      1.372    28.5152   5.709527    35.2225     2.8402     0.0566          0     77.250 328.408070  1022.3983      1.364      0.166  0.000e+00
      1.350    28.5033   5.707483    35.2172     2.8190     0.0353          0     77.500 328.408073  1022.3982      1.343      0.151  0.000e+00
      1.361    28.4913   5.706492    35.2192     2.8940     0.0315          0     77.750 328.408076  1022.4037      1.353      0.131  0.000e+00
      1.372    28.4837   5.706233    35.2230     2.8340     0.0444          0     78.000 328.408079  1022.4092      1.364      0.105  0.000e+00
      1.447    28.4797   5.706332    35.2267     2.8142     0.0330          0     78.250 328.408082  1022.4136      1.439      0.091  0.000e+00
      1.512    28.4792   5.706645    35.2292     2.8091     0.0147          0     78.500 328.408084  1022.4159      1.504      0.089  0.000e+00
      1.599    28.4803   5.706965    35.2306     2.8066     0.0200          0     78.750 328.408087  1022.4170      1.590      0.107  0.000e+00
      1.653    28.4799   5.706729    35.2293     2.8182     0.0101          0     79.000 328.408090  1022.4163      1.644      0.145  0.000e+00
      1.664    28.4744   5.705661    35.2259     2.8368     0.0070          0     79.250 328.408093  1022.4156      1.654      0.179  0.000e+00
      1.718    28.4680   5.704922    35.2255     2.8303     0.0139          0     79.500 328.408096  1022.4176      1.708      0.206  0.000e+00
      1.793    28.4643   5.704762    35.2271     2.9326     0.0376          0     79.750 328.408099  1022.4204      1.783      0.223  0.000e+00
      1.815    28.4610   5.704670    35.2289     3.5405     0.0307          0     80.000 328.408102  1022.4229      1.805      0.219  0.000e+00
      1.836    28.4590   5.704281    35.2277     3.5380     0.0452          0     80.250 328.408105  1022.4228      1.826      0.195  0.000e+00
      1.826    28.4575   5.704030    35.2270     3.4353     0.0337          0     80.500 328.408108  1022.4228      1.816      0.161  0.000e+00
      1.837    28.4565   5.703992    35.2275     3.3337     0.0360          0     80.750 328.408111  1022.4235      1.826      0.128  0.000e+00
      1.837    28.4557   5.703770    35.2266     3.2706     0.0337          0     81.000 328.408113  1022.4230      1.826      0.101  0.000e+00
      1.837    28.4550   5.703709    35.2266     3.1681     0.0406          0     81.250 328.408116  1022.4233      1.826      0.076  0.000e+00
      1.847    28.4547   5.703740    35.2271     3.0446     0.0292          0     81.500 328.408119  1022.4238      1.837      0.046  0.000e+00
      1.847    28.4549   5.703770    35.2271     2.8785     0.0345          0     81.750 328.408122  1022.4238      1.837      0.022  0.000e+00
      1.891    28.4551   5.703801    35.2272     2.7754     0.0353          0     82.000 328.408125  1022.4239      1.880      0.025  0.000e+00
      1.891    28.4552   5.703740    35.2267     2.7730     0.0353          0     82.250 328.408128  1022.4235      1.880      0.030  0.000e+00
      1.912    28.4556   5.703870    35.2273     2.8090     0.0368          0     82.500 328.408131  1022.4240      1.902      0.042  0.000e+00
      1.901    28.4562   5.703900    35.2271     2.8082    -0.0143          0     82.750 328.408134  1022.4235      1.891      0.043  0.000e+00
      1.891    28.4570   5.703999    35.2272     2.7914    -0.0113          0     83.000 328.408137  1022.4233      1.880      0.039  0.000e+00
