ctd_kilwa/cnv/SBE19plus_01906740_2018_11_26_0060.cnv
* Sea-Bird SBE19plus  Data File:
* FileName = C:\Users\all user\Desktop\Mapping WWF\SBE19plus_01906740_2018_11_26_0060.hex
* Software version 2.6.3.104
* Temperature SN = 6740
* Conductivity SN = 6740
* System UpLoad Time = Nov 26 2018 19:58:24
* <ApplicationData>
* <Seaterm232>
# nquan = 13
# nvalues = 506                                   
# units = specified
# name 0 = prdM: Pressure, Strain Gauge [db]
# name 1 = tv290C: Temperature [ITS-90, deg C]
# name 2 = c0S/m: Conductivity [S/m]
# name 3 = sal00: Salinity, Practical [PSU]
# name 4 = sbeox0ML/L: Oxygen, SBE 43 [ml/l]
# name 5 = flECO-AFL: Fluorescence, WET Labs ECO-AFL/FL [mg/m^3]
# name 6 = nbf: Bottles Fired
# name 7 = timeS: Time, Elapsed [seconds]
# name 8 = timeJ: Julian Days
# name 9 = density00: Density [density, kg/m^3]
# name 10 = depSM: Depth [salt water, m], lat = 0.00
# name 11 = dz/dtM: Descent Rate [m/s]
# name 12 = flag:  0.000e+00
# span 0 =     -1.046,      5.691                 
# span 1 =    27.8572,    31.7879                 
# span 2 =   0.255480,   5.943279                 
# span 3 =     1.2351,    36.0917                 
# span 4 =     2.2197,     3.9009                 
# span 5 =    -0.0319,     3.4808                 
# span 6 =          0,          0                 
# span 7 =      0.000,    126.250                 
# span 8 = 329.491308, 329.492769                 
# span 9 =   996.1701,  1023.1974                 
# span 10 =     -1.040,      5.660                
# span 11 =     -0.592,      0.476                
# span 12 = 0.0000e+00, 0.0000e+00                
# interval = seconds: 0.25
# start_time = Nov 25 2018 11:47:29 [Instrument's time stamp, header]
# bad_flag = -9.990e-29
*END*
[from data line 112]
      2.036    28.2005   5.779601    35.9487     2.4675     2.3096          0     28.000 329.491632  1023.0511      2.025      0.204  0.000e+00
      2.036    28.1899   5.787296    36.0108     2.4668     2.3020          0     28.250 329.491635  1023.1013      2.025      0.175  0.000e+00
      1.982    28.1789   5.791348    36.0476     2.4667     2.3028          0     28.500 329.491638  1023.1324      1.971      0.114  0.000e+00
      1.950    28.1847   5.794211    36.0633     2.4565     2.2928          0     28.750 329.491641  1023.1421      1.939      0.045  0.000e+00
      1.971    28.2413   5.789950    35.9902     2.4592     2.3028          0     29.000 329.491644  1023.0685      1.960     -0.005  0.000e+00
      2.003    28.2941   5.774853    35.8442     2.4564     2.3028          0     29.250 329.491646  1022.9415      1.992     -0.036  0.000e+00
      2.058    28.3078   5.757715    35.7139     2.4541     2.2936          0     29.500 329.491649  1022.8392      2.046     -0.027  0.000e+00
      2.176    28.2938   5.734393    35.5613     2.4532     2.2883          0     29.750 329.491652  1022.7296      2.164      0.025  0.000e+00
      2.317    28.2486   5.724538    35.5263     2.4542     2.2928          0     30.000 329.491655  1022.7188      2.304      0.117  0.000e+00
      2.403    28.2012   5.733691    35.6261     2.4508     2.2982          0     30.250 329.491658  1022.8098      2.390      0.201  0.000e+00
      2.447    28.1669   5.756907    35.8149     2.4456     2.2997          0     30.500 329.491661  1022.9632      2.433      0.272  0.000e+00
      2.382    28.1359   5.771093    35.9381     2.4442     2.3127          0     30.750 329.491664  1023.0658      2.369      0.281  0.000e+00
      2.328    28.1048   5.777978    36.0102     2.4428     2.3096          0     31.000 329.491667  1023.1301      2.315      0.238  0.000e+00
      2.273    28.0790   5.780608    36.0485     2.4405     2.3104          0     31.250 329.491670  1023.1672      2.261      0.162  0.000e+00
      2.263    28.1138   5.769346    35.9427     2.4440     2.2967          0     31.500 329.491672  1023.0761      2.250      0.074  0.000e+00
      2.284    28.1659   5.764771    35.8708     2.4442     2.2944          0     31.750 329.491675  1023.0050      2.272     -0.007  0.000e+00
      2.338    28.1875   5.764472    35.8523     2.4345     2.2959          0     32.000 329.491678  1022.9841      2.325     -0.050  0.000e+00
      2.381    28.1982   5.771935    35.8965     2.4209     2.2997          0     32.250 329.491681  1023.0141      2.368     -0.045  0.000e+00
      2.425    28.2087   5.779111    35.9389     2.4214     2.2967          0     32.500 329.491684  1023.0426      2.411     -0.004  0.000e+00
      2.457    28.2200   5.785761    35.9769     2.4150     2.3005          0     32.750 329.491687  1023.0676      2.444      0.059  0.000e+00
      2.457    28.2276   5.791048    36.0082     2.4091     2.2852          0     33.000 329.491690  1023.0887      2.444      0.099  0.000e+00
      2.479    28.2259   5.793596    36.0274     2.4105     2.2898          0     33.250 329.491693  1023.1038      2.465      0.122  0.000e+00
      2.522    28.2260   5.787172    35.9822     2.4128     2.2921          0     33.500 329.491696  1023.0700      2.508      0.129  0.000e+00
      2.587    28.2263   5.775599    35.9008     2.4052     2.2875          0     33.750 329.491698  1023.0089      2.572      0.132  0.000e+00
      2.641    28.2228   5.775407    35.9021     2.4078     2.2776          0     34.000 329.491701  1023.0113      2.626      0.136  0.000e+00
      2.695    28.2218   5.782815    35.9548     2.4077     2.2883          0     34.250 329.491704  1023.0515      2.680      0.148  0.000e+00
      2.727    28.2246   5.789106    35.9968     2.4031     2.2913          0     34.500 329.491707  1023.0822      2.712      0.160  0.000e+00
      2.749    28.2287   5.792422    36.0169     2.3990     2.2875          0     34.750 329.491710  1023.0961      2.734      0.169  0.000e+00
      2.792    28.2322   5.795454    36.0355     2.3988     2.3050          0     35.000 329.491713  1023.1091      2.777      0.178  0.000e+00
      2.836    28.2355   5.797382    36.0465     2.3934     2.3043          0     35.250 329.491716  1023.1166      2.820      0.177  0.000e+00
      2.890    28.2382   5.792422    36.0096     2.3882     2.3127          0     35.500 329.491719  1023.0881      2.874      0.172  0.000e+00
      2.955    28.2397   5.774985    35.8862     2.3883     2.3119          0     35.750 329.491722  1022.9951      2.938      0.171  0.000e+00
      3.041    28.2346   5.768693    35.8459     2.3800     2.2799          0     36.000 329.491725  1022.9669      3.024      0.186  0.000e+00
      3.084    28.2233   5.775913    35.9052     2.3715     2.2883          0     36.250 329.491727  1023.0153      3.067      0.201  0.000e+00
      3.095    28.2157   5.784541    35.9714     2.3705     2.2883          0     36.500 329.491730  1023.0677      3.078      0.206  0.000e+00
      3.074    28.2143   5.789130    36.0047     2.3623     2.2852          0     36.750 329.491733  1023.0931      3.057      0.190  0.000e+00
      3.020    28.2116   5.796507    36.0585     2.3592     2.2852          0     37.000 329.491736  1023.1342      3.003      0.144  0.000e+00
      2.966    28.2086   5.800900    36.0917     2.3564     2.2921          0     37.250 329.491739  1023.1600      2.949      0.080  0.000e+00
      2.944    28.2059   5.796852    36.0654     2.3475     2.2967          0     37.500 329.491742  1023.1410      2.928      0.013  0.000e+00
      2.944    28.2042   5.789199    36.0129     2.3463     2.3058          0     37.750 329.491745  1023.1021      2.928     -0.043  0.000e+00
      2.987    28.2024   5.779863    35.9488     2.3487     2.2959          0     38.000 329.491748  1023.0546      2.971     -0.070  0.000e+00
      3.020    28.1975   5.774695    35.9162     2.3463     2.3081          0     38.250 329.491751  1023.0319      3.003     -0.061  0.000e+00
      3.085    28.1879   5.765377    35.8581     2.3471     2.3012          0     38.500 329.491753  1022.9916      3.068     -0.019  0.000e+00
      3.128    28.1641   5.751350    35.7777     2.3526     2.3012          0     38.750 329.491756  1022.9391      3.111      0.038  0.000e+00
      3.182    28.1287   5.746799    35.7727     2.3496     2.3058          0     39.000 329.491759  1022.9472      3.164      0.100  0.000e+00
      3.225    28.1017   5.745483    35.7839     2.3413     2.2898          0     39.250 329.491762  1022.9647      3.207      0.148  0.000e+00
      3.247    28.0841   5.749156    35.8230     2.3377     2.2875          0     39.500 329.491765  1023.0000      3.229      0.170  0.000e+00
      3.268    28.0780   5.757628    35.8873     2.3234     2.2913          0     39.750 329.491768  1023.0504      3.250      0.172  0.000e+00
      3.279    28.0791   5.763157    35.9253     2.3199     2.2791          0     40.000 329.491771  1023.0788      3.261      0.156  0.000e+00
      3.279    28.0797   5.755653    35.8721     2.3211     2.3058          0     40.250 329.491774  1023.0386      3.261      0.131  0.000e+00
      3.312    28.0772   5.749707    35.8321     2.3225     2.3104          0     40.500 329.491777  1023.0094      3.293      0.107  0.000e+00
      3.344    28.0726   5.748368    35.8263     2.3142     2.3096          0     40.750 329.491780  1023.0067      3.326      0.093  0.000e+00
      3.344    28.0671   5.744803    35.8053     2.3137     2.3119          0     41.000 329.491782  1022.9927      3.326      0.076  0.000e+00
      3.333    28.0621   5.743511    35.8001     2.3151     2.3066          0     41.250 329.491785  1022.9904      3.315      0.061  0.000e+00
      3.333    28.0577   5.743641    35.8043     2.3160     2.2715          0     41.500 329.491788  1022.9950      3.315      0.049  0.000e+00
      3.312    28.0542   5.742326    35.7978     2.3147     2.2768          0     41.750 329.491791  1022.9911      3.294      0.032  0.000e+00
      3.312    28.0500   5.738036    35.7708     2.3098     2.2738          0     42.000 329.491794  1022.9722      3.294      0.017  0.000e+00
      3.355    28.0421   5.730447    35.7234     2.3099     2.2722          0     42.250 329.491797  1022.9394      3.337      0.015  0.000e+00
      3.409    28.0266   5.720107    35.6624     2.3138     2.2928          0     42.500 329.491800  1022.8987      3.390      0.022  0.000e+00
      3.431    28.0090   5.704100    35.5632     2.3071     2.2928          0     42.750 329.491803  1022.8300      3.412      0.038  0.000e+00
      3.506    27.9907   5.693955    35.5057     2.3079     2.2959          0     43.000 329.491806  1022.7931      3.487      0.076  0.000e+00
      3.604    27.9754   5.690512    35.4930     2.3028     2.3012          0     43.250 329.491808  1022.7889      3.584      0.129  0.000e+00
      3.658    27.9669   5.694550    35.5277     2.3071     2.3089          0     43.500 329.491811  1022.8181      3.638      0.176  0.000e+00
      3.712    27.9707   5.702187    35.5786     2.3056     2.3111          0     43.750 329.491814  1022.8553      3.691      0.216  0.000e+00
      3.723    27.9819   5.715047    35.6606     2.3026     2.3104          0     44.000 329.491817  1022.9134      3.702      0.226  0.000e+00
      3.701    27.9888   5.719306    35.6853     2.3033     2.3058          0     44.250 329.491820  1022.9296      3.681      0.203  0.000e+00
      3.614    27.9880   5.720527    35.6945     2.3041     2.3157          0     44.500 329.491823  1022.9365      3.595      0.145  0.000e+00
      3.561    27.9842   5.730701    35.7691     2.3065     2.2921          0     44.750 329.491826  1022.9936      3.541      0.074  0.000e+00
      3.507    27.9808   5.738764    35.8285     2.3038     2.2883          0     45.000 329.491829  1023.0391      3.487     -0.015  0.000e+00
      3.485    27.9782   5.732603    35.7871     2.3046     2.2822          0     45.250 329.491832  1023.0088      3.466     -0.089  0.000e+00
      3.528    27.9771   5.711262    35.6377     2.3202     2.2814          0     45.500 329.491834  1022.8969      3.509     -0.118  0.000e+00
      3.636    27.9756   5.709027    35.6231     2.3229     2.3111          0     45.750 329.491837  1022.8869      3.616     -0.095  0.000e+00
      3.744    27.9726   5.711331    35.6415     2.3279     2.3134          0     46.000 329.491840  1022.9021      3.724     -0.024  0.000e+00
      3.852    27.9723   5.711904    35.6458     2.3375     2.2997          0     46.250 329.491843  1022.9059      3.831      0.078  0.000e+00
      3.928    27.9736   5.714551    35.6633     2.3360     2.3104          0     46.500 329.491846  1022.9190      3.907      0.184  0.000e+00
      3.972    27.9753   5.715810    35.6709     2.3327     2.2837          0     46.750 329.491849  1022.9244      3.950      0.257  0.000e+00
      3.928    27.9773   5.714467    35.6600     2.3252     2.2951          0     47.000 329.491852  1022.9153      3.907      0.278  0.000e+00
      3.863    27.9774   5.717864    35.6838     2.3180     2.2799          0     47.250 329.491855  1022.9329      3.842      0.238  0.000e+00
      3.799    27.9769   5.724346    35.7298     2.3163     2.2860          0     47.500 329.491858  1022.9674      3.778      0.150  0.000e+00
      3.744    27.9793   5.730991    35.7748     2.3145     2.2913          0     47.750 329.491861  1023.0002      3.724      0.041  0.000e+00
      3.723    27.9835   5.737281    35.8159     2.3103     2.2814          0     48.000 329.491863  1023.0297      3.702     -0.052  0.000e+00
      3.777    27.9880   5.742809    35.8514     2.3094     2.2829          0     48.250 329.491866  1023.0552      3.756     -0.100  0.000e+00
      3.874    27.9906   5.746059    35.8723     2.3138     2.2799          0     48.500 329.491869  1023.0705      3.853     -0.089  0.000e+00
      3.928    27.9921   5.749517    35.8955     2.3172     2.2829          0     48.750 329.491872  1023.0876      3.907     -0.039  0.000e+00
      3.993    27.9936   5.751538    35.9086     2.3140     2.2883          0     49.000 329.491875  1023.0973      3.971      0.043  0.000e+00
      4.080    27.9956   5.753749    35.9226     2.3347     2.2989          0     49.250 329.491878  1023.1075      4.057      0.131  0.000e+00
      4.166    27.9976   5.755655    35.9344     2.3246     2.2974          0     49.500 329.491881  1023.1161      4.143      0.211  0.000e+00
      4.199    27.9993   5.754943    35.9281     2.3200     2.2982          0     49.750 329.491884  1023.1110      4.175      0.258  0.000e+00
      4.166    28.0024   5.755426    35.9292     2.3222     2.3111          0     50.000 329.491887  1023.1106      4.143      0.252  0.000e+00
      4.155    28.0069   5.757623    35.9411     2.3155     2.3119          0     50.250 329.491889  1023.1181      4.132      0.207  0.000e+00
      4.123    28.0107   5.758534    35.9447     2.3136     2.3081          0     50.500 329.491892  1023.1194      4.100      0.143  0.000e+00
      4.134    28.0145   5.760953    35.9588     2.3088     2.3089          0     50.750 329.491895  1023.1288      4.111      0.091  0.000e+00
      4.145    28.0173   5.763603    35.9753     2.3057     2.3089          0     51.000 329.491898  1023.1404      4.122      0.042  0.000e+00
      4.177    28.0194   5.766330    35.9930     2.2912     2.3050          0     51.250 329.491901  1023.1531      4.154      0.010  0.000e+00
      4.209    28.0212   5.768016    36.0034     2.2854     2.3203          0     51.500 329.491904  1023.1605      4.186      0.003  0.000e+00
      4.188    28.0264   5.768376    36.0020     2.2831     2.3012          0     51.750 329.491907  1023.1576      4.165      0.010  0.000e+00
      4.209    28.0350   5.770115    36.0077     2.2745     2.3104          0     52.000 329.491910  1023.1592      4.186      0.032  0.000e+00
      4.242    28.0458   5.771970    36.0124     2.2752     2.3096          0     52.250 329.491913  1023.1593      4.219      0.052  0.000e+00
      4.296    28.0593   5.774277    36.0183     2.2707     2.3127          0     52.500 329.491916  1023.1596      4.272      0.077  0.000e+00
      4.382    28.0770   5.775327    36.0122     2.2809     2.3134          0     52.750 329.491918  1023.1495      4.358      0.105  0.000e+00
      4.480    28.0967   5.774958    35.9945     2.2802     2.3028          0     53.000 329.491921  1023.1302      4.455      0.146  0.000e+00
      4.534    28.1134   5.771877    35.9601     2.2771     2.3142          0     53.250 329.491924  1023.0990      4.509      0.181  0.000e+00
      4.566    28.1222   5.768275    35.9280     2.2721     2.3081          0     53.500 329.491927  1023.0721      4.541      0.210  0.000e+00
      4.501    28.1249   5.766122    35.9109     2.2689     2.3104          0     53.750 329.491930  1023.0581      4.476      0.206  0.000e+00
      4.436    28.1242   5.766359    35.9131     2.2601     2.3104          0     54.000 329.491933  1023.0597      4.412      0.159  0.000e+00
      4.393    28.1237   5.767853    35.9240     2.2570     2.3173          0     54.250 329.491936  1023.0678      4.369      0.090  0.000e+00
      4.361    28.1256   5.769960    35.9374     2.2469     2.3218          0     54.500 329.491939  1023.0772      4.337      0.012  0.000e+00
      4.382    28.1302   5.771922    35.9476     2.2347     2.3256          0     54.750 329.491942  1023.0834      4.358     -0.051  0.000e+00
      4.426    28.1365   5.770703    35.9343     2.2398     2.3211          0     55.000 329.491944  1023.0715      4.401     -0.079  0.000e+00
      4.480    28.1406   5.767010    35.9052     2.2421     2.3478          0     55.250 329.491947  1023.0485      4.455     -0.063  0.000e+00
