ctd_kilwa/cnv/SBE19plus_01906740_2018_11_26_0059.cnv
* Sea-Bird SBE19plus  Data File:
* FileName = C:\Users\all user\Desktop\Mapping WWF\SBE19plus_01906740_2018_11_26_0059.hex
* Software version 2.6.3.104
* Temperature SN = 6740
* Conductivity SN = 6740
* System UpLoad Time = Nov 26 2018 19:58:12
* <ApplicationData>
* <Seaterm232>
# nquan = 13
# nvalues = 357                                   
# units = specified
# name 0 = prdM: Pressure, Strain Gauge [db]
# name 1 = tv290C: Temperature [ITS-90, deg C]
# name 2 = c0S/m: Conductivity [S/m]
# name 3 = sal00: Salinity, Practical [PSU]
# name 4 = sbeox0ML/L: Oxygen, SBE 43 [ml/l]
# name 5 = flECO-AFL: Fluorescence, WET Labs ECO-AFL/FL [mg/m^3]
# name 6 = nbf: Bottles Fired
# name 7 = timeS: Time, Elapsed [seconds]
# name 8 = timeJ: Julian Days
# name 9 = density00: Density [density, kg/m^3]
# name 10 = depSM: Depth [salt water, m], lat = 0.00
# name 11 = dz/dtM: Descent Rate [m/s]
# name 12 = flag:  0.000e+00
# span 0 =     -1.032,      3.034                 
# span 1 =    27.9392,    28.8351                 
# span 2 =   0.816374,   5.757471                 
# span 3 =     4.2468,    35.7816                 
# span 4 =     2.5504,     3.7466                 
# span 5 =    -0.3340,    48.6894                 
# span 6 =          0,          0                 
# span 7 =      0.000,     89.000                 
# span 8 = 329.470417, 329.471447                 
# span 9 =   999.4134,  1022.9104                 
# span 10 =     -1.026,      3.017                
# span 11 =     -0.453,      0.411                
# span 12 = 0.0000e+00, 0.0000e+00                
# interval = seconds: 0.25
# start_time = Nov 25 2018 11:17:24 [Instrument's time stamp, header]
# bad_flag = -9.990e-29
*END*
[from data line 223]
      2.817    28.0464   5.658891    35.2178     2.7328     0.0505          0     55.750 329.471062  1022.5553      2.802     -0.005  0.000e+00
      2.828    28.0395   5.658732    35.2218     2.8353     0.0612          0     56.000 329.471065  1022.5606      2.813     -0.003  0.000e+00
      2.828    28.0347   5.658793    35.2259     2.7953     0.0162          0     56.250 329.471068  1022.5653      2.813     -0.004  0.000e+00
      2.850    28.0292   5.658922    35.2309     2.7780     0.0139          0     56.500 329.471071  1022.5710      2.834      0.006  0.000e+00
      2.872    28.0242   5.660282    35.2441     2.7607     0.0200          0     56.750 329.471073  1022.5826      2.856      0.015  0.000e+00
      2.872    28.0244   5.661346    35.2515     2.7523     0.0093          0     57.000 329.471076  1022.5881      2.856      0.024  0.000e+00
      2.904    28.0261   5.661802    35.2534     2.7430     0.0170          0     57.250 329.471079  1022.5891      2.888      0.042  0.000e+00
      2.936    28.0259   5.662182    35.2562     2.7048     0.0147          0     57.500 329.471082  1022.5915      2.920      0.061  0.000e+00
      2.958    28.0261   5.661232    35.2493     2.7095     0.0139          0     57.750 329.471085  1022.5863      2.942      0.071  0.000e+00
      2.947    28.0258   5.661012    35.2481     2.6847     0.0139          0     58.000 329.471088  1022.5854      2.931      0.071  0.000e+00
      3.023    28.0247   5.659272    35.2366     2.7294     0.0162          0     58.250 329.471091  1022.5775      3.006      0.087  0.000e+00
      3.012    28.0183   5.656392    35.2212     2.7360     0.0177          0     58.500 329.471094  1022.5679      2.996      0.087  0.000e+00
      3.012    28.0091   5.656202    35.2268     2.7232     0.0109          0     58.750 329.471097  1022.5751      2.996      0.082  0.000e+00
      3.034    28.0043   5.656111    35.2297     2.7104     0.0124          0     59.000 329.471100  1022.5790      3.017      0.079  0.000e+00
      3.012    27.9978   5.656362    35.2363     2.7019     0.0162          0     59.250 329.471102  1022.5860      2.996      0.060  0.000e+00
      2.980    27.9923   5.658414    35.2549     2.6933     0.0360          0     59.500 329.471105  1022.6016      2.964      0.033  0.000e+00
      2.958    27.9904   5.660283    35.2695     2.6762     0.0459          0     59.750 329.471108  1022.6131      2.942      0.007  0.000e+00
      2.926    27.9888   5.660693    35.2735     2.6770     0.0360          0     60.000 329.471111  1022.6165      2.910     -0.023  0.000e+00
      2.904    27.9866   5.650263    35.2019     2.6928     0.0429          0     60.250 329.471114  1022.5633      2.888     -0.060  0.000e+00
      2.882    27.9808   5.644493    35.1658     2.7077     0.0208          0     60.500 329.471117  1022.5380      2.867     -0.074  0.000e+00
      2.882    27.9708   5.643894    35.1690     2.7112     0.0345          0     60.750 329.471120  1022.5437      2.867     -0.083  0.000e+00
      2.882    27.9615   5.643636    35.1742     2.6975     0.0246          0     61.000 329.471123  1022.5506      2.866     -0.083  0.000e+00
      2.861    27.9559   5.643674    35.1786     2.6979     0.0360          0     61.250 329.471126  1022.5557      2.845     -0.073  0.000e+00
      2.839    27.9530   5.643864    35.1821     2.6899     0.0337          0     61.500 329.471128  1022.5592      2.824     -0.064  0.000e+00
      2.861    27.9526   5.644084    35.1840     2.6853     0.0459          0     61.750 329.471131  1022.5607      2.845     -0.049  0.000e+00
      2.861    27.9538   5.644114    35.1833     2.7118     0.0406          0     62.000 329.471134  1022.5599      2.845     -0.033  0.000e+00
      2.807    27.9548   5.644144    35.1827     2.7219     0.0444          0     62.250 329.471137  1022.5589      2.791     -0.036  0.000e+00
      2.753    27.9547   5.644395    35.1846     2.7399     0.0231          0     62.500 329.471140  1022.5601      2.737     -0.053  0.000e+00
      2.709    27.9545   5.644425    35.1850     2.7731     0.0154          0     62.750 329.471143  1022.5602      2.694     -0.078  0.000e+00
      2.731    27.9539   5.644395    35.1853     2.7983     0.0200          0     63.000 329.471146  1022.5607      2.716     -0.086  0.000e+00
      2.807    27.9538   5.644334    35.1849     2.8195     0.0131          0     63.250 329.471149  1022.5608      2.791     -0.063  0.000e+00
      2.785    27.9532   5.643765    35.1813     2.8282     0.0185          0     63.500 329.471152  1022.5582      2.770     -0.049  0.000e+00
      2.785    27.9514   5.643545    35.1811     2.8454     0.0101          0     63.750 329.471155  1022.5586      2.770     -0.037  0.000e+00
      2.807    27.9510   5.643484    35.1810     2.8813     0.0086          0     64.000 329.471157  1022.5588      2.791     -0.008  0.000e+00
      2.796    27.9505   5.643423    35.1809     2.8725     0.0315          0     64.250 329.471160  1022.5589      2.781      0.022  0.000e+00
      2.774    27.9497   5.643636    35.1830     2.8989     0.0139          0     64.500 329.471163  1022.5606      2.759      0.032  0.000e+00
      2.764    27.9491   5.643795    35.1846     2.8967     0.0231          0     64.750 329.471166  1022.5619      2.748      0.023  0.000e+00
      2.785    27.9489   5.643704    35.1841     2.9080     0.0368          0     65.000 329.471169  1022.5617      2.770      0.005  0.000e+00
      2.796    27.9487   5.643765    35.1846     2.9102     0.0292          0     65.250 329.471172  1022.5622      2.781     -0.008  0.000e+00
      2.753    27.9489   5.643704    35.1841     2.9361     0.0360          0     65.500 329.471175  1022.5616      2.738     -0.011  0.000e+00
      2.720    27.9492   5.643765    35.1843     2.9165     0.0047          0     65.750 329.471178  1022.5615      2.706     -0.027  0.000e+00
      2.720    27.9493   5.643795    35.1844     2.9125     0.0017          0     66.000 329.471181  1022.5616      2.705     -0.039  0.000e+00
      2.731    27.9495   5.643826    35.1845     2.9224    -0.0014          0     66.250 329.471183  1022.5616      2.716     -0.036  0.000e+00
      2.731    27.9495   5.643735    35.1839     2.9180     0.0025          0     66.500 329.471186  1022.5611      2.716     -0.032  0.000e+00
      2.677    27.9491   5.643636    35.1835     2.9303     0.0116          0     66.750 329.471189  1022.5607      2.662     -0.045  0.000e+00
      2.677    27.9492   5.643674    35.1837     2.9380     0.0116          0     67.000 329.471192  1022.5608      2.662     -0.055  0.000e+00
      2.677    27.9492   5.643765    35.1843     2.9387     0.0116          0     67.250 329.471195  1022.5613      2.663     -0.052  0.000e+00
      2.569    27.9488   5.643636    35.1837     2.9388     0.0017          0     67.500 329.471198  1022.5606      2.555     -0.067  0.000e+00
      2.461    27.9486   5.643605    35.1837     2.9475     0.0017          0     67.750 329.471201  1022.5601      2.447     -0.110  0.000e+00
      2.439    27.9488   5.643605    35.1836     2.9452     0.0162          0     68.000 329.471204  1022.5599      2.426     -0.151  0.000e+00
      2.418    27.9487   5.643605    35.1836     2.9534     0.0261          0     68.250 329.471207  1022.5599      2.404     -0.178  0.000e+00
      2.331    27.9484   5.643355    35.1822     2.9471     0.0200          0     68.500 329.471209  1022.5585      2.318     -0.205  0.000e+00
      2.277    27.9474   5.643294    35.1825     2.9420     0.0261          0     68.750 329.471212  1022.5589      2.265     -0.219  0.000e+00
      2.277    27.9477   5.643605    35.1845     2.9367    -0.0097          0     69.000 329.471215  1022.5602      2.265     -0.221  0.000e+00
      2.331    27.9491   5.643605    35.1834     2.9313    -0.0036          0     69.250 329.471218  1022.5592      2.318     -0.182  0.000e+00
      2.353    27.9501   5.643355    35.1809     2.9262    -0.0097          0     69.500 329.471221  1022.5571      2.340     -0.115  0.000e+00
      2.353    27.9494   5.643044    35.1792     2.9271    -0.0097          0     69.750 329.471224  1022.5560      2.340     -0.061  0.000e+00
      2.342    27.9482   5.642695    35.1777     2.9424    -0.0014          0     70.000 329.471227  1022.5553      2.329     -0.032  0.000e+00
      2.331    27.9459   5.642376    35.1771     2.9629     0.0070          0     70.250 329.471230  1022.5555      2.318     -0.006  0.000e+00
      2.320    27.9438   5.642345    35.1785     2.9679     0.0025          0     70.500 329.471233  1022.5572      2.308      0.018  0.000e+00
      2.212    27.9427   5.642634    35.1814     2.9857     0.0040          0     70.750 329.471236  1022.5592      2.200     -0.009  0.000e+00
      2.061    27.9431   5.642945    35.1833     2.9798     0.0406          0     71.000 329.471238  1022.5599      2.050     -0.087  0.000e+00
      1.985    27.9442   5.643135    35.1839     2.9662     0.0429          0     71.250 329.471241  1022.5597      1.974     -0.171  0.000e+00
      1.964    27.9459   5.643484    35.1850     2.9711     0.0513          0     71.500 329.471244  1022.5599      1.953     -0.223  0.000e+00
      1.909    27.9485   5.643734    35.1849     2.9641     0.0444          0     71.750 329.471247  1022.5587      1.899     -0.257  0.000e+00
      1.791    27.9508   5.643795    35.1836     2.9556     0.0421          0     72.000 329.471250  1022.5565      1.781     -0.294  0.000e+00
      1.596    27.9520   5.643893    35.1834     2.9534     0.0238          0     72.250 329.471253  1022.5551      1.587     -0.349  0.000e+00
      1.466    27.9530   5.644083    35.1841     2.9542     0.0307          0     72.500 329.471256  1022.5547      1.458     -0.392  0.000e+00
      1.423    27.9548   5.644553    35.1860     2.9534     0.0360          0     72.750 329.471259  1022.5554      1.415     -0.393  0.000e+00
      1.434    27.9578   5.645123    35.1878     2.9602     0.0261          0     73.000 329.471262  1022.5558      1.426     -0.367  0.000e+00
      1.412    27.9623   5.645722    35.1887     2.9569     0.0353          0     73.250 329.471264  1022.5549      1.404     -0.345  0.000e+00
      1.401    27.9669   5.645973    35.1870     2.9636     0.0345          0     73.500 329.471267  1022.5521      1.393     -0.309  0.000e+00
      1.401    27.9711   5.646033    35.1843     2.9768     0.0299          0     73.750 329.471270  1022.5487      1.393     -0.240  0.000e+00
      1.347    27.9736   5.645874    35.1813     2.9821     0.0345          0     74.000 329.471273  1022.5454      1.340     -0.167  0.000e+00
      1.217    27.9747   5.646003    35.1814     2.9835     0.0284          0     74.250 329.471276  1022.5446      1.211     -0.130  0.000e+00
      0.980    27.9752   5.646192    35.1825     2.9737     0.0345          0     74.500 329.471279  1022.5442      0.974     -0.183  0.000e+00
      0.850    27.9763   5.646382    35.1830     2.9736     0.0299          0     74.750 329.471282  1022.5436      0.845     -0.273  0.000e+00
      0.785    27.9777   5.646572    35.1833     2.9786     0.0315          0     75.000 329.471285  1022.5432      0.781     -0.354  0.000e+00
      0.807    27.9791   5.646663    35.1829     2.9680     0.0131          0     75.250 329.471288  1022.5424      0.802     -0.383  0.000e+00
      0.796    27.9788   5.646253    35.1802     2.9622     0.0215          0     75.500 329.471291  1022.5405      0.791     -0.380  0.000e+00
      0.742    27.9774   5.645782    35.1780     2.9571     0.0131          0     75.750 329.471293  1022.5391      0.738     -0.354  0.000e+00
      0.763    27.9742   5.644940    35.1745     2.9864     0.0200          0     76.000 329.471296  1022.5376      0.759     -0.278  0.000e+00
      0.774    27.9704   5.644333    35.1730     2.9788     0.0185          0     76.250 329.471299  1022.5378      0.770     -0.175  0.000e+00
      0.677    27.9655   5.643794    35.1730     2.9826     0.0017          0     76.500 329.471302  1022.5389      0.673     -0.103  0.000e+00
      0.450    27.9612   5.644272    35.1796     2.9776     0.0009          0     76.750 329.471305  1022.5443      0.447     -0.135  0.000e+00
      0.223    27.9601   5.644682    35.1834     2.9721    -0.0014          0     77.000 329.471308  1022.5466      0.221     -0.235  0.000e+00
      0.147    27.9614   5.645054    35.1850     2.9698     0.0002          0     77.250 329.471311  1022.5470      0.146     -0.335  0.000e+00
      0.082    27.9640   5.645433    35.1857     2.9856    -0.0258          0     77.500 329.471314  1022.5464      0.082     -0.403  0.000e+00
      0.061    27.9661   5.645312    35.1834     2.9631    -0.0273          0     77.750 329.471317  1022.5439      0.060     -0.432  0.000e+00
     -0.026    27.9672   5.645182    35.1816     2.9648    -0.0113          0     78.000 329.471319  1022.5418     -0.026     -0.453  0.000e+00
     -0.156    27.9671   5.644932    35.1800     2.9568    -0.0143          0     78.250 329.471322  1022.5401     -0.155     -0.450  0.000e+00
     -0.199    27.9665   5.644932    35.1805     2.9870    -0.1471          0     78.500 329.471325  1022.5405     -0.198     -0.394  0.000e+00
     -0.210    27.9664   5.644864    35.1801     2.9964    -0.1494          0     78.750 329.471328  1022.5402     -0.209     -0.308  0.000e+00
     -0.199    27.9664   5.645122    35.1819     2.9949    -0.1356          0     79.000 329.471331  1022.5416     -0.198     -0.236  0.000e+00
     -0.275    27.9673   5.645273    35.1823     3.0304    -0.1417          0     79.250 329.471334  1022.5412     -0.273     -0.216  0.000e+00
     -0.383    27.9686   5.645463    35.1827     3.6340    -0.1425          0     79.500 329.471337  1022.5407     -0.381     -0.218  0.000e+00
     -0.491    27.9703   5.645683    35.1830     3.6259    -0.1211          0     79.750 329.471340  1022.5398     -0.488     -0.234  0.000e+00
     -0.502    27.9721   5.645911    35.1833     3.5036    -0.1166          0     80.000 329.471343  1022.5394     -0.499     -0.223  0.000e+00
     -0.502    27.9738   5.646131    35.1835     3.3878    -0.1211          0     80.250 329.471345  1022.5391     -0.499     -0.203  0.000e+00
     -0.469    27.9761   5.646442    35.1839     3.2587    -0.1196          0     80.500 329.471348  1022.5388     -0.467     -0.185  0.000e+00
     -0.491    27.9788   5.646662    35.1835     3.1720     0.7334          0     80.750 329.471351  1022.5374     -0.488     -0.167  0.000e+00
     -0.470    27.9804   5.646002    35.1777     3.1413     0.7273          0     81.000 329.471354  1022.5327     -0.467     -0.128  0.000e+00
     -0.491    27.9791   5.645911    35.1780     3.0186     0.7326          0     81.250 329.471357  1022.5332     -0.489     -0.073  0.000e+00
     -0.437    27.9777   5.645972    35.1795     2.8698     0.7341          0     81.500 329.471360  1022.5350     -0.435     -0.009  0.000e+00
     -0.416    27.9772   5.646093    35.1807     2.9080     0.1177          0     81.750 329.471363  1022.5362     -0.413      0.034  0.000e+00
     -0.372    27.9776   5.646252    35.1815     2.9322     0.1116          0     82.000 329.471366  1022.5369     -0.370      0.056  0.000e+00
     -0.318    27.9786   5.645941    35.1786     2.9439     0.1131          0     82.250 329.471369  1022.5346     -0.317      0.081  0.000e+00
     -0.318    27.9781   5.645941    35.1789     2.9513     0.1131          0     82.500 329.471372  1022.5350     -0.317      0.093  0.000e+00
     -0.318    27.9773   5.645531    35.1766     2.9352    -0.3302          0     82.750 329.471374  1022.5335     -0.317      0.104  0.000e+00
     -0.286    27.9755   5.645531    35.1780     2.9333    -0.3302          0     83.000 329.471377  1022.5353     -0.284      0.106  0.000e+00
