ctd_kilwa/cnv/SBE19plus_01906740_2018_11_26_0044.cnv
* Sea-Bird SBE19plus  Data File:
* FileName = C:\Users\all user\Desktop\Mapping WWF\SBE19plus_01906740_2018_11_26_0044.hex
* Software version 2.6.3.104
* Temperature SN = 6740
* Conductivity SN = 6740
* System UpLoad Time = Nov 26 2018 19:54:21
* <ApplicationData>
* <Seaterm232>
# nquan = 13
# nvalues = 408                                   
# units = specified
# name 0 = prdM: Pressure, Strain Gauge [db]
# name 1 = tv290C: Temperature [ITS-90, deg C]
# name 2 = c0S/m: Conductivity [S/m]
# name 3 = sal00: Salinity, Practical [PSU]
# name 4 = sbeox0ML/L: Oxygen, SBE 43 [ml/l]
# name 5 = flECO-AFL: Fluorescence, WET Labs ECO-AFL/FL [mg/m^3]
# name 6 = nbf: Bottles Fired
# name 7 = timeS: Time, Elapsed [seconds]
# name 8 = timeJ: Julian Days
# name 9 = density00: Density [density, kg/m^3]
# name 10 = depSM: Depth [salt water, m], lat = 0.00
# name 11 = dz/dtM: Descent Rate [m/s]
# name 12 = flag:  0.000e+00
# span 0 =     -1.007,      4.172                 
# span 1 =    28.2902,    30.4915                 
# span 2 =   0.007419,   5.703930                 
# span 3 =     0.0382,    35.2765                 
# span 4 =     2.2614,     4.6264                 
# span 5 =    -0.3447,     3.2931                 
# span 6 =          0,          0                 
# span 7 =      0.000,    101.750                 
# span 8 = 328.472697, 328.473874                 
# span 9 =   995.5381,  1022.5085                 
# span 10 =     -1.002,      4.149                
# span 11 =     -0.542,      0.394                
# span 12 = 0.0000e+00, 0.0000e+00                
# interval = seconds: 0.25
# start_time = Nov 24 2018 11:20:41 [Instrument's time stamp, header]
# bad_flag = -9.990e-29
*END*
[from data line 334]
      3.934    28.2968   5.686234    35.2220     2.6643     0.0948          0     83.500 328.473663  1022.4810      3.912     -0.019  0.000e+00
      3.912    28.2968   5.686302    35.2224     2.6551     0.0879          0     83.750 328.473666  1022.4813      3.891     -0.017  0.000e+00
      3.837    28.2970   5.686333    35.2225     2.6497     0.0444          0     84.000 328.473669  1022.4810      3.816     -0.030  0.000e+00
      3.761    28.2970   5.686333    35.2226     2.6428     0.0452          0     84.250 328.473672  1022.4807      3.740     -0.066  0.000e+00
      3.653    28.2973   5.686393    35.2228     2.6253     0.0475          0     84.500 328.473675  1022.4803      3.633     -0.125  0.000e+00
      3.491    28.2976   5.686363    35.2224     2.6135     0.0429          0     84.750 328.473678  1022.4792      3.472     -0.205  0.000e+00
      3.404    28.2973   5.686332    35.2224     2.6024     0.0200          0     85.000 328.473681  1022.4789      3.386     -0.280  0.000e+00
      3.394    28.2974   5.686332    35.2224     2.5874     0.0200          0     85.250 328.473683  1022.4788      3.375     -0.321  0.000e+00
      3.426    28.2978   5.686363    35.2223     2.5778     0.0200          0     85.500 328.473686  1022.4788      3.407     -0.315  0.000e+00
      3.448    28.2977   5.686332    35.2221     2.5784     0.0215          0     85.750 328.473689  1022.4788      3.429     -0.272  0.000e+00
      3.491    28.2975   5.686302    35.2221     2.5834     0.0376          0     86.000 328.473692  1022.4790      3.472     -0.192  0.000e+00
      3.502    28.2969   5.686203    35.2218     2.5879     0.0276          0     86.250 328.473695  1022.4790      3.482     -0.106  0.000e+00
      3.437    28.2964   5.686172    35.2220     2.5922     0.0330          0     86.500 328.473698  1022.4790      3.418     -0.040  0.000e+00
      3.285    28.2964   5.686142    35.2218     2.5928     0.0330          0     86.750 328.473701  1022.4782      3.267     -0.030  0.000e+00
      3.080    28.2964   5.686180    35.2221     2.6052     0.0437          0     87.000 328.473704  1022.4776      3.063     -0.103  0.000e+00
      2.940    28.2964   5.686203    35.2223     2.6109     0.0292          0     87.250 328.473707  1022.4772      2.923     -0.215  0.000e+00
      2.907    28.2968   5.686233    35.2223     2.5948     0.0353          0     87.500 328.473709  1022.4768      2.891     -0.309  0.000e+00
      2.886    28.2970   5.686203    35.2219     2.5775     0.0322          0     87.750 328.473712  1022.4764      2.870     -0.365  0.000e+00
      2.842    28.2967   5.686142    35.2217     2.5617     0.0231          0     88.000 328.473715  1022.4762      2.827     -0.390  0.000e+00
      2.637    28.2965   5.686012    35.2210     2.5559     0.0223          0     88.250 328.473718  1022.4748      2.622     -0.414  0.000e+00
      2.453    28.2957   5.685921    35.2210     2.5528     0.0231          0     88.500 328.473721  1022.4743      2.440     -0.427  0.000e+00
      2.302    28.2950   5.685852    35.2211     2.5450     0.0253          0     88.750 328.473724  1022.4739      2.289     -0.432  0.000e+00
      2.259    28.2946   5.685883    35.2216     2.5246     0.0208          0     89.000 328.473727  1022.4743      2.246     -0.424  0.000e+00
      2.150    28.2948   5.685936    35.2219     2.5118     0.0475          0     89.250 328.473730  1022.4739      2.139     -0.444  0.000e+00
      1.988    28.2952   5.685981    35.2219     2.5180     0.0490          0     89.500 328.473733  1022.4732      1.977     -0.492  0.000e+00
      1.815    28.2957   5.685981    35.2216     2.5258     0.0444          0     89.750 328.473736  1022.4720      1.805     -0.534  0.000e+00
      1.696    28.2961   5.686012    35.2216     2.5237     0.0459          0     90.000 328.473738  1022.4714      1.687     -0.542  0.000e+00
      1.642    28.2965   5.686012    35.2213     2.5346     0.0459          0     90.250 328.473741  1022.4708      1.633     -0.500  0.000e+00
      1.588    28.2968   5.686042    35.2213     2.5279     0.0490          0     90.500 328.473744  1022.4705      1.579     -0.460  0.000e+00
      1.469    28.2973   5.686110    35.2215     2.5397     0.0459          0     90.750 328.473747  1022.4699      1.461     -0.443  0.000e+00
      1.329    28.2980   5.686110    35.2210     2.5428     0.0452          0     91.000 328.473750  1022.4687      1.321     -0.449  0.000e+00
      1.242    28.2985   5.686171    35.2211     2.5331     0.0490          0     91.250 328.473753  1022.4683      1.235     -0.427  0.000e+00
      1.231    28.2989   5.686171    35.2207     2.5278     0.0490          0     91.500 328.473756  1022.4678      1.225     -0.377  0.000e+00
      1.177    28.2989   5.686118    35.2204     2.5155     0.0498          0     91.750 328.473759  1022.4673      1.171     -0.334  0.000e+00
      1.037    28.2992   5.686042    35.2197     2.5115     0.0475          0     92.000 328.473762  1022.4661      1.031     -0.332  0.000e+00
      0.864    28.2987   5.685920    35.2192     2.5323     0.0475          0     92.250 328.473764  1022.4652      0.859     -0.363  0.000e+00
      0.810    28.2988   5.685851    35.2187     2.5196     0.0215          0     92.500 328.473767  1022.4645      0.805     -0.372  0.000e+00
      0.755    28.2986   5.685821    35.2186     2.4882     0.0223          0     92.750 328.473770  1022.4643      0.751     -0.358  0.000e+00
      0.658    28.2985   5.685821    35.2188     2.4725     0.0154          0     93.000 328.473773  1022.4641      0.654     -0.353  0.000e+00
      0.463    28.2986   5.685760    35.2184     2.4661     0.0131          0     93.250 328.473776  1022.4629      0.461     -0.394  0.000e+00
      0.312    28.2983   5.685661    35.2179     2.4695     0.0055          0     93.500 328.473779  1022.4620      0.310     -0.446  0.000e+00
      0.226    28.2982   5.685661    35.2180     2.4597     0.0086          0     93.750 328.473782  1022.4617      0.224     -0.462  0.000e+00
      0.193    28.2986   5.685721    35.2181     2.4314     0.0070          0     94.000 328.473785  1022.4615      0.192     -0.438  0.000e+00
      0.074    28.2995   5.685820    35.2182     2.4298     0.0055          0     94.250 328.473788  1022.4607      0.074     -0.428  0.000e+00
     -0.110    28.3015   5.686079    35.2186     2.4256     0.0963          0     94.500 328.473791  1022.4596     -0.109     -0.459  0.000e+00
     -0.250    28.3034   5.686269    35.2185     2.4253     0.1039          0     94.750 328.473793  1022.4583     -0.249     -0.481  0.000e+00
     -0.304    28.3048   5.686429    35.2186     2.4172     0.1001          0     95.000 328.473796  1022.4577     -0.302     -0.466  0.000e+00
     -0.380    28.3068   5.686460    35.2174     2.6902     0.0978          0     95.250 328.473799  1022.4558     -0.378     -0.432  0.000e+00
     -0.531    28.3088   5.686490    35.2161     2.6614     0.7929          0     95.500 328.473802  1022.4535     -0.528     -0.434  0.000e+00
     -0.564    28.3128   5.687061    35.2171     2.5840     0.7975          0     95.750 328.473805  1022.4528     -0.560     -0.429  0.000e+00
     -0.585    28.3181   5.687792    35.2183     2.5541     0.7975          0     96.000 328.473808  1022.4518     -0.582     -0.400  0.000e+00
     -0.574    28.3225   5.688173    35.2177     2.4811     0.8013          0     96.250 328.473811  1022.4501     -0.571     -0.325  0.000e+00
     -0.542    28.3277   5.688904    35.2189     2.4514     0.7898          0     96.500 328.473814  1022.4493     -0.539     -0.230  0.000e+00
     -0.520    28.3339   5.689642    35.2194     2.3952     0.2275          0     96.750 328.473817  1022.4478     -0.517     -0.149  0.000e+00
     -0.466    28.3397   5.690084    35.2182     2.3494     0.2260          0     97.000 328.473819  1022.4452     -0.463     -0.073  0.000e+00
     -0.412    28.3451   5.690564    35.2175     2.3051     0.2222          0     97.250 328.473822  1022.4431     -0.410      0.013  0.000e+00
     -0.358    28.3527   5.691204    35.2162     2.3636     0.2252          0     97.500 328.473825  1022.4399     -0.356      0.096  0.000e+00
     -0.293    28.3688   5.693588    35.2209     2.3865    -0.0540          0     97.750 328.473828  1022.4383     -0.291      0.144  0.000e+00
     -0.271    28.3926   5.697260    35.2288     2.3727    -0.0517          0     98.000 328.473831  1022.4365     -0.270      0.172  0.000e+00
     -0.228    28.4199   5.701567    35.2385     2.3785    -0.0586          0     98.250 328.473834  1022.4350     -0.227      0.184  0.000e+00
     -0.196    28.4357   5.700674    35.2205     2.3690    -0.0502          0     98.500 328.473837  1022.4164     -0.195      0.184  0.000e+00
     -0.228    28.4414   5.699363    35.2072     2.3597    -0.0998          0     98.750 328.473840  1022.4044     -0.227      0.162  0.000e+00
     -0.261    28.4436   5.699111    35.2037     2.3593    -0.1013          0     99.000 328.473843  1022.4009     -0.260      0.117  0.000e+00
     -0.304    28.4444   5.699172    35.2036     2.3558    -0.1013          0     99.250 328.473845  1022.4004     -0.303      0.062  0.000e+00
     -0.337    28.4441   5.699111    35.2034     2.3541    -0.1005          0     99.500 328.473848  1022.4002     -0.335      0.005  0.000e+00
     -0.369    28.4441   5.699233    35.2043     2.3381    -0.0387          0     99.750 328.473851  1022.4007     -0.367     -0.048  0.000e+00
     -0.510    28.4447   5.699332    35.2045     2.4434    -0.0387          0    100.000 328.473854  1022.4001     -0.507     -0.115  0.000e+00
     -0.704    28.4454   5.699683    35.2065     2.4500    -0.0357          0    100.250 328.473857  1022.4005     -0.700     -0.213  0.000e+00
     -0.942    28.4458   5.699782    35.2070     2.4292    -0.0403          0    100.500 328.473860  1022.3997     -0.937     -0.332  0.000e+00
     -1.007    28.4471   5.700254    35.2094     2.4839    -0.0372          0    100.750 328.473863  1022.4008     -1.001     -0.409  0.000e+00
     -0.974    28.4505   4.832218    29.2483     2.7095     3.2839          0    101.000 328.473866  1017.9271     -0.969     -0.434  0.000e+00
     -0.985    28.4534   1.382131     7.4138     3.0778     3.2885          0    101.250 328.473869  1001.6377     -0.980     -0.423  0.000e+00
     -0.985    28.4523   0.758831     3.8893     3.1433     3.2931          0    101.500 328.473872   999.0114     -0.980     -0.378  0.000e+00
     -0.985    28.4484   0.700568     3.5709     3.1336     3.2915          0    101.750 328.473874   998.7749     -0.980     -0.299  0.000e+00
