ctd_kilwa/cnv/SBE19plus_01906740_2018_11_26_0048.cnv
* Sea-Bird SBE19plus  Data File:
* FileName = C:\Users\all user\Desktop\Mapping WWF\SBE19plus_01906740_2018_11_26_0048.hex
* Software version 2.6.3.104
* Temperature SN = 6740
* Conductivity SN = 6740
* System UpLoad Time = Nov 26 2018 19:55:32
* <ApplicationData>
* <Seaterm232>
# nquan = 13
# nvalues = 889                                   
# units = specified
# name 0 = prdM: Pressure, Strain Gauge [db]
# name 1 = tv290C: Temperature [ITS-90, deg C]
# name 2 = c0S/m: Conductivity [S/m]
# name 3 = sal00: Salinity, Practical [PSU]
# name 4 = sbeox0ML/L: Oxygen, SBE 43 [ml/l]
# name 5 = flECO-AFL: Fluorescence, WET Labs ECO-AFL/FL [mg/m^3]
# name 6 = nbf: Bottles Fired
# name 7 = timeS: Time, Elapsed [seconds]
# name 8 = timeJ: Julian Days
# name 9 = density00: Density [density, kg/m^3]
# name 10 = depSM: Depth [salt water, m], lat = 0.00
# name 11 = dz/dtM: Descent Rate [m/s]
# name 12 = flag:  0.000e+00
# span 0 =     -1.078,     19.637                 
# span 1 =    28.3005,    33.3317                 
# span 2 =   0.568840,   6.077631                 
# span 3 =     2.8349,    36.8871                 
# span 4 =     2.1090,     2.9552                 
# span 5 =    -0.4462,    48.6818                 
# span 6 =          0,          0                 
# span 7 =      0.000,    222.000                 
# span 8 = 328.518183, 328.520752                 
# span 9 =   997.5139,  1023.2491                 
# span 10 =     -1.072,     19.529                
# span 11 =     -0.666,      0.288                
# span 12 = 0.0000e+00, 0.0000e+00                
# interval = seconds: 0.25
# start_time = Nov 24 2018 12:26:11 [Instrument's time stamp, header]
# bad_flag = -9.990e-29
*END*
[from data line 445]
     14.081    28.3227   5.690793    35.2314     2.5581     0.0734          0    111.250 328.519470  1022.5230     14.003      0.233  0.000e+00
     14.080    28.3228   5.690831    35.2316     2.5567     0.0582          0    111.500 328.519473  1022.5231     14.003      0.197  0.000e+00
     14.102    28.3230   5.690793    35.2312     2.5579     0.0665          0    111.750 328.519476  1022.5229     14.024      0.149  0.000e+00
     14.145    28.3235   5.690831    35.2311     2.5634     0.0559          0    112.000 328.519479  1022.5228     14.067      0.117  0.000e+00
     14.145    28.3236   5.690839    35.2311     2.5538     0.0574          0    112.250 328.519482  1022.5227     14.067      0.092  0.000e+00
     14.221    28.3242   5.690862    35.2308     2.5494     0.0734          0    112.500 328.519485  1022.5226     14.143      0.095  0.000e+00
     14.275    28.3245   5.690892    35.2308     2.5603     0.0635          0    112.750 328.519488  1022.5228     14.196      0.109  0.000e+00
     14.329    28.3243   5.690862    35.2307     2.5682     0.0726          0    113.000 328.519491  1022.5230     14.250      0.133  0.000e+00
     14.405    28.3239   5.690763    35.2303     2.5681     0.0673          0    113.250 328.519494  1022.5231     14.325      0.164  0.000e+00
     14.481    28.3234   5.690702    35.2302     2.5717     0.0620          0    113.500 328.519497  1022.5236     14.400      0.200  0.000e+00
     14.535    28.3226   5.690671    35.2305     2.5762     0.0414          0    113.750 328.519499  1022.5243     14.454      0.224  0.000e+00
     14.567    28.3223   5.690603    35.2303     2.5802     0.0376          0    114.000 328.519502  1022.5244     14.487      0.234  0.000e+00
     14.610    28.3219   5.690573    35.2304     2.5855     0.0444          0    114.250 328.519505  1022.5248     14.530      0.238  0.000e+00
     14.654    28.3214   5.690534    35.2305     2.5874     0.0398          0    114.500 328.519508  1022.5252     14.573      0.223  0.000e+00
     14.675    28.3210   5.690481    35.2304     2.5854     0.0673          0    114.750 328.519511  1022.5254     14.594      0.205  0.000e+00
     14.708    28.3205   5.690413    35.2303     2.5852     0.0551          0    115.000 328.519514  1022.5256     14.627      0.183  0.000e+00
     14.730    28.3201   5.690382    35.2304     2.5790     0.0597          0    115.250 328.519517  1022.5259     14.648      0.157  0.000e+00
     14.751    28.3197   5.690352    35.2304     2.5775     0.0574          0    115.500 328.519520  1022.5261     14.670      0.134  0.000e+00
     14.805    28.3192   5.690321    35.2306     2.5751     0.0818          0    115.750 328.519523  1022.5266     14.723      0.128  0.000e+00
     14.827    28.3188   5.690253    35.2304     2.5687     0.0726          0    116.000 328.519525  1022.5267     14.745      0.125  0.000e+00
     14.859    28.3186   5.690222    35.2303     2.5691     0.0788          0    116.250 328.519528  1022.5269     14.777      0.121  0.000e+00
     14.902    28.3187   5.690253    35.2304     2.5695     0.0833          0    116.500 328.519531  1022.5271     14.820      0.124  0.000e+00
     14.967    28.3186   5.690200    35.2301     2.5687     0.0856          0    116.750 328.519534  1022.5272     14.885      0.139  0.000e+00
     15.021    28.3181   5.690093    35.2297     2.5779     0.0780          0    117.000 328.519537  1022.5273     14.938      0.155  0.000e+00
     15.065    28.3179   5.690032    35.2294     2.5868     0.0772          0    117.250 328.519540  1022.5273     14.982      0.170  0.000e+00
     15.108    28.3176   5.690002    35.2295     2.5924     0.0772          0    117.500 328.519543  1022.5277     15.025      0.180  0.000e+00
     15.130    28.3168   5.689872    35.2292     2.5939     0.0871          0    117.750 328.519546  1022.5278     15.046      0.178  0.000e+00
     15.184    28.3160   5.689781    35.2291     2.6062     0.0559          0    118.000 328.519549  1022.5282     15.100      0.183  0.000e+00
     15.205    28.3151   5.689712    35.2293     2.6070     0.0536          0    118.250 328.519552  1022.5287     15.121      0.176  0.000e+00
     15.259    28.3148   5.689743    35.2297     2.6116     0.0543          0    118.500 328.519554  1022.5294     15.175      0.169  0.000e+00
     15.313    28.3150   5.689743    35.2295     2.6150     0.0604          0    118.750 328.519557  1022.5294     15.229      0.164  0.000e+00
     15.335    28.3154   5.689796    35.2296     2.6106     0.0566          0    119.000 328.519560  1022.5294     15.250      0.158  0.000e+00
     15.368    28.3159   5.689903    35.2300     2.6135     0.0574          0    119.250 328.519563  1022.5297     15.283      0.156  0.000e+00
     15.378    28.3165   5.689933    35.2297     2.6164     0.0574          0    119.500 328.519566  1022.5294     15.293      0.147  0.000e+00
     15.400    28.3169   5.689971    35.2297     2.6151     0.0620          0    119.750 328.519569  1022.5293     15.315      0.138  0.000e+00
     15.411    28.3171   5.689933    35.2293     2.6226     0.0688          0    120.000 328.519572  1022.5290     15.326      0.119  0.000e+00
     15.465    28.3171   5.689903    35.2291     2.6253     0.0734          0    120.250 328.519575  1022.5290     15.380      0.114  0.000e+00
     15.519    28.3168   5.689933    35.2295     2.6195     0.0696          0    120.500 328.519578  1022.5297     15.433      0.112  0.000e+00
     15.616    28.3163   5.689712    35.2283     2.6152     0.0757          0    120.750 328.519580  1022.5293     15.530      0.133  0.000e+00
     15.670    28.3154   5.689583    35.2280     2.6176     0.0742          0    121.000 328.519583  1022.5297     15.584      0.162  0.000e+00
     15.735    28.3146   5.689431    35.2275     2.6203     0.0726          0    121.250 328.519586  1022.5298     15.648      0.192  0.000e+00
     15.768    28.3134   5.689362    35.2279     2.6223     0.0704          0    121.500 328.519589  1022.5306     15.680      0.215  0.000e+00
     15.833    28.3120   5.689172    35.2276     2.6328     0.0719          0    121.750 328.519592  1022.5312     15.745      0.233  0.000e+00
     15.897    28.3113   5.689172    35.2281     2.6345     0.0650          0    122.000 328.519595  1022.5321     15.809      0.244  0.000e+00
     15.941    28.3106   5.689172    35.2286     2.6314     0.0749          0    122.250 328.519598  1022.5329     15.853      0.238  0.000e+00
     15.995    28.3104   5.689172    35.2288     2.6448     0.0803          0    122.500 328.519601  1022.5333     15.906      0.228  0.000e+00
     16.070    28.3101   5.689111    35.2285     2.6437     0.0818          0    122.750 328.519604  1022.5335     15.982      0.222  0.000e+00
     16.103    28.3091   5.688921    35.2279     2.6426     0.0803          0    123.000 328.519606  1022.5335     16.014      0.220  0.000e+00
     16.135    28.3076   5.688730    35.2278     2.6480     0.0963          0    123.250 328.519609  1022.5341     16.046      0.212  0.000e+00
     16.178    28.3060   5.688578    35.2278     2.6491     0.0978          0    123.500 328.519612  1022.5348     16.089      0.206  0.000e+00
     16.254    28.3050   5.688532    35.2282     2.6477     0.0932          0    123.750 328.519615  1022.5358     16.164      0.202  0.000e+00
     16.308    28.3042   5.688472    35.2284     2.6485     0.0917          0    124.000 328.519618  1022.5364     16.218      0.201  0.000e+00
     16.351    28.3033   5.688472    35.2290     2.6471     0.0589          0    124.250 328.519621  1022.5373     16.261      0.202  0.000e+00
     16.362    28.3029   5.688411    35.2290     2.6536     0.0551          0    124.500 328.519624  1022.5375     16.271      0.189  0.000e+00
     16.394    28.3028   5.688411    35.2290     2.6572     0.0536          0    124.750 328.519627  1022.5377     16.304      0.176  0.000e+00
     16.405    28.3028   5.688472    35.2294     2.6642     0.0566          0    125.000 328.519630  1022.5381     16.314      0.163  0.000e+00
     16.427    28.3033   5.688533    35.2294     2.6605     0.0978          0    125.250 328.519633  1022.5379     16.336      0.145  0.000e+00
     16.416    28.3035   5.688502    35.2291     2.6660     0.0948          0    125.500 328.519635  1022.5376     16.325      0.114  0.000e+00
     16.362    28.3034   5.688418    35.2286     2.6651     0.1009          0    125.750 328.519638  1022.5370     16.271      0.063  0.000e+00
     16.373    28.3034   5.688411    35.2285     2.6699     0.0925          0    126.000 328.519641  1022.5370     16.282      0.029  0.000e+00
     16.340    28.3037   5.688411    35.2283     2.6769     0.0963          0    126.250 328.519644  1022.5366     16.250     -0.004  0.000e+00
     16.362    28.3043   5.688533    35.2287     2.6744     0.0726          0    126.500 328.519647  1022.5368     16.271     -0.019  0.000e+00
     16.384    28.3052   5.688692    35.2292     2.6802     0.0734          0    126.750 328.519650  1022.5369     16.293     -0.026  0.000e+00
     16.416    28.3061   5.688822    35.2294     2.6830     0.0772          0    127.000 328.519653  1022.5370     16.325     -0.014  0.000e+00
     16.481    28.3070   5.688822    35.2287     2.6796     0.0688          0    127.250 328.519656  1022.5365     16.390      0.017  0.000e+00
     16.557    28.3073   5.688761    35.2281     2.6775     0.0704          0    127.500 328.519659  1022.5362     16.465      0.070  0.000e+00
     16.632    28.3072   5.688662    35.2274     2.6721     0.0704          0    127.750 328.519661  1022.5361     16.540      0.131  0.000e+00
     16.676    28.3061   5.688487    35.2270     2.6818     0.0673          0    128.000 328.519664  1022.5363     16.583      0.172  0.000e+00
     16.730    28.3053   5.688441    35.2272     2.6668     0.0757          0    128.250 328.519667  1022.5369     16.637      0.209  0.000e+00
     16.751    28.3047   5.688411    35.2275     2.6852     0.0810          0    128.500 328.519670  1022.5374     16.659      0.218  0.000e+00
     16.816    28.3041   5.688441    35.2281     2.6947     0.0864          0    128.750 328.519673  1022.5383     16.723      0.224  0.000e+00
     16.859    28.3039   5.688441    35.2282     2.6989     0.0864          0    129.000 328.519676  1022.5387     16.766      0.218  0.000e+00
     16.859    28.3038   5.688411    35.2281     2.7110     0.0864          0    129.250 328.519679  1022.5386     16.766      0.191  0.000e+00
     16.903    28.3035   5.688342    35.2278     2.7275     0.0971          0    129.500 328.519682  1022.5387     16.809      0.168  0.000e+00
     16.902    28.3033   5.688282    35.2275     2.7473     0.0994          0    129.750 328.519685  1022.5386     16.809      0.142  0.000e+00
     16.935    28.3034   5.688282    35.2274     2.7530     0.0917          0    130.000 328.519687  1022.5386     16.841      0.127  0.000e+00
     16.978    28.3033   5.688297    35.2276     2.7704     0.0994          0    130.250 328.519690  1022.5389     16.884      0.117  0.000e+00
     17.010    28.3031   5.688251    35.2275     2.8028     0.0963          0    130.500 328.519693  1022.5391     16.916      0.114  0.000e+00
     17.054    28.3029   5.688183    35.2272     2.7939     0.0505          0    130.750 328.519696  1022.5391     16.959      0.112  0.000e+00
     17.086    28.3030   5.688152    35.2269     2.7955     0.0475          0    131.000 328.519699  1022.5390     16.992      0.119  0.000e+00
     17.151    28.3028   5.688122    35.2268     2.8206     0.0513          0    131.250 328.519702  1022.5392     17.056      0.140  0.000e+00
     17.173    28.3025   5.688091    35.2268     2.8357     0.0376          0    131.500 328.519705  1022.5394     17.078      0.147  0.000e+00
     17.216    28.3021   5.688061    35.2268     2.8252     0.0574          0    131.750 328.519708  1022.5398     17.120      0.159  0.000e+00
     17.291    28.3023   5.688061    35.2267     2.8289     0.0620          0    132.000 328.519711  1022.5399     17.196      0.171  0.000e+00
     17.356    28.3022   5.687992    35.2262     2.8268     0.0604          0    132.250 328.519714  1022.5399     17.260      0.184  0.000e+00
     17.410    28.3021   5.688023    35.2265     2.8310     0.0536          0    132.500 328.519716  1022.5404     17.314      0.199  0.000e+00
     17.497    28.3020   5.688031    35.2266     2.8438     0.0574          0    132.750 328.519719  1022.5409     17.400      0.218  0.000e+00
     17.551    28.3022   5.688061    35.2267     2.8406     0.0543          0    133.000 328.519722  1022.5411     17.453      0.234  0.000e+00
     17.659    28.3024   5.688092    35.2267     2.8635     0.0589          0    133.250 328.519725  1022.5415     17.561      0.256  0.000e+00
     17.734    28.3023   5.688092    35.2268     2.8597     0.0627          0    133.500 328.519728  1022.5419     17.636      0.282  0.000e+00
     17.778    28.3020   5.688031    35.2265     2.8791     0.0841          0    133.750 328.519731  1022.5420     17.679      0.288  0.000e+00
     17.789    28.3020   5.688031    35.2265     2.8954     0.0803          0    134.000 328.519734  1022.5421     17.690      0.271  0.000e+00
     17.799    28.3022   5.688092    35.2268     2.8903     0.0818          0    134.250 328.519737  1022.5422     17.701      0.244  0.000e+00
     17.789    28.3022   5.688122    35.2270     2.9054     0.0818          0    134.500 328.519740  1022.5424     17.690      0.201  0.000e+00
     17.799    28.3026   5.688145    35.2269     2.8914     0.0841          0    134.750 328.519742  1022.5422     17.701      0.151  0.000e+00
     17.799    28.3029   5.688153    35.2267     2.8697     0.0696          0    135.000 328.519745  1022.5420     17.701      0.103  0.000e+00
     17.810    28.3031   5.688122    35.2264     2.8606     0.0734          0    135.250 328.519748  1022.5417     17.712      0.056  0.000e+00
     17.854    28.3033   5.688122    35.2261     2.8745     0.0704          0    135.500 328.519751  1022.5416     17.755      0.040  0.000e+00
     17.908    28.3033   5.688153    35.2263     2.8648     0.0704          0    135.750 328.519754  1022.5420     17.808      0.050  0.000e+00
     17.929    28.3037   5.688183    35.2262     2.8675     0.0742          0    136.000 328.519757  1022.5419     17.830      0.069  0.000e+00
     17.929    28.3038   5.688183    35.2262     2.8854     0.0673          0    136.250 328.519760  1022.5418     17.830      0.081  0.000e+00
     17.940    28.3039   5.688183    35.2261     2.9074     0.0673          0    136.500 328.519763  1022.5417     17.841      0.090  0.000e+00
     18.005    28.3039   5.688183    35.2261     2.9126     0.0749          0    136.750 328.519766  1022.5420     17.905      0.104  0.000e+00
     18.048    28.3039   5.688175    35.2260     2.9149     0.0589          0    137.000 328.519769  1022.5421     17.948      0.118  0.000e+00
     18.081    28.3041   5.688183    35.2259     2.9164     0.0597          0    137.250 328.519771  1022.5421     17.980      0.125  0.000e+00
     18.124    28.3038   5.688153    35.2259     2.9097     0.0574          0    137.500 328.519774  1022.5424     18.024      0.128  0.000e+00
     18.156    28.3039   5.688153    35.2258     2.9103     0.0589          0    137.750 328.519777  1022.5424     18.056      0.133  0.000e+00
     18.178    28.3039   5.688221    35.2263     2.9045     0.0765          0    138.000 328.519780  1022.5429     18.077      0.141  0.000e+00
     18.243    28.3040   5.688221    35.2262     2.9081     0.0681          0    138.250 328.519783  1022.5431     18.142      0.157  0.000e+00
     18.254    28.3040   5.688183    35.2259     2.8982     0.0711          0    138.500 328.519786  1022.5429     18.153      0.154  0.000e+00
