ctd_kilwa/cnv/SBE19plus_01906740_2018_11_26_0044.cnv
* Sea-Bird SBE19plus  Data File:
* FileName = C:\Users\all user\Desktop\Mapping WWF\SBE19plus_01906740_2018_11_26_0044.hex
* Software version 2.6.3.104
* Temperature SN = 6740
* Conductivity SN = 6740
* System UpLoad Time = Nov 26 2018 19:54:21
* <ApplicationData>
* <Seaterm232>
# nquan = 13
# nvalues = 408                                   
# units = specified
# name 0 = prdM: Pressure, Strain Gauge [db]
# name 1 = tv290C: Temperature [ITS-90, deg C]
# name 2 = c0S/m: Conductivity [S/m]
# name 3 = sal00: Salinity, Practical [PSU]
# name 4 = sbeox0ML/L: Oxygen, SBE 43 [ml/l]
# name 5 = flECO-AFL: Fluorescence, WET Labs ECO-AFL/FL [mg/m^3]
# name 6 = nbf: Bottles Fired
# name 7 = timeS: Time, Elapsed [seconds]
# name 8 = timeJ: Julian Days
# name 9 = density00: Density [density, kg/m^3]
# name 10 = depSM: Depth [salt water, m], lat = 0.00
# name 11 = dz/dtM: Descent Rate [m/s]
# name 12 = flag:  0.000e+00
# span 0 =     -1.007,      4.172                 
# span 1 =    28.2902,    30.4915                 
# span 2 =   0.007419,   5.703930                 
# span 3 =     0.0382,    35.2765                 
# span 4 =     2.2614,     4.6264                 
# span 5 =    -0.3447,     3.2931                 
# span 6 =          0,          0                 
# span 7 =      0.000,    101.750                 
# span 8 = 328.472697, 328.473874                 
# span 9 =   995.5381,  1022.5085                 
# span 10 =     -1.002,      4.149                
# span 11 =     -0.542,      0.394                
# span 12 = 0.0000e+00, 0.0000e+00                
# interval = seconds: 0.25
# start_time = Nov 24 2018 11:20:41 [Instrument's time stamp, header]
# bad_flag = -9.990e-29
*END*
[from data line 223]
      0.907    28.3500   5.699076    35.2728     2.8682     0.0543          0     55.750 328.473342  1022.4887      0.902      0.127  0.000e+00
      0.939    28.3483   5.698954    35.2732     2.9302     0.0482          0     56.000 328.473345  1022.4897      0.934      0.141  0.000e+00
      0.961    28.3478   5.698763    35.2722     2.9551     0.0582          0     56.250 328.473348  1022.4893      0.955      0.148  0.000e+00
      1.047    28.3475   5.698184    35.2684     3.4369     0.0650          0     56.500 328.473351  1022.4868      1.041      0.178  0.000e+00
      1.112    28.3463   5.697773    35.2665     3.7291     0.0528          0     56.750 328.473354  1022.4861      1.106      0.196  0.000e+00
      1.155    28.3437   5.697674    35.2677     3.8835     0.0574          0     57.000 328.473356  1022.4880      1.149      0.208  0.000e+00
      1.177    28.3412   5.697826    35.2706     3.6957     0.0826          0     57.250 328.473359  1022.4911      1.170      0.201  0.000e+00
      1.166    28.3397   5.698093    35.2736     3.3840     0.0856          0     57.500 328.473362  1022.4938      1.160      0.179  0.000e+00
      1.166    28.3389   5.698314    35.2757     3.0667     0.0795          0     57.750 328.473365  1022.4957      1.160      0.151  0.000e+00
      1.166    28.3384   5.698375    35.2765     2.8593     0.0856          0     58.000 328.473368  1022.4964      1.160      0.122  0.000e+00
      1.177    28.3378   5.698283    35.2763     2.7212     0.0131          0     58.250 328.473371  1022.4965      1.170      0.089  0.000e+00
      1.220    28.3369   5.697994    35.2750     2.6428     0.0101          0     58.500 328.473374  1022.4960      1.214      0.060  0.000e+00
      1.296    28.3352   5.697613    35.2736     2.7526     0.0116          0     58.750 328.473377  1022.4958      1.289      0.062  0.000e+00
      1.296    28.3339   5.697293    35.2723     2.7241     0.0093          0     59.000 328.473380  1022.4953      1.289      0.069  0.000e+00
      1.307    28.3325   5.697026    35.2714     2.7075     0.0063          0     59.250 328.473383  1022.4952      1.300      0.081  0.000e+00
      1.339    28.3307   5.696622    35.2700     2.6718     0.0170          0     59.500 328.473385  1022.4948      1.332      0.099  0.000e+00
      1.415    28.3281   5.696020    35.2677     2.6474     0.0246          0     59.750 328.473388  1022.4942      1.407      0.123  0.000e+00
      1.480    28.3255   5.695312    35.2647     2.7019     0.0238          0     60.000 328.473391  1022.4931      1.472      0.148  0.000e+00
      1.577    28.3221   5.694451    35.2612     2.9685     0.0231          0     60.250 328.473394  1022.4921      1.568      0.177  0.000e+00
      1.685    28.3185   5.693628    35.2580     3.3604     0.0177          0     60.500 328.473397  1022.4913      1.676      0.212  0.000e+00
      1.793    28.3156   5.693118    35.2566     3.9714     0.0154          0     60.750 328.473400  1022.4917      1.784      0.256  0.000e+00
      1.880    28.3134   5.692927    35.2569     4.3935     0.0208          0     61.000 328.473403  1022.4930      1.870      0.310  0.000e+00
      1.966    28.3117   5.693042    35.2590     4.5757     0.0215          0     61.250 328.473406  1022.4955      1.956      0.348  0.000e+00
      2.020    28.3109   5.693240    35.2609     4.6264     0.0223          0     61.500 328.473409  1022.4975      2.009      0.360  0.000e+00
      2.031    28.3104   5.694421    35.2695     4.4266     0.0147          0     61.750 328.473411  1022.5041      2.020      0.337  0.000e+00
      2.020    28.3115   5.695442    35.2759     3.9669     0.0200          0     62.000 328.473414  1022.5085      2.009      0.291  0.000e+00
      1.977    28.3134   5.695731    35.2764     3.4642     0.0231          0     62.250 328.473417  1022.5081      1.966      0.215  0.000e+00
      1.956    28.3146   5.695472    35.2738     2.9985     0.0513          0     62.500 328.473420  1022.5056      1.945      0.132  0.000e+00
      1.977    28.3143   5.695602    35.2749     2.6202     0.0444          0     62.750 328.473423  1022.5066      1.966      0.066  0.000e+00
      2.020    28.3139   5.695190    35.2723     2.4410     0.0498          0     63.000 328.473426  1022.5050      2.009      0.027  0.000e+00
      2.074    28.3130   5.691693    35.2485     2.5130     0.0429          0     63.250 328.473429  1022.4876      2.063      0.017  0.000e+00
      2.172    28.3098   5.688814    35.2308     2.6992     0.0490          0     63.500 328.473432  1022.4758      2.160      0.049  0.000e+00
      2.237    28.3074   5.687603    35.2241     2.8319     0.0475          0     63.750 328.473435  1022.4719      2.224      0.102  0.000e+00
      2.345    28.3036   5.686872    35.2218     3.1934     0.0444          0     64.000 328.473437  1022.4718      2.332      0.174  0.000e+00
      2.431    28.2997   5.686553    35.2224     3.6612     0.0414          0     64.250 328.473440  1022.4740      2.418      0.244  0.000e+00
      2.518    28.2973   5.686431    35.2234     3.9590     0.0513          0     64.500 328.473443  1022.4759      2.504      0.295  0.000e+00
      2.550    28.2955   5.686431    35.2247     3.9466     0.0192          0     64.750 328.473446  1022.4776      2.536      0.311  0.000e+00
      2.593    28.2946   5.686233    35.2240     3.8539     0.0200          0     65.000 328.473449  1022.4775      2.579      0.307  0.000e+00
      2.658    28.2940   5.686271    35.2246     3.6841     0.0223          0     65.250 328.473452  1022.4785      2.644      0.293  0.000e+00
      2.766    28.2938   5.686302    35.2250     3.4836     0.0223          0     65.500 328.473455  1022.4793      2.751      0.284  0.000e+00
      2.864    28.2936   5.686393    35.2258     3.3642     0.0620          0     65.750 328.473458  1022.4804      2.848      0.287  0.000e+00
      2.918    28.2935   5.686363    35.2256     3.1548     0.0574          0     66.000 328.473461  1022.4805      2.902      0.280  0.000e+00
      2.961    28.2933   5.686271    35.2251     3.1101     0.0521          0     66.250 328.473464  1022.4804      2.944      0.275  0.000e+00
      2.972    28.2932   5.686363    35.2258     3.0951     0.0543          0     66.500 328.473466  1022.4810      2.955      0.260  0.000e+00
      2.961    28.2929   5.686271    35.2254     3.0713     0.0391          0     66.750 328.473469  1022.4807      2.945      0.236  0.000e+00
      2.972    28.2928   5.686233    35.2252     3.0422     0.0376          0     67.000 328.473472  1022.4807      2.955      0.195  0.000e+00
      2.972    28.2924   5.686203    35.2253     2.9556     0.0330          0     67.250 328.473475  1022.4809      2.955      0.141  0.000e+00
      2.982    28.2922   5.686302    35.2261     2.8550     0.0376          0     67.500 328.473478  1022.4816      2.966      0.086  0.000e+00
      3.026    28.2919   5.686302    35.2264     2.7490     0.0315          0     67.750 328.473481  1022.4820      3.009      0.058  0.000e+00
      3.101    28.2916   5.686332    35.2268     2.6600     0.0490          0     68.000 328.473484  1022.4828      3.084      0.064  0.000e+00
      3.155    28.2916   5.686363    35.2270     2.5975     0.0475          0     68.250 328.473487  1022.4831      3.138      0.087  0.000e+00
      3.177    28.2914   5.686363    35.2271     2.5487     0.0459          0     68.500 328.473490  1022.4834      3.160      0.115  0.000e+00
      3.242    28.2911   5.686431    35.2278     2.5617     0.0398          0     68.750 328.473492  1022.4843      3.224      0.148  0.000e+00
      3.253    28.2910   5.686271    35.2267     2.6220     0.0414          0     69.000 328.473495  1022.4836      3.235      0.164  0.000e+00
      3.220    28.2908   5.686233    35.2266     2.6314     0.0444          0     69.250 328.473498  1022.4834      3.203      0.154  0.000e+00
      3.210    28.2904   5.686203    35.2267     2.6228     0.0406          0     69.500 328.473501  1022.4836      3.192      0.125  0.000e+00
      3.199    28.2903   5.686203    35.2268     2.6215     0.0406          0     69.750 328.473504  1022.4836      3.181      0.082  0.000e+00
      3.210    28.2902   5.686172    35.2266     2.6269     0.0681          0     70.000 328.473507  1022.4836      3.192      0.040  0.000e+00
      3.231    28.2905   5.686112    35.2260     2.6285     0.0543          0     70.250 328.473510  1022.4831      3.214      0.018  0.000e+00
      3.275    28.2910   5.686180    35.2261     2.6191     0.0543          0     70.500 328.473513  1022.4832      3.256      0.017  0.000e+00
      3.361    28.2914   5.686203    35.2259     2.6293     0.0521          0     70.750 328.473516  1022.4833      3.343      0.038  0.000e+00
      3.458    28.2919   5.686272    35.2260     2.6706     0.0475          0     71.000 328.473519  1022.4836      3.439      0.094  0.000e+00
      3.534    28.2921   5.686142    35.2249     2.6918     0.0429          0     71.250 328.473521  1022.4831      3.515      0.159  0.000e+00
      3.621    28.2919   5.686081    35.2246     2.7035     0.0505          0     71.500 328.473524  1022.4833      3.601      0.218  0.000e+00
      3.718    28.2915   5.686081    35.2249     2.7569     0.0383          0     71.750 328.473527  1022.4840      3.697      0.273  0.000e+00
      3.858    28.2912   5.686013    35.2246     2.7934     0.0459          0     72.000 328.473530  1022.4845      3.837      0.328  0.000e+00
      3.977    28.2912   5.686013    35.2246     2.8527     0.0292          0     72.250 328.473533  1022.4850      3.955      0.374  0.000e+00
      4.042    28.2914   5.686112    35.2251     2.9241     0.0391          0     72.500 328.473536  1022.4856      4.020      0.394  0.000e+00
      4.042    28.2917   5.686150    35.2251     2.9136     0.0345          0     72.750 328.473539  1022.4855      4.020      0.373  0.000e+00
      3.988    28.2927   5.686302    35.2255     2.8700     0.0345          0     73.000 328.473542  1022.4852      3.966      0.316  0.000e+00
      3.988    28.2944   5.686584    35.2261     2.8577     0.0093          0     73.250 328.473545  1022.4852      3.966      0.250  0.000e+00
      4.010    28.2962   5.686683    35.2255     2.8868     0.0078          0     73.500 328.473547  1022.4842      3.987      0.179  0.000e+00
      4.042    28.2975   5.686683    35.2246     2.9188     0.0086          0     73.750 328.473550  1022.4832      4.020      0.114  0.000e+00
      4.107    28.2978   5.686683    35.2243     3.0462     0.0131          0     74.000 328.473553  1022.4832      4.084      0.071  0.000e+00
      4.161    28.2980   5.686584    35.2235     3.1653     0.0574          0     74.250 328.473556  1022.4827      4.138      0.063  0.000e+00
      4.172    28.2985   5.686622    35.2234     3.2155     0.0559          0     74.500 328.473559  1022.4825      4.149      0.078  0.000e+00
      4.139    28.2994   5.686782    35.2238     3.1527     0.0589          0     74.750 328.473562  1022.4824      4.117      0.092  0.000e+00
      4.139    28.3005   5.686934    35.2240     3.0793     0.0635          0     75.000 328.473565  1022.4822      4.116      0.100  0.000e+00
      4.118    28.3017   5.687041    35.2239     2.9856     0.0238          0     75.250 328.473568  1022.4816      4.095      0.078  0.000e+00
      4.096    28.3024   5.687003    35.2231     2.8845     0.0208          0     75.500 328.473571  1022.4807      4.073      0.041  0.000e+00
      4.085    28.3021   5.686934    35.2229     2.8169     0.0238          0     75.750 328.473573  1022.4806      4.063      0.001  0.000e+00
      4.074    28.3016   5.686904    35.2230     2.7866     0.0147          0     76.000 328.473576  1022.4808      4.052     -0.035  0.000e+00
      3.999    28.3012   5.686744    35.2222     2.7847     0.0170          0     76.250 328.473579  1022.4800      3.977     -0.073  0.000e+00
      3.988    28.3011   5.686744    35.2223     2.7683     0.0437          0     76.500 328.473582  1022.4801      3.966     -0.088  0.000e+00
      3.966    28.3011   5.686812    35.2228     2.7718     0.0452          0     76.750 328.473585  1022.4803      3.944     -0.094  0.000e+00
      3.977    28.3014   5.686843    35.2228     2.7660     0.0475          0     77.000 328.473588  1022.4803      3.955     -0.094  0.000e+00
      3.977    28.3012   5.686843    35.2229     2.7600     0.0490          0     77.250 328.473591  1022.4805      3.955     -0.083  0.000e+00
      3.988    28.3014   5.686850    35.2228     2.7338     0.0170          0     77.500 328.473594  1022.4804      3.966     -0.066  0.000e+00
      3.988    28.3012   5.686812    35.2227     2.7040     0.0170          0     77.750 328.473597  1022.4803      3.966     -0.047  0.000e+00
      3.999    28.3012   5.686782    35.2225     2.6694     0.0200          0     78.000 328.473600  1022.4802      3.977     -0.022  0.000e+00
      4.020    28.3008   5.686683    35.2221     2.6625     0.0177          0     78.250 328.473602  1022.4801      3.998      0.012  0.000e+00
      4.031    28.3004   5.686713    35.2226     2.6647    -0.0029          0     78.500 328.473605  1022.4807      4.009      0.026  0.000e+00
      4.031    28.3003   5.686782    35.2231     2.6649    -0.0052          0     78.750 328.473608  1022.4811      4.009      0.035  0.000e+00
      4.042    28.3005   5.686782    35.2230     2.7518    -0.0014          0     79.000 328.473611  1022.4810      4.020      0.036  0.000e+00
      4.020    28.3007   5.686782    35.2228     2.7705    -0.0014          0     79.250 328.473614  1022.4808      3.998      0.030  0.000e+00
      4.010    28.3011   5.686744    35.2223     2.8041     0.0170          0     79.500 328.473617  1022.4802      3.988      0.019  0.000e+00
      3.966    28.3012   5.686729    35.2221     2.7874     0.0681          0     79.750 328.473620  1022.4798      3.945     -0.003  0.000e+00
      3.945    28.3013   5.686744    35.2222     2.7829     0.0704          0     80.000 328.473623  1022.4797      3.923     -0.029  0.000e+00
      3.945    28.3012   5.686744    35.2222     2.7521     0.0620          0     80.250 328.473626  1022.4798      3.923     -0.048  0.000e+00
      3.956    28.3013   5.686782    35.2224     2.7379     0.0620          0     80.500 328.473628  1022.4800      3.934     -0.054  0.000e+00
      3.967    28.3016   5.686843    35.2226     2.6797     0.0208          0     80.750 328.473631  1022.4801      3.945     -0.049  0.000e+00
      3.977    28.3018   5.686873    35.2227     2.6692     0.0200          0     81.000 328.473634  1022.4801      3.955     -0.037  0.000e+00
      3.988    28.3017   5.686812    35.2223     2.7011     0.0200          0     81.250 328.473637  1022.4799      3.966     -0.014  0.000e+00
      3.977    28.3013   5.686744    35.2222     2.6659     0.0170          0     81.500 328.473640  1022.4799      3.955      0.002  0.000e+00
      3.977    28.3010   5.686683    35.2220     2.6818     0.0307          0     81.750 328.473643  1022.4798      3.955      0.017  0.000e+00
      3.945    28.3005   5.686622    35.2219     2.6942     0.0330          0     82.000 328.473646  1022.4798      3.923      0.011  0.000e+00
      3.923    28.2996   5.686485    35.2216     2.6901     0.0376          0     82.250 328.473649  1022.4798      3.902     -0.006  0.000e+00
      3.934    28.2987   5.686432    35.2219     2.6899     0.0360          0     82.500 328.473652  1022.4803      3.913     -0.019  0.000e+00
      3.934    28.2983   5.686363    35.2218     2.6847     0.0963          0     82.750 328.473655  1022.4804      3.913     -0.028  0.000e+00
      3.934    28.2978   5.686363    35.2221     2.6687     0.0932          0     83.000 328.473657  1022.4808      3.912     -0.032  0.000e+00
