ctd_kilwa/cnv/SBE19plus_01906740_2018_11_26_0039.cnv
* Sea-Bird SBE19plus  Data File:
* FileName = C:\Users\all user\Desktop\Mapping WWF\SBE19plus_01906740_2018_11_26_0039.hex
* Software version 2.6.3.104
* Temperature SN = 6740
* Conductivity SN = 6740
* System UpLoad Time = Nov 26 2018 19:52:57
* <ApplicationData>
* <Seaterm232>
# nquan = 13
# nvalues = 460                                   
# units = specified
# name 0 = prdM: Pressure, Strain Gauge [db]
# name 1 = tv290C: Temperature [ITS-90, deg C]
# name 2 = c0S/m: Conductivity [S/m]
# name 3 = sal00: Salinity, Practical [PSU]
# name 4 = sbeox0ML/L: Oxygen, SBE 43 [ml/l]
# name 5 = flECO-AFL: Fluorescence, WET Labs ECO-AFL/FL [mg/m^3]
# name 6 = nbf: Bottles Fired
# name 7 = timeS: Time, Elapsed [seconds]
# name 8 = timeJ: Julian Days
# name 9 = density00: Density [density, kg/m^3]
# name 10 = depSM: Depth [salt water, m], lat = 0.00
# name 11 = dz/dtM: Descent Rate [m/s]
# name 12 = flag:  0.000e+00
# span 0 =     -1.040,      1.912                 
# span 1 =    28.3466,    28.5884                 
# span 2 =   0.110419,   5.730948                 
# span 3 =     0.5100,    35.3356                 
# span 4 =     2.1745,     5.1101                 
# span 5 =    -0.2257,    48.6932                 
# span 6 =          0,          0                 
# span 7 =      0.000,    114.750                 
# span 8 = 328.407176, 328.408504                 
# span 9 =   996.5121,  1022.4600                 
# span 10 =     -1.035,      1.902                
# span 11 =     -0.425,      0.291                
# span 12 = 0.0000e+00, 0.0000e+00                
# interval = seconds: 0.25
# start_time = Nov 24 2018 09:46:20 [Instrument's time stamp, header]
# bad_flag = -9.990e-29
*END*
     -1.029    28.3466   0.136515     0.6360     3.4117    -0.0227          0      0.000 328.407176   996.6097     -1.024      0.000  0.000e+00
     -1.029    28.3479   0.122826     0.5698     3.4466    -0.0227          0      0.250 328.407179   996.5595     -1.024      0.000  0.000e+00
     -1.019    28.3500   0.118081     0.5469     3.3655    -0.0265          0      0.500 328.407182   996.5418     -1.013      0.003  0.000e+00
     -1.019    28.3527   0.115432     0.5341     3.2659    -0.0250          0      0.750 328.407185   996.5315     -1.013      0.005  0.000e+00
     -1.040    28.3553   0.112803     0.5215     3.2478    -0.0365          0      1.000 328.407188   996.5211     -1.035      0.001  0.000e+00
     -1.029    28.3570   0.110419     0.5100     3.3361    -0.0326          0      1.250 328.407190   996.5121     -1.024      0.000  0.000e+00
     -1.008    28.3583   0.113882     0.5266     3.3398    -0.0410          0      1.500 328.407193   996.5243     -1.002      0.005  0.000e+00
     -0.997    28.3596   0.136440     0.6355     3.5661    -0.0395          0      1.750 328.407196   996.6056     -0.992      0.012  0.000e+00
     -0.911    28.3625   0.260607     1.2521     3.4786    48.6787          0      2.000 328.407199   997.0674     -0.906      0.039  0.000e+00
     -0.813    28.3932   2.922594    16.7816     3.1887    48.6848          0      2.250 328.407202  1008.6332     -0.809      0.084  0.000e+00
     -0.813    28.4465   2.866497    16.4100     3.1757    48.6818          0      2.500 328.407205  1008.3398     -0.809      0.115  0.000e+00
     -0.846    28.4821   0.517086     2.5808     3.3999    48.6764          0      2.750 328.407208   998.0265     -0.841      0.127  0.000e+00
     -0.943    28.5040   0.414306     2.0383     3.3668     0.8814          0      3.000 328.407211   997.6144     -0.938      0.101  0.000e+00
     -1.029    28.5180   0.214599     1.0175     3.3924     0.8791          0      3.250 328.407214   996.8461     -1.024      0.040  0.000e+00
     -1.029    28.5360   0.190253     0.8964     3.4307     0.8799          0      3.500 328.407216   996.7501     -1.024     -0.019  0.000e+00
     -1.018    28.5458   0.175745     0.8247     3.5624     0.8753          0      3.750 328.407219   996.6936     -1.013     -0.067  0.000e+00
     -1.018    28.5465   0.165536     0.7747     3.5236     0.8776          0      4.000 328.407222   996.6559     -1.013     -0.111  0.000e+00
     -1.018    28.5457   0.161139     0.7532     3.4322    -0.2218          0      4.250 328.407225   996.6400     -1.013     -0.124  0.000e+00
     -0.964    28.5436   0.163174     0.7632     3.4463    -0.2218          0      4.500 328.407228   996.6484     -0.959     -0.084  0.000e+00
     -0.867    28.5423   0.315251     1.5250     3.3860    -0.2211          0      4.750 328.407231   997.2197     -0.862     -0.008  0.000e+00
     -0.770    28.5482   0.297441     1.4340     3.6146    -0.2257          0      5.000 328.407234   997.1503     -0.765      0.087  0.000e+00
     -0.672    28.5550   0.213464     1.0111     3.5565    48.6734          0      5.250 328.407237   996.8321     -0.669      0.171  0.000e+00
     -0.618    28.5591   0.301745     1.4556     3.4462    48.6932          0      5.500 328.407240   997.1640     -0.615      0.222  0.000e+00
     -0.586    28.5613   2.327213    13.0303     3.2019    48.6772          0      5.750 328.407242  1005.7883     -0.583      0.254  0.000e+00
     -0.510    28.5627   2.875003    16.4236     3.1467    48.6711          0      6.000 328.407245  1008.3154     -0.507      0.281  0.000e+00
     -0.445    28.5628   2.892608    16.5340     3.1309    48.6841          0      6.250 328.407248  1008.3979     -0.443      0.291  0.000e+00
     -0.370    28.5634   2.910444    16.6458     3.1251    48.6780          0      6.500 328.407251  1008.4813     -0.367      0.283  0.000e+00
     -0.380    28.5633   2.990616    17.1503     3.0780    48.6818          0      6.750 328.407254  1008.8572     -0.378      0.247  0.000e+00
     -0.337    28.5634   4.232606    25.1734     2.9209    48.6864          0      7.000 328.407257  1014.8444     -0.335      0.216  0.000e+00
     -0.305    28.5638   5.730581    35.3333     2.8086    -0.1402          0      7.250 328.407260  1022.4583     -0.303      0.191  0.000e+00
     -0.316    28.5639   5.730145    35.3302     2.8219    -0.1395          0      7.500 328.407263  1022.4559     -0.314      0.164  0.000e+00
     -0.294    28.5641   5.730948    35.3356     2.8243    -0.1341          0      7.750 328.407266  1022.4600     -0.292      0.138  0.000e+00
     -0.305    28.5645   5.729374    35.3244     2.8467    -0.1372          0      8.000 328.407269  1022.4514     -0.303      0.097  0.000e+00
     -0.315    28.5651   5.727861    35.3134     2.8558    -0.1417          0      8.250 328.407271  1022.4429     -0.314      0.061  0.000e+00
     -0.294    28.5659   5.723699    35.2839     2.8513     0.0261          0      8.500 328.407274  1022.4205     -0.292      0.038  0.000e+00
     -0.304    28.5663   5.721637    35.2693     2.8625     0.0360          0      8.750 328.407277  1022.4094     -0.303      0.028  0.000e+00
     -0.304    28.5676   5.720927    35.2634     2.8532     0.0376          0      9.000 328.407280  1022.4045     -0.303      0.010  0.000e+00
     -0.304    28.5690   5.720675    35.2606     2.8505     0.0345          0      9.250 328.407283  1022.4020     -0.303      0.002  0.000e+00
     -0.272    28.5709   5.720896    35.2607     2.8556    -0.0273          0      9.500 328.407286  1022.4015     -0.270      0.010  0.000e+00
     -0.326    28.5730   5.720797    35.2584     2.8458    -0.0250          0      9.750 328.407289  1022.3989     -0.324     -0.001  0.000e+00
     -0.315    28.5748   5.720950    35.2582     2.8490    -0.0235          0     10.000 328.407292  1022.3982     -0.313     -0.002  0.000e+00
     -0.315    28.5765   5.720675    35.2550     2.8470    -0.0227          0     10.250 328.407295  1022.3953     -0.313     -0.005  0.000e+00
     -0.261    28.5775   5.720316    35.2518     2.8357     0.0147          0     10.500 328.407297  1022.3927     -0.260      0.004  0.000e+00
     -0.207    28.5785   5.720255    35.2505     2.8340     0.0063          0     10.750 328.407300  1022.3917     -0.206      0.030  0.000e+00
     -0.229    28.5798   5.720316    35.2500     2.8470     0.0177          0     11.000 328.407303  1022.3907     -0.227      0.042  0.000e+00
     -0.261    28.5808   5.720491    35.2505     2.8577     0.0147          0     11.250 328.407306  1022.3907     -0.260      0.040  0.000e+00
     -0.315    28.5811   5.720575    35.2509     2.8671     0.0101          0     11.500 328.407309  1022.3906     -0.313      0.020  0.000e+00
     -0.337    28.5814   5.720736    35.2518     2.8679     0.0002          0     11.750 328.407312  1022.3911     -0.335      0.006  0.000e+00
     -0.348    28.5817   5.720675    35.2511     2.8639     0.0086          0     12.000 328.407315  1022.3905     -0.346     -0.024  0.000e+00
     -0.348    28.5821   5.720736    35.2513     2.8741     0.0101          0     12.250 328.407318  1022.3904     -0.346     -0.049  0.000e+00
     -0.402    28.5825   5.720957    35.2525     2.8898     0.0063          0     12.500 328.407321  1022.3910     -0.400     -0.087  0.000e+00
     -0.402    28.5836   5.720270    35.2470     2.8941     0.1016          0     12.750 328.407323  1022.3865     -0.400     -0.100  0.000e+00
     -0.413    28.5850   5.720255    35.2458     2.8802     0.1039          0     13.000 328.407326  1022.3851     -0.410     -0.089  0.000e+00
     -0.380    28.5859   5.720476    35.2467     2.8704     0.0925          0     13.250 328.407329  1022.3856     -0.378     -0.064  0.000e+00
     -0.337    28.5871   5.720674    35.2471     2.8606     0.0948          0     13.500 328.407332  1022.3857     -0.335     -0.027  0.000e+00
     -0.304    28.5880   5.720797    35.2473     2.8588     0.2016          0     13.750 328.407335  1022.3857     -0.303      0.006  0.000e+00
     -0.380    28.5884   5.720674    35.2462     2.9384     0.2100          0     14.000 328.407338  1022.3844     -0.378      0.010  0.000e+00
     -0.369    28.5884   5.720361    35.2440     2.9541     0.2016          0     14.250 328.407341  1022.3828     -0.367      0.017  0.000e+00
     -0.348    28.5884   5.720224    35.2430     2.9167     0.2031          0     14.500 328.407344  1022.3821     -0.346      0.030  0.000e+00
     -0.326    28.5875   5.720224    35.2437     2.8882     0.1863          0     14.750 328.407347  1022.3830     -0.324      0.032  0.000e+00
     -0.348    28.5869   5.720224    35.2442     2.8744     0.1894          0     15.000 328.407350  1022.3835     -0.346      0.022  0.000e+00
     -0.315    28.5862   5.720224    35.2447     2.8561     0.1940          0     15.250 328.407352  1022.3843     -0.314      0.014  0.000e+00
     -0.337    28.5856   5.720033    35.2438     2.8437     0.1901          0     15.500 328.407355  1022.3837     -0.335      0.005  0.000e+00
     -0.358    28.5847   5.719690    35.2421     2.8189    -0.0258          0     15.750 328.407358  1022.3826     -0.357      0.001  0.000e+00
     -0.337    28.5836   5.719484    35.2415     2.7800    -0.0227          0     16.000 328.407361  1022.3826     -0.335      0.016  0.000e+00
     -0.315    28.5827   5.719552    35.2426     2.7634    -0.0242          0     16.250 328.407364  1022.3839     -0.313      0.013  0.000e+00
     -0.294    28.5824   5.719804    35.2446     2.7569    -0.0258          0     16.500 328.407367  1022.3855     -0.292      0.015  0.000e+00
     -0.315    28.5831   5.719903    35.2447     2.7460    -0.0265          0     16.750 328.407370  1022.3853     -0.313      0.014  0.000e+00
     -0.337    28.5838   5.720087    35.2455     2.7368    -0.0029          0     17.000 328.407373  1022.3856     -0.335      0.012  0.000e+00
     -0.348    28.5844   5.720255    35.2462     2.7199    -0.0014          0     17.250 328.407376  1022.3859     -0.346      0.000  0.000e+00
     -0.283    28.5849   5.720194    35.2454     2.8566    -0.0052          0     17.500 328.407378  1022.3854     -0.281      0.017  0.000e+00
     -0.272    28.5854   5.723782    35.2700     2.9695     0.0017          0     17.750 328.407381  1022.4037     -0.270      0.027  0.000e+00
     -0.272    28.5855   5.723400    35.2673     2.8904    -0.0662          0     18.000 328.407384  1022.4017     -0.270      0.025  0.000e+00
     -0.250    28.5855   5.723370    35.2670     2.8476    -0.0731          0     18.250 328.407387  1022.4016     -0.249      0.031  0.000e+00
     -0.272    28.5856   5.723515    35.2680     2.8146    -0.0578          0     18.500 328.407390  1022.4022     -0.270      0.032  0.000e+00
     -0.283    28.5859   5.723209    35.2656     2.8022    -0.0632          0     18.750 328.407393  1022.4003     -0.281      0.035  0.000e+00
     -0.304    28.5860   5.722438    35.2602     2.7733    -0.0326          0     19.000 328.407396  1022.3961     -0.303      0.025  0.000e+00
     -0.261    28.5860   5.720575    35.2473     2.9453    -0.0250          0     19.250 328.407399  1022.3865     -0.260      0.017  0.000e+00
     -0.207    28.5860   5.723431    35.2671     2.9130    -0.0288          0     19.500 328.407402  1022.4016     -0.206      0.016  0.000e+00
     -0.185    28.5856   5.722919    35.2638     2.8217    -0.0220          0     19.750 328.407405  1022.3994     -0.184      0.032  0.000e+00
     -0.164    28.5848   5.724378    35.2745     2.8019    -0.0258          0     20.000 328.407407  1022.4078     -0.163      0.052  0.000e+00
     -0.153    28.5847   5.725035    35.2792     2.7735    -0.0242          0     20.250 328.407410  1022.4114     -0.152      0.067  0.000e+00
     -0.175    28.5841   5.724714    35.2774     2.7421    -0.0319          0     20.500 328.407413  1022.4101     -0.174      0.076  0.000e+00
     -0.196    28.5839   5.723561    35.2695     2.7020    -0.0242          0     20.750 328.407416  1022.4042     -0.195      0.066  0.000e+00
     -0.185    28.5837   5.722148    35.2599     2.6583    -0.0273          0     21.000 328.407419  1022.3971     -0.184      0.051  0.000e+00
     -0.185    28.5835   5.721568    35.2560     2.6050    -0.0296          0     21.250 328.407422  1022.3942     -0.184      0.022  0.000e+00
     -0.153    28.5834   5.721278    35.2540     2.6221    -0.0242          0     21.500 328.407425  1022.3929     -0.152      0.009  0.000e+00
     -0.175    28.5832   5.721438    35.2553     2.6332    -0.0212          0     21.750 328.407428  1022.3938     -0.174      0.000  0.000e+00
     -0.164    28.5829   5.721507    35.2560     2.6406    -0.0235          0     22.000 328.407431  1022.3945     -0.163     -0.001  0.000e+00
     -0.175    28.5826   5.721247    35.2544     2.6506    -0.0342          0     22.250 328.407433  1022.3934     -0.174      0.001  0.000e+00
     -0.196    28.5824   5.720415    35.2488     2.6457    -0.0456          0     22.500 328.407436  1022.3891     -0.195      0.002  0.000e+00
     -0.142    28.5822   5.720056    35.2464     2.6370    -0.0296          0     22.750 328.407439  1022.3876     -0.141      0.013  0.000e+00
     -0.142    28.5821   5.720675    35.2508     2.6527    -0.0387          0     23.000 328.407442  1022.3909     -0.141      0.014  0.000e+00
     -0.142    28.5817   5.721728    35.2584     2.6560    -0.0113          0     23.250 328.407445  1022.3968     -0.141      0.016  0.000e+00
     -0.175    28.5807   5.721186    35.2554     2.6830    -0.0136          0     23.500 328.407448  1022.3947     -0.174      0.006  0.000e+00
     -0.196    28.5806   5.720255    35.2490     2.7422    -0.0159          0     23.750 328.407451  1022.3899     -0.195      0.000  0.000e+00
     -0.153    28.5808   5.719033    35.2403     2.7328    -0.0136          0     24.000 328.407454  1022.3835     -0.152      0.001  0.000e+00
     -0.045    28.5809   5.720736    35.2521     2.7126    -0.0159          0     24.250 328.407457  1022.3927     -0.045      0.034  0.000e+00
     -0.023    28.5801   5.721278    35.2564     2.6731    -0.0029          0     24.500 328.407459  1022.3963     -0.023      0.061  0.000e+00
     -0.045    28.5801   5.723721    35.2734     2.6517    -0.0113          0     24.750 328.407462  1022.4090     -0.045      0.064  0.000e+00
     -0.056    28.5801   5.724745    35.2805     2.6573    -0.0174          0     25.000 328.407465  1022.4143     -0.055      0.073  0.000e+00
     -0.077    28.5797   5.724134    35.2766     2.6248    -0.0189          0     25.250 328.407468  1022.4114     -0.077      0.070  0.000e+00
     -0.099    28.5799   5.722958    35.2683     2.5917     0.0246          0     25.500 328.407471  1022.4050     -0.098      0.057  0.000e+00
     -0.056    28.5807   5.721667    35.2587     2.5555     0.0246          0     25.750 328.407474  1022.3977     -0.055      0.042  0.000e+00
     -0.023    28.5809   5.721537    35.2576     2.5450     0.0292          0     26.000 328.407477  1022.3970     -0.023      0.020  0.000e+00
     -0.012    28.5812   5.721537    35.2574     2.5522     0.0269          0     26.250 328.407480  1022.3968     -0.012      0.004  0.000e+00
     -0.012    28.5810   5.721118    35.2546     2.5574    -0.0242          0     26.500 328.407483  1022.3948     -0.012      0.015  0.000e+00
     -0.013    28.5809   5.720637    35.2514     2.5454    -0.0242          0     26.750 328.407486  1022.3923     -0.012      0.031  0.000e+00
     -0.023    28.5808   5.720240    35.2487     2.5223    -0.0296          0     27.000 328.407488  1022.3903     -0.023      0.036  0.000e+00
      0.009    28.5808   5.720095    35.2477     2.5122    -0.0258          0     27.250 328.407491  1022.3897      0.009      0.045  0.000e+00
      0.009    28.5812   5.720033    35.2470     2.5120    -0.0052          0     27.500 328.407494  1022.3890      0.009      0.042  0.000e+00
