ctd_kilwa/cnv/SBE19plus_01906740_2018_11_26_0056.cnv
* Sea-Bird SBE19plus  Data File:
* FileName = C:\Users\all user\Desktop\Mapping WWF\SBE19plus_01906740_2018_11_26_0056.hex
* Software version 2.6.3.104
* Temperature SN = 6740
* Conductivity SN = 6740
* System UpLoad Time = Nov 26 2018 19:57:16
* <ApplicationData>
* <Seaterm232>
# nquan = 13
# nvalues = 999                                   
# units = specified
# name 0 = prdM: Pressure, Strain Gauge [db]
# name 1 = tv290C: Temperature [ITS-90, deg C]
# name 2 = c0S/m: Conductivity [S/m]
# name 3 = sal00: Salinity, Practical [PSU]
# name 4 = sbeox0ML/L: Oxygen, SBE 43 [ml/l]
# name 5 = flECO-AFL: Fluorescence, WET Labs ECO-AFL/FL [mg/m^3]
# name 6 = nbf: Bottles Fired
# name 7 = timeS: Time, Elapsed [seconds]
# name 8 = timeJ: Julian Days
# name 9 = density00: Density [density, kg/m^3]
# name 10 = depSM: Depth [salt water, m], lat = 0.00
# name 11 = dz/dtM: Descent Rate [m/s]
# name 12 = flag:  0.000e+00
# span 0 =     -1.029,     22.990                 
# span 1 =    27.8328,    29.2240                 
# span 2 =   0.020785,   5.700068                 
# span 3 =     0.0941,    35.3507                 
# span 4 =     2.0963,     3.6943                 
# span 5 =    -0.1211,    48.6810                 
# span 6 =          0,          0                 
# span 7 =      0.000,    249.500                 
# span 8 = 329.372963, 329.375851                 
# span 9 =   995.9476,  1022.7062                 
# span 10 =     -1.023,     22.862                
# span 11 =     -0.683,      0.420                
# span 12 = 0.0000e+00, 0.0000e+00                
# interval = seconds: 0.25
# start_time = Nov 25 2018 08:57:04 [Instrument's time stamp, header]
# bad_flag = -9.990e-29
*END*
[from data line 889]
      5.571    28.1363   5.666264    35.2015     2.5991     0.0299          0    222.250 329.375535  1022.5254      5.541     -0.566  0.000e+00
      5.539    28.1365   5.666332    35.2019     2.6045     0.0307          0    222.500 329.375538  1022.5255      5.508     -0.593  0.000e+00
      5.517    28.1369   5.666424    35.2022     2.5992     0.0307          0    222.750 329.375541  1022.5255      5.487     -0.576  0.000e+00
      5.485    28.1373   5.666454    35.2021     2.5987     0.0307          0    223.000 329.375544  1022.5251      5.454     -0.508  0.000e+00
      5.431    28.1378   5.666431    35.2016     2.5910     0.0360          0    223.250 329.375547  1022.5244      5.401     -0.392  0.000e+00
      5.236    28.1380   5.666484    35.2019     2.5883     0.0521          0    223.500 329.375550  1022.5237      5.207     -0.311  0.000e+00
      4.944    28.1384   5.666454    35.2015     2.5739     0.0505          0    223.750 329.375553  1022.5220      4.917     -0.322  0.000e+00
      4.685    28.1384   5.666454    35.2015     2.5617     0.0429          0    224.000 329.375556  1022.5209      4.659     -0.422  0.000e+00
      4.533    28.1386   5.666522    35.2019     2.5583     0.0261          0    224.250 329.375558  1022.5205      4.508     -0.541  0.000e+00
      4.544    28.1388   5.666522    35.2018     2.5662     0.0192          0    224.500 329.375561  1022.5204      4.519     -0.601  0.000e+00
      4.479    28.1392   5.666583    35.2019     2.5566     0.0154          0    224.750 329.375564  1022.5201      4.455     -0.621  0.000e+00
      4.468    28.1395   5.666674    35.2023     2.5459     0.0246          0    225.000 329.375567  1022.5203      4.444     -0.581  0.000e+00
      4.468    28.1403   5.666803    35.2027     2.5437     0.0315          0    225.250 329.375570  1022.5202      4.444     -0.481  0.000e+00
      4.414    28.1408   5.666803    35.2022     2.5264     0.0284          0    225.500 329.375573  1022.5195      4.390     -0.347  0.000e+00
      4.166    28.1410   5.666773    35.2020     2.5234     0.0330          0    225.750 329.375576  1022.5182      4.143     -0.275  0.000e+00
      3.852    28.1410   5.666772    35.2020     2.5241     0.0299          0    226.000 329.375579  1022.5169      3.831     -0.314  0.000e+00
      3.614    28.1412   5.666772    35.2020     2.5324     0.0276          0    226.250 329.375582  1022.5157      3.594     -0.429  0.000e+00
      3.549    28.1414   5.666772    35.2018     2.5409     0.0368          0    226.500 329.375584  1022.5153      3.530     -0.541  0.000e+00
      3.549    28.1416   5.666833    35.2021     2.5400     0.0330          0    226.750 329.375587  1022.5155      3.530     -0.583  0.000e+00
      3.517    28.1422   5.667008    35.2029     2.5493     0.0315          0    227.000 329.375590  1022.5157      3.498     -0.590  0.000e+00
      3.495    28.1427   5.667054    35.2029     2.5415     0.0299          0    227.250 329.375593  1022.5154      3.476     -0.541  0.000e+00
      3.441    28.1436   5.667092    35.2025     2.5376     0.0276          0    227.500 329.375596  1022.5146      3.422     -0.443  0.000e+00
      3.225    28.1442   5.667122    35.2024     2.5365     0.0315          0    227.750 329.375599  1022.5134      3.207     -0.351  0.000e+00
      2.933    28.1446   5.667152    35.2023     2.5370     0.0315          0    228.000 329.375602  1022.5120      2.917     -0.341  0.000e+00
      2.706    28.1449   5.667182    35.2024     2.5347     0.0330          0    228.250 329.375605  1022.5109      2.691     -0.414  0.000e+00
      2.576    28.1450   5.667213    35.2025     2.5211     0.0276          0    228.500 329.375608  1022.5105      2.562     -0.524  0.000e+00
      2.533    28.1454   5.667281    35.2027     2.5227     0.0360          0    228.750 329.375611  1022.5103      2.519     -0.598  0.000e+00
      2.479    28.1458   5.667342    35.2029     2.5269     0.0345          0    229.000 329.375613  1022.5101      2.466     -0.619  0.000e+00
      2.479    28.1467   5.667502    35.2033     2.5238     0.0376          0    229.250 329.375616  1022.5101      2.466     -0.579  0.000e+00
      2.479    28.1478   5.667593    35.2032     2.5128     0.0444          0    229.500 329.375619  1022.5097      2.466     -0.478  0.000e+00
      2.393    28.1489   5.667661    35.2028     2.5123     0.0406          0    229.750 329.375622  1022.5086      2.379     -0.350  0.000e+00
      2.155    28.1495   5.667691    35.2027     2.5222     0.0437          0    230.000 329.375625  1022.5073      2.143     -0.287  0.000e+00
      1.884    28.1500   5.667661    35.2022     2.5156     0.0459          0    230.250 329.375628  1022.5056      1.874     -0.322  0.000e+00
      1.636    28.1501   5.667691    35.2024     2.5177     0.0154          0    230.500 329.375631  1022.5047      1.627     -0.430  0.000e+00
      1.549    28.1503   5.667676    35.2022     2.5183     0.0192          0    230.750 329.375634  1022.5041      1.541     -0.532  0.000e+00
      1.517    28.1506   5.667691    35.2021     2.5041     0.0192          0    231.000 329.375637  1022.5038      1.508     -0.589  0.000e+00
      1.495    28.1508   5.667782    35.2026     2.5163     0.0192          0    231.250 329.375639  1022.5040      1.487     -0.602  0.000e+00
      1.484    28.1520   5.667942    35.2027     2.5174     0.0215          0    231.500 329.375642  1022.5036      1.476     -0.552  0.000e+00
      1.452    28.1530   5.668132    35.2033     2.5231     0.0337          0    231.750 329.375645  1022.5036      1.444     -0.445  0.000e+00
      1.301    28.1540   5.668200    35.2031     2.5077     0.0345          0    232.000 329.375648  1022.5025      1.294     -0.338  0.000e+00
      1.009    28.1549   5.668162    35.2023     2.5041     0.0383          0    232.250 329.375651  1022.5004      1.003     -0.316  0.000e+00
      0.738    28.1554   5.668132    35.2018     2.5002     0.0253          0    232.500 329.375654  1022.4987      0.734     -0.379  0.000e+00
      0.630    28.1556   5.668162    35.2019     2.5053     0.0467          0    232.750 329.375657  1022.4982      0.627     -0.478  0.000e+00
      0.598    28.1559   5.668200    35.2019     2.5163     0.0406          0    233.000 329.375660  1022.4979      0.595     -0.547  0.000e+00
      0.598    28.1568   5.668291    35.2019     2.5215     0.0414          0    233.250 329.375663  1022.4976      0.595     -0.564  0.000e+00
      0.554    28.1589   5.668702    35.2032     2.5302     0.0498          0    233.500 329.375666  1022.4978      0.551     -0.538  0.000e+00
      0.555    28.1614   5.669112    35.2042     2.5306     0.0147          0    233.750 329.375668  1022.4977      0.552     -0.453  0.000e+00
      0.533    28.1633   5.669112    35.2028     2.5279     0.0078          0    234.000 329.375671  1022.4960      0.530     -0.322  0.000e+00
      0.468    28.1642   5.669082    35.2019     2.5161     0.0093          0    234.250 329.375674  1022.4947      0.465     -0.198  0.000e+00
      0.381    28.1652   5.669135    35.2016     2.5087     0.0116          0    234.500 329.375677  1022.4937      0.379     -0.139  0.000e+00
      0.295    28.1659   5.669181    35.2014     2.4944     0.0086          0    234.750 329.375680  1022.4930      0.294     -0.151  0.000e+00
      0.176    28.1662   5.669112    35.2008     2.4885     0.0032          0    235.000 329.375683  1022.4919      0.175     -0.202  0.000e+00
      0.068    28.1663   5.669112    35.2007     2.4995     0.0086          0    235.250 329.375686  1022.4914      0.068     -0.262  0.000e+00
     -0.051    28.1666   5.669082    35.2003     2.5569     0.0101          0    235.500 329.375689  1022.4905     -0.051     -0.318  0.000e+00
     -0.202    28.1671   5.669180    35.2007     2.7334     0.0101          0    235.750 329.375692  1022.4900     -0.201     -0.386  0.000e+00
     -0.332    28.1674   5.669302    35.2013     2.8293     0.0360          0    236.000 329.375694  1022.4897     -0.330     -0.438  0.000e+00
     -0.451    28.1678   5.669302    35.2010     2.8105     0.0261          0    236.250 329.375697  1022.4889     -0.449     -0.469  0.000e+00
     -0.484    28.1693   5.669492    35.2013     2.7693     0.0330          0    236.500 329.375700  1022.4885     -0.481     -0.466  0.000e+00
     -0.484    28.1708   5.669781    35.2022     2.7011     0.0315          0    236.750 329.375703  1022.4887     -0.481     -0.428  0.000e+00
     -0.473    28.1725   5.669910    35.2018     2.6350     0.0177          0    237.000 329.375706  1022.4879     -0.470     -0.358  0.000e+00
     -0.440    28.1741   5.670032    35.2015     2.5630     0.0177          0    237.250 329.375709  1022.4872     -0.438     -0.268  0.000e+00
     -0.419    28.1757   5.670222    35.2016     2.4877     0.0215          0    237.500 329.375712  1022.4869     -0.416     -0.167  0.000e+00
     -0.408    28.1770   5.670146    35.2001     2.4321     0.0246          0    237.750 329.375715  1022.4854     -0.406     -0.070  0.000e+00
     -0.376    28.1775   5.670001    35.1987     2.4117     0.0292          0    238.000 329.375718  1022.4843     -0.374      0.009  0.000e+00
     -0.343    28.1776   5.669941    35.1982     2.4437     0.0360          0    238.250 329.375720  1022.4840     -0.341      0.064  0.000e+00
     -0.322    28.1783   5.669971    35.1979     2.4674     0.0330          0    238.500 329.375723  1022.4837     -0.320      0.086  0.000e+00
     -0.289    28.1795   5.670290    35.1992     2.4737     0.0330          0    238.750 329.375726  1022.4844     -0.288      0.098  0.000e+00
     -0.300    28.1829   5.670861    35.2006     2.4848    -0.0021          0    239.000 329.375729  1022.4843     -0.298      0.094  0.000e+00
     -0.311    28.1862   5.671271    35.2011     2.5056    -0.0052          0    239.250 329.375732  1022.4835     -0.309      0.078  0.000e+00
     -0.289    28.1883   5.671302    35.1997     2.5059    -0.0067          0    239.500 329.375735  1022.4819     -0.288      0.068  0.000e+00
     -0.289    28.1902   5.671431    35.1992     2.5089    -0.0059          0    239.750 329.375738  1022.4809     -0.288      0.055  0.000e+00
     -0.322    28.1914   5.671492    35.1987     2.5221    -0.0052          0    240.000 329.375741  1022.4800     -0.320      0.028  0.000e+00
     -0.365    28.1923   5.671492    35.1981     2.5250     0.0109          0    240.250 329.375744  1022.4790     -0.363     -0.005  0.000e+00
     -0.419    28.1928   5.671522    35.1979     2.5543     0.0109          0    240.500 329.375747  1022.4785     -0.417     -0.043  0.000e+00
     -0.451    28.1934   5.671591    35.1980     2.5540     0.0086          0    240.750 329.375749  1022.4782     -0.449     -0.076  0.000e+00
     -0.419    28.1936   5.671591    35.1978     2.5517     0.0047          0    241.000 329.375752  1022.4782     -0.417     -0.082  0.000e+00
     -0.430    28.1937   5.671636    35.1981     2.5454     0.0345          0    241.250 329.375755  1022.4783     -0.427     -0.086  0.000e+00
     -0.462    28.1947   5.671902    35.1992     2.5445     0.0284          0    241.500 329.375758  1022.4787     -0.460     -0.093  0.000e+00
     -0.495    28.1972   5.672442    35.2011     2.5429     0.0315          0    241.750 329.375761  1022.4791     -0.492     -0.091  0.000e+00
     -0.505    28.2008   5.672922    35.2018     2.5217     0.0337          0    242.000 329.375764  1022.4784     -0.503     -0.079  0.000e+00
     -0.516    28.2036   5.673173    35.2014     2.5180     0.0307          0    242.250 329.375767  1022.4772     -0.513     -0.066  0.000e+00
     -0.484    28.2050   5.673173    35.2004     2.5136     0.0284          0    242.500 329.375770  1022.4761     -0.481     -0.046  0.000e+00
     -0.516    28.2060   5.673302    35.2006     2.5024     0.0276          0    242.750 329.375773  1022.4758     -0.513     -0.045  0.000e+00
     -0.495    28.2072   5.673431    35.2006     2.5100     0.0353          0    243.000 329.375775  1022.4754     -0.492     -0.042  0.000e+00
     -0.527    28.2084   5.673553    35.2005     2.4932     0.0185          0    243.250 329.375778  1022.4749     -0.524     -0.034  0.000e+00
     -0.527    28.2091   5.673621    35.2005     2.5308     0.0215          0    243.500 329.375781  1022.4746     -0.524     -0.022  0.000e+00
     -0.538    28.2089   5.673583    35.2004     2.5343     0.0192          0    243.750 329.375784  1022.4746     -0.535     -0.018  0.000e+00
     -0.516    28.2083   5.673462    35.2000     2.5439     0.0246          0    244.000 329.375787  1022.4745     -0.513     -0.014  0.000e+00
     -0.527    28.2083   5.673530    35.2005     2.5421     0.0177          0    244.250 329.375790  1022.4748     -0.524     -0.014  0.000e+00
     -0.570    28.2076   5.673553    35.2011     2.5365     0.0116          0    244.500 329.375793  1022.4754     -0.567     -0.029  0.000e+00
     -0.635    28.2071   5.673492    35.2011     2.5398     0.0116          0    244.750 329.375796  1022.4752     -0.632     -0.046  0.000e+00
     -0.689    28.2069   5.673462    35.2011     2.5524     0.0086          0    245.000 329.375799  1022.4751     -0.686     -0.079  0.000e+00
     -0.743    28.2070   5.673583    35.2018     2.5574     0.0086          0    245.250 329.375802  1022.4754     -0.739     -0.107  0.000e+00
     -0.808    28.2074   5.673583    35.2016     2.5611     0.1520          0    245.500 329.375804  1022.4748     -0.804     -0.147  0.000e+00
     -0.862    28.2073   5.673652    35.2021     2.5955     0.1550          0    245.750 329.375807  1022.4750     -0.858     -0.182  0.000e+00
     -0.938    28.2076   5.673682    35.2022     2.5850     0.1474          0    246.000 329.375810  1022.4746     -0.933     -0.219  0.000e+00
     -0.981    28.2079   5.673781    35.2026     2.5905     0.1520          0    246.250 329.375813  1022.4747     -0.976     -0.233  0.000e+00
     -0.992    28.2087   5.673903    35.2029     2.6034     0.2588          0    246.500 329.375816  1022.4746     -0.987     -0.223  0.000e+00
     -0.981    28.2091   4.953900    30.2266     2.7064     0.2634          0    246.750 329.375819  1018.7382     -0.976     -0.193  0.000e+00
     -1.003    28.2078   1.951656    10.8346     3.0276     0.2642          0    247.000 329.375822  1004.2584     -0.998     -0.164  0.000e+00
     -0.992    28.2057   0.840012     4.3590     3.1128     0.2649          0    247.250 329.375825   999.4338     -0.987     -0.125  0.000e+00
     -1.003    28.2030   0.990916     5.2055     3.1033    -0.0250          0    247.500 329.375828  1000.0660     -0.998     -0.087  0.000e+00
     -0.971    28.2000   0.974911     5.1155     3.1182    -0.0242          0    247.750 329.375830   999.9999     -0.965     -0.044  0.000e+00
     -0.992    28.1973   1.193651     6.3618     3.1618    -0.0258          0    248.000 329.375833  1000.9297     -0.987     -0.014  0.000e+00
     -0.971    28.1944   0.976316     5.1240     3.2289    -0.0265          0    248.250 329.375836  1000.0079     -0.965      0.004  0.000e+00
     -0.992    28.1926   0.747109     3.8455     3.3178    -0.0296          0    248.500 329.375839   999.0545     -0.987      0.005  0.000e+00
     -0.992    28.1910   0.586247     2.9679     3.4472    -0.0273          0    248.750 329.375842   998.3997     -0.987      0.003  0.000e+00
     -0.960    28.1900   0.717850     3.6848     3.5597    -0.0174          0    249.000 329.375845   998.9354     -0.955      0.013  0.000e+00
     -0.982    28.1892   0.831760     4.3145     3.5213    -0.0204          0    249.250 329.375848   999.4055     -0.976      0.009  0.000e+00
     -0.971    28.1870   0.833197     4.3227     3.6943    -0.0212          0    249.500 329.375851   999.4123     -0.966      0.009  0.000e+00
