ctd_kilwa/cnv/SBE19plus_01906740_2018_11_26_0062.cnv
* Sea-Bird SBE19plus  Data File:
* FileName = C:\Users\all user\Desktop\Mapping WWF\SBE19plus_01906740_2018_11_26_0062.hex
* Software version 2.6.3.104
* Temperature SN = 6740
* Conductivity SN = 6740
* System UpLoad Time = Nov 26 2018 19:58:45
* <ApplicationData>
* <Seaterm232>
# nquan = 13
# nvalues = 427                                   
# units = specified
# name 0 = prdM: Pressure, Strain Gauge [db]
# name 1 = tv290C: Temperature [ITS-90, deg C]
# name 2 = c0S/m: Conductivity [S/m]
# name 3 = sal00: Salinity, Practical [PSU]
# name 4 = sbeox0ML/L: Oxygen, SBE 43 [ml/l]
# name 5 = flECO-AFL: Fluorescence, WET Labs ECO-AFL/FL [mg/m^3]
# name 6 = nbf: Bottles Fired
# name 7 = timeS: Time, Elapsed [seconds]
# name 8 = timeJ: Julian Days
# name 9 = density00: Density [density, kg/m^3]
# name 10 = depSM: Depth [salt water, m], lat = 0.00
# name 11 = dz/dtM: Descent Rate [m/s]
# name 12 = flag:  0.000e+00
# span 0 =     -1.028,      5.298                 
# span 1 =    27.8196,    32.9541                 
# span 2 =   0.476446,   5.880626                 
# span 3 =     2.3568,    36.3361                 
# span 4 =     2.6052,     4.0108                 
# span 5 =    -0.4576,     2.1380                 
# span 6 =          0,          0                 
# span 7 =      0.000,    106.500                 
# span 8 = 329.519259, 329.520492                 
# span 9 =   997.8057,  1023.1979                 
# span 10 =     -1.022,      5.269                
# span 11 =     -0.446,      0.490                
# span 12 = 0.0000e+00, 0.0000e+00                
# interval = seconds: 0.25
# start_time = Nov 25 2018 12:27:44 [Instrument's time stamp, header]
# bad_flag = -9.990e-29
*END*
     -0.836    32.9541   3.756213    20.1762     2.8919    -0.1272          0      0.000 329.519259  1009.6595     -0.831      0.000  0.000e+00
     -0.684    31.6513   4.729597    26.7393     3.0440    -0.1295          0      0.250 329.519262  1014.9856     -0.681      0.040  0.000e+00
     -0.598    30.7708   2.488548    13.4015     3.2384    -0.1272          0      0.500 329.519265  1005.3699     -0.595      0.094  0.000e+00
     -0.555    30.3924   2.136573    11.4330     3.4862    -0.1311          0      0.750 329.519268  1004.0306     -0.552      0.143  0.000e+00
     -0.523    30.4017   2.827780    15.5303     3.6721     2.1364          0      1.000 329.519271  1007.0698     -0.520      0.182  0.000e+00
     -0.490    30.4570   0.936411     4.6784     4.0108     2.1380          0      1.250 329.519274   998.9954     -0.487      0.208  0.000e+00
     -0.479    30.6083   3.161074    17.4793     3.5695     2.1341          0      1.500 329.519277  1008.4506     -0.477      0.215  0.000e+00
     -0.458    30.8040   3.405292    18.8974     3.3648     2.1372          0      1.750 329.519280  1009.4401     -0.455      0.203  0.000e+00
     -0.404    30.8281   2.884280    15.7349     3.2169     0.0444          0      2.000 329.519282  1007.0838     -0.401      0.181  0.000e+00
     -0.285    30.7834   4.294337    24.4386     2.9191     0.0414          0      2.250 329.519285  1013.5693     -0.283      0.161  0.000e+00
     -0.231    30.7260   4.272319    24.3277     2.8320     0.0475          0      2.500 329.519288  1013.5062     -0.229      0.170  0.000e+00
     -0.231    30.6545   4.423740    25.3250     2.6942     0.0452          0      2.750 329.519291  1014.2731     -0.229      0.177  0.000e+00
     -0.209    30.5489   4.639993    26.7649     2.6104    -0.0334          0      3.000 329.519294  1015.3820     -0.208      0.180  0.000e+00
     -0.220    30.3163   4.820510    28.0623     2.6052    -0.0319          0      3.250 329.519297  1016.4281     -0.218      0.168  0.000e+00
     -0.187    30.0415   5.008523    29.4540     2.6543    -0.0258          0      3.500 329.519300  1017.5601     -0.186      0.155  0.000e+00
     -0.198    29.7905   5.172756    30.6958     2.6762    -0.0326          0      3.750 329.519303  1018.5728     -0.197      0.123  0.000e+00
     -0.209    29.5671   5.343000    31.9787     2.6909    -0.0395          0      4.000 329.519306  1019.6078     -0.208      0.076  0.000e+00
     -0.209    29.3633   5.478418    33.0301     2.6914     0.0406          0      4.250 329.519308  1020.4638     -0.208      0.030  0.000e+00
     -0.187    29.1805   5.540052    33.5759     2.6957     0.0376          0      4.500 329.519311  1020.9343     -0.186      0.017  0.000e+00
     -0.176    29.0267   5.563953    33.8475     2.7098     0.0376          0      4.750 329.519314  1021.1894     -0.175      0.019  0.000e+00
     -0.144    28.9130   5.592470    34.1240     2.7146     0.0444          0      5.000 329.519317  1021.4349     -0.143      0.025  0.000e+00
     -0.133    28.8304   5.631313    34.4506     2.7179    -0.0311          0      5.250 329.519320  1021.7075     -0.132      0.036  0.000e+00
     -0.090    28.7671   5.648766    34.6169     2.7202    -0.0342          0      5.500 329.519323  1021.8536     -0.089      0.050  0.000e+00
     -0.068    28.7246   5.660427    34.7283     2.7291    -0.0296          0      5.750 329.519326  1021.9515     -0.068      0.072  0.000e+00
     -0.057    28.6951   5.673095    34.8375     2.7261    -0.0303          0      6.000 329.519329  1022.0433     -0.057      0.085  0.000e+00
     -0.079    28.6746   5.684001    34.9281     2.7247    -0.0334          0      6.250 329.519332  1022.1181     -0.078      0.079  0.000e+00
     -0.046    28.6553   5.693971    35.0114     2.7199    -0.0296          0      6.500 329.519334  1022.1872     -0.046      0.073  0.000e+00
     -0.079    28.6347   5.697477    35.0508     2.7328    -0.0311          0      6.750 329.519337  1022.2235     -0.078      0.055  0.000e+00
     -0.079    28.6198   5.708434    35.1378     2.7325    -0.0273          0      7.000 329.519340  1022.2939     -0.078      0.033  0.000e+00
     -0.100    28.6118   5.717911    35.2096     2.7377    -0.0456          0      7.250 329.519343  1022.3503     -0.100      0.010  0.000e+00
     -0.100    28.6068   5.718521    35.2175     2.7445    -0.0487          0      7.500 329.519346  1022.3579     -0.100     -0.012  0.000e+00
     -0.122    28.6054   5.720361    35.2313     2.7533    -0.0395          0      7.750 329.519349  1022.3686     -0.121     -0.028  0.000e+00
     -0.090    28.6145   5.722308    35.2381     2.7599    -0.0464          0      8.000 329.519352  1022.3709     -0.089     -0.026  0.000e+00
     -0.100    28.6231   5.722079    35.2301     2.7650    -0.0433          0      8.250 329.519355  1022.3620     -0.100     -0.022  0.000e+00
     -0.100    28.6241   5.722728    35.2339     2.7600     0.0200          0      8.500 329.519358  1022.3645     -0.100     -0.022  0.000e+00
     -0.068    28.6215   5.722758    35.2360     2.7818     0.0200          0      8.750 329.519361  1022.3671     -0.068     -0.001  0.000e+00
     -0.068    28.6209   5.723530    35.2418     2.7460     0.0231          0      9.000 329.519363  1022.3717     -0.068      0.011  0.000e+00
     -0.068    28.6249   5.725118    35.2498     2.6921     0.0246          0      9.250 329.519366  1022.3763     -0.068      0.022  0.000e+00
     -0.046    28.6301   5.728983    35.2728     2.6541     0.0025          0      9.500 329.519369  1022.3920     -0.046      0.030  0.000e+00
     -0.025    28.6345   5.733002    35.2975     2.6247     0.0047          0      9.750 329.519372  1022.4092     -0.025      0.041  0.000e+00
     -0.036    28.6336   5.734454    35.3082     2.6279     0.0101          0     10.000 329.519375  1022.4175     -0.035      0.037  0.000e+00
     -0.047    28.6278   5.734676    35.3140     2.6297     0.0078          0     10.250 329.519378  1022.4237     -0.046      0.034  0.000e+00
     -0.047    28.6170   5.736029    35.3314     2.6397     0.0208          0     10.500 329.519381  1022.4404     -0.046      0.026  0.000e+00
     -0.079    28.5997   5.735998    35.3441     2.6784     0.0192          0     10.750 329.519384  1022.4555     -0.079      0.005  0.000e+00
     -0.057    28.5756   5.738185    35.3773     2.7156     0.0170          0     11.000 329.519387  1022.4886     -0.057     -0.001  0.000e+00
     -0.057    28.5479   5.740311    35.4127     2.7475     0.0223          0     11.250 329.519389  1022.5243     -0.057     -0.007  0.000e+00
     -0.079    28.5243   5.742560    35.4460     2.7691     0.0002          0     11.500 329.519392  1022.5571     -0.078     -0.020  0.000e+00
     -0.090    28.5085   5.744021    35.4680     2.7988     0.0032          0     11.750 329.519395  1022.5788     -0.089     -0.028  0.000e+00
     -0.100    28.4960   5.744052    35.4776     2.8172     0.0047          0     12.000 329.519398  1022.5901     -0.100     -0.029  0.000e+00
     -0.090    28.4871   5.743539    35.4807     2.8340     0.0063          0     12.250 329.519401  1022.5955     -0.089     -0.025  0.000e+00
     -0.057    28.4795   5.741956    35.4754     2.8349     0.0063          0     12.500 329.519404  1022.5941     -0.057     -0.013  0.000e+00
     -0.068    28.4752   5.742346    35.4813     2.8305     0.0406          0     12.750 329.519407  1022.5999     -0.068     -0.003  0.000e+00
     -0.025    28.4788   5.743310    35.4853     2.8298     0.0437          0     13.000 329.519410  1022.6019     -0.025      0.009  0.000e+00
     -0.003    28.4829   5.744763    35.4923     2.8207     0.0475          0     13.250 329.519413  1022.6059     -0.003      0.031  0.000e+00
      0.008    28.4831   5.748343    35.5171     2.7950     0.0444          0     13.500 329.519416  1022.6245      0.008      0.052  0.000e+00
     -0.003    28.4796   5.752146    35.5463     2.7770     0.0215          0     13.750 329.519418  1022.6476     -0.003      0.058  0.000e+00
      0.019    28.4728   5.756517    35.5818     2.7530     0.0131          0     14.000 329.519421  1022.6767      0.019      0.062  0.000e+00
     -0.003    28.4628   5.760621    35.6179     2.7489     0.0200          0     14.250 329.519424  1022.7070     -0.003      0.049  0.000e+00
     -0.025    28.4503   5.764926    35.6574     2.7335     0.0208          0     14.500 329.519427  1022.7407     -0.025      0.027  0.000e+00
     -0.035    28.4398   5.767860    35.6858     2.7343     0.0467          0     14.750 329.519430  1022.7655     -0.035      0.009  0.000e+00
     -0.046    28.4328   5.769170    35.7002     2.7262     0.0498          0     15.000 329.519433  1022.7786     -0.046     -0.016  0.000e+00
     -0.057    28.4257   5.767814    35.6961     2.7145     0.0421          0     15.250 329.519436  1022.7778     -0.057     -0.032  0.000e+00
     -0.035    28.4181   5.763050    35.6686     2.7155     0.0421          0     15.500 329.519439  1022.7598     -0.035     -0.033  0.000e+00
     -0.035    28.4077   5.757368    35.6367     2.7095    -0.0441          0     15.750 329.519442  1022.7392     -0.035     -0.028  0.000e+00
     -0.035    28.3942   5.755737    35.6355     2.7097    -0.0487          0     16.000 329.519444  1022.7428     -0.035     -0.024  0.000e+00
     -0.046    28.3844   5.757391    35.6544     2.7078    -0.0479          0     16.250 329.519447  1022.7602     -0.046     -0.013  0.000e+00
     -0.035    28.3796   5.757744    35.6605     2.6969    -0.0387          0     16.500 329.519450  1022.7664     -0.035     -0.002  0.000e+00
     -0.014    28.3769   5.755569    35.6474     2.6968    -0.0441          0     16.750 329.519453  1022.7575     -0.014      0.009  0.000e+00
     -0.014    28.3737   5.755125    35.6466     2.7016    -0.0128          0     17.000 329.519456  1022.7580     -0.014      0.017  0.000e+00
     -0.014    28.3738   5.757973    35.6665     2.6869    -0.0113          0     17.250 329.519459  1022.7729     -0.014      0.019  0.000e+00
     -0.025    28.3780   5.759589    35.6746     2.6819    -0.0044          0     17.500 329.519462  1022.7776     -0.024      0.012  0.000e+00
     -0.035    28.3802   5.758494    35.6653     2.6789    -0.0082          0     17.750 329.519465  1022.7698     -0.035      0.008  0.000e+00
     -0.046    28.3819   5.764444    35.7056     2.6675     0.0559          0     18.000 329.519468  1022.7995     -0.046      0.001  0.000e+00
     -0.057    28.3870   5.762047    35.6850     2.6642     0.0551          0     18.250 329.519470  1022.7823     -0.056     -0.009  0.000e+00
     -0.046    28.3912   5.764084    35.6960     2.6626     0.0574          0     18.500 329.519473  1022.7892     -0.046     -0.017  0.000e+00
     -0.035    28.3910   5.761848    35.6806     2.6500     0.0620          0     18.750 329.519476  1022.7777     -0.035     -0.019  0.000e+00
     -0.046    28.3890   5.759007    35.6623     2.6654     0.0147          0     19.000 329.519479  1022.7646     -0.046     -0.017  0.000e+00
      0.008    28.3878   5.758524    35.6598     2.6747     0.0093          0     19.250 329.519482  1022.7633      0.008      0.002  0.000e+00
      0.008    28.3882   5.757935    35.6554     2.6761     0.0063          0     19.500 329.519485  1022.7599      0.008      0.019  0.000e+00
      0.008    28.3873   5.756564    35.6465     2.6892     0.0086          0     19.750 329.519488  1022.7535      0.008      0.031  0.000e+00
      0.019    28.3856   5.755868    35.6429     2.6895    -0.0311          0     20.000 329.519491  1022.7514      0.019      0.040  0.000e+00
      0.030    28.3846   5.756419    35.6474     2.6958    -0.0395          0     20.250 329.519494  1022.7552      0.030      0.045  0.000e+00
      0.019    28.3844   5.756649    35.6493     2.7002    -0.0326          0     20.500 329.519497  1022.7566      0.019      0.039  0.000e+00
      0.019    28.3840   5.755255    35.6398     2.6978    -0.0410          0     20.750 329.519499  1022.7496      0.019      0.031  0.000e+00
      0.008    28.3840   5.753862    35.6301     2.7121    -0.0281          0     21.000 329.519502  1022.7423      0.008      0.019  0.000e+00
     -0.024    28.3847   5.754283    35.6325     2.7045     0.0086          0     21.250 329.519505  1022.7437     -0.024     -0.007  0.000e+00
     -0.003    28.3861   5.754574    35.6335     2.7017     0.0032          0     21.500 329.519508  1022.7440     -0.003     -0.012  0.000e+00
     -0.003    28.3862   5.755225    35.6379     2.7007    -0.0006          0     21.750 329.519511  1022.7474     -0.003     -0.015  0.000e+00
      0.030    28.3864   5.758524    35.6608     2.7054     0.0055          0     22.000 329.519514  1022.7647      0.030     -0.009  0.000e+00
     -0.003    28.3878   5.761174    35.6783     2.7024     0.0337          0     22.250 329.519517  1022.7772     -0.003     -0.010  0.000e+00
      0.008    28.3912   5.763762    35.6938     2.7076     0.0299          0     22.500 329.519520  1022.7878      0.008     -0.003  0.000e+00
     -0.003    28.3938   5.765930    35.7070     2.7240     0.0292          0     22.750 329.519523  1022.7968     -0.003     -0.001  0.000e+00
      0.008    28.3934   5.766643    35.7123     2.7174     0.0353          0     23.000 329.519525  1022.8009      0.008      0.006  0.000e+00
      0.008    28.3915   5.765739    35.7074     2.7240     0.0063          0     23.250 329.519528  1022.7979      0.008      0.009  0.000e+00
      0.019    28.3890   5.765639    35.7086     2.7268     0.0047          0     23.500 329.519531  1022.7997      0.019      0.005  0.000e+00
      0.008    28.3868   5.765900    35.7120     2.7146     0.0025          0     23.750 329.519534  1022.8030      0.008      0.002  0.000e+00
      0.008    28.3847   5.765808    35.7130     2.7068     0.0047          0     24.000 329.519537  1022.8043      0.008     -0.001  0.000e+00
     -0.013    28.3817   5.766842    35.7225     2.7143     0.0200          0     24.250 329.519540  1022.8124     -0.013     -0.001  0.000e+00
     -0.013    28.3787   5.767133    35.7268     2.7154     0.0200          0     24.500 329.519543  1022.8167     -0.013     -0.008  0.000e+00
     -0.013    28.3768   5.769455    35.7445     2.7082     0.0246          0     24.750 329.519546  1022.8305     -0.013     -0.011  0.000e+00
     -0.013    28.3759   5.771218    35.7575     2.7066     0.0124          0     25.000 329.519549  1022.8406     -0.013     -0.016  0.000e+00
     -0.002    28.3747   5.773456    35.7740     2.7027     0.0192          0     25.250 329.519552  1022.8535     -0.002     -0.014  0.000e+00
     -0.002    28.3727   5.775909    35.7927     2.7018     0.0261          0     25.500 329.519554  1022.8682     -0.002     -0.011  0.000e+00
      0.019    28.3699   5.778102    35.8101     2.7029     0.0307          0     25.750 329.519557  1022.8823      0.019      0.002  0.000e+00
     -0.002    28.3670   5.779559    35.8225     2.7014     0.0276          0     26.000 329.519560  1022.8925     -0.002      0.006  0.000e+00
     -0.024    28.3638   5.784307    35.8581     2.6998     0.0337          0     26.250 329.519563  1022.9202     -0.024      0.004  0.000e+00
      0.009    28.3619   5.791481    35.9098     2.7050    -0.0174          0     26.500 329.519566  1022.9599      0.009      0.007  0.000e+00
     -0.013    28.3645   5.792249    35.9131     2.6962    -0.0166          0     26.750 329.519569  1022.9614     -0.013      0.002  0.000e+00
     -0.013    28.3682   5.790652    35.8992     2.6975    -0.0143          0     27.000 329.519572  1022.9498     -0.013     -0.003  0.000e+00
     -0.013    28.3689   5.787475    35.8764     2.6920    -0.0166          0     27.250 329.519575  1022.9323     -0.013     -0.009  0.000e+00
     -0.013    28.3661   5.783724    35.8523     2.6910     0.0292          0     27.500 329.519578  1022.9152     -0.013     -0.010  0.000e+00
