ctd_kilwa/cnv/SBE19plus_01906740_2018_11_26_0040.cnv
* Sea-Bird SBE19plus  Data File:
* FileName = C:\Users\all user\Desktop\Mapping WWF\SBE19plus_01906740_2018_11_26_0040.hex
* Software version 2.6.3.104
* Temperature SN = 6740
* Conductivity SN = 6740
* System UpLoad Time = Nov 26 2018 19:53:22
* <ApplicationData>
* <Seaterm232>
# nquan = 13
# nvalues = 1173                                  
# units = specified
# name 0 = prdM: Pressure, Strain Gauge [db]
# name 1 = tv290C: Temperature [ITS-90, deg C]
# name 2 = c0S/m: Conductivity [S/m]
# name 3 = sal00: Salinity, Practical [PSU]
# name 4 = sbeox0ML/L: Oxygen, SBE 43 [ml/l]
# name 5 = flECO-AFL: Fluorescence, WET Labs ECO-AFL/FL [mg/m^3]
# name 6 = nbf: Bottles Fired
# name 7 = timeS: Time, Elapsed [seconds]
# name 8 = timeJ: Julian Days
# name 9 = density00: Density [density, kg/m^3]
# name 10 = depSM: Depth [salt water, m], lat = 0.00
# name 11 = dz/dtM: Descent Rate [m/s]
# name 12 = flag:  0.000e+00
# span 0 =     -1.060,     25.404                 
# span 1 =    27.8266,    28.6210                 
# span 2 =   0.088550,   5.721087                 
# span 3 =     0.4038,    35.2692                 
# span 4 =     1.9475,     4.6742                 
# span 5 =    -0.1395,    48.6780                 
# span 6 =          0,          0                 
# span 7 =      0.000,    293.000                 
# span 8 = 328.411169, 328.414560                 
# span 9 =   996.3564,  1022.7091                 
# span 10 =     -1.054,     25.263                
# span 11 =     -0.698,      0.605                
# span 12 = 0.0000e+00, 0.0000e+00                
# interval = seconds: 0.25
# start_time = Nov 24 2018 09:52:05 [Instrument's time stamp, header]
# bad_flag = -9.990e-29
*END*
     -0.996    28.6202   0.088550     0.4038     3.3787    -0.1333          0      0.000 328.411169   996.3564     -0.990      0.000  0.000e+00
     -0.931    28.6210   0.092986     0.4247     3.3675    -0.1387          0      0.250 328.411172   996.3721     -0.926      0.017  0.000e+00
     -0.898    28.6203   0.097004     0.4437     3.3677    -0.1379          0      0.500 328.411175   996.3867     -0.893      0.039  0.000e+00
     -0.833    28.6078   2.200844    12.2480     3.4048    -0.1379          0      0.750 328.411178  1005.1908     -0.829      0.071  0.000e+00
     -0.758    28.5883   5.601929    34.4231     3.2713     0.0620          0      1.000 328.411181  1021.7645     -0.753      0.113  0.000e+00
     -0.693    28.5747   2.081299    11.5323     3.9097     0.0589          0      1.250 328.411183  1004.6687     -0.689      0.156  0.000e+00
     -0.660    28.5689   0.595031     2.9919     4.3702     0.0551          0      1.500 328.411186   998.3091     -0.657      0.188  0.000e+00
     -0.628    28.5725   0.478952     2.3743     4.4303     0.0620          0      1.750 328.411189   997.8469     -0.624      0.206  0.000e+00
     -0.541    28.5761   2.175652    12.1031     3.9206     0.2512          0      2.000 328.411192  1005.0938     -0.538      0.223  0.000e+00
     -0.498    28.5770   3.067294    17.6294     3.5892     0.2519          0      2.250 328.411195  1009.2095     -0.495      0.221  0.000e+00
     -0.455    28.5751   3.091584    17.7837     3.3759     0.2504          0      2.500 328.411198  1009.3253     -0.452      0.218  0.000e+00
     -0.444    28.5719   3.434074    19.9674     3.1331     0.2504          0      2.750 328.411201  1010.9544     -0.442      0.198  0.000e+00
     -0.422    28.5685   3.822486    22.4798     2.9501     0.0047          0      3.000 328.411204  1012.8303     -0.420      0.175  0.000e+00
     -0.401    28.5653   4.501118    26.9558     2.8461     0.0139          0      3.250 328.411207  1016.1764     -0.399      0.156  0.000e+00
     -0.347    28.5631   5.608741    34.4884     2.9820     0.0124          0      3.500 328.411209  1021.8236     -0.345      0.149  0.000e+00
     -0.336    28.5613   5.721087    35.2692     2.9761     0.0116          0      3.750 328.411212  1022.4109     -0.334      0.132  0.000e+00
     -0.249    28.5580   5.719102    35.2578     3.4073     0.0086          0      4.000 328.411215  1022.4038     -0.248      0.128  0.000e+00
     -0.130    28.5554   5.716515    35.2417     3.1817    -0.0128          0      4.250 328.411218  1022.3930     -0.130      0.159  0.000e+00
     -0.001    28.5517   5.715706    35.2388     3.0344    -0.0212          0      4.500 328.411221  1022.3927     -0.001      0.211  0.000e+00
      0.021    28.5462   5.716729    35.2500     3.0159    -0.0120          0      4.750 328.411224  1022.4029      0.021      0.251  0.000e+00
      0.010    28.5394   5.716859    35.2559     2.9203    -0.0067          0      5.000 328.411227  1022.4096      0.010      0.260  0.000e+00
     -0.033    28.5333   5.716027    35.2547     2.8362    -0.0151          0      5.250 328.411230  1022.4105     -0.033      0.234  0.000e+00
     -0.087    28.5247   5.714234    35.2486     2.7712    -0.0151          0      5.500 328.411233  1022.4086     -0.087      0.174  0.000e+00
     -0.087    28.5148   5.712082    35.2411     2.7601    -0.0197          0      5.750 328.411236  1022.4062     -0.087      0.112  0.000e+00
     -0.087    28.5051   5.710327    35.2361     2.7220    -0.0067          0      6.000 328.411238  1022.4056     -0.087      0.037  0.000e+00
     -0.055    28.4972   5.709588    35.2368     2.7891     0.0185          0      6.250 328.411241  1022.4089     -0.054     -0.018  0.000e+00
     -0.044    28.4910   5.709206    35.2387     2.7946     0.0170          0      6.500 328.411244  1022.4125     -0.044     -0.043  0.000e+00
     -0.076    28.4852   5.708596    35.2388     2.7867     0.0223          0      6.750 328.411247  1022.4143     -0.076     -0.040  0.000e+00
     -0.109    28.4799   5.707925    35.2381     2.8032     0.0253          0      7.000 328.411250  1022.4154     -0.108     -0.032  0.000e+00
     -0.098    28.4749   5.707483    35.2387     2.8094     0.0124          0      7.250 328.411253  1022.4175     -0.097     -0.017  0.000e+00
     -0.119    28.4707   5.707307    35.2406     2.8146     0.0116          0      7.500 328.411256  1022.4203     -0.119     -0.015  0.000e+00
     -0.087    28.4688   5.707163    35.2410     2.8172     0.0131          0      7.750 328.411259  1022.4213     -0.086     -0.017  0.000e+00
     -0.109    28.4687   5.707483    35.2433     2.8231     0.0147          0      8.000 328.411262  1022.4230     -0.108     -0.024  0.000e+00
     -0.119    28.4699   5.707765    35.2444     2.8267     0.0055          0      8.250 328.411264  1022.4234     -0.119     -0.032  0.000e+00
     -0.163    28.4714   5.707574    35.2420     2.8330    -0.0059          0      8.500 328.411267  1022.4209     -0.162     -0.040  0.000e+00
     -0.184    28.4726   5.707765    35.2424     2.8260     0.0032          0      8.750 328.411270  1022.4208     -0.183     -0.042  0.000e+00
     -0.238    28.4734   5.707651    35.2411     2.8313     0.0009          0      9.000 328.411273  1022.4192     -0.237     -0.060  0.000e+00
     -0.227    28.4747   5.707673    35.2402     2.8318     0.0009          0      9.250 328.411276  1022.4182     -0.226     -0.075  0.000e+00
     -0.227    28.4773   5.707994    35.2405     2.8426    -0.0029          0      9.500 328.411279  1022.4176     -0.226     -0.079  0.000e+00
     -0.238    28.4812   5.708436    35.2407     2.8785     0.0025          0      9.750 328.411282  1022.4163     -0.237     -0.084  0.000e+00
     -0.206    28.4850   5.708825    35.2406     3.1067     0.0040          0     10.000 328.411285  1022.4152     -0.205     -0.061  0.000e+00
     -0.163    28.4878   5.709077    35.2402     3.0934    -0.0014          0     10.250 328.411288  1022.4141     -0.162     -0.027  0.000e+00
     -0.109    28.4902   5.709336    35.2402     2.9953     0.0116          0     10.500 328.411291  1022.4136     -0.108      0.022  0.000e+00
     -0.087    28.4903   5.709184    35.2391     2.9036     0.0040          0     10.750 328.411293  1022.4128     -0.086      0.062  0.000e+00
     -0.087    28.4882   5.708756    35.2377     2.8385     0.0147          0     11.000 328.411296  1022.4124     -0.086      0.089  0.000e+00
     -0.108    28.4849   5.708276    35.2368     2.7914     0.0116          0     11.250 328.411299  1022.4128     -0.108      0.087  0.000e+00
     -0.108    28.4804   5.707513    35.2348     2.7380    -0.0029          0     11.500 328.411302  1022.4127     -0.108      0.079  0.000e+00
     -0.098    28.4754   5.706842    35.2339     2.6682    -0.0044          0     11.750 328.411305  1022.4137     -0.097      0.066  0.000e+00
     -0.087    28.4704   5.706583    35.2358     2.6114    -0.0052          0     12.000 328.411308  1022.4169     -0.086      0.043  0.000e+00
     -0.065    28.4669   5.706713    35.2393     2.6015    -0.0097          0     12.250 328.411311  1022.4208     -0.065      0.027  0.000e+00
     -0.065    28.4650   5.706942    35.2423     2.6081    -0.0029          0     12.500 328.411314  1022.4237     -0.065      0.017  0.000e+00
     -0.119    28.4640   5.707285    35.2455     2.5901    -0.0296          0     12.750 328.411317  1022.4261     -0.119      0.003  0.000e+00
     -0.173    28.4630   5.707323    35.2465     2.5655    -0.0281          0     13.000 328.411319  1022.4270     -0.172     -0.017  0.000e+00
     -0.195    28.4617   5.706873    35.2443     2.5423    -0.0235          0     13.250 328.411322  1022.4257     -0.194     -0.037  0.000e+00
     -0.217    28.4605   5.706774    35.2446     2.5164    -0.0212          0     13.500 328.411325  1022.4262     -0.215     -0.063  0.000e+00
     -0.184    28.4596   5.706964    35.2465     2.4962    -0.0052          0     13.750 328.411328  1022.4281     -0.183     -0.073  0.000e+00
     -0.173    28.4584   5.707186    35.2490     2.4855    -0.0067          0     14.000 328.411331  1022.4304     -0.172     -0.072  0.000e+00
     -0.162    28.4574   5.707353    35.2509     2.4893     0.0025          0     14.250 328.411334  1022.4322     -0.162     -0.059  0.000e+00
     -0.162    28.4566   5.707384    35.2516     2.5067     0.0032          0     14.500 328.411337  1022.4330     -0.162     -0.034  0.000e+00
     -0.162    28.4556   5.707094    35.2504     2.5155     0.0246          0     14.750 328.411340  1022.4324     -0.162     -0.002  0.000e+00
     -0.141    28.4550   5.706843    35.2490     2.5102     0.0231          0     15.000 328.411343  1022.4317     -0.140      0.024  0.000e+00
     -0.119    28.4546   5.706774    35.2489     2.5096     0.0292          0     15.250 328.411345  1022.4318     -0.118      0.039  0.000e+00
     -0.098    28.4542   5.706873    35.2499     2.5055     0.0215          0     15.500 328.411348  1022.4328     -0.097      0.049  0.000e+00
     -0.076    28.4541   5.707064    35.2513     2.5016    -0.0044          0     15.750 328.411351  1022.4340     -0.075      0.051  0.000e+00
     -0.098    28.4541   5.707125    35.2517     2.4963    -0.0029          0     16.000 328.411354  1022.4342     -0.097      0.049  0.000e+00
     -0.108    28.4540   5.707193    35.2523     2.4926    -0.0059          0     16.250 328.411357  1022.4346     -0.108      0.042  0.000e+00
     -0.119    28.4532   5.707064    35.2520     2.4901    -0.0006          0     16.500 328.411360  1022.4346     -0.119      0.031  0.000e+00
     -0.141    28.4524   5.706873    35.2512     2.4733     0.0047          0     16.750 328.411363  1022.4342     -0.140      0.011  0.000e+00
     -0.162    28.4520   5.706743    35.2506     2.4723    -0.0159          0     17.000 328.411366  1022.4338     -0.162     -0.015  0.000e+00
     -0.141    28.4520   5.706774    35.2508     2.4601    -0.0166          0     17.250 328.411369  1022.4341     -0.140     -0.029  0.000e+00
     -0.141    28.4516   5.706850    35.2517     2.4549    -0.0166          0     17.500 328.411372  1022.4348     -0.140     -0.035  0.000e+00
     -0.152    28.4511   5.706843    35.2520     2.4541    -0.0143          0     17.750 328.411374  1022.4352     -0.151     -0.036  0.000e+00
     -0.152    28.4496   5.706713    35.2522     2.4473    -0.0128          0     18.000 328.411377  1022.4358     -0.151     -0.026  0.000e+00
     -0.130    28.4478   5.706492    35.2520     2.4395    -0.0113          0     18.250 328.411380  1022.4364     -0.129     -0.012  0.000e+00
     -0.141    28.4462   5.706332    35.2521     2.4345    -0.0174          0     18.500 328.411383  1022.4369     -0.140     -0.003  0.000e+00
     -0.119    28.4450   5.706233    35.2523     2.4355    -0.0113          0     18.750 328.411386  1022.4375     -0.119      0.011  0.000e+00
     -0.119    28.4445   5.706202    35.2524     2.4240     0.0032          0     19.000 328.411389  1022.4378     -0.119      0.017  0.000e+00
     -0.119    28.4450   5.706111    35.2514     2.4262     0.0170          0     19.250 328.411392  1022.4369     -0.119      0.015  0.000e+00
     -0.087    28.4455   5.705973    35.2501     2.4204     0.0093          0     19.500 328.411395  1022.4359     -0.086      0.026  0.000e+00
     -0.098    28.4461   5.705943    35.2494     2.4232     0.0055          0     19.750 328.411398  1022.4351     -0.097      0.030  0.000e+00
     -0.076    28.4478   5.706072    35.2491     2.4239     0.0147          0     20.000 328.411400  1022.4344     -0.076      0.034  0.000e+00
     -0.087    28.4500   5.706133    35.2478     2.4265     0.0078          0     20.250 328.411403  1022.4327     -0.086      0.030  0.000e+00
     -0.087    28.4517   5.706233    35.2473     2.4328     0.0116          0     20.500 328.411406  1022.4317     -0.086      0.028  0.000e+00
     -0.108    28.4526   5.706362    35.2475     2.4236     0.0116          0     20.750 328.411409  1022.4315     -0.108      0.014  0.000e+00
     -0.087    28.4538   5.706263    35.2459     2.4101     0.0101          0     21.000 328.411412  1022.4300     -0.086      0.012  0.000e+00
     -0.119    28.4555   5.706072    35.2433     2.4012     0.0093          0     21.250 328.411415  1022.4273     -0.119     -0.002  0.000e+00
     -0.108    28.4588   5.706011    35.2405     2.4060     0.0063          0     21.500 328.411418  1022.4242     -0.108     -0.013  0.000e+00
     -0.108    28.4619   5.706072    35.2385     2.4020     0.0139          0     21.750 328.411421  1022.4217     -0.108     -0.014  0.000e+00
     -0.119    28.4645   5.706133    35.2371     2.4072     0.0131          0     22.000 328.411424  1022.4197     -0.119     -0.019  0.000e+00
     -0.130    28.4667   5.706331    35.2368     2.4069    -0.0204          0     22.250 328.411427  1022.4187     -0.129     -0.019  0.000e+00
     -0.130    28.4699   5.706392    35.2348     2.4125    -0.0075          0     22.500 328.411429  1022.4162     -0.129     -0.019  0.000e+00
     -0.130    28.4732   5.706514    35.2333     2.4130    -0.0250          0     22.750 328.411432  1022.4139     -0.129     -0.017  0.000e+00
     -0.098    28.4759   5.707002    35.2346     2.4103    -0.0151          0     23.000 328.411435  1022.4141     -0.097     -0.009  0.000e+00
     -0.087    28.4773   5.708535    35.2443     2.4088    -0.0097          0     23.250 328.411438  1022.4210     -0.086      0.007  0.000e+00
     -0.076    28.4783   5.709718    35.2518     2.4086     0.0032          0     23.500 328.411441  1022.4263     -0.076      0.016  0.000e+00
     -0.098    28.4799   5.709496    35.2490     2.3982    -0.0082          0     23.750 328.411444  1022.4237     -0.097      0.019  0.000e+00
     -0.098    28.4810   5.708505    35.2413     2.3927    -0.0090          0     24.000 328.411447  1022.4174     -0.097      0.022  0.000e+00
     -0.098    28.4816   5.707834    35.2362     2.3932    -0.0166          0     24.250 328.411450  1022.4134     -0.097      0.021  0.000e+00
     -0.087    28.4826   5.707765    35.2349     2.3848    -0.0128          0     24.500 328.411453  1022.4122     -0.086      0.017  0.000e+00
     -0.108    28.4841   5.707795    35.2341     2.3799    -0.0128          0     24.750 328.411455  1022.4110     -0.108      0.005  0.000e+00
     -0.098    28.4865   5.707864    35.2328     2.3826    -0.0159          0     25.000 328.411458  1022.4093     -0.097     -0.006  0.000e+00
     -0.108    28.4886   5.707925    35.2316     2.3806    -0.0136          0     25.250 328.411461  1022.4076     -0.108     -0.011  0.000e+00
     -0.119    28.4913   5.707955    35.2298     2.3848    -0.0113          0     25.500 328.411464  1022.4054     -0.119     -0.014  0.000e+00
     -0.119    28.4940   5.707955    35.2279     2.3835    -0.0014          0     25.750 328.411467  1022.4030     -0.119     -0.012  0.000e+00
     -0.098    28.4958   5.708047    35.2271     2.3825    -0.0044          0     26.000 328.411470  1022.4019     -0.097     -0.009  0.000e+00
     -0.098    28.4964   5.708375    35.2289     2.3822    -0.0097          0     26.250 328.411473  1022.4031     -0.097     -0.005  0.000e+00
     -0.076    28.4969   5.709206    35.2343     2.3803    -0.0166          0     26.500 328.411476  1022.4071     -0.076      0.004  0.000e+00
     -0.108    28.4969   5.709618    35.2372     2.3843    -0.0090          0     26.750 328.411479  1022.4091     -0.108      0.007  0.000e+00
     -0.108    28.4979   5.709016    35.2323     2.3835    -0.0136          0     27.000 328.411481  1022.4051     -0.108      0.004  0.000e+00
     -0.108    28.4990   5.708627    35.2288     2.3809    -0.0143          0     27.250 328.411484  1022.4021     -0.108      0.005  0.000e+00
     -0.098    28.5004   5.708726    35.2284     2.3708     0.0246          0     27.500 328.411487  1022.4014     -0.097      0.006  0.000e+00
