ctd_kilwa/cnv/SBE19plus_01906740_2018_11_26_0060.cnv
* Sea-Bird SBE19plus  Data File:
* FileName = C:\Users\all user\Desktop\Mapping WWF\SBE19plus_01906740_2018_11_26_0060.hex
* Software version 2.6.3.104
* Temperature SN = 6740
* Conductivity SN = 6740
* System UpLoad Time = Nov 26 2018 19:58:24
* <ApplicationData>
* <Seaterm232>
# nquan = 13
# nvalues = 506                                   
# units = specified
# name 0 = prdM: Pressure, Strain Gauge [db]
# name 1 = tv290C: Temperature [ITS-90, deg C]
# name 2 = c0S/m: Conductivity [S/m]
# name 3 = sal00: Salinity, Practical [PSU]
# name 4 = sbeox0ML/L: Oxygen, SBE 43 [ml/l]
# name 5 = flECO-AFL: Fluorescence, WET Labs ECO-AFL/FL [mg/m^3]
# name 6 = nbf: Bottles Fired
# name 7 = timeS: Time, Elapsed [seconds]
# name 8 = timeJ: Julian Days
# name 9 = density00: Density [density, kg/m^3]
# name 10 = depSM: Depth [salt water, m], lat = 0.00
# name 11 = dz/dtM: Descent Rate [m/s]
# name 12 = flag:  0.000e+00
# span 0 =     -1.046,      5.691                 
# span 1 =    27.8572,    31.7879                 
# span 2 =   0.255480,   5.943279                 
# span 3 =     1.2351,    36.0917                 
# span 4 =     2.2197,     3.9009                 
# span 5 =    -0.0319,     3.4808                 
# span 6 =          0,          0                 
# span 7 =      0.000,    126.250                 
# span 8 = 329.491308, 329.492769                 
# span 9 =   996.1701,  1023.1974                 
# span 10 =     -1.040,      5.660                
# span 11 =     -0.592,      0.476                
# span 12 = 0.0000e+00, 0.0000e+00                
# interval = seconds: 0.25
# start_time = Nov 25 2018 11:47:29 [Instrument's time stamp, header]
# bad_flag = -9.990e-29
*END*
[from data line 445]
     -1.035    28.0138   0.824830     4.2916     2.9981     1.4536          0    111.250 329.492595   999.4391     -1.029      0.003  0.000e+00
     -1.024    28.0121   0.862458     4.5021     2.9972     1.4582          0    111.500 329.492598   999.5967     -1.018      0.004  0.000e+00
     -1.013    28.0101   1.221289     6.5463     2.9686     2.6606          0    111.750 329.492601  1001.1220     -1.008      0.006  0.000e+00
     -1.013    28.0083   1.012707     5.3503     3.0016     2.6545          0    112.000 329.492604  1000.2307     -1.008      0.011  0.000e+00
     -1.013    28.0059   0.922869     4.8421     3.0349     2.6560          0    112.250 329.492607   999.8523     -1.008      0.012  0.000e+00
     -1.013    28.0039   1.068811     5.6705     3.0111     2.6591          0    112.500 329.492610  1000.4708     -1.008      0.011  0.000e+00
     -1.024    28.0027   0.939595     4.9368     3.0229     2.9192          0    112.750 329.492613   999.9238     -1.018      0.006  0.000e+00
     -1.013    28.0020   0.902228     4.7263     3.0467     2.9207          0    113.000 329.492616   999.7670     -1.008      0.003  0.000e+00
     -1.035    28.0012   0.801742     4.1640     3.0565     2.9185          0    113.250 329.492619   999.3475     -1.029      0.001  0.000e+00
     -1.035    28.0013   0.819277     4.2617     3.0271     2.9238          0    113.500 329.492622   999.4204     -1.029     -0.008  0.000e+00
     -1.024    28.0007   0.892298     4.6706     3.0296     2.4958          0    113.750 329.492624   999.7258     -1.018     -0.010  0.000e+00
     -1.024    28.0032   1.238317     6.6459     3.0169     2.4981          0    114.000 329.492627  1001.1981     -1.018     -0.009  0.000e+00
     -1.024    28.0074   0.800440     4.1562     3.0357     2.4973          0    114.250 329.492630   999.3400     -1.018     -0.007  0.000e+00
     -1.035    28.0082   0.660300     3.3825     3.0651     2.4828          0    114.500 329.492633   998.7620     -1.029     -0.007  0.000e+00
     -1.003    28.0058   0.816802     4.2475     3.0238     2.4988          0    114.750 329.492636   999.4087     -0.997      0.004  0.000e+00
     -1.024    28.0036   0.822693     4.2806     3.0144     2.9627          0    115.000 329.492639   999.4339     -1.019      0.004  0.000e+00
     -1.024    28.0038   0.828713     4.3141     3.0098     2.9536          0    115.250 329.492642   999.4589     -1.018      0.007  0.000e+00
     -1.013    28.0060   0.639120     3.2669     3.0220     2.9597          0    115.500 329.492645   998.6764     -1.008      0.007  0.000e+00
     -1.035    28.0058   0.620899     3.1675     3.0194     2.9665          0    115.750 329.492648   998.6022     -1.029     -0.000  0.000e+00
     -1.013    28.0028   0.827847     4.3094     3.0009     3.0726          0    116.000 329.492650   999.4557     -1.008      0.002  0.000e+00
     -1.035    27.9989   0.853940     4.4556     2.9994     3.0672          0    116.250 329.492653   999.5658     -1.029     -0.002  0.000e+00
     -1.024    27.9958   0.845533     4.4089     3.0137     3.0710          0    116.500 329.492656   999.5319     -1.019     -0.003  0.000e+00
     -1.024    27.9930   0.818955     4.2606     3.0159     3.0642          0    116.750 329.492659   999.4221     -1.019     -0.007  0.000e+00
     -1.013    27.9906   0.862313     4.5033     3.0082     2.9780          0    117.000 329.492662   999.6039     -1.008      0.001  0.000e+00
     -1.024    27.9886   0.751607     3.8867     3.0247     2.9886          0    117.250 329.492665   999.1442     -1.019      0.001  0.000e+00
     -1.035    27.9880   0.786021     4.0777     3.0288     2.9925          0    117.500 329.492668   999.2870     -1.029     -0.003  0.000e+00
     -1.024    27.9880   0.803061     4.1725     3.0204     2.9879          0    117.750 329.492671   999.3578     -1.019      0.001  0.000e+00
     -1.035    27.9887   0.753180     3.8954     3.0216     2.9574          0    118.000 329.492674   999.1507     -1.029     -0.005  0.000e+00
     -1.003    27.9901   0.927809     4.8716     3.0151     2.9589          0    118.250 329.492677   999.8789     -0.997      0.005  0.000e+00
     -1.035    27.9920   0.815051     4.2390     3.0251     2.9612          0    118.500 329.492679   999.4062     -1.029     -0.001  0.000e+00
     -1.024    27.9939   1.052158     5.5766     3.0017     2.9650          0    118.750 329.492682  1000.4036     -1.019     -0.001  0.000e+00
     -1.035    27.9962   0.997928     5.2677     3.0154     2.9680          0    119.000 329.492685  1000.1725     -1.029     -0.004  0.000e+00
     -1.046    27.9984   0.847835     4.4215     3.0327     1.5139          0    119.250 329.492688   999.5405     -1.040     -0.006  0.000e+00
     -1.035    28.0002   0.897705     4.7010     3.0257     1.5116          0    119.500 329.492691   999.7486     -1.029     -0.006  0.000e+00
     -1.046    28.0019   0.737041     3.8051     3.0321     1.5070          0    119.750 329.492694   999.0794     -1.040     -0.012  0.000e+00
     -1.035    28.0044   0.743316     3.8396     3.0313     1.5169          0    120.000 329.492697   999.1044     -1.029     -0.010  0.000e+00
     -1.003    28.0060   0.882680     4.6160     3.0218    -0.0273          0    120.250 329.492700   999.6837     -0.997     -0.003  0.000e+00
     -1.035    28.0037   0.854533     4.4585     3.0217    -0.0281          0    120.500 329.492703   999.5666     -1.029      0.004  0.000e+00
     -1.024    28.0007   0.657536     3.3679     3.0463    -0.0281          0    120.750 329.492705   998.7533     -1.019      0.006  0.000e+00
     -1.024    27.9993   0.775208     4.0167     3.0380    -0.0242          0    121.000 329.492708   999.2382     -1.019      0.010  0.000e+00
     -1.035    28.0001   1.090984     5.7978     3.0201    -0.0227          0    121.250 329.492711  1000.5667     -1.029      0.008  0.000e+00
     -1.013    28.0017   1.097183     5.8331     3.0174    -0.0273          0    121.500 329.492714  1000.5926     -1.008      0.008  0.000e+00
     -1.035    28.0035   0.685656     3.5219     3.0550    -0.0281          0    121.750 329.492717   998.8675     -1.029      0.004  0.000e+00
     -1.035    28.0038   0.495301     2.4896     3.0837    -0.0296          0    122.000 329.492720   998.0961     -1.029     -0.004  0.000e+00
     -1.003    28.0051   0.382174     1.8903     3.0904    -0.0303          0    122.250 329.492723   997.6476     -0.997     -0.001  0.000e+00
     -1.014    28.0070   0.291541     1.4197     3.1028    -0.0303          0    122.500 329.492726   997.2946     -1.008      0.009  0.000e+00
     -1.024    28.0090   0.255480     1.2351     3.1480    -0.0220          0    122.750 329.492729   997.1557     -1.019      0.005  0.000e+00
     -1.014    28.0113   0.290972     1.4166     3.4185    -0.0273          0    123.000 329.492731   997.2911     -1.008      0.007  0.000e+00
     -1.014    28.0133   0.354983     1.7479     3.2821    -0.0258          0    123.250 329.492734   997.5386     -1.008      0.009  0.000e+00
     -1.014    28.0158   1.018536     5.3826     3.1361    -0.0303          0    123.500 329.492737  1000.2526     -1.008      0.006  0.000e+00
     -1.024    28.0181   3.039595    17.6595     2.9034    -0.0265          0    123.750 329.492740  1009.4020     -1.019      0.006  0.000e+00
     -1.014    28.0206   3.696580    21.9119     2.8616    -0.0273          0    124.000 329.492743  1012.5756     -1.008      0.002  0.000e+00
     -1.014    28.0263   3.755504    22.2961     2.7847    -0.0235          0    124.250 329.492746  1012.8608     -1.008     -0.003  0.000e+00
     -1.014    28.0490   3.739841    22.1826     2.7914    -0.0258          0    124.500 329.492749  1012.7690     -1.008      0.001  0.000e+00
     -1.014    28.0656   5.463104    33.8362     3.1478    -0.0319          0    124.750 329.492752  1021.4941     -1.008      0.003  0.000e+00
     -1.025    28.0696   4.477540    27.0792     3.8628    -0.0250          0    125.000 329.492755  1016.4246     -1.019     -0.002  0.000e+00
     -1.014    28.0704   3.817848    22.6852     3.9009    -0.0311          0    125.250 329.492758  1013.1378     -1.008     -0.001  0.000e+00
     -1.003    28.0676   4.116063    24.6599     3.6998    -0.0311          0    125.500 329.492760  1014.6149     -0.997      0.004  0.000e+00
     -1.035    28.0657   3.592908    21.2134     3.5912    -0.0311          0    125.750 329.492763  1012.0397     -1.030     -0.001  0.000e+00
     -1.024    28.0657   3.273665    19.1431     3.4321    -0.0242          0    126.000 329.492766  1010.4943     -1.019     -0.006  0.000e+00
     -1.035    28.0673   3.181387    18.5489     3.2263    -0.0288          0    126.250 329.492769  1010.0504     -1.030     -0.009  0.000e+00
