ctd_kilwa/cnv/SBE19plus_01906740_2018_11_26_0042.cnv
* Sea-Bird SBE19plus  Data File:
* FileName = C:\Users\all user\Desktop\Mapping WWF\SBE19plus_01906740_2018_11_26_0042.hex
* Software version 2.6.3.104
* Temperature SN = 6740
* Conductivity SN = 6740
* System UpLoad Time = Nov 26 2018 19:53:55
* <ApplicationData>
* <Seaterm232>
# nquan = 13
# nvalues = 638                                   
# units = specified
# name 0 = prdM: Pressure, Strain Gauge [db]
# name 1 = tv290C: Temperature [ITS-90, deg C]
# name 2 = c0S/m: Conductivity [S/m]
# name 3 = sal00: Salinity, Practical [PSU]
# name 4 = sbeox0ML/L: Oxygen, SBE 43 [ml/l]
# name 5 = flECO-AFL: Fluorescence, WET Labs ECO-AFL/FL [mg/m^3]
# name 6 = nbf: Bottles Fired
# name 7 = timeS: Time, Elapsed [seconds]
# name 8 = timeJ: Julian Days
# name 9 = density00: Density [density, kg/m^3]
# name 10 = depSM: Depth [salt water, m], lat = 0.00
# name 11 = dz/dtM: Descent Rate [m/s]
# name 12 = flag:  0.000e+00
# span 0 =     -0.995,     10.132                 
# span 1 =    28.0181,    30.3932                 
# span 2 =   0.046871,   5.848048                 
# span 3 =     0.2041,    36.0265                 
# span 4 =     2.0577,     5.2200                 
# span 5 =    -0.4378,    48.6887                 
# span 6 =          0,          0                 
# span 7 =      0.000,    159.250                 
# span 8 = 328.451852, 328.453695                 
# span 9 =   995.6895,  1022.9986                 
# span 10 =     -0.990,     10.076                
# span 11 =     -0.700,      0.528                
# span 12 = 0.0000e+00, 0.0000e+00                
# interval = seconds: 0.25
# start_time = Nov 24 2018 10:50:40 [Instrument's time stamp, header]
# bad_flag = -9.990e-29
*END*
[from data line 445]
     10.089    28.0460   5.657945    35.2093     2.4997     0.0719          0    111.250 328.453139  1022.5802     10.033     -0.012  0.000e+00
     10.067    28.0471   5.658037    35.2091     2.4769     0.0665          0    111.500 328.453142  1022.5796     10.012     -0.017  0.000e+00
     10.046    28.0482   5.658074    35.2086     2.4614     0.0704          0    111.750 328.453145  1022.5788      9.990     -0.028  0.000e+00
     10.046    28.0486   5.658036    35.2080     2.4279     0.0726          0    112.000 328.453148  1022.5782      9.990     -0.038  0.000e+00
     10.057    28.0485   5.658037    35.2081     2.4097     0.0704          0    112.250 328.453151  1022.5784     10.001     -0.038  0.000e+00
     10.078    28.0481   5.657945    35.2078     2.3777     0.0864          0    112.500 328.453154  1022.5783     10.022     -0.025  0.000e+00
     10.121    28.0470   5.657725    35.2070     2.2870     0.0826          0    112.750 328.453157  1022.5783     10.065     -0.001  0.000e+00
     10.111    28.0457   5.657505    35.2065     2.2874     0.0833          0    113.000 328.453160  1022.5783     10.055      0.011  0.000e+00
     10.121    28.0455   5.657657    35.2077     2.3119     0.0803          0    113.250 328.453163  1022.5793     10.065      0.030  0.000e+00
     10.111    28.0462   5.657847    35.2084     2.3441     0.0833          0    113.500 328.453166  1022.5796     10.055      0.040  0.000e+00
     10.121    28.0471   5.657976    35.2087     2.3807     0.1047          0    113.750 328.453168  1022.5795     10.066      0.044  0.000e+00
     10.121    28.0483   5.658105    35.2087     2.4194     0.1062          0    114.000 328.453171  1022.5792     10.066      0.038  0.000e+00
     10.078    28.0497   5.658356    35.2094     2.4526     0.1047          0    114.250 328.453174  1022.5790     10.023      0.014  0.000e+00
     10.089    28.0513   5.658454    35.2089     2.4754     0.1055          0    114.500 328.453177  1022.5782     10.033     -0.004  0.000e+00
     10.111    28.0518   5.658386    35.2081     2.4314     0.0734          0    114.750 328.453180  1022.5775     10.055     -0.012  0.000e+00
     10.121    28.0516   5.658135    35.2065     2.4024     0.0688          0    115.000 328.453183  1022.5764     10.066     -0.005  0.000e+00
     10.132    28.0512   5.658036    35.2061     2.4121     0.0726          0    115.250 328.453186  1022.5763     10.076      0.001  0.000e+00
     10.100    28.0513   5.658074    35.2063     2.4353     0.0719          0    115.500 328.453189  1022.5762     10.044      0.001  0.000e+00
     10.089    28.0514   5.658074    35.2062     2.4561     0.0780          0    115.750 328.453192  1022.5761     10.033     -0.004  0.000e+00
     10.078    28.0512   5.658074    35.2063     2.4736     0.0803          0    116.000 328.453194  1022.5762     10.023     -0.006  0.000e+00
     10.078    28.0510   5.658036    35.2062     2.4920     0.0795          0    116.250 328.453197  1022.5762     10.022     -0.006  0.000e+00
     10.089    28.0501   5.657945    35.2062     2.4812     0.0780          0    116.500 328.453200  1022.5766     10.033     -0.015  0.000e+00
     10.111    28.0493   5.657945    35.2068     2.4788     0.0780          0    116.750 328.453203  1022.5773     10.055     -0.015  0.000e+00
     10.121    28.0481   5.657695    35.2060     2.4831     0.0887          0    117.000 328.453206  1022.5772     10.065     -0.007  0.000e+00
     10.110    28.0463   5.657474    35.2057     2.5836     0.0749          0    117.250 328.453209  1022.5775     10.055      0.002  0.000e+00
     10.110    28.0454   5.657376    35.2058     2.5785     0.0788          0    117.500 328.453212  1022.5779     10.055      0.015  0.000e+00
     10.099    28.0450   5.657406    35.2063     2.5605     0.0772          0    117.750 328.453215  1022.5783     10.044      0.016  0.000e+00
     10.110    28.0447   5.657505    35.2072     2.5346     0.0551          0    118.000 328.453218  1022.5792     10.054      0.016  0.000e+00
     10.110    28.0443   5.657474    35.2073     2.5402     0.0543          0    118.250 328.453220  1022.5793     10.054      0.011  0.000e+00
     10.110    28.0448   5.657566    35.2075     2.5764     0.0521          0    118.500 328.453223  1022.5794     10.054      0.003  0.000e+00
     10.110    28.0458   5.657695    35.2077     2.5605     0.0589          0    118.750 328.453226  1022.5792     10.054     -0.002  0.000e+00
     10.099    28.0461   5.657695    35.2074     2.5213     0.0917          0    119.000 328.453229  1022.5788     10.044     -0.005  0.000e+00
     10.132    28.0463   5.657657    35.2070     2.5092     0.0948          0    119.250 328.453232  1022.5786     10.076      0.005  0.000e+00
     10.110    28.0461   5.657596    35.2067     2.5362     0.0978          0    119.500 328.453235  1022.5783     10.055      0.005  0.000e+00
     10.100    28.0459   5.657543    35.2065     2.5396     0.0917          0    119.750 328.453238  1022.5782     10.044      0.002  0.000e+00
     10.110    28.0459   5.657535    35.2065     2.5450     0.0719          0    120.000 328.453241  1022.5782     10.055     -0.001  0.000e+00
     10.110    28.0461   5.657565    35.2065     2.5454     0.0742          0    120.250 328.453244  1022.5782     10.055     -0.001  0.000e+00
     10.099    28.0463   5.657626    35.2068     2.4856     0.0658          0    120.500 328.453247  1022.5783     10.044     -0.003  0.000e+00
     10.078    28.0466   5.657657    35.2068     2.4887     0.0688          0    120.750 328.453249  1022.5781     10.022     -0.011  0.000e+00
     10.035    28.0468   5.657626    35.2065     2.4975     0.0696          0    121.000 328.453252  1022.5776      9.979     -0.029  0.000e+00
      9.992    28.0470   5.657596    35.2061     2.4869     0.0688          0    121.250 328.453255  1022.5771      9.937     -0.056  0.000e+00
      9.959    28.0467   5.657505    35.2057     2.4909     0.0665          0    121.500 328.453258  1022.5767      9.904     -0.074  0.000e+00
      9.948    28.0461   5.657505    35.2061     2.4897     0.0673          0    121.750 328.453261  1022.5772      9.894     -0.091  0.000e+00
      9.959    28.0460   5.657535    35.2064     2.4949     0.0696          0    122.000 328.453264  1022.5775      9.904     -0.097  0.000e+00
      9.992    28.0465   5.657626    35.2067     2.5009     0.0635          0    122.250 328.453267  1022.5777      9.936     -0.082  0.000e+00
      9.948    28.0468   5.657626    35.2065     2.5136     0.0734          0    122.500 328.453270  1022.5772      9.893     -0.071  0.000e+00
      9.948    28.0464   5.657474    35.2057     2.5055     0.0688          0    122.750 328.453273  1022.5768      9.893     -0.052  0.000e+00
      9.937    28.0455   5.657246    35.2048     2.5090     0.0673          0    123.000 328.453275  1022.5764      9.883     -0.033  0.000e+00
      9.916    28.0439   5.657094    35.2049     2.5117     0.0658          0    123.250 328.453278  1022.5769      9.861     -0.025  0.000e+00
      9.916    28.0426   5.656996    35.2052     2.5156     0.0734          0    123.500 328.453281  1022.5775      9.861     -0.024  0.000e+00
      9.927    28.0414   5.656965    35.2059     2.5187     0.0719          0    123.750 328.453284  1022.5785      9.872     -0.025  0.000e+00
      9.970    28.0410   5.656965    35.2062     2.5254     0.0688          0    124.000 328.453287  1022.5790      9.915     -0.017  0.000e+00
     10.002    28.0416   5.657155    35.2071     2.5281     0.1024          0    124.250 328.453290  1022.5796      9.947      0.003  0.000e+00
     10.024    28.0426   5.657315    35.2074     2.5326     0.0917          0    124.500 328.453293  1022.5796      9.969      0.036  0.000e+00
     10.013    28.0422   5.657186    35.2069     2.5344     0.0994          0    124.750 328.453296  1022.5793      9.958      0.050  0.000e+00
     10.002    28.0411   5.656813    35.2051     2.5372     0.0917          0    125.000 328.453299  1022.5783      9.947      0.056  0.000e+00
     10.046    28.0407   5.656905    35.2060     2.5394     0.0582          0    125.250 328.453302  1022.5793      9.990      0.067  0.000e+00
     10.067    28.0408   5.656996    35.2065     2.5414     0.0559          0    125.500 328.453304  1022.5797     10.012      0.069  0.000e+00
     10.100    28.0411   5.657026    35.2065     2.5441     0.0559          0    125.750 328.453307  1022.5798     10.044      0.070  0.000e+00
     10.089    28.0411   5.657026    35.2065     2.5362     0.0627          0    126.000 328.453310  1022.5797     10.033      0.059  0.000e+00
     10.013    28.0404   5.656836    35.2057     2.5407     0.0521          0    126.250 328.453313  1022.5790      9.958      0.032  0.000e+00
      9.905    28.0412   5.656996    35.2063     2.5326     0.0749          0    126.500 328.453316  1022.5787      9.851     -0.016  0.000e+00
      9.808    28.0421   5.657185    35.2070     2.5369     0.0734          0    126.750 328.453319  1022.5786      9.754     -0.077  0.000e+00
      9.765    28.0416   5.656935    35.2056     2.5352     0.0673          0    127.000 328.453322  1022.5775      9.711     -0.138  0.000e+00
      9.732    28.0415   5.656935    35.2057     2.5396     0.0665          0    127.250 328.453325  1022.5775      9.678     -0.195  0.000e+00
      9.743    28.0411   5.656935    35.2060     2.5382     0.0559          0    127.500 328.453328  1022.5779      9.689     -0.217  0.000e+00
      9.721    28.0412   5.656866    35.2054     2.5371     0.0566          0    127.750 328.453330  1022.5773      9.668     -0.217  0.000e+00
      9.732    28.0407   5.656806    35.2054     2.5358     0.0620          0    128.000 328.453333  1022.5775      9.679     -0.180  0.000e+00
      9.657    28.0405   5.656806    35.2055     2.5320     0.0543          0    128.250 328.453336  1022.5773      9.603     -0.143  0.000e+00
      9.440    28.0397   5.656714    35.2055     2.5369     0.0582          0    128.500 328.453339  1022.5767      9.388     -0.159  0.000e+00
      9.170    28.0392   5.656615    35.2054     2.5296     0.0559          0    128.750 328.453342  1022.5756      9.119     -0.246  0.000e+00
      9.019    28.0390   5.656615    35.2056     2.5315     0.0574          0    129.000 328.453345  1022.5751      8.969     -0.356  0.000e+00
      8.986    28.0390   5.656585    35.2054     2.5335     0.0536          0    129.250 328.453348  1022.5748      8.936     -0.437  0.000e+00
      9.018    28.0388   5.656615    35.2057     2.5431     0.0521          0    129.500 328.453351  1022.5753      8.969     -0.468  0.000e+00
      9.008    28.0381   5.656395    35.2047     2.5414     0.0543          0    129.750 328.453354  1022.5747      8.958     -0.451  0.000e+00
      8.954    28.0371   5.656235    35.2043     2.5493     0.0528          0    130.000 328.453356  1022.5745      8.904     -0.406  0.000e+00
      8.726    28.0362   5.656205    35.2048     2.5555     0.0574          0    130.250 328.453359  1022.5742      8.678     -0.367  0.000e+00
      8.370    28.0358   5.656205    35.2053     2.5688     0.0543          0    130.500 328.453362  1022.5732      8.324     -0.381  0.000e+00
      8.089    28.0353   5.656144    35.2053     2.5812     0.0589          0    130.750 328.453365  1022.5721      8.044     -0.457  0.000e+00
      7.926    28.0350   5.656144    35.2055     2.5750     0.0566          0    131.000 328.453368  1022.5717      7.883     -0.576  0.000e+00
      7.905    28.0351   5.656144    35.2055     2.5877     0.0521          0    131.250 328.453371  1022.5716      7.861     -0.668  0.000e+00
      7.894    28.0350   5.656113    35.2053     2.5831     0.0589          0    131.500 328.453374  1022.5714      7.851     -0.700  0.000e+00
      7.862    28.0342   5.655954    35.2048     2.5874     0.0444          0    131.750 328.453377  1022.5712      7.818     -0.657  0.000e+00
      7.786    28.0328   5.655733    35.2043     2.5860     0.0444          0    132.000 328.453380  1022.5709      7.743     -0.560  0.000e+00
      7.537    28.0314   5.655574    35.2043     2.5822     0.0521          0    132.250 328.453383  1022.5703      7.495     -0.466  0.000e+00
      7.267    28.0302   5.655574    35.2053     2.5847     0.0376          0    132.500 328.453385  1022.5703      7.227     -0.426  0.000e+00
      7.105    28.0298   5.655543    35.2054     2.5791     0.0467          0    132.750 328.453388  1022.5698      7.065     -0.451  0.000e+00
      7.105    28.0294   5.655475    35.2052     2.6020     0.0406          0    133.000 328.453391  1022.5698      7.065     -0.485  0.000e+00
      7.094    28.0294   5.655513    35.2056     2.6262     0.0414          0    133.250 328.453394  1022.5700      7.055     -0.510  0.000e+00
      7.018    28.0287   5.655475    35.2058     2.6656     0.0444          0    133.500 328.453397  1022.5701      6.979     -0.507  0.000e+00
      6.856    28.0281   5.655285    35.2050     2.7103     0.0543          0    133.750 328.453400  1022.5690      6.818     -0.492  0.000e+00
      6.618    28.0270   5.655194    35.2052     2.7531     0.0597          0    134.000 328.453403  1022.5685      6.582     -0.482  0.000e+00
      6.326    28.0262   5.655095    35.2052     2.7803     0.0528          0    134.250 328.453406  1022.5675      6.291     -0.492  0.000e+00
      6.142    28.0255   5.654973    35.2050     2.8088     0.0536          0    134.500 328.453409  1022.5668      6.109     -0.536  0.000e+00
      6.088    28.0252   5.655034    35.2056     2.8246     0.0574          0    134.750 328.453411  1022.5671      6.055     -0.592  0.000e+00
      6.067    28.0250   5.655064    35.2060     2.8262     0.0521          0    135.000 328.453414  1022.5674      6.033     -0.630  0.000e+00
      6.023    28.0244   5.654973    35.2058     2.8254     0.0528          0    135.250 328.453417  1022.5672      5.990     -0.610  0.000e+00
      5.915    28.0235   5.654813    35.2054     2.8302     0.0505          0    135.500 328.453420  1022.5667      5.883     -0.550  0.000e+00
      5.688    28.0227   5.654623    35.2048     2.8305     0.0589          0    135.750 328.453423  1022.5656      5.657     -0.497  0.000e+00
      5.429    28.0214   5.654563    35.2054     2.8359     0.0459          0    136.000 328.453426  1022.5653      5.399     -0.479  0.000e+00
      5.256    28.0210   5.654494    35.2052     2.8409     0.0360          0    136.250 328.453429  1022.5646      5.227     -0.492  0.000e+00
      5.191    28.0204   5.654494    35.2057     2.8446     0.0459          0    136.500 328.453432  1022.5649      5.163     -0.528  0.000e+00
      5.213    28.0205   5.654562    35.2061     2.8443     0.0437          0    136.750 328.453435  1022.5652      5.184     -0.543  0.000e+00
      5.224    28.0205   5.654593    35.2063     2.8466     0.0429          0    137.000 328.453438  1022.5654      5.195     -0.512  0.000e+00
      5.159    28.0204   5.654562    35.2062     2.8527     0.0437          0    137.250 328.453440  1022.5651      5.130     -0.448  0.000e+00
      4.964    28.0200   5.654464    35.2058     2.8635     0.0421          0    137.500 328.453443  1022.5641      4.937     -0.390  0.000e+00
      4.651    28.0197   5.654372    35.2056     2.8865     0.0475          0    137.750 328.453446  1022.5627      4.625     -0.380  0.000e+00
      4.380    28.0191   5.654243    35.2052     2.8972     0.0322          0    138.000 328.453449  1022.5615      4.356     -0.435  0.000e+00
      4.283    28.0189   5.654243    35.2053     2.9031     0.0307          0    138.250 328.453452  1022.5612      4.259     -0.514  0.000e+00
      4.229    28.0190   5.654372    35.2062     2.9084     0.0376          0    138.500 328.453455  1022.5616      4.206     -0.589  0.000e+00
