ctd_kilwa/cnv/SBE19plus_01906740_2018_11_26_0053.cnv
* Sea-Bird SBE19plus  Data File:
* FileName = C:\Users\all user\Desktop\Mapping WWF\SBE19plus_01906740_2018_11_26_0053.hex
* Software version 2.6.3.104
* Temperature SN = 6740
* Conductivity SN = 6740
* System UpLoad Time = Nov 26 2018 19:56:35
* <ApplicationData>
* <Seaterm232>
# nquan = 13
# nvalues = 520                                   
# units = specified
# name 0 = prdM: Pressure, Strain Gauge [db]
# name 1 = tv290C: Temperature [ITS-90, deg C]
# name 2 = c0S/m: Conductivity [S/m]
# name 3 = sal00: Salinity, Practical [PSU]
# name 4 = sbeox0ML/L: Oxygen, SBE 43 [ml/l]
# name 5 = flECO-AFL: Fluorescence, WET Labs ECO-AFL/FL [mg/m^3]
# name 6 = nbf: Bottles Fired
# name 7 = timeS: Time, Elapsed [seconds]
# name 8 = timeJ: Julian Days
# name 9 = density00: Density [density, kg/m^3]
# name 10 = depSM: Depth [salt water, m], lat = 0.00
# name 11 = dz/dtM: Descent Rate [m/s]
# name 12 = flag:  0.000e+00
# span 0 =     -1.021,     15.131                 
# span 1 =    28.2482,    33.4601                 
# span 2 =   0.608889,   6.292060                 
# span 3 =     2.9972,    36.7680                 
# span 4 =     2.0834,     3.8061                 
# span 5 =    -0.4393,    48.6871                 
# span 6 =          0,          0                 
# span 7 =      0.000,    129.750                 
# span 8 = 328.581632, 328.583134                 
# span 9 =   997.9782,  1022.8448                 
# span 10 =     -1.015,     15.047                
# span 11 =     -0.504,      0.938                
# span 12 = 0.0000e+00, 0.0000e+00                
# interval = seconds: 0.25
# start_time = Nov 24 2018 13:57:33 [Instrument's time stamp, header]
# bad_flag = -9.990e-29
*END*
[from data line 112]
      0.027    29.7190   5.912958    35.7305     2.2787     0.0948          0     28.000 328.581956  1022.3700      0.027     -0.032  0.000e+00
      0.135    29.7188   5.902722    35.6608     2.2804     0.0955          0     28.250 328.581959  1022.3182      0.134     -0.006  0.000e+00
      0.232    29.7183   5.903086    35.6637     2.2796     0.1077          0     28.500 328.581962  1022.3209      0.231      0.047  0.000e+00
      0.297    29.7206   5.910541    35.7128     2.2802     0.1100          0     28.750 328.581965  1022.3573      0.296      0.110  0.000e+00
      0.319    29.7221   5.923837    35.8023     2.2895     0.1077          0     29.000 328.581968  1022.4241      0.317      0.169  0.000e+00
      0.265    29.7206   5.931071    35.8529     2.2823     0.1093          0     29.250 328.581970  1022.4623      0.263      0.180  0.000e+00
      0.189    29.7180   5.936291    35.8904     2.2537     0.1070          0     29.500 328.581973  1022.4910      0.188      0.151  0.000e+00
      0.135    29.7154   5.941677    35.9291     2.2378     0.1077          0     29.750 328.581976  1022.5207      0.134      0.087  0.000e+00
      0.189    29.7246   5.946311    35.9539     2.2422     0.1116          0     30.000 328.581979  1022.5364      0.188      0.035  0.000e+00
      0.276    29.7600   5.943594    35.9090     2.2409     0.1070          0     30.250 328.581982  1022.4910      0.274     -0.001  0.000e+00
      0.406    29.7882   5.932753    35.8140     2.2190     0.1093          0     30.500 328.581985  1022.4107      0.403      0.016  0.000e+00
      0.460    29.7948   5.929945    35.7900     2.2251     0.0841          0     30.750 328.581988  1022.3907      0.457      0.062  0.000e+00
      0.427    29.8030   5.934653    35.8159     2.2129     0.0810          0     31.000 328.581991  1022.4072      0.425      0.106  0.000e+00
      0.395    29.8149   5.941807    35.8559     2.2364     0.0818          0     31.250 328.581994  1022.4330      0.393      0.140  0.000e+00
      0.341    29.8241   5.949291    35.9001     2.2724     0.0818          0     31.500 328.581997  1022.4628      0.339      0.136  0.000e+00
      0.276    29.8298   5.952173    35.9154     2.2680     0.1032          0     31.750 328.581999  1022.4720      0.274      0.085  0.000e+00
      0.254    29.8322   5.954115    35.9269     2.2581     0.1123          0     32.000 328.582002  1022.4797      0.253      0.004  0.000e+00
      0.276    29.8461   5.955940    35.9289     2.2685     0.1093          0     32.250 328.582005  1022.4766      0.274     -0.060  0.000e+00
      0.308    29.8895   5.957074    35.9044     2.2653     0.1077          0     32.500 328.582008  1022.4435      0.307     -0.094  0.000e+00
      0.319    29.9245   5.957493    35.8812     2.2796     0.1047          0     32.750 328.582011  1022.4142      0.317     -0.083  0.000e+00
      0.330    29.9470   5.958052    35.8683     2.2731     0.1077          0     33.000 328.582014  1022.3969      0.328     -0.045  0.000e+00
      0.330    29.9621   5.958860    35.8626     2.2680     0.1047          0     33.250 328.582017  1022.3874      0.328     -0.010  0.000e+00
      0.351    29.9752   5.952123    35.8072     2.2547     0.1108          0     33.500 328.582020  1022.3415      0.349      0.027  0.000e+00
      0.384    29.9744   5.947961    35.7794     2.2178     0.1077          0     33.750 328.582023  1022.3210      0.382      0.057  0.000e+00
      0.405    29.9696   5.948248    35.7850     2.2262     0.1116          0     34.000 328.582025  1022.3270      0.403      0.068  0.000e+00
      0.460    29.9667   5.944839    35.7639     2.2588     0.1077          0     34.250 328.582028  1022.3124      0.457      0.078  0.000e+00
      0.503    29.9561   5.943970    35.7659     2.2329     0.1047          0     34.500 328.582031  1022.3177      0.500      0.094  0.000e+00
      0.535    29.9381   5.941945    35.7654     2.2316     0.1077          0     34.750 328.582034  1022.3236      0.532      0.113  0.000e+00
      0.568    29.9216   5.938305    35.7529     2.2068     0.0917          0     35.000 328.582037  1022.3200      0.565      0.130  0.000e+00
      0.654    29.9073   5.931587    35.7177     2.2118     0.0963          0     35.250 328.582040  1022.2989      0.651      0.156  0.000e+00
      0.784    29.8867   5.921315    35.6631     2.2458     0.0978          0     35.500 328.582043  1022.2655      0.780      0.196  0.000e+00
      0.859    29.8586   5.919262    35.6699     2.2757     0.0917          0     35.750 328.582046  1022.2805      0.855      0.233  0.000e+00
      0.903    29.8367   5.924641    35.7226     2.2701     0.1245          0     36.000 328.582049  1022.3277      0.898      0.258  0.000e+00
      0.903    29.8213   5.933489    35.7943     2.2810     0.1245          0     36.250 328.582052  1022.3868      0.898      0.256  0.000e+00
      0.914    29.8089   5.939634    35.8454     2.2953     0.1131          0     36.500 328.582054  1022.4293      0.909      0.241  0.000e+00
      0.881    29.7969   5.942522    35.8740     2.3063     0.1230          0     36.750 328.582057  1022.4547      0.876      0.203  0.000e+00
      0.903    29.7864   5.940737    35.8696     2.3138     0.1070          0     37.000 328.582060  1022.4551      0.898      0.155  0.000e+00
      0.957    29.7789   5.925208    35.7693     2.2793     0.1024          0     37.250 328.582063  1022.3827      0.952      0.108  0.000e+00
      1.087    29.7716   5.910061    35.6715     2.2686     0.1093          0     37.500 328.582066  1022.3123      1.081      0.099  0.000e+00
      1.260    29.7620   5.900617    35.6142     2.3753     0.1093          0     37.750 328.582069  1022.2734      1.253      0.150  0.000e+00
      1.411    29.7521   5.898853    35.6094     2.2779     0.1116          0     38.000 328.582072  1022.2738      1.403      0.235  0.000e+00
      1.487    29.7444   5.899318    35.6183     2.3014     0.1337          0     38.250 328.582075  1022.2834      1.478      0.318  0.000e+00
      1.573    29.7384   5.901066    35.6347     2.3274     0.1291          0     38.500 328.582078  1022.2981      1.565      0.385  0.000e+00
      1.606    29.7341   5.902831    35.6498     2.1870     0.1329          0     38.750 328.582080  1022.3110      1.597      0.420  0.000e+00
      1.725    29.7329   5.902421    35.6479     2.3058     0.1276          0     39.000 328.582083  1022.3105      1.715      0.429  0.000e+00
      1.800    29.7307   5.902901    35.6527     2.3301     0.1177          0     39.250 328.582086  1022.3152      1.790      0.409  0.000e+00
      1.876    29.7279   5.902754    35.6538     2.3236     0.1253          0     39.500 328.582089  1022.3173      1.866      0.368  0.000e+00
      1.995    29.7250   5.902034    35.6510     2.2781     0.1253          0     39.750 328.582092  1022.3167      1.984      0.341  0.000e+00
      2.092    29.7217   5.900255    35.6413     2.3099     0.1161          0     40.000 328.582095  1022.3110      2.081      0.337  0.000e+00
      2.233    29.7191   5.897732    35.6260     2.1144     0.1314          0     40.250 328.582098  1022.3009      2.220      0.365  0.000e+00
      2.363    29.7176   5.895651    35.6129     2.1250     0.1268          0     40.500 328.582101  1022.2922      2.350      0.398  0.000e+00
      2.481    29.7165   5.895551    35.6130     2.1927     0.1291          0     40.750 328.582104  1022.2932      2.468      0.433  0.000e+00
      2.546    29.7161   5.896920    35.6225     2.0834     0.1306          0     41.000 328.582106  1022.3007      2.532      0.436  0.000e+00
      2.589    29.7174   5.898506    35.6324     2.1176     0.1482          0     41.250 328.582109  1022.3079      2.575      0.427  0.000e+00
      2.665    29.7194   5.899148    35.6353     2.1317     0.1505          0     41.500 328.582112  1022.3096      2.650      0.406  0.000e+00
      2.795    29.7209   5.898885    35.6324     2.1704     0.1505          0     41.750 328.582115  1022.3075      2.779      0.388  0.000e+00
      2.892    29.7212   5.899249    35.6346     2.1840     0.1589          0     42.000 328.582118  1022.3095      2.876      0.373  0.000e+00
      3.011    29.7211   5.898243    35.6278     2.2518     0.1512          0     42.250 328.582121  1022.3049      2.994      0.363  0.000e+00
      3.141    29.7203   5.893416    35.5954     2.2982     0.1093          0     42.500 328.582124  1022.2815      3.123      0.373  0.000e+00
      3.303    29.7187   5.890462    35.5764     2.3097     0.1055          0     42.750 328.582127  1022.2685      3.285      0.409  0.000e+00
      3.454    29.7177   5.890818    35.5795     2.2900     0.1070          0     43.000 328.582130  1022.2718      3.435      0.463  0.000e+00
      3.595    29.7184   5.891994    35.5870     2.2953     0.1077          0     43.250 328.582133  1022.2777      3.575      0.510  0.000e+00
      3.757    29.7192   5.891352    35.5820     2.2985     0.1390          0     43.500 328.582135  1022.2744      3.736      0.546  0.000e+00
      3.887    29.7180   5.890586    35.5776     2.2908     0.1337          0     43.750 328.582138  1022.2721      3.865      0.563  0.000e+00
      3.973    29.7182   5.891839    35.5860     2.2091     0.1428          0     44.000 328.582141  1022.2787      3.951      0.565  0.000e+00
      4.081    29.7183   5.892249    35.5887     2.2502     0.1398          0     44.250 328.582144  1022.2811      4.059      0.550  0.000e+00
      4.244    29.7175   5.890881    35.5799     2.2065     0.1306          0     44.500 328.582147  1022.2755      4.220      0.538  0.000e+00
      4.428    29.7158   5.888128    35.5623     2.2051     0.1291          0     44.750 328.582150  1022.2636      4.403      0.537  0.000e+00
      4.611    29.7142   5.886876    35.5549     2.1985     0.1329          0     45.000 328.582153  1022.2595      4.586      0.553  0.000e+00
      4.784    29.7132   5.886629    35.5539     2.2164     0.1299          0     45.250 328.582156  1022.2598      4.758      0.578  0.000e+00
      4.947    29.7118   5.886845    35.5564     2.2422     0.1535          0     45.500 328.582159  1022.2628      4.919      0.605  0.000e+00
      5.098    29.7104   5.887294    35.5604     2.2536     0.1505          0     45.750 328.582161  1022.2670      5.070      0.636  0.000e+00
      5.260    29.7094   5.887711    35.5640     2.2842     0.1497          0     46.000 328.582164  1022.2707      5.231      0.664  0.000e+00
      5.433    29.7088   5.888090    35.5669     2.2899     0.1589          0     46.250 328.582167  1022.2738      5.403      0.676  0.000e+00
      5.563    29.7089   5.888477    35.5694     2.2894     0.1489          0     46.500 328.582170  1022.2762      5.532      0.660  0.000e+00
      5.715    29.7092   5.888322    35.5682     2.2776     0.1535          0     46.750 328.582173  1022.2758      5.683      0.641  0.000e+00
      5.866    29.7094   5.888191    35.5671     2.3181     0.1665          0     47.000 328.582176  1022.2756      5.834      0.625  0.000e+00
      6.039    29.7099   5.888129    35.5662     2.2778     0.1634          0     47.250 328.582179  1022.2755      6.006      0.621  0.000e+00
      6.201    29.7106   5.887866    35.5639     2.3036     0.1612          0     47.500 328.582182  1022.2742      6.167      0.622  0.000e+00
      6.385    29.7098   5.887024    35.5587     2.3533     0.1421          0     47.750 328.582185  1022.2713      6.350      0.632  0.000e+00
      6.558    29.7087   5.886939    35.5588     2.3664     0.1406          0     48.000 328.582187  1022.2725      6.522      0.643  0.000e+00
      6.752    29.7089   5.887264    35.5608     2.3911     0.1352          0     48.250 328.582190  1022.2748      6.715      0.662  0.000e+00
      6.882    29.7087   5.887070    35.5596     2.4149     0.1367          0     48.500 328.582193  1022.2745      6.844      0.675  0.000e+00
      7.055    29.7077   5.887225    35.5614     2.2789     0.1726          0     48.750 328.582196  1022.2769      7.016      0.680  0.000e+00
      7.217    29.7049   5.886684    35.5597     2.2249     0.1810          0     49.000 328.582199  1022.2773      7.178      0.679  0.000e+00
      7.412    29.7022   5.885965    35.5568     2.2476     0.1718          0     49.250 328.582202  1022.2769      7.371      0.680  0.000e+00
      7.639    29.7010   5.885633    35.5553     2.3121     0.1787          0     49.500 328.582205  1022.2771      7.597      0.697  0.000e+00
      7.801    29.7001   5.885432    35.5545     2.3339     0.1398          0     49.750 328.582208  1022.2776      7.758      0.704  0.000e+00
      7.974    29.6990   5.885564    35.5562     2.3715     0.1421          0     50.000 328.582211  1022.2800      7.930      0.712  0.000e+00
      8.104    29.6981   5.885734    35.5580     2.3644     0.1390          0     50.250 328.582214  1022.2822      8.059      0.706  0.000e+00
      8.277    29.6967   5.885788    35.5593     2.4044     0.1360          0     50.500 328.582216  1022.2844      8.231      0.708  0.000e+00
      8.417    29.6959   5.885696    35.5593     2.4645     0.1375          0     50.750 328.582219  1022.2852      8.371      0.690  0.000e+00
      8.612    29.6952   5.885085    35.5556     2.4046     0.1299          0     51.000 328.582222  1022.2835      8.564      0.678  0.000e+00
      8.796    29.6952   5.884467    35.5513     2.4265     0.1337          0     51.250 328.582225  1022.2811      8.747      0.666  0.000e+00
      9.001    29.6945   5.883972    35.5484     2.4036     0.1306          0     51.500 328.582228  1022.2800      8.951      0.668  0.000e+00
      9.185    29.6948   5.884073    35.5488     2.4366     0.1329          0     51.750 328.582231  1022.2810      9.134      0.689  0.000e+00
      9.401    29.6937   5.884034    35.5492     2.4412     0.1528          0     52.000 328.582234  1022.2826      9.349      0.719  0.000e+00
      9.585    29.6913   5.883934    35.5503     2.4249     0.1512          0     52.250 328.582237  1022.2850      9.532      0.748  0.000e+00
      9.747    29.6889   5.884035    35.5527     2.3875     0.1505          0     52.500 328.582240  1022.2883      9.693      0.757  0.000e+00
      9.888    29.6867   5.883772    35.5525     2.3651     0.1505          0     52.750 328.582242  1022.2896      9.833      0.751  0.000e+00
     10.093    29.6847   5.883525    35.5522     2.3616     0.1421          0     53.000 328.582245  1022.2909     10.037      0.740  0.000e+00
     10.288    29.6833   5.883270    35.5515     2.3269     0.1467          0     53.250 328.582248  1022.2916     10.231      0.733  0.000e+00
     10.515    29.6818   5.882946    35.5503     2.3428     0.1406          0     53.500 328.582251  1022.2922     10.457      0.737  0.000e+00
     10.709    29.6794   5.882544    35.5493     2.3725     0.1421          0     53.750 328.582254  1022.2931     10.650      0.746  0.000e+00
     10.947    29.6760   5.882150    35.5491     2.3474     0.1344          0     54.000 328.582257  1022.2951     10.887      0.766  0.000e+00
     11.185    29.6739   5.881447    35.5457     2.4032     0.1291          0     54.250 328.582260  1022.2943     11.123      0.804  0.000e+00
     11.412    29.6744   5.881223    35.5437     2.4254     0.1367          0     54.500 328.582263  1022.2936     11.349      0.845  0.000e+00
     11.639    29.6756   5.881045    35.5416     2.3689     0.1291          0     54.750 328.582266  1022.2926     11.575      0.879  0.000e+00
     11.844    29.6768   5.881192    35.5417     2.3675     0.1299          0     55.000 328.582269  1022.2931     11.779      0.889  0.000e+00
     12.039    29.6754   5.881015    35.5414     2.3395     0.1573          0     55.250 328.582271  1022.2943     11.972      0.888  0.000e+00
