ctd_kilwa/cnv/SBE19plus_01906740_2018_11_26_0047.cnv
* Sea-Bird SBE19plus  Data File:
* FileName = C:\Users\all user\Desktop\Mapping WWF\SBE19plus_01906740_2018_11_26_0047.hex
* Software version 2.6.3.104
* Temperature SN = 6740
* Conductivity SN = 6740
* System UpLoad Time = Nov 26 2018 19:55:13
* <ApplicationData>
* <Seaterm232>
# nquan = 13
# nvalues = 1286                                  
# units = specified
# name 0 = prdM: Pressure, Strain Gauge [db]
# name 1 = tv290C: Temperature [ITS-90, deg C]
# name 2 = c0S/m: Conductivity [S/m]
# name 3 = sal00: Salinity, Practical [PSU]
# name 4 = sbeox0ML/L: Oxygen, SBE 43 [ml/l]
# name 5 = flECO-AFL: Fluorescence, WET Labs ECO-AFL/FL [mg/m^3]
# name 6 = nbf: Bottles Fired
# name 7 = timeS: Time, Elapsed [seconds]
# name 8 = timeJ: Julian Days
# name 9 = density00: Density [density, kg/m^3]
# name 10 = depSM: Depth [salt water, m], lat = 0.00
# name 11 = dz/dtM: Descent Rate [m/s]
# name 12 = flag:  0.000e+00
# span 0 =     -1.072,     14.811                 
# span 1 =    28.2939,    29.7246                 
# span 2 =   0.096927,   5.811697                 
# span 3 =     0.4343,    35.6617                 
# span 4 =     2.1233,     4.7915                 
# span 5 =    -0.4439,    48.6864                 
# span 6 =          0,          0                 
# span 7 =      0.000,    321.250                 
# span 8 = 328.502315, 328.506033                 
# span 9 =   996.0752,  1022.6480                 
# span 10 =     -1.066,     14.729                
# span 11 =     -0.380,      0.474                
# span 12 = 0.0000e+00, 0.0000e+00                
# interval = seconds: 0.25
# start_time = Nov 24 2018 12:03:20 [Instrument's time stamp, header]
# bad_flag = -9.990e-29
*END*
[from data line 1112]
      6.919    28.3068   5.687834    35.2248     2.7731     0.0452          0    278.000 328.505532  1022.4926      6.880     -0.269  0.000e+00
      6.875    28.3070   5.687827    35.2246     2.7406     0.0429          0    278.250 328.505535  1022.4922      6.837     -0.259  0.000e+00
      6.832    28.3070   5.687827    35.2246     2.7366     0.0505          0    278.500 328.505538  1022.4921      6.794     -0.241  0.000e+00
      6.778    28.3069   5.687796    35.2245     2.7232     0.0589          0    278.750 328.505541  1022.4918      6.741     -0.216  0.000e+00
      6.702    28.3070   5.687766    35.2243     2.7140     0.0551          0    279.000 328.505544  1022.4912      6.665     -0.207  0.000e+00
      6.670    28.3067   5.687735    35.2243     2.6887     0.0589          0    279.250 328.505547  1022.4912      6.633     -0.194  0.000e+00
      6.638    28.3065   5.687766    35.2246     2.6686     0.0719          0    279.500 328.505550  1022.4914      6.601     -0.182  0.000e+00
      6.605    28.3064   5.687796    35.2249     2.6620     0.0719          0    279.750 328.505553  1022.4915      6.569     -0.179  0.000e+00
      6.594    28.3063   5.687796    35.2250     2.6532     0.0665          0    280.000 328.505556  1022.4916      6.558     -0.174  0.000e+00
      6.551    28.3065   5.687773    35.2247     2.6593     0.0696          0    280.250 328.505558  1022.4911      6.515     -0.161  0.000e+00
      6.486    28.3064   5.687735    35.2245     2.6563     0.0726          0    280.500 328.505561  1022.4907      6.450     -0.156  0.000e+00
      6.443    28.3063   5.687735    35.2246     2.6703     0.0711          0    280.750 328.505564  1022.4906      6.407     -0.151  0.000e+00
      6.378    28.3066   5.687765    35.2246     2.6740     0.0688          0    281.000 328.505567  1022.4903      6.343     -0.156  0.000e+00
      6.302    28.3067   5.687735    35.2244     2.6768     0.0704          0    281.250 328.505570  1022.4897      6.268     -0.179  0.000e+00
      6.216    28.3066   5.687765    35.2247     2.6453     0.0360          0    281.500 328.505573  1022.4896      6.182     -0.209  0.000e+00
      6.162    28.3066   5.687765    35.2247     2.6397     0.0330          0    281.750 328.505576  1022.4894      6.128     -0.234  0.000e+00
      6.097    28.3069   5.687765    35.2245     2.6268     0.0292          0    282.000 328.505579  1022.4889      6.063     -0.256  0.000e+00
      6.021    28.3066   5.687765    35.2247     2.6130     0.0345          0    282.250 328.505582  1022.4888      5.988     -0.267  0.000e+00
      5.935    28.3066   5.687712    35.2244     2.6252     0.0360          0    282.500 328.505584  1022.4882      5.902     -0.278  0.000e+00
      5.870    28.3066   5.687704    35.2244     2.6170     0.0467          0    282.750 328.505587  1022.4879      5.838     -0.287  0.000e+00
      5.827    28.3067   5.687704    35.2243     2.6164     0.0475          0    283.000 328.505590  1022.4876      5.795     -0.280  0.000e+00
      5.773    28.3066   5.687704    35.2244     2.6020     0.0475          0    283.250 328.505593  1022.4875      5.741     -0.269  0.000e+00
      5.751    28.3064   5.687704    35.2245     2.6076     0.0459          0    283.500 328.505596  1022.4876      5.719     -0.248  0.000e+00
      5.740    28.3064   5.687704    35.2245     2.5766     0.0223          0    283.750 328.505599  1022.4875      5.709     -0.222  0.000e+00
      5.654    28.3064   5.687704    35.2246     2.5828     0.0223          0    284.000 328.505602  1022.4872      5.623     -0.205  0.000e+00
      5.556    28.3062   5.687674    35.2245     2.5604     0.0223          0    284.250 328.505605  1022.4868      5.526     -0.203  0.000e+00
      5.491    28.3062   5.687704    35.2248     2.5563     0.0200          0    284.500 328.505608  1022.4867      5.461     -0.206  0.000e+00
      5.405    28.3062   5.687704    35.2248     2.5610     0.0719          0    284.750 328.505611  1022.4863      5.375     -0.226  0.000e+00
      5.329    28.3063   5.687712    35.2248     2.5551     0.0688          0    285.000 328.505613  1022.4860      5.300     -0.253  0.000e+00
      5.254    28.3063   5.687704    35.2248     2.5640     0.0696          0    285.250 328.505616  1022.4856      5.225     -0.278  0.000e+00
      5.221    28.3064   5.687704    35.2247     2.5624     0.0696          0    285.500 328.505619  1022.4854      5.192     -0.292  0.000e+00
      5.189    28.3066   5.687704    35.2246     2.5526     0.0322          0    285.750 328.505622  1022.4851      5.160     -0.285  0.000e+00
      5.092    28.3068   5.687734    35.2247     2.5482     0.0376          0    286.000 328.505625  1022.4847      5.063     -0.270  0.000e+00
      5.016    28.3069   5.687734    35.2246     2.5253     0.0337          0    286.250 328.505628  1022.4843      4.988     -0.260  0.000e+00
      4.940    28.3069   5.687734    35.2246     2.5095     0.0322          0    286.500 328.505631  1022.4840      4.913     -0.261  0.000e+00
      4.854    28.3069   5.687734    35.2247     2.5142     0.0330          0    286.750 328.505634  1022.4836      4.827     -0.265  0.000e+00
      4.810    28.3072   5.687765    35.2247     2.4771     0.0521          0    287.000 328.505637  1022.4834      4.784     -0.267  0.000e+00
      4.767    28.3073   5.687742    35.2244     2.4650     0.0498          0    287.250 328.505639  1022.4830      4.741     -0.267  0.000e+00
      4.702    28.3075   5.687795    35.2247     2.4623     0.0444          0    287.500 328.505642  1022.4828      4.676     -0.271  0.000e+00
      4.637    28.3077   5.687864    35.2250     2.4538     0.0475          0    287.750 328.505645  1022.4827      4.612     -0.267  0.000e+00
      4.562    28.3085   5.687924    35.2248     2.4665     0.0391          0    288.000 328.505648  1022.4820      4.537     -0.254  0.000e+00
      4.486    28.3087   5.687955    35.2249     2.4688     0.0437          0    288.250 328.505651  1022.4817      4.461     -0.253  0.000e+00
      4.410    28.3093   5.687985    35.2247     2.4650     0.0505          0    288.500 328.505654  1022.4810      4.386     -0.257  0.000e+00
      4.324    28.3099   5.688054    35.2248     2.4643     0.0475          0    288.750 328.505657  1022.4805      4.300     -0.268  0.000e+00
      4.237    28.3104   5.688115    35.2249     2.4500     0.0505          0    289.000 328.505660  1022.4800      4.214     -0.290  0.000e+00
      4.172    28.3112   5.688145    35.2245     2.4298     0.0505          0    289.250 328.505663  1022.4792      4.149     -0.303  0.000e+00
      4.097    28.3116   5.688168    35.2244     2.4274     0.0490          0    289.500 328.505666  1022.4787      4.074     -0.308  0.000e+00
      4.053    28.3120   5.688175    35.2242     2.4004     0.0467          0    289.750 328.505668  1022.4782      4.031     -0.302  0.000e+00
      4.010    28.3122   5.688244    35.2245     2.3995     0.0414          0    290.000 328.505671  1022.4782      3.988     -0.286  0.000e+00
      3.978    28.3128   5.688305    35.2245     2.3928     0.0452          0    290.250 328.505674  1022.4779      3.956     -0.261  0.000e+00
      3.902    28.3132   5.688373    35.2247     2.3906     0.0475          0    290.500 328.505677  1022.4775      3.881     -0.243  0.000e+00
      3.827    28.3139   5.688373    35.2242     2.3757     0.0498          0    290.750 328.505680  1022.4766      3.806     -0.231  0.000e+00
      3.762    28.3141   5.688373    35.2240     2.3779     0.0467          0    291.000 328.505683  1022.4761      3.741     -0.227  0.000e+00
      3.686    28.3146   5.688404    35.2239     2.3800     0.0063          0    291.250 328.505686  1022.4755      3.666     -0.234  0.000e+00
      3.621    28.3147   5.688464    35.2243     2.3628     0.0078          0    291.500 328.505689  1022.4755      3.601     -0.243  0.000e+00
      3.557    28.3150   5.688449    35.2240     2.3625     0.0040          0    291.750 328.505692  1022.4749      3.537     -0.258  0.000e+00
      3.492    28.3154   5.688495    35.2240     2.3625     0.0063          0    292.000 328.505694  1022.4745      3.472     -0.269  0.000e+00
      3.448    28.3159   5.688594    35.2244     2.3673     0.0650          0    292.250 328.505697  1022.4744      3.429     -0.269  0.000e+00
      3.362    28.3161   5.688594    35.2242     2.3652     0.0688          0    292.500 328.505700  1022.4739      3.343     -0.264  0.000e+00
      3.297    28.3162   5.688594    35.2242     2.3779     0.0688          0    292.750 328.505703  1022.4736      3.279     -0.262  0.000e+00
      3.243    28.3165   5.688624    35.2242     2.3746     0.0749          0    293.000 328.505706  1022.4732      3.225     -0.258  0.000e+00
      3.178    28.3169   5.688624    35.2239     2.3781     0.0360          0    293.250 328.505709  1022.4726      3.161     -0.254  0.000e+00
      3.135    28.3170   5.688624    35.2239     2.3729     0.0292          0    293.500 328.505712  1022.4724      3.117     -0.249  0.000e+00
      3.048    28.3173   5.688655    35.2239     2.3750     0.0330          0    293.750 328.505715  1022.4719      3.032     -0.251  0.000e+00
      2.962    28.3175   5.688662    35.2238     2.3638     0.0284          0    294.000 328.505718  1022.4714      2.946     -0.260  0.000e+00
      2.875    28.3175   5.688685    35.2240     2.3604     0.0391          0    294.250 328.505720  1022.4712      2.859     -0.273  0.000e+00
      2.778    28.3177   5.688723    35.2241     2.3593     0.0337          0    294.500 328.505723  1022.4707      2.763     -0.286  0.000e+00
      2.702    28.3178   5.688723    35.2240     2.3599     0.0322          0    294.750 328.505726  1022.4703      2.687     -0.304  0.000e+00
      2.648    28.3183   5.688784    35.2241     2.3580     0.0376          0    295.000 328.505729  1022.4700      2.634     -0.313  0.000e+00
      2.626    28.3189   5.688845    35.2241     2.3862     0.0360          0    295.250 328.505732  1022.4697      2.612     -0.303  0.000e+00
      2.594    28.3194   5.688875    35.2239     2.3891     0.0414          0    295.500 328.505735  1022.4693      2.580     -0.282  0.000e+00
      2.507    28.3201   5.688974    35.2242     2.3854     0.0475          0    295.750 328.505738  1022.4689      2.494     -0.260  0.000e+00
      2.421    28.3209   5.689103    35.2245     2.3958     0.0459          0    296.000 328.505741  1022.4685      2.408     -0.247  0.000e+00
      2.324    28.3220   5.689180    35.2243     2.3979     0.0459          0    296.250 328.505744  1022.4675      2.311     -0.248  0.000e+00
      2.237    28.3228   5.689263    35.2242     2.3983     0.0223          0    296.500 328.505747  1022.4668      2.225     -0.258  0.000e+00
      2.194    28.3240   5.689423    35.2245     2.3907     0.0215          0    296.750 328.505749  1022.4665      2.182     -0.270  0.000e+00
      2.140    28.3253   5.689545    35.2244     2.3763     0.0200          0    297.000 328.505752  1022.4657      2.128     -0.282  0.000e+00
      2.064    28.3267   5.689644    35.2241     2.3675     0.0231          0    297.250 328.505755  1022.4647      2.053     -0.295  0.000e+00
      1.978    28.3281   5.689865    35.2245     2.3658     0.0574          0    297.500 328.505758  1022.4642      1.967     -0.299  0.000e+00
      1.891    28.3299   5.690025    35.2244     2.3534     0.0589          0    297.750 328.505761  1022.4632      1.881     -0.294  0.000e+00
      1.816    28.3316   5.690154    35.2241     2.3449     0.0597          0    298.000 328.505764  1022.4620      1.806     -0.291  0.000e+00
      1.783    28.3324   5.690154    35.2234     2.3357     0.0589          0    298.250 328.505767  1022.4611      1.773     -0.280  0.000e+00
      1.740    28.3337   5.690253    35.2232     2.3253     0.0459          0    298.500 328.505770  1022.4603      1.730     -0.270  0.000e+00
      1.653    28.3348   5.690375    35.2232     2.3274     0.0444          0    298.750 328.505773  1022.4597      1.644     -0.272  0.000e+00
      1.524    28.3361   5.690504    35.2232     2.3344     0.0429          0    299.000 328.505775  1022.4587      1.515     -0.285  0.000e+00
      1.470    28.3372   5.690565    35.2229     2.3474     0.0475          0    299.250 328.505778  1022.4578      1.462     -0.286  0.000e+00
      1.394    28.3379   5.690565    35.2223     2.3448     0.0452          0    299.500 328.505781  1022.4568      1.386     -0.287  0.000e+00
      1.319    28.3382   5.690664    35.2228     2.3468    -0.0242          0    299.750 328.505784  1022.4568      1.311     -0.293  0.000e+00
      1.232    28.3388   5.690694    35.2226     2.3749    -0.0151          0    300.000 328.505787  1022.4561      1.225     -0.307  0.000e+00
      1.189    28.3397   5.690755    35.2224     2.3796    -0.0151          0    300.250 328.505790  1022.4554      1.182     -0.313  0.000e+00
      1.135    28.3401   5.690786    35.2223     2.3875    -0.0212          0    300.500 328.505793  1022.4550      1.128     -0.303  0.000e+00
      1.135    28.3408   5.690862    35.2223     2.3881     0.0353          0    300.750 328.505796  1022.4548      1.128     -0.264  0.000e+00
      1.070    28.3414   5.690885    35.2221     2.3988     0.0337          0    301.000 328.505799  1022.4541      1.064     -0.231  0.000e+00
      1.005    28.3419   5.690915    35.2219     2.3934     0.0299          0    301.250 328.505802  1022.4536      0.999     -0.220  0.000e+00
      0.940    28.3421   5.690976    35.2222     2.3905     0.0353          0    301.500 328.505804  1022.4535      0.935     -0.209  0.000e+00
      0.843    28.3423   5.690976    35.2221     2.3874     0.0215          0    301.750 328.505807  1022.4529      0.838     -0.214  0.000e+00
      0.756    28.3426   5.691014    35.2221     2.3870     0.0215          0    302.000 328.505810  1022.4524      0.752     -0.231  0.000e+00
      0.713    28.3430   5.691075    35.2223     2.3867     0.0192          0    302.250 328.505813  1022.4522      0.709     -0.250  0.000e+00
      0.659    28.3434   5.691075    35.2220     2.3889     0.0131          0    302.500 328.505816  1022.4516      0.655     -0.264  0.000e+00
      0.540    28.3434   5.691105    35.2222     2.3921     0.0582          0    302.750 328.505819  1022.4513      0.537     -0.292  0.000e+00
      0.454    28.3436   5.691105    35.2221     2.3970     0.0620          0    303.000 328.505822  1022.4508      0.451     -0.303  0.000e+00
      0.335    28.3437   5.691105    35.2221     2.4003     0.0543          0    303.250 328.505825  1022.4502      0.333     -0.323  0.000e+00
      0.248    28.3442   5.691136    35.2219     2.3951     0.0566          0    303.500 328.505828  1022.4496      0.247     -0.338  0.000e+00
      0.194    28.3445   5.691235    35.2224     2.3991     0.0559          0    303.750 328.505830  1022.4496      0.193     -0.339  0.000e+00
      0.140    28.3453   5.691364    35.2228     2.3844     0.0337          0    304.000 328.505833  1022.4494      0.139     -0.337  0.000e+00
      0.064    28.3470   5.691554    35.2229     2.3955     0.0292          0    304.250 328.505836  1022.4486      0.064     -0.337  0.000e+00
     -0.044    28.3481   5.691745    35.2234     2.3594     0.0345          0    304.500 328.505839  1022.4481     -0.044     -0.334  0.000e+00
     -0.131    28.3491   5.691775    35.2229     2.3519     0.0345          0    304.750 328.505842  1022.4470     -0.130     -0.322  0.000e+00
     -0.250    28.3499   5.691813    35.2226     2.3484     0.0543          0    305.000 328.505845  1022.4461     -0.248     -0.328  0.000e+00
     -0.347    28.3543   5.693146    35.2286     2.3551     0.0582          0    305.250 328.505848  1022.4487     -0.345     -0.337  0.000e+00
