ctd_kilwa/cnv/SBE19plus_01906740_2018_11_26_0062.cnv
* Sea-Bird SBE19plus  Data File:
* FileName = C:\Users\all user\Desktop\Mapping WWF\SBE19plus_01906740_2018_11_26_0062.hex
* Software version 2.6.3.104
* Temperature SN = 6740
* Conductivity SN = 6740
* System UpLoad Time = Nov 26 2018 19:58:45
* <ApplicationData>
* <Seaterm232>
# nquan = 13
# nvalues = 427                                   
# units = specified
# name 0 = prdM: Pressure, Strain Gauge [db]
# name 1 = tv290C: Temperature [ITS-90, deg C]
# name 2 = c0S/m: Conductivity [S/m]
# name 3 = sal00: Salinity, Practical [PSU]
# name 4 = sbeox0ML/L: Oxygen, SBE 43 [ml/l]
# name 5 = flECO-AFL: Fluorescence, WET Labs ECO-AFL/FL [mg/m^3]
# name 6 = nbf: Bottles Fired
# name 7 = timeS: Time, Elapsed [seconds]
# name 8 = timeJ: Julian Days
# name 9 = density00: Density [density, kg/m^3]
# name 10 = depSM: Depth [salt water, m], lat = 0.00
# name 11 = dz/dtM: Descent Rate [m/s]
# name 12 = flag:  0.000e+00
# span 0 =     -1.028,      5.298                 
# span 1 =    27.8196,    32.9541                 
# span 2 =   0.476446,   5.880626                 
# span 3 =     2.3568,    36.3361                 
# span 4 =     2.6052,     4.0108                 
# span 5 =    -0.4576,     2.1380                 
# span 6 =          0,          0                 
# span 7 =      0.000,    106.500                 
# span 8 = 329.519259, 329.520492                 
# span 9 =   997.8057,  1023.1979                 
# span 10 =     -1.022,      5.269                
# span 11 =     -0.446,      0.490                
# span 12 = 0.0000e+00, 0.0000e+00                
# interval = seconds: 0.25
# start_time = Nov 25 2018 12:27:44 [Instrument's time stamp, header]
# bad_flag = -9.990e-29
*END*
[from data line 334]
      4.530    27.8332   5.634633    35.2064     2.7244     0.0315          0     83.500 329.520226  1022.6237      4.505     -0.188  0.000e+00
      4.455    27.8314   5.634451    35.2065     2.7270     0.0131          0     83.750 329.520229  1022.6241      4.430     -0.195  0.000e+00
      4.444    27.8305   5.634291    35.2061     2.7261    -0.0097          0     84.000 329.520231  1022.6240      4.419     -0.190  0.000e+00
      4.433    27.8303   5.633973    35.2040     2.7229     0.0032          0     84.250 329.520234  1022.6225      4.409     -0.168  0.000e+00
      4.379    27.8294   5.634003    35.2049     2.7214    -0.0052          0     84.500 329.520237  1022.6232      4.355     -0.155  0.000e+00
      4.271    27.8279   5.633821    35.2048     2.7208    -0.0143          0     84.750 329.520240  1022.6231      4.247     -0.174  0.000e+00
      4.217    27.8265   5.633723    35.2051     2.7274    -0.0067          0     85.000 329.520243  1022.6236      4.194     -0.194  0.000e+00
      4.206    27.8255   5.633662    35.2054     2.7281    -0.0036          0     85.250 329.520246  1022.6241      4.183     -0.192  0.000e+00
      4.217    27.8258   5.633723    35.2056     2.7318    -0.0136          0     85.500 329.520249  1022.6242      4.194     -0.174  0.000e+00
      4.065    27.8257   5.633601    35.2049     2.7260     0.0032          0     85.750 329.520252  1022.6230      4.043     -0.190  0.000e+00
      4.022    27.8253   5.633442    35.2041     2.7214     0.0467          0     86.000 329.520255  1022.6224      4.000     -0.212  0.000e+00
      3.979    27.8244   5.633381    35.2044     2.7211     0.0437          0     86.250 329.520258  1022.6227      3.957     -0.220  0.000e+00
      3.925    27.8237   5.633381    35.2049     2.7186     0.0467          0     86.500 329.520260  1022.6231      3.903     -0.215  0.000e+00
      3.795    27.8230   5.633154    35.2038     2.7143     0.0467          0     86.750 329.520263  1022.6220      3.774     -0.229  0.000e+00
      3.687    27.8224   5.633063    35.2037     2.7194     0.0337          0     87.000 329.520266  1022.6216      3.667     -0.268  0.000e+00
      3.655    27.8218   5.632843    35.2026     2.7110     0.0337          0     87.250 329.520269  1022.6209      3.634     -0.296  0.000e+00
      3.590    27.8214   5.632903    35.2033     2.7226     0.0475          0     87.500 329.520272  1022.6213      3.570     -0.306  0.000e+00
      3.438    27.8221   5.632934    35.2031     2.7179     0.0391          0     87.750 329.520275  1022.6202      3.419     -0.313  0.000e+00
      3.341    27.8229   5.633062    35.2034     2.7210     0.0376          0     88.000 329.520278  1022.6197      3.323     -0.344  0.000e+00
      3.352    27.8234   5.632933    35.2021     2.7157     0.0009          0     88.250 329.520281  1022.6187      3.333     -0.338  0.000e+00
      3.265    27.8235   5.633002    35.2025     2.7201    -0.0075          0     88.500 329.520284  1022.6186      3.247     -0.325  0.000e+00
      3.136    27.8232   5.632903    35.2021     2.7106    -0.0014          0     88.750 329.520286  1022.6178      3.118     -0.317  0.000e+00
      3.092    27.8226   5.632842    35.2021     2.7068    -0.0059          0     89.000 329.520289  1022.6178      3.075     -0.311  0.000e+00
      3.038    27.8221   5.632653    35.2012     2.7137     0.0345          0     89.250 329.520292  1022.6171      3.022     -0.309  0.000e+00
      2.973    27.8217   5.632683    35.2018     2.7058     0.0330          0     89.500 329.520295  1022.6173      2.957     -0.292  0.000e+00
      2.822    27.8218   5.632622    35.2013     2.7063     0.0315          0     89.750 329.520298  1022.6163      2.806     -0.291  0.000e+00
      2.768    27.8217   5.632433    35.2001     2.7067     0.0322          0     90.000 329.520301  1022.6152      2.753     -0.304  0.000e+00
      2.735    27.8212   5.632493    35.2009     2.7156     0.0345          0     90.250 329.520304  1022.6158      2.720     -0.314  0.000e+00
      2.638    27.8209   5.632372    35.2002     2.7118     0.0353          0     90.500 329.520307  1022.6150      2.624     -0.305  0.000e+00
      2.519    27.8210   5.632342    35.2000     2.7165     0.0246          0     90.750 329.520310  1022.6143      2.505     -0.309  0.000e+00
      2.498    27.8209   5.632342    35.2001     2.7113     0.0360          0     91.000 329.520312  1022.6143      2.484     -0.313  0.000e+00
      2.444    27.8204   5.632341    35.2004     2.7180     0.0147          0     91.250 329.520315  1022.6145      2.430     -0.303  0.000e+00
      2.303    27.8201   5.632212    35.1998     2.7169     0.0177          0     91.500 329.520318  1022.6135      2.290     -0.305  0.000e+00
      2.195    27.8200   5.632152    35.1995     2.7178     0.0177          0     91.750 329.520321  1022.6129      2.183     -0.309  0.000e+00
      2.195    27.8198   5.632121    35.1995     2.7178     0.0131          0     92.000 329.520324  1022.6129      2.183     -0.311  0.000e+00
      2.108    27.8196   5.632023    35.1990     2.7227     0.0170          0     92.250 329.520327  1022.6122      2.097     -0.312  0.000e+00
      1.925    27.8200   5.631962    35.1982     2.7178    -0.0029          0     92.500 329.520330  1022.6107      1.914     -0.329  0.000e+00
      1.838    27.8205   5.631932    35.1977     2.7170    -0.0067          0     92.750 329.520333  1022.6098      1.828     -0.348  0.000e+00
      1.795    27.8202   5.631863    35.1974     2.7143    -0.0044          0     93.000 329.520336  1022.6095      1.785     -0.365  0.000e+00
      1.698    27.8205   5.631863    35.1972     2.7135    -0.0075          0     93.250 329.520339  1022.6088      1.688     -0.366  0.000e+00
      1.579    27.8214   5.631932    35.1971     2.7091    -0.0197          0     93.500 329.520341  1022.6079      1.570     -0.364  0.000e+00
      1.492    27.8221   5.632053    35.1975     2.7147    -0.0227          0     93.750 329.520344  1022.6076      1.484     -0.374  0.000e+00
      1.460    27.8231   5.632182    35.1976     2.7154    -0.0265          0     94.000 329.520347  1022.6072      1.452     -0.375  0.000e+00
      1.352    27.8249   5.632341    35.1975     2.7116    -0.0204          0     94.250 329.520350  1022.6061      1.344     -0.355  0.000e+00
      1.243    27.8269   5.632561    35.1975     2.7180     0.0185          0     94.500 329.520353  1022.6050      1.237     -0.337  0.000e+00
      1.211    27.8305   5.633091    35.1986     2.7177     0.0215          0     94.750 329.520356  1022.6045      1.204     -0.332  0.000e+00
      1.092    27.8344   5.633561    35.1990     2.7312     0.0177          0     95.000 329.520359  1022.6030      1.086     -0.339  0.000e+00
      0.962    27.8393   5.633819    35.1971     2.7217     0.0215          0     95.250 329.520362  1022.5995      0.957     -0.345  0.000e+00
      0.897    27.8429   5.633940    35.1953     2.7294     0.0276          0     95.500 329.520365  1022.5967      0.892     -0.346  0.000e+00
      0.865    27.8459   5.634191    35.1949     2.7276     0.0238          0     95.750 329.520367  1022.5952      0.860     -0.342  0.000e+00
      0.681    27.8502   5.634630    35.1948     2.7253     0.0345          0     96.000 329.520370  1022.5930      0.678     -0.368  0.000e+00
      0.551    27.8554   5.635260    35.1953     2.7233     0.0231          0     96.250 329.520373  1022.5911      0.548     -0.385  0.000e+00
      0.519    27.8609   5.635889    35.1957     2.7520     0.0284          0     96.500 329.520376  1022.5894      0.516     -0.386  0.000e+00
      0.400    27.8683   5.636769    35.1964     2.7761    -0.0029          0     96.750 329.520379  1022.5871      0.398     -0.400  0.000e+00
      0.238    27.8776   5.637846    35.1970     2.7462     0.0025          0     97.000 329.520382  1022.5838      0.237     -0.412  0.000e+00
      0.205    27.8882   5.638787    35.1957     2.7376     0.0070          0     97.250 329.520385  1022.5792      0.204     -0.407  0.000e+00
      0.162    27.9007   5.639924    35.1944     2.7768    -0.0029          0     97.500 329.520388  1022.5740      0.161     -0.397  0.000e+00
     -0.011    27.9152   5.641525    35.1948     2.7787    -0.0082          0     97.750 329.520391  1022.5688     -0.011     -0.402  0.000e+00
     -0.162    27.9290   5.642724    35.1930     2.7498    -0.0097          0     98.000 329.520394  1022.5623     -0.161     -0.398  0.000e+00
     -0.216    27.9434   5.644143    35.1922     2.8077    -0.0143          0     98.250 329.520396  1022.5567     -0.215     -0.401  0.000e+00
     -0.325    27.9596   5.645653    35.1907     2.8920    -0.0082          0     98.500 329.520399  1022.5499     -0.323     -0.416  0.000e+00
     -0.465    27.9800   5.647930    35.1915     3.1590     0.3534          0     98.750 329.520402  1022.5432     -0.462     -0.421  0.000e+00
     -0.508    28.0074   5.651271    35.1945     3.1519     0.3511          0     99.000 329.520405  1022.5363     -0.505     -0.412  0.000e+00
     -0.508    28.0423   5.654529    35.1913     3.0691     0.3382          0     99.250 329.520408  1022.5225     -0.505     -0.396  0.000e+00
     -0.487    28.0785   5.658790    35.1941     2.9839     0.3404          0     99.500 329.520411  1022.5128     -0.484     -0.335  0.000e+00
     -0.454    28.1015   5.659998    35.1854     2.9101     0.8028          0     99.750 329.520414  1022.4989     -0.452     -0.234  0.000e+00
     -0.433    28.1169   5.659603    35.1711     2.8267     0.7852          0    100.000 329.520417  1022.4832     -0.430     -0.144  0.000e+00
     -0.389    28.1696   5.669751    35.2029     2.7355     0.7913          0    100.250 329.520420  1022.4900     -0.387     -0.065  0.000e+00
     -0.368    28.2371   5.681048    35.2315     2.6577     0.7959          0    100.500 329.520422  1022.4894     -0.366      0.017  0.000e+00
     -0.346    28.3085   5.688211    35.2283     2.6114     0.7921          0    100.750 329.520425  1022.4636     -0.344      0.079  0.000e+00
     -0.303    28.3846   5.694837    35.2178     2.6407    -0.0647          0    101.000 329.520428  1022.4308     -0.301      0.107  0.000e+00
     -0.314    28.4517   5.698601    35.1942     2.6597    -0.0700          0    101.250 329.520431  1022.3908     -0.312      0.107  0.000e+00
     -0.281    28.5096   5.702426    35.1778     2.6775    -0.0708          0    101.500 329.520434  1022.3595     -0.280      0.103  0.000e+00
     -0.303    28.5483   5.703005    35.1531     2.7198    -0.0738          0    101.750 329.520437  1022.3281     -0.301      0.085  0.000e+00
     -0.292    28.5699   5.703066    35.1375     2.7268     0.0383          0    102.000 329.520440  1022.3092     -0.291      0.068  0.000e+00
     -0.303    28.5827   5.703775    35.1330     2.7284     0.0330          0    102.250 329.520443  1022.3016     -0.301      0.045  0.000e+00
     -0.303    28.5904   5.703797    35.1275     2.7364     0.0322          0    102.500 329.520446  1022.2948     -0.301      0.028  0.000e+00
     -0.336    28.5952   5.704247    35.1271     2.7410     0.0261          0    102.750 329.520448  1022.2928     -0.334      0.004  0.000e+00
     -0.357    28.6043   5.705688    35.1304     2.7680     0.0047          0    103.000 329.520451  1022.2922     -0.355     -0.022  0.000e+00
     -0.444    28.6211   5.708113    35.1348     2.7957    -0.0052          0    103.250 329.520454  1022.2896     -0.441     -0.055  0.000e+00
     -0.671    28.6397   5.710836    35.1400     2.8062    -0.0059          0    103.500 329.520457  1022.2863     -0.667     -0.143  0.000e+00
     -0.887    28.6591   5.712918    35.1401     2.8536    -0.0067          0    103.750 329.520460  1022.2790     -0.882     -0.254  0.000e+00
     -1.028    28.6791   5.714017    35.1330     2.8904    -0.4576          0    104.000 329.520463  1022.2665     -1.022     -0.369  0.000e+00
     -1.017    28.6968   5.373727    32.7752     2.9325    -0.4423          0    104.250 329.520466  1020.4905     -1.011     -0.430  0.000e+00
     -1.017    28.7089   2.488263    13.9763     3.2195    -0.4561          0    104.500 329.520469  1006.4456     -1.011     -0.446  0.000e+00
     -1.017    28.7109   0.642120     3.2359     3.3958    -0.4401          0    104.750 329.520472   998.4478     -1.011     -0.414  0.000e+00
     -1.006    28.7082   1.091534     5.7165     3.3899    -0.4545          0    105.000 329.520475  1000.2977     -1.001     -0.342  0.000e+00
     -1.006    28.7037   1.169528     6.1584     3.6166    -0.3935          0    105.250 329.520477  1000.6282     -1.000     -0.234  0.000e+00
     -0.984    28.6957   0.814316     4.1737     3.5828    -0.3882          0    105.500 329.520480   999.1519     -0.979     -0.104  0.000e+00
     -1.028    28.6874   0.680261     3.4433     3.5632    -0.3798          0    105.750 329.520483   998.6095     -1.022     -0.027  0.000e+00
     -1.017    28.6787   0.586687     2.9406     3.5487    -0.3989          0    106.000 329.520486   998.2369     -1.011      0.006  0.000e+00
     -0.995    28.6706   0.520828     2.5906     3.5409    -0.0380          0    106.250 329.520489   997.9781     -0.990      0.006  0.000e+00
     -1.006    28.6629   0.476446     2.3568     3.5286    -0.0342          0    106.500 329.520492   997.8057     -1.000      0.004  0.000e+00
