ctd_kilwa/cnv/SBE19plus_01906740_2018_11_26_0052.cnv
* Sea-Bird SBE19plus  Data File:
* FileName = C:\Users\all user\Desktop\Mapping WWF\SBE19plus_01906740_2018_11_26_0052.hex
* Software version 2.6.3.104
* Temperature SN = 6740
* Conductivity SN = 6740
* System UpLoad Time = Nov 26 2018 19:56:23
* <ApplicationData>
* <Seaterm232>
# nquan = 13
# nvalues = 738                                   
# units = specified
# name 0 = prdM: Pressure, Strain Gauge [db]
# name 1 = tv290C: Temperature [ITS-90, deg C]
# name 2 = c0S/m: Conductivity [S/m]
# name 3 = sal00: Salinity, Practical [PSU]
# name 4 = sbeox0ML/L: Oxygen, SBE 43 [ml/l]
# name 5 = flECO-AFL: Fluorescence, WET Labs ECO-AFL/FL [mg/m^3]
# name 6 = nbf: Bottles Fired
# name 7 = timeS: Time, Elapsed [seconds]
# name 8 = timeJ: Julian Days
# name 9 = density00: Density [density, kg/m^3]
# name 10 = depSM: Depth [salt water, m], lat = 0.00
# name 11 = dz/dtM: Descent Rate [m/s]
# name 12 = flag:  0.000e+00
# span 0 =     -1.011,     15.931                 
# span 1 =    28.4757,    29.1802                 
# span 2 =   0.081608,   6.110480                 
# span 3 =     0.3698,    37.5975                 
# span 4 =     1.7246,     4.1640                 
# span 5 =    -0.4385,    48.6848                 
# span 6 =          0,          0                 
# span 7 =      0.000,    184.250                 
# span 8 = 328.565764, 328.567896                 
# span 9 =   996.2739,  1023.9947                 
# span 10 =     -1.005,     15.843                
# span 11 =     -0.742,      0.523                
# span 12 = 0.0000e+00, 0.0000e+00                
# interval = seconds: 0.25
# start_time = Nov 24 2018 13:34:42 [Instrument's time stamp, header]
# bad_flag = -9.990e-29
*END*
[from data line 223]
      0.591    29.0738   5.771918    35.2410     2.3977     0.0597          0     55.750 328.566409  1022.2229      0.588      0.110  0.000e+00
      0.634    29.0754   5.772048    35.2407     2.4383     0.0559          0     56.000 328.566412  1022.2223      0.631      0.133  0.000e+00
      0.634    29.0760   5.772056    35.2403     2.4146     0.0574          0     56.250 328.566415  1022.2218      0.631      0.143  0.000e+00
      0.612    29.0761   5.772048    35.2402     2.3780     0.0589          0     56.500 328.566418  1022.2216      0.609      0.136  0.000e+00
      0.623    29.0764   5.772079    35.2402     2.3722     0.0604          0     56.750 328.566421  1022.2215      0.620      0.125  0.000e+00
      0.645    29.0771   5.771933    35.2387     2.3554     0.0589          0     57.000 328.566424  1022.2202      0.641      0.108  0.000e+00
      0.677    29.0777   5.771948    35.2383     2.3246     0.0582          0     57.250 328.566427  1022.2199      0.674      0.081  0.000e+00
      0.699    29.0782   5.772148    35.2393     2.2893     0.0536          0     57.500 328.566429  1022.2206      0.695      0.064  0.000e+00
      0.699    29.0788   5.772278    35.2398     2.2363     0.0620          0     57.750 328.566432  1022.2207      0.695      0.050  0.000e+00
      0.731    29.0797   5.772339    35.2395     2.3938     0.0627          0     58.000 328.566435  1022.2204      0.727      0.054  0.000e+00
      0.720    29.0810   5.772569    35.2402     2.4924     0.0620          0     58.250 328.566438  1022.2204      0.717      0.061  0.000e+00
      0.710    29.0820   5.773382    35.2451     2.4985     0.0635          0     58.500 328.566441  1022.2237      0.706      0.058  0.000e+00
      0.753    29.0833   5.774386    35.2510     2.4889     0.0604          0     58.750 328.566444  1022.2279      0.749      0.055  0.000e+00
      0.818    29.0831   5.775022    35.2555     2.4780     0.0658          0     59.000 328.566447  1022.2316      0.813      0.064  0.000e+00
      0.850    29.0788   5.775037    35.2587     2.4748     0.0536          0     59.250 328.566450  1022.2356      0.846      0.076  0.000e+00
      0.872    29.0729   5.774808    35.2615     2.4467     0.0414          0     59.500 328.566453  1022.2398      0.867      0.090  0.000e+00
      0.829    29.0683   5.774616    35.2636     2.3808     0.0452          0     59.750 328.566455  1022.2427      0.824      0.087  0.000e+00
      0.785    29.0662   5.774578    35.2649     2.3323     0.0543          0     60.000 328.566458  1022.2442      0.781      0.064  0.000e+00
      0.796    29.0652   5.774647    35.2661     2.3286     0.0490          0     60.250 328.566461  1022.2455      0.792      0.049  0.000e+00
      0.829    29.0637   5.775130    35.2706     2.3355     0.0131          0     60.500 328.566464  1022.2495      0.824      0.035  0.000e+00
      0.904    29.0617   5.774432    35.2672     2.3296     0.0162          0     60.750 328.566467  1022.2480      0.899      0.030  0.000e+00
      0.926    29.0629   5.774969    35.2700     2.3427     0.0315          0     61.000 328.566470  1022.2498      0.921      0.032  0.000e+00
      0.915    29.0721   5.776885    35.2764     2.3415     0.0215          0     61.250 328.566473  1022.2514      0.910      0.041  0.000e+00
      0.893    29.0825   5.778242    35.2781     2.3402     0.0162          0     61.500 328.566476  1022.2491      0.889      0.049  0.000e+00
      0.915    29.0920   5.779224    35.2778     2.3193     0.0200          0     61.750 328.566479  1022.2458      0.910      0.067  0.000e+00
      0.948    29.1001   5.779806    35.2759     2.3360     0.0261          0     62.000 328.566481  1022.2418      0.942      0.076  0.000e+00
      0.958    29.1057   5.780036    35.2733     2.3408     0.0238          0     62.250 328.566484  1022.2380      0.953      0.066  0.000e+00
      0.958    29.1082   5.779829    35.2700     2.3059     0.0139          0     62.500 328.566487  1022.2347      0.953      0.048  0.000e+00
      0.958    29.1072   5.779223    35.2666     2.3228     0.0368          0     62.750 328.566490  1022.2324      0.953      0.030  0.000e+00
      0.958    29.1033   5.778510    35.2646     2.3635     0.0345          0     63.000 328.566493  1022.2322      0.953      0.029  0.000e+00
      1.013    29.0996   5.778303    35.2659     2.3872     0.0322          0     63.250 328.566496  1022.2347      1.007      0.045  0.000e+00
      1.056    29.0972   5.778280    35.2674     2.3763     0.0322          0     63.500 328.566499  1022.2368      1.050      0.064  0.000e+00
      1.110    29.0950   5.778119    35.2679     2.2867     0.0391          0     63.750 328.566502  1022.2382      1.104      0.081  0.000e+00
      1.088    29.0890   5.777337    35.2670     2.3123     0.0559          0     64.000 328.566505  1022.2394      1.082      0.084  0.000e+00
      1.078    29.0797   5.775927    35.2641     2.3031     0.0459          0     64.250 328.566508  1022.2403      1.072      0.084  0.000e+00
      1.056    29.0706   5.774869    35.2636     2.3201     0.0437          0     64.500 328.566510  1022.2429      1.050      0.074  0.000e+00
      1.088    29.0631   5.774486    35.2665     2.3324     0.0589          0     64.750 328.566513  1022.2477      1.082      0.065  0.000e+00
      1.110    29.0590   5.774524    35.2697     2.3576     0.0574          0     65.000 328.566516  1022.2516      1.104      0.054  0.000e+00
      1.110    29.0569   5.774678    35.2723     2.3736     0.0582          0     65.250 328.566519  1022.2543      1.104      0.032  0.000e+00
      1.110    29.0545   5.774386    35.2721     2.4352     0.0658          0     65.500 328.566522  1022.2549      1.104      0.018  0.000e+00
      1.099    29.0519   5.774065    35.2718     2.4504     0.0559          0     65.750 328.566525  1022.2555      1.093      0.009  0.000e+00
      1.121    29.0496   5.773904    35.2724     2.4446     0.0604          0     66.000 328.566528  1022.2568      1.115      0.022  0.000e+00
      1.132    29.0466   5.773444    35.2715     2.4495     0.0604          0     66.250 328.566531  1022.2572      1.126      0.029  0.000e+00
      1.164    29.0426   5.772923    35.2708     2.4864     0.0635          0     66.500 328.566534  1022.2582      1.158      0.038  0.000e+00
      1.218    29.0399   5.772777    35.2718     2.4755     0.0566          0     66.750 328.566536  1022.2601      1.212      0.049  0.000e+00
      1.262    29.0394   5.773122    35.2745     2.5181     0.0604          0     67.000 328.566539  1022.2624      1.255      0.071  0.000e+00
      1.272    29.0395   5.773214    35.2750     2.5095     0.0582          0     67.250 328.566542  1022.2628      1.265      0.092  0.000e+00
      1.315    29.0385   5.772831    35.2731     2.5330     0.0582          0     67.500 328.566545  1022.2619      1.308      0.114  0.000e+00
      1.359    29.0364   5.772555    35.2728     2.5371     0.0627          0     67.750 328.566548  1022.2625      1.351      0.133  0.000e+00
      1.413    29.0346   5.772440    35.2733     2.5376     0.0597          0     68.000 328.566551  1022.2638      1.405      0.147  0.000e+00
      1.488    29.0339   5.772501    35.2742     2.5227     0.0543          0     68.250 328.566554  1022.2650      1.480      0.167  0.000e+00
      1.521    29.0335   5.772593    35.2751     2.5187     0.0566          0     68.500 328.566557  1022.2660      1.512      0.175  0.000e+00
      1.564    29.0341   5.772632    35.2749     2.5223     0.0627          0     68.750 328.566560  1022.2658      1.555      0.179  0.000e+00
      1.564    29.0357   5.772992    35.2762     2.4633     0.0673          0     69.000 328.566562  1022.2662      1.555      0.175  0.000e+00
      1.564    29.0377   5.773184    35.2761     2.4117     0.0658          0     69.250 328.566565  1022.2654      1.555      0.162  0.000e+00
      1.553    29.0388   5.773214    35.2755     2.4184     0.0749          0     69.500 328.566568  1022.2646      1.544      0.130  0.000e+00
      1.575    29.0402   5.773283    35.2750     2.4303     0.0658          0     69.750 328.566571  1022.2639      1.566      0.099  0.000e+00
      1.618    29.0410   5.773344    35.2748     2.4376     0.0582          0     70.000 328.566574  1022.2636      1.609      0.076  0.000e+00
      1.683    29.0412   5.773283    35.2742     2.4620     0.0620          0     70.250 328.566577  1022.2634      1.674      0.072  0.000e+00
      1.726    29.0412   5.773184    35.2735     2.5016     0.0543          0     70.500 328.566580  1022.2631      1.717      0.086  0.000e+00
      1.715    29.0400   5.772992    35.2731     2.5176     0.0551          0     70.750 328.566583  1022.2631      1.706      0.093  0.000e+00
      1.694    29.0383   5.772762    35.2727     2.5453     0.0513          0     71.000 328.566586  1022.2633      1.684      0.095  0.000e+00
      1.694    29.0371   5.772685    35.2731     2.5412     0.0459          0     71.250 328.566589  1022.2639      1.684      0.089  0.000e+00
      1.759    29.0369   5.772862    35.2744     2.6708     0.0429          0     71.500 328.566591  1022.2653      1.749      0.091  0.000e+00
      1.845    29.0372   5.772923    35.2746     2.7250     0.0444          0     71.750 328.566594  1022.2657      1.835      0.100  0.000e+00
      1.888    29.0376   5.772992    35.2747     2.7660     0.0498          0     72.000 328.566597  1022.2659      1.878      0.107  0.000e+00
      1.931    29.0401   5.773398    35.2757     2.6694     0.0505          0     72.250 328.566600  1022.2660      1.921      0.120  0.000e+00
      1.953    29.0424   5.773705    35.2761     2.6502     0.0505          0     72.500 328.566603  1022.2656      1.942      0.140  0.000e+00
      2.007    29.0451   5.773965    35.2759     2.6067     0.0482          0     72.750 328.566606  1022.2648      1.996      0.170  0.000e+00
      2.072    29.0458   5.773743    35.2739     2.6673     0.0452          0     73.000 328.566609  1022.2633      2.061      0.195  0.000e+00
      2.137    29.0438   5.773122    35.2710     2.7007     0.0543          0     73.250 328.566612  1022.2621      2.125      0.207  0.000e+00
      2.213    29.0426   5.773053    35.2714     2.6791     0.0582          0     73.500 328.566615  1022.2631      2.201      0.209  0.000e+00
      2.289    29.0441   5.773674    35.2746     2.6769     0.0559          0     73.750 328.566617  1022.2653      2.276      0.219  0.000e+00
      2.353    29.0470   5.774272    35.2765     2.6879     0.0574          0     74.000 328.566620  1022.2661      2.340      0.239  0.000e+00
      2.451    29.0495   5.774387    35.2754     2.7559     0.0482          0     74.250 328.566623  1022.2648      2.437      0.265  0.000e+00
      2.526    29.0417   5.772632    35.2691     2.7543     0.0459          0     74.500 328.566626  1022.2630      2.512      0.289  0.000e+00
      2.548    29.0220   5.769475    35.2619     2.7899     0.0459          0     74.750 328.566629  1022.2643      2.534      0.286  0.000e+00
      2.526    28.9930   5.764664    35.2501     2.7925     0.0459          0     75.000 328.566632  1022.2651      2.512      0.256  0.000e+00
      2.526    28.9642   5.762068    35.2535     2.7745     0.0482          0     75.250 328.566635  1022.2772      2.512      0.213  0.000e+00
      2.548    28.9420   5.760874    35.2617     2.6464     0.1047          0     75.500 328.566638  1022.2908      2.534      0.167  0.000e+00
      2.624    28.9279   5.760660    35.2706     2.5450     0.1085          0     75.750 328.566641  1022.3026      2.609      0.138  0.000e+00
      2.678    28.9197   5.760514    35.2756     2.4940     0.1024          0     76.000 328.566644  1022.3094      2.663      0.123  0.000e+00
      2.743    28.9135   5.760193    35.2780     2.4535     0.1093          0     76.250 328.566646  1022.3135      2.728      0.120  0.000e+00
      2.818    28.9050   5.758577    35.2731     2.6321     0.0841          0     76.500 328.566649  1022.3130      2.803      0.143  0.000e+00
      2.905    28.8895   5.756403    35.2695     2.6814     0.0772          0     76.750 328.566652  1022.3158      2.889      0.191  0.000e+00
      2.980    28.8695   5.753694    35.2656     2.7238     0.0772          0     77.000 328.566655  1022.3198      2.964      0.241  0.000e+00
      3.077    28.8455   5.750435    35.2608     2.6517     0.0841          0     77.250 328.566658  1022.3247      3.060      0.280  0.000e+00
      3.164    28.8194   5.747757    35.2616     2.6492     0.0971          0     77.500 328.566661  1022.3344      3.147      0.306  0.000e+00
      3.240    28.7958   5.745692    35.2647     2.5075     0.0955          0     77.750 328.566664  1022.3449      3.222      0.317  0.000e+00
      3.261    28.7764   5.743895    35.2666     2.5382     0.0932          0     78.000 328.566667  1022.3529      3.243      0.313  0.000e+00
      3.315    28.7603   5.743177    35.2736     2.3956     0.0932          0     78.250 328.566670  1022.3637      3.297      0.298  0.000e+00
      3.412    28.7482   5.742374    35.2770     2.4272     0.0757          0     78.500 328.566672  1022.3707      3.394      0.289  0.000e+00
      3.477    28.7391   5.742183    35.2824     2.4416     0.0788          0     78.750 328.566675  1022.3780      3.458      0.277  0.000e+00
      3.510    28.7329   5.741472    35.2821     2.3496     0.0795          0     79.000 328.566678  1022.3800      3.490      0.259  0.000e+00
      3.553    28.7280   5.740830    35.2812     2.3989     0.0795          0     79.250 328.566681  1022.3812      3.533      0.238  0.000e+00
      3.596    28.7252   5.740830    35.2833     2.4174     0.0772          0     79.500 328.566684  1022.3838      3.576      0.222  0.000e+00
      3.661    28.7228   5.740409    35.2821     2.4671     0.1093          0     79.750 328.566687  1022.3840      3.641      0.218  0.000e+00
      3.758    28.7198   5.739859    35.2806     2.5141     0.1085          0     80.000 328.566690  1022.3843      3.738      0.231  0.000e+00
      3.866    28.7169   5.739584    35.2808     2.5263     0.1055          0     80.250 328.566693  1022.3859      3.845      0.246  0.000e+00
      3.942    28.7118   5.738666    35.2781     2.5159     0.1138          0     80.500 328.566696  1022.3859      3.920      0.259  0.000e+00
      3.975    28.7038   5.737222    35.2741     2.5442     0.1413          0     80.750 328.566698  1022.3857      3.953      0.272  0.000e+00
      3.996    28.6956   5.736610    35.2759     2.5858     0.1421          0     81.000 328.566701  1022.3898      3.974      0.274  0.000e+00
      4.040    28.6920   5.736802    35.2799     2.5405     0.1436          0     81.250 328.566704  1022.3943      4.017      0.264  0.000e+00
      4.158    28.6912   5.737016    35.2820     2.7358     0.1337          0     81.500 328.566707  1022.3966      4.136      0.265  0.000e+00
      4.169    28.6917   5.737123    35.2823     2.7009     0.1352          0     81.750 328.566710  1022.3967      4.146      0.242  0.000e+00
      4.158    28.6942   5.737543    35.2833     2.7049     0.1329          0     82.000 328.566713  1022.3966      4.136      0.200  0.000e+00
      4.169    28.6966   5.737895    35.2840     2.5864     0.1306          0     82.250 328.566716  1022.3963      4.146      0.161  0.000e+00
      4.234    28.6976   5.737604    35.2812     2.5891     0.1360          0     82.500 328.566719  1022.3942      4.211      0.147  0.000e+00
      4.321    28.6986   5.737543    35.2800     2.5571     0.1520          0     82.750 328.566722  1022.3934      4.297      0.157  0.000e+00
      4.440    28.7000   5.737673    35.2799     2.5598     0.1459          0     83.000 328.566725  1022.3933      4.415      0.185  0.000e+00
