ctd_kilwa/cnv/SBE19plus_01906740_2018_11_26_0056.cnv
* Sea-Bird SBE19plus  Data File:
* FileName = C:\Users\all user\Desktop\Mapping WWF\SBE19plus_01906740_2018_11_26_0056.hex
* Software version 2.6.3.104
* Temperature SN = 6740
* Conductivity SN = 6740
* System UpLoad Time = Nov 26 2018 19:57:16
* <ApplicationData>
* <Seaterm232>
# nquan = 13
# nvalues = 999                                   
# units = specified
# name 0 = prdM: Pressure, Strain Gauge [db]
# name 1 = tv290C: Temperature [ITS-90, deg C]
# name 2 = c0S/m: Conductivity [S/m]
# name 3 = sal00: Salinity, Practical [PSU]
# name 4 = sbeox0ML/L: Oxygen, SBE 43 [ml/l]
# name 5 = flECO-AFL: Fluorescence, WET Labs ECO-AFL/FL [mg/m^3]
# name 6 = nbf: Bottles Fired
# name 7 = timeS: Time, Elapsed [seconds]
# name 8 = timeJ: Julian Days
# name 9 = density00: Density [density, kg/m^3]
# name 10 = depSM: Depth [salt water, m], lat = 0.00
# name 11 = dz/dtM: Descent Rate [m/s]
# name 12 = flag:  0.000e+00
# span 0 =     -1.029,     22.990                 
# span 1 =    27.8328,    29.2240                 
# span 2 =   0.020785,   5.700068                 
# span 3 =     0.0941,    35.3507                 
# span 4 =     2.0963,     3.6943                 
# span 5 =    -0.1211,    48.6810                 
# span 6 =          0,          0                 
# span 7 =      0.000,    249.500                 
# span 8 = 329.372963, 329.375851                 
# span 9 =   995.9476,  1022.7062                 
# span 10 =     -1.023,     22.862                
# span 11 =     -0.683,      0.420                
# span 12 = 0.0000e+00, 0.0000e+00                
# interval = seconds: 0.25
# start_time = Nov 25 2018 08:57:04 [Instrument's time stamp, header]
# bad_flag = -9.990e-29
*END*
[from data line 334]
      3.620    28.1792   5.672255    35.2120     2.6102     0.0078          0     83.500 329.373929  1022.5108      3.600      0.036  0.000e+00
      3.620    28.1791   5.672285    35.2123     2.6155     0.0315          0     83.750 329.373932  1022.5111      3.600      0.043  0.000e+00
      3.706    28.1793   5.672247    35.2118     2.6096     0.0498          0     84.000 329.373935  1022.5110      3.686      0.070  0.000e+00
      3.771    28.1793   5.672255    35.2119     2.6129     0.0452          0     84.250 329.373938  1022.5114      3.750      0.094  0.000e+00
      3.901    28.1793   5.672323    35.2123     2.6134     0.0444          0     84.500 329.373941  1022.5122      3.879      0.144  0.000e+00
      3.922    28.1789   5.672194    35.2118     2.6221     0.0421          0     84.750 329.373944  1022.5121      3.901      0.180  0.000e+00
      3.944    28.1777   5.671974    35.2111     2.6296     0.0231          0     85.000 329.373947  1022.5120      3.922      0.201  0.000e+00
      3.922    28.1760   5.671685    35.2103     2.6259     0.0231          0     85.250 329.373950  1022.5119      3.901      0.196  0.000e+00
      3.955    28.1748   5.671685    35.2112     2.6288     0.0200          0     85.500 329.373953  1022.5132      3.933      0.192  0.000e+00
      3.998    28.1741   5.671715    35.2120     2.6187     0.0200          0     85.750 329.373955  1022.5141      3.976      0.174  0.000e+00
      4.084    28.1737   5.671753    35.2125     2.6155     0.0315          0     86.000 329.373958  1022.5150      4.062      0.153  0.000e+00
      4.117    28.1738   5.671784    35.2126     2.6153     0.0299          0     86.250 329.373961  1022.5152      4.094      0.140  0.000e+00
      4.117    28.1741   5.671814    35.2126     2.6155     0.0345          0     86.500 329.373964  1022.5151      4.094      0.120  0.000e+00
      4.138    28.1743   5.671844    35.2127     2.6084     0.0345          0     86.750 329.373967  1022.5152      4.116      0.127  0.000e+00
      4.203    28.1749   5.671943    35.2129     2.6096     0.0421          0     87.000 329.373970  1022.5155      4.180      0.142  0.000e+00
      4.279    28.1750   5.671943    35.2127     2.6200     0.0490          0     87.250 329.373973  1022.5156      4.255      0.166  0.000e+00
      4.333    28.1751   5.671974    35.2129     2.6239     0.0459          0     87.500 329.373976  1022.5159      4.309      0.174  0.000e+00
      4.354    28.1754   5.672004    35.2129     2.6314     0.0437          0     87.750 329.373979  1022.5159      4.330      0.172  0.000e+00
      4.408    28.1755   5.671943    35.2123     2.6260     0.0452          0     88.000 329.373981  1022.5157      4.384      0.172  0.000e+00
      4.441    28.1754   5.671875    35.2119     2.6315     0.0322          0     88.250 329.373984  1022.5155      4.416      0.182  0.000e+00
      4.506    28.1751   5.671845    35.2119     2.6305     0.0345          0     88.500 329.373987  1022.5159      4.481      0.197  0.000e+00
      4.581    28.1750   5.671845    35.2120     2.6417     0.0360          0     88.750 329.373990  1022.5164      4.556      0.205  0.000e+00
      4.603    28.1750   5.671875    35.2122     2.6386     0.0353          0     89.000 329.373993  1022.5166      4.578      0.196  0.000e+00
      4.646    28.1747   5.671845    35.2122     2.6489     0.0231          0     89.250 329.373996  1022.5169      4.621      0.189  0.000e+00
      4.668    28.1742   5.671784    35.2122     2.6429     0.0246          0     89.500 329.373999  1022.5171      4.642      0.183  0.000e+00
      4.690    28.1723   5.671404    35.2109     2.6399     0.0177          0     89.750 329.374002  1022.5168      4.664      0.175  0.000e+00
      4.668    28.1679   5.670704    35.2093     2.6411     0.0200          0     90.000 329.374005  1022.5170      4.642      0.145  0.000e+00
      4.744    28.1643   5.670324    35.2093     2.6244     0.0200          0     90.250 329.374008  1022.5185      4.718      0.132  0.000e+00
      4.798    28.1617   5.670210    35.2104     2.6219     0.0215          0     90.500 329.374010  1022.5205      4.771      0.122  0.000e+00
      4.863    28.1597   5.670073    35.2109     2.6177     0.0170          0     90.750 329.374013  1022.5217      4.836      0.127  0.000e+00
      4.938    28.1579   5.669944    35.2113     2.6171     0.0192          0     91.000 329.374016  1022.5230      4.911      0.154  0.000e+00
      4.992    28.1563   5.669784    35.2114     2.6190     0.0162          0     91.250 329.374019  1022.5238      4.965      0.178  0.000e+00
      5.024    28.1548   5.669594    35.2112     2.6186     0.0215          0     91.500 329.374022  1022.5243      4.997      0.200  0.000e+00
      5.046    28.1537   5.669495    35.2113     2.6237     0.0231          0     91.750 329.374025  1022.5248      5.019      0.209  0.000e+00
      5.079    28.1518   5.669214    35.2108     2.6310     0.0231          0     92.000 329.374028  1022.5252      5.051      0.209  0.000e+00
      5.154    28.1489   5.668803    35.2100     2.6252     0.0162          0     92.250 329.374031  1022.5259      5.126      0.196  0.000e+00
      5.241    28.1468   5.668735    35.2111     2.6242     0.0429          0     92.500 329.374034  1022.5277      5.212      0.199  0.000e+00
      5.316    28.1451   5.668674    35.2119     2.6349     0.0429          0     92.750 329.374036  1022.5292      5.287      0.207  0.000e+00
      5.381    28.1436   5.668454    35.2115     2.6327     0.0467          0     93.000 329.374039  1022.5297      5.352      0.219  0.000e+00
      5.446    28.1425   5.668324    35.2113     2.6268     0.0459          0     93.250 329.374042  1022.5302      5.416      0.239  0.000e+00
      5.479    28.1413   5.668264    35.2118     2.6261     0.0444          0     93.500 329.374045  1022.5311      5.449      0.252  0.000e+00
      5.511    28.1406   5.668264    35.2124     2.6266     0.0459          0     93.750 329.374048  1022.5319      5.481      0.252  0.000e+00
      5.554    28.1401   5.668226    35.2124     2.6253     0.0498          0     94.000 329.374051  1022.5323      5.524      0.239  0.000e+00
      5.576    28.1402   5.668294    35.2128     2.6323     0.0459          0     94.250 329.374054  1022.5327      5.545      0.208  0.000e+00
      5.619    28.1402   5.668355    35.2133     2.6238     0.0459          0     94.500 329.374057  1022.5332      5.588      0.180  0.000e+00
      5.673    28.1402   5.668325    35.2130     2.6194     0.0383          0     94.750 329.374060  1022.5332      5.642      0.165  0.000e+00
      5.738    28.1398   5.668264    35.2129     2.6356     0.0543          0     95.000 329.374062  1022.5335      5.707      0.164  0.000e+00
      5.782    28.1398   5.668233    35.2126     2.6404     0.0459          0     95.250 329.374065  1022.5335      5.750      0.167  0.000e+00
      5.793    28.1396   5.668135    35.2121     2.6419     0.0383          0     95.500 329.374068  1022.5332      5.761      0.169  0.000e+00
      5.793    28.1396   5.668135    35.2121     2.6524     0.0391          0     95.750 329.374071  1022.5332      5.761      0.158  0.000e+00
      5.793    28.1397   5.668135    35.2120     2.6564     0.0315          0     96.000 329.374074  1022.5332      5.761      0.137  0.000e+00
      5.836    28.1394   5.668074    35.2118     2.6627     0.0368          0     96.250 329.374077  1022.5333      5.804      0.123  0.000e+00
      5.933    28.1392   5.668074    35.2119     2.6597     0.0337          0     96.500 329.374080  1022.5338      5.901      0.124  0.000e+00
      6.031    28.1395   5.668135    35.2121     2.6613     0.0459          0     96.750 329.374083  1022.5343      5.997      0.141  0.000e+00
      6.160    28.1397   5.668203    35.2124     2.6690     0.0452          0     97.000 329.374086  1022.5350      6.126      0.184  0.000e+00
      6.214    28.1405   5.668295    35.2124     2.6624     0.0490          0     97.250 329.374089  1022.5350      6.180      0.230  0.000e+00
      6.279    28.1409   5.668378    35.2126     2.6668     0.0444          0     97.500 329.374091  1022.5353      6.244      0.276  0.000e+00
      6.365    28.1417   5.668454    35.2126     2.6616     0.0482          0     97.750 329.374094  1022.5353      6.330      0.315  0.000e+00
      6.387    28.1426   5.668485    35.2121     2.6655     0.0505          0     98.000 329.374097  1022.5348      6.352      0.323  0.000e+00
      6.376    28.1431   5.668485    35.2118     2.6628     0.0452          0     98.250 329.374100  1022.5343      6.341      0.287  0.000e+00
      6.419    28.1438   5.668485    35.2112     2.6552     0.0490          0     98.500 329.374103  1022.5339      6.384      0.239  0.000e+00
      6.462    28.1440   5.668546    35.2115     2.6422     0.0315          0     98.750 329.374106  1022.5342      6.427      0.196  0.000e+00
      6.505    28.1445   5.668546    35.2111     2.6478     0.0322          0     99.000 329.374109  1022.5339      6.470      0.161  0.000e+00
      6.570    28.1446   5.668546    35.2110     2.6390     0.0276          0     99.250 329.374112  1022.5341      6.534      0.155  0.000e+00
      6.635    28.1447   5.668485    35.2104     2.6370     0.0315          0     99.500 329.374115  1022.5339      6.599      0.158  0.000e+00
      6.667    28.1444   5.668485    35.2107     2.6436     0.0383          0     99.750 329.374117  1022.5344      6.631      0.162  0.000e+00
      6.700    28.1442   5.668356    35.2100     2.6484     0.0292          0    100.000 329.374120  1022.5340      6.663      0.178  0.000e+00
      6.743    28.1442   5.668454    35.2106     2.6442     0.0360          0    100.250 329.374123  1022.5347      6.706      0.190  0.000e+00
      6.786    28.1445   5.668515    35.2108     2.6447     0.0353          0    100.500 329.374126  1022.5349      6.749      0.186  0.000e+00
      6.894    28.1450   5.668645    35.2113     2.6493     0.0322          0    100.750 329.374129  1022.5355      6.856      0.199  0.000e+00
      6.949    28.1454   5.668645    35.2110     2.6421     0.0223          0    101.000 329.374132  1022.5354      6.910      0.208  0.000e+00
      7.003    28.1458   5.668652    35.2107     2.6503     0.0177          0    101.250 329.374135  1022.5353      6.964      0.214  0.000e+00
      7.025    28.1463   5.668705    35.2107     2.6418     0.0231          0    101.500 329.374138  1022.5353      6.986      0.214  0.000e+00
      7.079    28.1466   5.668736    35.2107     2.6427     0.0246          0    101.750 329.374141  1022.5354      7.040      0.220  0.000e+00
      7.144    28.1470   5.668804    35.2109     2.6464     0.0490          0    102.000 329.374144  1022.5357      7.104      0.224  0.000e+00
      7.187    28.1473   5.668865    35.2111     2.6531     0.0490          0    102.250 329.374146  1022.5359      7.147      0.219  0.000e+00
      7.263    28.1477   5.668865    35.2107     2.6510     0.0444          0    102.500 329.374149  1022.5359      7.223      0.217  0.000e+00
      7.317    28.1481   5.668896    35.2106     2.6523     0.0475          0    102.750 329.374152  1022.5359      7.277      0.208  0.000e+00
      7.349    28.1484   5.668964    35.2108     2.6619     0.0360          0    103.000 329.374155  1022.5360      7.309      0.209  0.000e+00
      7.382    28.1484   5.668926    35.2106     2.6566     0.0414          0    103.250 329.374158  1022.5360      7.341      0.206  0.000e+00
      7.436    28.1472   5.668675    35.2097     2.6573     0.0307          0    103.500 329.374161  1022.5360      7.395      0.206  0.000e+00
      7.501    28.1451   5.668356    35.2090     2.6476     0.0368          0    103.750 329.374164  1022.5364      7.459      0.203  0.000e+00
      7.544    28.1430   5.668105    35.2088     2.6465     0.0223          0    104.000 329.374167  1022.5372      7.502      0.197  0.000e+00
      7.598    28.1419   5.667976    35.2087     2.6459     0.0162          0    104.250 329.374170  1022.5377      7.556      0.196  0.000e+00
      7.641    28.1418   5.668136    35.2099     2.6408     0.0185          0    104.500 329.374172  1022.5388      7.599      0.191  0.000e+00
      7.695    28.1422   5.668318    35.2109     2.6439     0.0177          0    104.750 329.374175  1022.5396      7.653      0.195  0.000e+00
      7.760    28.1431   5.668485    35.2114     2.6456     0.0170          0    105.000 329.374178  1022.5400      7.717      0.206  0.000e+00
      7.814    28.1445   5.668645    35.2114     2.6604     0.0345          0    105.250 329.374181  1022.5397      7.771      0.213  0.000e+00
      7.836    28.1460   5.668835    35.2116     2.6614     0.0307          0    105.500 329.374184  1022.5395      7.792      0.205  0.000e+00
      7.868    28.1460   5.668774    35.2112     2.6698     0.0337          0    105.750 329.374187  1022.5393      7.825      0.193  0.000e+00
      7.900    28.1451   5.668394    35.2091     2.6554     0.0345          0    106.000 329.374190  1022.5382      7.857      0.183  0.000e+00
      8.008    28.1439   5.668235    35.2089     2.6690     0.0398          0    106.250 329.374193  1022.5389      7.964      0.189  0.000e+00
      8.052    28.1429   5.668204    35.2094     2.6645     0.0330          0    106.500 329.374196  1022.5398      8.007      0.194  0.000e+00
      8.127    28.1413   5.668045    35.2095     2.6759     0.0330          0    106.750 329.374198  1022.5407      8.083      0.204  0.000e+00
      8.160    28.1399   5.667885    35.2094     2.6746     0.0322          0    107.000 329.374201  1022.5413      8.115      0.207  0.000e+00
      8.182    28.1388   5.667786    35.2095     2.6725     0.0337          0    107.250 329.374204  1022.5418      8.136      0.208  0.000e+00
      8.225    28.1382   5.667756    35.2097     2.6661     0.0261          0    107.500 329.374207  1022.5423      8.179      0.209  0.000e+00
      8.268    28.1374   5.667695    35.2099     2.6643     0.0315          0    107.750 329.374210  1022.5429      8.222      0.202  0.000e+00
      8.311    28.1370   5.667695    35.2102     2.6579     0.0315          0    108.000 329.374213  1022.5434      8.265      0.188  0.000e+00
      8.376    28.1369   5.667649    35.2100     2.6486     0.0475          0    108.250 329.374216  1022.5436      8.330      0.173  0.000e+00
      8.430    28.1365   5.667665    35.2103     2.6380     0.0490          0    108.500 329.374219  1022.5442      8.384      0.177  0.000e+00
      8.484    28.1362   5.667566    35.2099     2.6492     0.0398          0    108.750 329.374222  1022.5442      8.437      0.181  0.000e+00
      8.560    28.1356   5.667475    35.2096     2.6480     0.0429          0    109.000 329.374225  1022.5445      8.513      0.202  0.000e+00
      8.571    28.1351   5.667406    35.2095     2.6542     0.0452          0    109.250 329.374227  1022.5447      8.524      0.208  0.000e+00
      8.571    28.1354   5.667376    35.2091     2.6654     0.0574          0    109.500 329.374230  1022.5442      8.524      0.193  0.000e+00
      8.571    28.1352   5.667444    35.2097     2.6764     0.0620          0    109.750 329.374233  1022.5448      8.524      0.167  0.000e+00
      8.614    28.1352   5.667475    35.2099     2.6698     0.0559          0    110.000 329.374236  1022.5451      8.567      0.144  0.000e+00
      8.668    28.1353   5.667475    35.2098     2.6698     0.0604          0    110.250 329.374239  1022.5452      8.620      0.127  0.000e+00
      8.733    28.1355   5.667536    35.2101     2.6626     0.0208          0    110.500 329.374242  1022.5457      8.685      0.125  0.000e+00
      8.819    28.1355   5.667536    35.2101     2.6605     0.0162          0    110.750 329.374245  1022.5460      8.771      0.140  0.000e+00
