ctd_kilwa/cnv/SBE19plus_01906740_2018_11_26_0071.cnv
* Sea-Bird SBE19plus  Data File:
* FileName = C:\Users\all user\Desktop\Mapping WWF\SBE19plus_01906740_2018_11_26_0071.hex
* Software version 2.6.3.104
* Temperature SN = 6740
* Conductivity SN = 6740
* System UpLoad Time = Nov 26 2018 20:00:43
* <ApplicationData>
* <Seaterm232>
# nquan = 13
# nvalues = 468                                   
# units = specified
# name 0 = prdM: Pressure, Strain Gauge [db]
# name 1 = tv290C: Temperature [ITS-90, deg C]
# name 2 = c0S/m: Conductivity [S/m]
# name 3 = sal00: Salinity, Practical [PSU]
# name 4 = sbeox0ML/L: Oxygen, SBE 43 [ml/l]
# name 5 = flECO-AFL: Fluorescence, WET Labs ECO-AFL/FL [mg/m^3]
# name 6 = nbf: Bottles Fired
# name 7 = timeS: Time, Elapsed [seconds]
# name 8 = timeJ: Julian Days
# name 9 = density00: Density [density, kg/m^3]
# name 10 = depSM: Depth [salt water, m], lat = 0.00
# name 11 = dz/dtM: Descent Rate [m/s]
# name 12 = flag:  0.000e+00
# span 0 =     -1.092,     16.046                 
# span 1 =    28.6931,    29.6065                 
# span 2 =   0.115410,   5.764272                 
# span 3 =     0.5236,    35.3567                 
# span 4 =     2.5710,     5.7530                 
# span 5 =    -0.4362,    48.6772                 
# span 6 =          0,          0                 
# span 7 =      0.000,    116.750                 
# span 8 = 329.635949, 329.637300                 
# span 9 =   996.2368,  1022.4958                 
# span 10 =     -1.086,     15.957                
# span 11 =     -1.106,      0.503                
# span 12 = 0.0000e+00, 0.0000e+00                
# interval = seconds: 0.25
# start_time = Nov 25 2018 15:15:46 [Instrument's time stamp, header]
# bad_flag = -9.990e-29
*END*
[from data line 112]
      3.472    28.9567   5.758385    35.2333     3.6563     0.0284          0     28.000 329.636273  1022.2686      3.452      0.275  0.000e+00
      3.558    28.9497   5.757314    35.2311     4.2437     0.0307          0     28.250 329.636276  1022.2696      3.538      0.288  0.000e+00
      3.688    28.9472   5.760223    35.2530     4.1436     0.0437          0     28.500 329.636279  1022.2875      3.667      0.310  0.000e+00
      3.774    28.9428   5.759289    35.2498     4.0481     0.0482          0     28.750 329.636282  1022.2869      3.753      0.326  0.000e+00
      3.839    28.9359   5.758294    35.2480     3.9746     0.0391          0     29.000 329.636285  1022.2881      3.818      0.335  0.000e+00
      3.871    28.9311   5.755599    35.2329     3.8872     0.0521          0     29.250 329.636288  1022.2786      3.850      0.326  0.000e+00
      3.915    28.9313   5.748046    35.1806     3.8071     0.0391          0     29.500 329.636291  1022.2394      3.893      0.312  0.000e+00
      3.958    28.9287   5.745109    35.1623     3.7143     0.0192          0     29.750 329.636293  1022.2267      3.936      0.288  0.000e+00
      4.109    28.9255   5.754038    35.2262     3.6251     0.0185          0     30.000 329.636296  1022.2764      4.087      0.287  0.000e+00
      4.272    28.9307   5.757636    35.2472     3.5481     0.0116          0     30.250 329.636299  1022.2911      4.248      0.304  0.000e+00
      4.412    28.9312   5.754635    35.2260     3.6352     0.0116          0     30.500 329.636302  1022.2757      4.388      0.334  0.000e+00
      4.466    28.9227   5.752370    35.2167     3.7041     0.0528          0     30.750 329.636305  1022.2717      4.442      0.365  0.000e+00
      4.509    28.9143   5.744727    35.1701     3.7431     0.0582          0     31.000 329.636308  1022.2397      4.485      0.385  0.000e+00
      4.499    28.9085   5.738931    35.1344     3.7810     0.0635          0     31.250 329.636311  1022.2148      4.474      0.374  0.000e+00
      4.542    28.9252   5.740375    35.1320     3.8099     0.0543          0     31.500 329.636314  1022.2076      4.517      0.342  0.000e+00
      4.639    28.9677   5.744145    35.1267     3.8155     0.0490          0     31.750 329.636317  1022.1898      4.614      0.305  0.000e+00
      4.791    28.9999   5.749178    35.1376     3.8330     0.0459          0     32.000 329.636319  1022.1879      4.764      0.275  0.000e+00
      4.899    29.0096   5.749537    35.1329     3.8391     0.0467          0     32.250 329.636322  1022.1816      4.872      0.268  0.000e+00
      5.018    28.9919   5.750754    35.1543     3.8454     0.0437          0     32.500 329.636325  1022.2041      4.990      0.295  0.000e+00
      5.104    28.9659   5.748207    35.1559     3.8771     0.0559          0     32.750 329.636328  1022.2143      5.076      0.342  0.000e+00
      5.158    28.9460   5.744337    35.1438     3.9129     0.0589          0     33.000 329.636331  1022.2122      5.130      0.375  0.000e+00
      5.245    28.9383   5.744322    35.1494     3.9537     0.0597          0     33.250 329.636334  1022.2193      5.216      0.399  0.000e+00
      5.299    28.9476   5.748269    35.1697     3.9769     0.0559          0     33.500 329.636337  1022.2317      5.270      0.386  0.000e+00
      5.418    28.9537   5.750985    35.1839     3.9934     0.0582          0     33.750 329.636340  1022.2408      5.388      0.365  0.000e+00
      5.558    28.9515   5.752730    35.1976     4.0015     0.0551          0     34.000 329.636343  1022.2524      5.528      0.355  0.000e+00
      5.677    28.9423   5.753243    35.2079     4.0158     0.0490          0     34.250 329.636345  1022.2637      5.646      0.367  0.000e+00
      5.785    28.9305   5.750748    35.1993     4.0311     0.0406          0     34.500 329.636348  1022.2617      5.753      0.384  0.000e+00
      5.829    28.9229   5.747818    35.1847     4.0474     0.0467          0     34.750 329.636351  1022.2535      5.796      0.394  0.000e+00
      5.926    28.9178   5.748950    35.1963     4.0512     0.0452          0     35.000 329.636354  1022.2643      5.893      0.404  0.000e+00
      6.034    28.9223   5.753083    35.2214     4.0769     0.0498          0     35.250 329.636357  1022.2821      6.001      0.406  0.000e+00
      6.153    28.9229   5.754782    35.2327     4.1074     0.0414          0     35.500 329.636360  1022.2909      6.119      0.410  0.000e+00
      6.250    28.9196   5.755057    35.2370     4.1554     0.0414          0     35.750 329.636363  1022.2956      6.216      0.398  0.000e+00
      6.348    28.9141   5.755188    35.2419     4.2580     0.0444          0     36.000 329.636366  1022.3016      6.313      0.388  0.000e+00
      6.412    28.9089   5.753734    35.2357     4.2941     0.0429          0     36.250 329.636369  1022.2989      6.377      0.380  0.000e+00
      6.510    28.9057   5.753167    35.2341     4.2642     0.0498          0     36.500 329.636372  1022.2992      6.474      0.381  0.000e+00
      6.650    28.9022   5.756352    35.2587     4.2445     0.0452          0     36.750 329.636374  1022.3194      6.614      0.399  0.000e+00
      6.791    28.8966   5.755410    35.2563     4.2303     0.0429          0     37.000 329.636377  1022.3201      6.754      0.412  0.000e+00
      6.921    28.8918   5.754347    35.2524     4.2280     0.0559          0     37.250 329.636380  1022.3194      6.883      0.428  0.000e+00
      7.018    28.8900   5.754507    35.2548     4.2194     0.0505          0     37.500 329.636383  1022.3222      6.979      0.440  0.000e+00
      7.083    28.8891   5.754607    35.2562     4.2166     0.0459          0     37.750 329.636386  1022.3238      7.044      0.443  0.000e+00
      7.126    28.8881   5.752923    35.2453     4.2210     0.0475          0     38.000 329.636389  1022.3161      7.087      0.427  0.000e+00
      7.202    28.8863   5.752403    35.2430     4.2505     0.0475          0     38.250 329.636392  1022.3153      7.162      0.407  0.000e+00
      7.256    28.8887   5.753826    35.2510     4.3117     0.0505          0     38.500 329.636395  1022.3208      7.216      0.365  0.000e+00
      7.342    28.8967   5.755801    35.2587     4.3415     0.0467          0     38.750 329.636398  1022.3243      7.302      0.322  0.000e+00
      7.440    28.8986   5.757057    35.2660     4.3763     0.0459          0     39.000 329.636400  1022.3295      7.399      0.297  0.000e+00
      7.537    28.8969   5.757348    35.2692     4.3953     0.0383          0     39.250 329.636403  1022.3329      7.495      0.292  0.000e+00
      7.634    28.8947   5.757271    35.2703     4.4176     0.0284          0     39.500 329.636406  1022.3349      7.592      0.306  0.000e+00
      7.742    28.8904   5.757187    35.2728     4.4414     0.0292          0     39.750 329.636409  1022.3387      7.700      0.334  0.000e+00
      7.786    28.8872   5.757447    35.2770     4.4708     0.0376          0     40.000 329.636412  1022.3431      7.743      0.347  0.000e+00
      7.851    28.8838   5.757677    35.2811     4.4629     0.0696          0     40.250 329.636415  1022.3475      7.807      0.345  0.000e+00
      7.915    28.8805   5.758060    35.2861     4.4878     0.0688          0     40.500 329.636418  1022.3527      7.872      0.337  0.000e+00
      8.002    28.8770   5.758022    35.2884     4.5218     0.0704          0     40.750 329.636421  1022.3560      7.958      0.323  0.000e+00
      8.088    28.8722   5.757448    35.2880     4.5563     0.0635          0     41.000 329.636424  1022.3576      8.044      0.311  0.000e+00
      8.197    28.8673   5.756545    35.2853     4.6042     0.0673          0     41.250 329.636427  1022.3577      8.151      0.310  0.000e+00
      8.326    28.8640   5.755833    35.2828     5.5212     0.0559          0     41.500 329.636429  1022.3575      8.280      0.326  0.000e+00
      8.413    28.8625   5.755909    35.2844     5.4880     0.0551          0     41.750 329.636432  1022.3596      8.366      0.345  0.000e+00
      8.488    28.8619   5.755894    35.2848     5.3177     0.0490          0     42.000 329.636435  1022.3603      8.442      0.368  0.000e+00
      8.586    28.8606   5.756155    35.2875     5.1716     0.0597          0     42.250 329.636438  1022.3632      8.538      0.381  0.000e+00
      8.629    28.8612   5.756545    35.2897     5.4010     0.0643          0     42.500 329.636441  1022.3649      8.581      0.375  0.000e+00
      8.694    28.8620   5.756966    35.2920     5.3331     0.0604          0     42.750 329.636444  1022.3666      8.646      0.355  0.000e+00
      8.694    28.8635   5.757578    35.2952     5.0761     0.0604          0     43.000 329.636447  1022.3685      8.646      0.313  0.000e+00
      8.759    28.8654   5.758061    35.2971     4.7851     0.0620          0     43.250 329.636450  1022.3696      8.710      0.270  0.000e+00
      8.813    28.8671   5.758482    35.2987     4.5073     0.0612          0     43.500 329.636453  1022.3705      8.764      0.233  0.000e+00
      8.921    28.8664   5.757739    35.2941     4.4571     0.0627          0     43.750 329.636455  1022.3677      8.872      0.228  0.000e+00
      9.072    28.8643   5.756384    35.2862     4.3765     0.0559          0     44.000 329.636458  1022.3631      9.022      0.251  0.000e+00
      9.169    28.8604   5.755994    35.2864     4.2649     0.0505          0     44.250 329.636461  1022.3650      9.119      0.282  0.000e+00
      9.267    28.8551   5.755864    35.2894     4.1411     0.0559          0     44.500 329.636464  1022.3695      9.216      0.326  0.000e+00
      9.321    28.8520   5.756247    35.2943     4.0855     0.0452          0     44.750 329.636467  1022.3744      9.269      0.354  0.000e+00
      9.364    28.8515   5.756898    35.2992     4.0675     0.0429          0     45.000 329.636470  1022.3784      9.312      0.368  0.000e+00
      9.418    28.8522   5.757388    35.3021     4.0395     0.0543          0     45.250 329.636473  1022.3806      9.366      0.352  0.000e+00
      9.472    28.8524   5.757839    35.3050     4.0059     0.0490          0     45.500 329.636476  1022.3830      9.420      0.324  0.000e+00
      9.580    28.8520   5.757832    35.3052     3.9754     0.0414          0     45.750 329.636479  1022.3837      9.527      0.295  0.000e+00
      9.688    28.8504   5.757388    35.3033     3.9265     0.0391          0     46.000 329.636481  1022.3833      9.635      0.280  0.000e+00
      9.796    28.8473   5.756936    35.3024     3.8844     0.0475          0     46.250 329.636484  1022.3841      9.742      0.293  0.000e+00
      9.883    28.8443   5.756577    35.3022     3.8544     0.0475          0     46.500 329.636487  1022.3853      9.828      0.314  0.000e+00
      9.959    28.8426   5.756370    35.3020     3.8111     0.0459          0     46.750 329.636490  1022.3860      9.904      0.339  0.000e+00
     10.056    28.8425   5.756125    35.3003     3.7856     0.0429          0     47.000 329.636493  1022.3852     10.000      0.362  0.000e+00
     10.207    28.8424   5.755314    35.2947     3.7577     0.0398          0     47.250 329.636496  1022.3817     10.151      0.391  0.000e+00
     10.315    28.8383   5.754992    35.2955     3.7193     0.0437          0     47.500 329.636499  1022.3841     10.258      0.410  0.000e+00
     10.391    28.8338   5.755505    35.3024     3.6973     0.0398          0     47.750 329.636502  1022.3911     10.334      0.408  0.000e+00
     10.413    28.8314   5.756447    35.3106     3.6628     0.0482          0     48.000 329.636505  1022.3982     10.355      0.386  0.000e+00
     10.380    28.8299   5.757190    35.3169     3.6617     0.0437          0     48.250 329.636508  1022.4032     10.323      0.337  0.000e+00
     10.369    28.8271   5.757580    35.3217     3.6272     0.0421          0     48.500 329.636510  1022.4077     10.312      0.274  0.000e+00
     10.445    28.8250   5.757932    35.3256     3.6067     0.0536          0     48.750 329.636513  1022.4117     10.387      0.222  0.000e+00
     10.499    28.8264   5.758193    35.3264     3.5761     0.0597          0     49.000 329.636516  1022.4120     10.441      0.172  0.000e+00
     10.575    28.8333   5.758422    35.3229     3.5421     0.0490          0     49.250 329.636519  1022.4074     10.516      0.139  0.000e+00
     10.618    28.8428   5.758583    35.3169     3.5192     0.0482          0     49.500 329.636522  1022.4000     10.559      0.133  0.000e+00
     10.629    28.8537   5.758583    35.3089     3.5148     0.0429          0     49.750 329.636525  1022.3904     10.570      0.139  0.000e+00
     10.672    28.8633   5.758552    35.3015     3.4852     0.0398          0     50.000 329.636528  1022.3818     10.613      0.161  0.000e+00
     10.672    28.8726   5.758682    35.2955     3.4402     0.0444          0     50.250 329.636531  1022.3742     10.613      0.171  0.000e+00
     10.715    28.8815   5.758743    35.2893     3.4392     0.0467          0     50.500 329.636534  1022.3667     10.656      0.164  0.000e+00
     10.769    28.8938   5.758957    35.2817     3.4024     0.0360          0     50.750 329.636536  1022.3571     10.710      0.146  0.000e+00
     10.813    28.9046   5.759034    35.2742     3.3883     0.0330          0     51.000 329.636539  1022.3481     10.753      0.138  0.000e+00
     10.888    28.9127   5.759164    35.2691     3.3616     0.0276          0     51.250 329.636542  1022.3419     10.828      0.144  0.000e+00
     10.932    28.9177   5.759194    35.2656     3.3638     0.0330          0     51.500 329.636545  1022.3378     10.871      0.161  0.000e+00
     10.986    28.9217   5.759263    35.2631     3.3497     0.0330          0     51.750 329.636548  1022.3348     10.925      0.182  0.000e+00
     11.029    28.9253   5.759355    35.2610     3.3520     0.0391          0     52.000 329.636551  1022.3322     10.968      0.195  0.000e+00
     11.072    28.9290   5.759516    35.2594     3.3535     0.0398          0     52.250 329.636554  1022.3300     11.011      0.206  0.000e+00
     11.105    28.9324   5.759516    35.2569     3.3466     0.0421          0     52.500 329.636557  1022.3271     11.043      0.200  0.000e+00
     11.159    28.9358   5.759638    35.2552     3.3268     0.0276          0     52.750 329.636560  1022.3249     11.097      0.193  0.000e+00
     11.224    28.9391   5.759845    35.2542     3.3135     0.0696          0     53.000 329.636563  1022.3233     11.162      0.193  0.000e+00
     11.332    28.9415   5.759906    35.2528     3.3184     0.0696          0     53.250 329.636565  1022.3219     11.269      0.205  0.000e+00
     11.440    28.9432   5.759937    35.2517     3.3250     0.0620          0     53.500 329.636568  1022.3210     11.377      0.237  0.000e+00
     11.580    28.9429   5.759608    35.2496     3.2869     0.0650          0     53.750 329.636571  1022.3201     11.516      0.283  0.000e+00
     11.710    28.9408   5.758972    35.2467     3.2853     0.0696          0     54.000 329.636574  1022.3192     11.645      0.340  0.000e+00
     11.840    28.9350   5.758681    35.2490     3.2861     0.0673          0     54.250 329.636577  1022.3234     11.774      0.396  0.000e+00
     11.905    28.9215   5.758613    35.2585     3.2709     0.0627          0     54.500 329.636580  1022.3353     11.839      0.431  0.000e+00
     12.002    28.9059   5.758736    35.2708     3.2628     0.0681          0     54.750 329.636583  1022.3502     11.936      0.447  0.000e+00
     12.099    28.8916   5.758453    35.2794     3.2452     0.0688          0     55.000 329.636586  1022.3619     12.032      0.447  0.000e+00
     12.207    28.8750   5.757550    35.2854     3.2112     0.0467          0     55.250 329.636589  1022.3724     12.140      0.435  0.000e+00
