ctd_kilwa/cnv/SBE19plus_01906740_2018_11_26_0062.cnv
* Sea-Bird SBE19plus  Data File:
* FileName = C:\Users\all user\Desktop\Mapping WWF\SBE19plus_01906740_2018_11_26_0062.hex
* Software version 2.6.3.104
* Temperature SN = 6740
* Conductivity SN = 6740
* System UpLoad Time = Nov 26 2018 19:58:45
* <ApplicationData>
* <Seaterm232>
# nquan = 13
# nvalues = 427                                   
# units = specified
# name 0 = prdM: Pressure, Strain Gauge [db]
# name 1 = tv290C: Temperature [ITS-90, deg C]
# name 2 = c0S/m: Conductivity [S/m]
# name 3 = sal00: Salinity, Practical [PSU]
# name 4 = sbeox0ML/L: Oxygen, SBE 43 [ml/l]
# name 5 = flECO-AFL: Fluorescence, WET Labs ECO-AFL/FL [mg/m^3]
# name 6 = nbf: Bottles Fired
# name 7 = timeS: Time, Elapsed [seconds]
# name 8 = timeJ: Julian Days
# name 9 = density00: Density [density, kg/m^3]
# name 10 = depSM: Depth [salt water, m], lat = 0.00
# name 11 = dz/dtM: Descent Rate [m/s]
# name 12 = flag:  0.000e+00
# span 0 =     -1.028,      5.298                 
# span 1 =    27.8196,    32.9541                 
# span 2 =   0.476446,   5.880626                 
# span 3 =     2.3568,    36.3361                 
# span 4 =     2.6052,     4.0108                 
# span 5 =    -0.4576,     2.1380                 
# span 6 =          0,          0                 
# span 7 =      0.000,    106.500                 
# span 8 = 329.519259, 329.520492                 
# span 9 =   997.8057,  1023.1979                 
# span 10 =     -1.022,      5.269                
# span 11 =     -0.446,      0.490                
# span 12 = 0.0000e+00, 0.0000e+00                
# interval = seconds: 0.25
# start_time = Nov 25 2018 12:27:44 [Instrument's time stamp, header]
# bad_flag = -9.990e-29
*END*
[from data line 112]
      0.009    28.3593   5.809124    36.0352     2.6716     0.0330          0     28.000 329.519583  1023.0550      0.009      0.004  0.000e+00
     -0.002    28.3637   5.816335    36.0823     2.6696     0.0299          0     28.250 329.519586  1023.0890     -0.002      0.007  0.000e+00
      0.009    28.3686   5.813682    36.0600     2.6689     0.0170          0     28.500 329.519589  1023.0706      0.009      0.006  0.000e+00
      0.031    28.3720   5.804690    35.9945     2.6678     0.0215          0     28.750 329.519592  1023.0203      0.030      0.019  0.000e+00
      0.020    28.3736   5.805766    36.0008     2.6662     0.0170          0     29.000 329.519595  1023.0245      0.020      0.020  0.000e+00
      0.020    28.3749   5.818496    36.0889     2.6533     0.0131          0     29.250 329.519598  1023.0903      0.020      0.019  0.000e+00
      0.031    28.3796   5.827844    36.1507     2.6459     0.0246          0     29.500 329.519601  1023.1353      0.030      0.019  0.000e+00
      0.031    28.3853   5.829222    36.1560     2.6435     0.0177          0     29.750 329.519604  1023.1374      0.030      0.017  0.000e+00
      0.031    28.3909   5.819011    36.0803     2.6440     0.0208          0     30.000 329.519606  1023.0786      0.030      0.014  0.000e+00
      0.009    28.3948   5.810438    36.0174     2.6548     0.0147          0     30.250 329.519609  1023.0299      0.009      0.008  0.000e+00
      0.031    28.3953   5.813290    36.0370     2.6476     0.0177          0     30.500 329.519612  1023.0446      0.030      0.004  0.000e+00
      0.020    28.3954   5.822703    36.1028     2.6482     0.0131          0     30.750 329.519615  1023.0940      0.020     -0.002  0.000e+00
      0.009    28.3993   5.830245    36.1525     2.6507     0.0177          0     31.000 329.519618  1023.1301      0.009     -0.004  0.000e+00
      0.020    28.4071   5.832678    36.1636     2.6492     0.0154          0     31.250 329.519621  1023.1358      0.020     -0.006  0.000e+00
      0.031    28.4164   5.837583    36.1908     2.6482     0.0147          0     31.500 329.519624  1023.1533      0.030     -0.004  0.000e+00
      0.009    28.4253   5.840803    36.2065     2.6419    -0.0036          0     31.750 329.519627  1023.1620      0.009     -0.006  0.000e+00
     -0.002    28.4339   5.843885    36.2215     2.6457    -0.0052          0     32.000 329.519630  1023.1704     -0.002     -0.009  0.000e+00
      0.020    28.4418   5.844162    36.2174     2.6516    -0.0090          0     32.250 329.519633  1023.1648      0.020     -0.004  0.000e+00
      0.009    28.4491   5.845718    36.2227     2.6437     0.0009          0     32.500 329.519635  1023.1663      0.009     -0.008  0.000e+00
      0.020    28.4568   5.846605    36.2230     2.6469    -0.0357          0     32.750 329.519638  1023.1640      0.020     -0.002  0.000e+00
      0.041    28.4642   5.840802    36.1768     2.6474    -0.0372          0     33.000 329.519641  1023.1269      0.041      0.006  0.000e+00
      0.009    28.4703   5.834355    36.1271     2.6487    -0.0212          0     33.250 329.519644  1023.0874      0.009      0.001  0.000e+00
      0.031    28.4728   5.835472    36.1330     2.6456    -0.0342          0     33.500 329.519647  1023.0911      0.030      0.006  0.000e+00
      0.031    28.4738   5.836881    36.1420     2.6489    -0.0357          0     33.750 329.519650  1023.0975      0.030      0.013  0.000e+00
      0.020    28.4755   5.841696    36.1744     2.6498    -0.0113          0     34.000 329.519653  1023.1213      0.020      0.010  0.000e+00
      0.031    28.4792   5.845880    36.2008     2.6553    -0.0082          0     34.250 329.519656  1023.1400      0.030      0.006  0.000e+00
      0.041    28.4845   5.847876    36.2107     2.6589    -0.0014          0     34.500 329.519659  1023.1457      0.041      0.009  0.000e+00
      0.052    28.4906   5.852972    36.2417     2.6544    -0.0067          0     34.750 329.519661  1023.1670      0.052      0.011  0.000e+00
      0.052    28.4968   5.852285    36.2321     2.6597     0.0330          0     35.000 329.519664  1023.1577      0.052      0.013  0.000e+00
      0.031    28.5029   5.852278    36.2274     2.6628     0.0238          0     35.250 329.519667  1023.1521      0.030      0.015  0.000e+00
     -0.002    28.5086   5.855177    36.2433     2.6651     0.0238          0     35.500 329.519670  1023.1620     -0.002     -0.003  0.000e+00
      0.020    28.5145   5.858455    36.2617     2.6692     0.0330          0     35.750 329.519673  1023.1740      0.020     -0.006  0.000e+00
      0.052    28.5201   5.860900    36.2745     2.6671     0.0177          0     36.000 329.519676  1023.1819      0.052     -0.001  0.000e+00
      0.031    28.5250   5.863223    36.2870     2.6678     0.0177          0     36.250 329.519679  1023.1895      0.031     -0.006  0.000e+00
      0.042    28.5292   5.864844    36.2951     2.6673     0.0185          0     36.500 329.519682  1023.1943      0.041     -0.005  0.000e+00
      0.063    28.5331   5.864975    36.2930     2.6689     0.0177          0     36.750 329.519685  1023.1915      0.063      0.004  0.000e+00
      0.031    28.5366   5.863786    36.2821     2.6700    -0.0067          0     37.000 329.519687  1023.1820      0.031      0.007  0.000e+00
      0.052    28.5412   5.861440    36.2621     2.6661     0.0017          0     37.250 329.519690  1023.1656      0.052      0.017  0.000e+00
      0.052    28.5464   5.862026    36.2622     2.6700    -0.0052          0     37.500 329.519693  1023.1639      0.052      0.020  0.000e+00
      0.052    28.5513   5.863794    36.2708     2.6652    -0.0014          0     37.750 329.519696  1023.1688      0.052      0.011  0.000e+00
      0.042    28.5555   5.866201    36.2844     2.6604    -0.0113          0     38.000 329.519699  1023.1775      0.041      0.002  0.000e+00
      0.074    28.5597   5.868540    36.2976     2.6617     0.0459          0     38.250 329.519702  1023.1862      0.074      0.012  0.000e+00
      0.042    28.5632   5.869250    36.2998     2.6625     0.0406          0     38.500 329.519705  1023.1865      0.041      0.004  0.000e+00
      0.031    28.5666   5.871374    36.3121     2.6542     0.0360          0     38.750 329.519708  1023.1946      0.031     -0.004  0.000e+00
      0.031    28.5694   5.872161    36.3154     2.6510     0.0383          0     39.000 329.519711  1023.1962      0.031     -0.004  0.000e+00
      0.052    28.5718   5.872903    36.3187     2.6472    -0.0067          0     39.250 329.519714  1023.1979      0.052     -0.007  0.000e+00
      0.052    28.5745   5.872763    36.3157     2.6439    -0.0067          0     39.500 329.519716  1023.1948      0.052     -0.004  0.000e+00
      0.063    28.5776   5.872030    36.3082     2.6375    -0.0136          0     39.750 329.519719  1023.1882      0.063      0.001  0.000e+00
      0.074    28.5815   5.871914    36.3044     2.6428    -0.0082          0     40.000 329.519722  1023.1840      0.074      0.009  0.000e+00
      0.085    28.5857   5.871335    36.2972     2.6455    -0.0220          0     40.250 329.519725  1023.1773      0.085      0.015  0.000e+00
      0.063    28.5898   5.872616    36.3029     2.6402    -0.0197          0     40.500 329.519728  1023.1801      0.063      0.023  0.000e+00
      0.085    28.5938   5.873427    36.3056     2.6403    -0.0212          0     40.750 329.519731  1023.1809      0.085      0.027  0.000e+00
      0.074    28.5974   5.871219    36.2873     2.6388    -0.0151          0     41.000 329.519734  1023.1659      0.074      0.021  0.000e+00
      0.085    28.6011   5.867852    36.2611     2.6408     0.0177          0     41.250 329.519737  1023.1450      0.085      0.015  0.000e+00
      0.053    28.6045   5.866309    36.2477     2.6407     0.0261          0     41.500 329.519740  1023.1337      0.052      0.004  0.000e+00
      0.042    28.6071   5.868184    36.2588     2.6363     0.0177          0     41.750 329.519742  1023.1411      0.042     -0.009  0.000e+00
      0.053    28.6092   5.872840    36.2897     2.6383     0.0170          0     42.000 329.519745  1023.1637      0.052     -0.016  0.000e+00
      0.042    28.6121   5.874817    36.3013     2.6371     0.0215          0     42.250 329.519748  1023.1714      0.042     -0.021  0.000e+00
      0.042    28.6147   5.877660    36.3190     2.6323     0.0078          0     42.500 329.519751  1023.1839      0.042     -0.020  0.000e+00
      0.064    28.6173   5.878934    36.3260     2.6365     0.0032          0     42.750 329.519754  1023.1883      0.063     -0.018  0.000e+00
      0.064    28.6195   5.880626    36.3361     2.6276     0.0047          0     43.000 329.519757  1023.1952      0.063     -0.009  0.000e+00
      0.085    28.6205   5.876910    36.3094     2.6279     0.0017          0     43.250 329.519760  1023.1749      0.085      0.004  0.000e+00
      0.118    28.6217   5.863190    36.2128     2.6371     0.0078          0     43.500 329.519763  1023.1020      0.117      0.029  0.000e+00
      0.150    28.6216   5.859186    36.1849     2.7047     0.0017          0     43.750 329.519766  1023.0812      0.149      0.049  0.000e+00
      0.172    28.6172   5.859209    36.1884     2.6836     0.0002          0     44.000 329.519769  1023.0854      0.171      0.065  0.000e+00
      0.193    28.6141   5.859880    36.1955     2.6651    -0.0036          0     44.250 329.519771  1023.0919      0.192      0.082  0.000e+00
      0.193    28.6146   5.859711    36.1939     2.6599     0.0002          0     44.500 329.519774  1023.0904      0.192      0.085  0.000e+00
      0.193    28.6166   5.856162    36.1676     2.6518    -0.0120          0     44.750 329.519777  1023.0700      0.192      0.079  0.000e+00
      0.226    28.6181   5.849238    36.1182     2.6553     0.0002          0     45.000 329.519780  1023.0325      0.225      0.078  0.000e+00
      0.215    28.6149   5.840106    36.0570     2.6423    -0.0021          0     45.250 329.519783  1022.9875      0.214      0.063  0.000e+00
      0.269    28.6045   5.831065    36.0019     2.6295    -0.0159          0     45.500 329.519786  1022.9498      0.268      0.061  0.000e+00
      0.280    28.5841   5.831158    36.0180     2.6236    -0.0082          0     45.750 329.519789  1022.9688      0.278      0.059  0.000e+00
      0.323    28.5660   5.819823    35.9527     2.6459    -0.0166          0     46.000 329.519792  1022.9259      0.321      0.069  0.000e+00
      0.356    28.5420   5.814202    35.9317     2.6773    -0.0036          0     46.250 329.519795  1022.9182      0.354      0.084  0.000e+00
      0.377    28.5136   5.817525    35.9765     2.6850    -0.0136          0     46.500 329.519797  1022.9613      0.375      0.099  0.000e+00
      0.420    28.4981   5.822917    36.0259     2.6712    -0.0181          0     46.750 329.519800  1023.0038      0.418      0.113  0.000e+00
      0.442    28.4940   5.822956    36.0293     2.6593    -0.0166          0     47.000 329.519803  1023.0078      0.440      0.118  0.000e+00
      0.464    28.4923   5.823456    36.0340     2.6700    -0.0181          0     47.250 329.519806  1023.0121      0.461      0.123  0.000e+00
      0.453    28.4872   5.818725    36.0048     2.6539    -0.0227          0     47.500 329.519809  1022.9917      0.450      0.106  0.000e+00
      0.475    28.4771   5.816233    35.9951     2.6485    -0.0052          0     47.750 329.519812  1022.9879      0.472      0.097  0.000e+00
      0.453    28.4643   5.815134    35.9972     2.6422    -0.0075          0     48.000 329.519815  1022.9936      0.450      0.071  0.000e+00
      0.496    28.4508   5.813158    35.9936     2.6702    -0.0174          0     48.250 329.519818  1022.9956      0.494      0.061  0.000e+00
      0.540    28.4382   5.812267    35.9970     2.6735    -0.0143          0     48.500 329.519821  1023.0024      0.537      0.061  0.000e+00
      0.529    28.4260   5.809323    35.9857     2.6770     0.0162          0     48.750 329.519823  1022.9979      0.526      0.053  0.000e+00
      0.550    28.4131   5.808147    35.9872     2.6762     0.0215          0     49.000 329.519826  1023.0035      0.547      0.055  0.000e+00
      0.561    28.4016   5.804444    35.9701     2.6732     0.0093          0     49.250 329.519829  1022.9944      0.558      0.058  0.000e+00
      0.604    28.3899   5.804782    35.9813     2.6721     0.0170          0     49.500 329.519832  1023.0069      0.601      0.073  0.000e+00
      0.648    28.3809   5.804260    35.9845     2.6773     0.0437          0     49.750 329.519835  1023.0125      0.644      0.086  0.000e+00
      0.669    28.3736   5.804252    35.9900     2.6765     0.0429          0     50.000 329.519838  1023.0191      0.666      0.099  0.000e+00
      0.702    28.3690   5.801909    35.9771     2.6761     0.0376          0     50.250 329.519841  1023.0111      0.698      0.100  0.000e+00
      0.713    28.3643   5.802624    35.9857     2.6694     0.0421          0     50.500 329.519844  1023.0191      0.709      0.102  0.000e+00
      0.734    28.3608   5.801303    35.9791     2.6743     0.0475          0     50.750 329.519847  1023.0155      0.730      0.110  0.000e+00
      0.767    28.3577   5.798154    35.9594     2.6866     0.0101          0     51.000 329.519850  1023.0019      0.762      0.110  0.000e+00
      0.799    28.3529   5.795581    35.9450     2.6877     0.0109          0     51.250 329.519852  1022.9927      0.795      0.110  0.000e+00
      0.821    28.3476   5.795559    35.9489     2.6768     0.0047          0     51.500 329.519855  1022.9975      0.816      0.103  0.000e+00
      0.832    28.3430   5.794760    35.9468     2.6738     0.0086          0     51.750 329.519858  1022.9975      0.827      0.096  0.000e+00
      0.853    28.3407   5.793685    35.9410     2.6631     0.0215          0     52.000 329.519861  1022.9940      0.849      0.094  0.000e+00
      0.842    28.3375   5.793018    35.9388     2.6603     0.0185          0     52.250 329.519864  1022.9933      0.838      0.082  0.000e+00
      0.832    28.3342   5.792941    35.9408     2.6587     0.0276          0     52.500 329.519867  1022.9958      0.827      0.067  0.000e+00
      0.842    28.3308   5.793002    35.9438     2.6597     0.0208          0     52.750 329.519870  1022.9993      0.838      0.050  0.000e+00
      0.853    28.3271   5.792711    35.9446     2.6497     0.0238          0     53.000 329.519873  1023.0012      0.849      0.034  0.000e+00
      0.864    28.3234   5.791959    35.9421     2.6544     0.0292          0     53.250 329.519876  1023.0005      0.859      0.024  0.000e+00
      0.864    28.3192   5.793525    35.9562     2.6622     0.0360          0     53.500 329.519878  1023.0126      0.859      0.018  0.000e+00
      0.864    28.3150   5.794930    35.9693     2.6641     0.0315          0     53.750 329.519881  1023.0238      0.859      0.015  0.000e+00
      0.853    28.3124   5.796565    35.9828     2.6687     0.0162          0     54.000 329.519884  1023.0347      0.849      0.010  0.000e+00
      0.853    28.3116   5.796849    35.9853     2.6717     0.0147          0     54.250 329.519887  1023.0369      0.849      0.011  0.000e+00
      0.810    28.3111   5.798093    35.9944     2.6789     0.0131          0     54.500 329.519890  1023.0438      0.806     -0.004  0.000e+00
      0.788    28.3110   5.797847    35.9928     2.6814     0.0246          0     54.750 329.519893  1023.0425      0.784     -0.025  0.000e+00
      0.724    28.3110   5.796035    35.9801     2.6785     0.0147          0     55.000 329.519896  1023.0327      0.720     -0.058  0.000e+00
      0.670    28.3094   5.793686    35.9649     2.6800     0.0116          0     55.250 329.519899  1023.0215      0.666     -0.093  0.000e+00
