ctd_kilwa/cnv/SBE19plus_01906740_2018_11_26_0039.cnv
* Sea-Bird SBE19plus  Data File:
* FileName = C:\Users\all user\Desktop\Mapping WWF\SBE19plus_01906740_2018_11_26_0039.hex
* Software version 2.6.3.104
* Temperature SN = 6740
* Conductivity SN = 6740
* System UpLoad Time = Nov 26 2018 19:52:57
* <ApplicationData>
* <Seaterm232>
# nquan = 13
# nvalues = 460                                   
# units = specified
# name 0 = prdM: Pressure, Strain Gauge [db]
# name 1 = tv290C: Temperature [ITS-90, deg C]
# name 2 = c0S/m: Conductivity [S/m]
# name 3 = sal00: Salinity, Practical [PSU]
# name 4 = sbeox0ML/L: Oxygen, SBE 43 [ml/l]
# name 5 = flECO-AFL: Fluorescence, WET Labs ECO-AFL/FL [mg/m^3]
# name 6 = nbf: Bottles Fired
# name 7 = timeS: Time, Elapsed [seconds]
# name 8 = timeJ: Julian Days
# name 9 = density00: Density [density, kg/m^3]
# name 10 = depSM: Depth [salt water, m], lat = 0.00
# name 11 = dz/dtM: Descent Rate [m/s]
# name 12 = flag:  0.000e+00
# span 0 =     -1.040,      1.912                 
# span 1 =    28.3466,    28.5884                 
# span 2 =   0.110419,   5.730948                 
# span 3 =     0.5100,    35.3356                 
# span 4 =     2.1745,     5.1101                 
# span 5 =    -0.2257,    48.6932                 
# span 6 =          0,          0                 
# span 7 =      0.000,    114.750                 
# span 8 = 328.407176, 328.408504                 
# span 9 =   996.5121,  1022.4600                 
# span 10 =     -1.035,      1.902                
# span 11 =     -0.425,      0.291                
# span 12 = 0.0000e+00, 0.0000e+00                
# interval = seconds: 0.25
# start_time = Nov 24 2018 09:46:20 [Instrument's time stamp, header]
# bad_flag = -9.990e-29
*END*
[from data line 112]
     -0.002    28.5811   5.719965    35.2466     2.5463    -0.0113          0     28.000 328.407500  1022.3887     -0.002      0.010  0.000e+00
     -0.012    28.5812   5.719965    35.2465     2.5445    -0.0036          0     28.250 328.407503  1022.3886     -0.012      0.004  0.000e+00
     -0.034    28.5810   5.719873    35.2460     2.5489    -0.0181          0     28.500 328.407506  1022.3882     -0.034     -0.004  0.000e+00
     -0.034    28.5806   5.719675    35.2449     2.5520    -0.0273          0     28.750 328.407509  1022.3875     -0.034     -0.012  0.000e+00
     -0.012    28.5802   5.719614    35.2448     2.5544    -0.0197          0     29.000 328.407512  1022.3876     -0.012     -0.012  0.000e+00
     -0.002    28.5801   5.719774    35.2460     2.5620    -0.0288          0     29.250 328.407514  1022.3886     -0.002     -0.012  0.000e+00
     -0.002    28.5798   5.720194    35.2491     2.5673    -0.0326          0     29.500 328.407517  1022.3910     -0.002     -0.004  0.000e+00
     -0.023    28.5791   5.720423    35.2512     2.5796     0.0093          0     29.750 328.407520  1022.3928     -0.023      0.000  0.000e+00
     -0.034    28.5786   5.720156    35.2497     2.5845     0.0078          0     30.000 328.407523  1022.3918     -0.034     -0.004  0.000e+00
     -0.056    28.5781   5.720095    35.2497     2.5826     0.0055          0     30.250 328.407526  1022.3918     -0.055     -0.009  0.000e+00
     -0.056    28.5781   5.719774    35.2475     2.5732     0.0101          0     30.500 328.407529  1022.3902     -0.055     -0.014  0.000e+00
     -0.034    28.5783   5.719553    35.2458     2.5617     0.0162          0     30.750 328.407532  1022.3889     -0.034     -0.018  0.000e+00
     -0.002    28.5786   5.719934    35.2482     2.5545     0.0055          0     31.000 328.407535  1022.3907     -0.002     -0.013  0.000e+00
     -0.012    28.5785   5.721629    35.2600     2.5423     0.0086          0     31.250 328.407538  1022.3996     -0.012     -0.006  0.000e+00
     -0.012    28.5781   5.722408    35.2658     2.5715     0.0086          0     31.500 328.407541  1022.4041     -0.012      0.005  0.000e+00
     -0.012    28.5778   5.721316    35.2584     2.5560    -0.0059          0     31.750 328.407543  1022.3987     -0.012      0.017  0.000e+00
      0.020    28.5781   5.720637    35.2534     2.5660    -0.0166          0     32.000 328.407546  1022.3949      0.020      0.030  0.000e+00
      0.009    28.5781   5.720927    35.2554     2.5845    -0.0128          0     32.250 328.407549  1022.3964      0.009      0.035  0.000e+00
      0.009    28.5784   5.720835    35.2546     2.6067    -0.0090          0     32.500 328.407552  1022.3957      0.009      0.029  0.000e+00
     -0.002    28.5786   5.720522    35.2523     2.5819    -0.0296          0     32.750 328.407555  1022.3938     -0.002      0.016  0.000e+00
     -0.002    28.5787   5.720224    35.2501     2.5732    -0.0235          0     33.000 328.407558  1022.3922     -0.002      0.006  0.000e+00
      0.031    28.5789   5.720194    35.2497     2.6137    -0.0395          0     33.250 328.407561  1022.3920      0.031      0.014  0.000e+00
      0.052    28.5793   5.720095    35.2488     2.6436    -0.0265          0     33.500 328.407564  1022.3912      0.052      0.022  0.000e+00
      0.052    28.5795   5.720255    35.2497     2.7264    -0.0319          0     33.750 328.407567  1022.3918      0.052      0.026  0.000e+00
      0.063    28.5797   5.721347    35.2572     2.6396    -0.0075          0     34.000 328.407569  1022.3974      0.063      0.028  0.000e+00
      0.074    28.5793   5.722309    35.2641     2.6319     0.0025          0     34.250 328.407572  1022.4028      0.074      0.039  0.000e+00
      0.063    28.5784   5.722179    35.2639     2.6371     0.0017          0     34.500 328.407575  1022.4029      0.063      0.040  0.000e+00
      0.052    28.5780   5.721186    35.2574     2.6247     0.0063          0     34.750 328.407578  1022.3981      0.052      0.034  0.000e+00
      0.074    28.5781   5.720797    35.2545     2.7234    -0.0426          0     35.000 328.407581  1022.3960      0.074      0.027  0.000e+00
      0.074    28.5782   5.720736    35.2540     2.7131    -0.0387          0     35.250 328.407584  1022.3956      0.074      0.016  0.000e+00
      0.085    28.5786   5.721194    35.2569     2.6289    -0.0342          0     35.500 328.407587  1022.3977      0.084      0.013  0.000e+00
      0.074    28.5784   5.721958    35.2624     2.5773    -0.0410          0     35.750 328.407590  1022.4018      0.074      0.011  0.000e+00
      0.052    28.5783   5.722660    35.2673     2.5567     0.0185          0     36.000 328.407593  1022.4054      0.052      0.001  0.000e+00
      0.042    28.5778   5.723172    35.2713     2.5060     0.0208          0     36.250 328.407595  1022.4086      0.041     -0.007  0.000e+00
      0.042    28.5773   5.723492    35.2739     2.4563     0.0231          0     36.500 328.407598  1022.4107      0.041     -0.011  0.000e+00
      0.042    28.5772   5.723653    35.2751     2.4203     0.0200          0     36.750 328.407601  1022.4116      0.041     -0.016  0.000e+00
      0.052    28.5769   5.723729    35.2758     2.3807    -0.0212          0     37.000 328.407604  1022.4123      0.052     -0.020  0.000e+00
      0.053    28.5766   5.723783    35.2764     2.3871    -0.0113          0     37.250 328.407607  1022.4129      0.052     -0.017  0.000e+00
      0.042    28.5761   5.723851    35.2773     2.4029    -0.0136          0     37.500 328.407610  1022.4136      0.042     -0.016  0.000e+00
      0.053    28.5760   5.723973    35.2782     2.4050    -0.0220          0     37.750 328.407613  1022.4144      0.052     -0.006  0.000e+00
      0.031    28.5759   5.724103    35.2792     2.4093    -0.0113          0     38.000 328.407616  1022.4151      0.031     -0.003  0.000e+00
      0.031    28.5752   5.724287    35.2810     2.4129    -0.0044          0     38.250 328.407619  1022.4167      0.031     -0.004  0.000e+00
      0.020    28.5751   5.723912    35.2785     2.4943    -0.0014          0     38.500 328.407622  1022.4148      0.020     -0.011  0.000e+00
      0.042    28.5750   5.722309    35.2674     2.4728     0.0025          0     38.750 328.407624  1022.4066      0.041     -0.010  0.000e+00
      0.053    28.5749   5.721568    35.2623     2.4983    -0.0014          0     39.000 328.407627  1022.4028      0.052     -0.006  0.000e+00
      0.063    28.5753   5.721667    35.2627     2.4569     0.0078          0     39.250 328.407630  1022.4030      0.063      0.003  0.000e+00
      0.053    28.5755   5.721889    35.2641     2.4321     0.0162          0     39.500 328.407633  1022.4040      0.052      0.009  0.000e+00
      0.031    28.5751   5.722370    35.2677     2.4221     0.0101          0     39.750 328.407636  1022.4067      0.031      0.005  0.000e+00
      0.020    28.5747   5.723049    35.2727     2.4092     0.0131          0     40.000 328.407639  1022.4106      0.020      0.003  0.000e+00
      0.009    28.5744   5.723531    35.2763     2.3865     0.0093          0     40.250 328.407642  1022.4133      0.009     -0.007  0.000e+00
      0.020    28.5743   5.723912    35.2790     2.3693     0.0093          0     40.500 328.407645  1022.4155      0.020     -0.013  0.000e+00
      0.020    28.5738   5.724012    35.2801     2.3647     0.0162          0     40.750 328.407648  1022.4164      0.020     -0.022  0.000e+00
      0.042    28.5735   5.724012    35.2803     2.3528     0.0063          0     41.000 328.407650  1022.4168      0.042     -0.017  0.000e+00
      0.053    28.5735   5.723851    35.2792     2.3456    -0.0342          0     41.250 328.407653  1022.4160      0.052     -0.006  0.000e+00
      0.063    28.5733   5.723912    35.2798     2.3399    -0.0242          0     41.500 328.407656  1022.4165      0.063      0.011  0.000e+00
      0.053    28.5731   5.724172    35.2817     2.3389    -0.0151          0     41.750 328.407659  1022.4180      0.052      0.022  0.000e+00
      0.031    28.5728   5.724554    35.2846     2.3406    -0.0212          0     42.000 328.407662  1022.4202      0.031      0.019  0.000e+00
      0.042    28.5725   5.724424    35.2839     2.4433    -0.0242          0     42.250 328.407665  1022.4198      0.041      0.017  0.000e+00
      0.042    28.5724   5.722866    35.2732     2.4852     0.0147          0     42.500 328.407668  1022.4118      0.042      0.009  0.000e+00
      0.074    28.5724   5.722339    35.2695     2.4678     0.0002          0     42.750 328.407671  1022.4091      0.074      0.011  0.000e+00
      0.053    28.5726   5.722278    35.2689     2.4246     0.0170          0     43.000 328.407674  1022.4086      0.052      0.004  0.000e+00
      0.096    28.5729   5.722248    35.2685     2.3922     0.0063          0     43.250 328.407677  1022.4083      0.095      0.013  0.000e+00
      0.085    28.5730   5.722248    35.2684     2.3623     0.0246          0     43.500 328.407679  1022.4082      0.085      0.020  0.000e+00
      0.053    28.5729   5.722469    35.2700     2.3316     0.0223          0     43.750 328.407682  1022.4093      0.052      0.019  0.000e+00
      0.074    28.5728   5.722927    35.2733     2.3008     0.0307          0     44.000 328.407685  1022.4119      0.074      0.021  0.000e+00
      0.107    28.5722   5.723210    35.2757     2.2754     0.0208          0     44.250 328.407688  1022.4140      0.106      0.023  0.000e+00
      0.074    28.5721   5.723622    35.2786     2.2745    -0.0487          0     44.500 328.407691  1022.4161      0.074      0.015  0.000e+00
      0.063    28.5715   5.723851    35.2807     2.3056    -0.0487          0     44.750 328.407694  1022.4178      0.063      0.002  0.000e+00
      0.031    28.5711   5.723912    35.2814     2.3395    -0.0548          0     45.000 328.407697  1022.4183      0.031     -0.010  0.000e+00
      0.009    28.5707   5.724096    35.2830     2.3479    -0.0540          0     45.250 328.407700  1022.4195      0.009     -0.032  0.000e+00
     -0.001    28.5706   5.724103    35.2831     2.3459     0.0322          0     45.500 328.407703  1022.4196     -0.001     -0.040  0.000e+00
     -0.012    28.5702   5.724233    35.2843     2.3395     0.0330          0     45.750 328.407705  1022.4206     -0.012     -0.048  0.000e+00
     -0.023    28.5701   5.724042    35.2830     2.3521     0.0360          0     46.000 328.407708  1022.4197     -0.023     -0.063  0.000e+00
     -0.034    28.5699   5.723492    35.2794     2.4764     0.0330          0     46.250 328.407711  1022.4169     -0.034     -0.069  0.000e+00
     -0.001    28.5696   5.722049    35.2696     2.4728     0.0322          0     46.500 328.407714  1022.4098     -0.001     -0.048  0.000e+00
      0.020    28.5703   5.721416    35.2646     2.4380     0.0215          0     46.750 328.407717  1022.4059      0.020     -0.025  0.000e+00
      0.042    28.5708   5.721248    35.2631     2.3833     0.0185          0     47.000 328.407720  1022.4047      0.042      0.004  0.000e+00
      0.020    28.5713   5.721248    35.2627     2.3552     0.0253          0     47.250 328.407723  1022.4042      0.020      0.017  0.000e+00
      0.042    28.5715   5.721507    35.2644     2.3242     0.0276          0     47.500 328.407726  1022.4055      0.042      0.030  0.000e+00
      0.063    28.5714   5.721797    35.2665     2.2838    -0.0242          0     47.750 328.407729  1022.4071      0.063      0.043  0.000e+00
      0.063    28.5711   5.721904    35.2674     2.2318    -0.0197          0     48.000 328.407731  1022.4080      0.063      0.048  0.000e+00
      0.074    28.5707   5.721637    35.2659     2.2061    -0.0273          0     48.250 328.407734  1022.4070      0.074      0.048  0.000e+00
      0.053    28.5705   5.721477    35.2649     2.2485    -0.0258          0     48.500 328.407737  1022.4062      0.052      0.031  0.000e+00
      0.009    28.5707   5.721667    35.2661     2.3013     0.0177          0     48.750 328.407740  1022.4069      0.009      0.008  0.000e+00
     -0.034    28.5708   5.722049    35.2687     2.3149     0.0246          0     49.000 328.407743  1022.4086     -0.034     -0.020  0.000e+00
     -0.023    28.5709   5.722691    35.2731     2.3102     0.0322          0     49.250 328.407746  1022.4119     -0.023     -0.035  0.000e+00
     -0.012    28.5706   5.722958    35.2751     2.3024     0.0139          0     49.500 328.407749  1022.4136     -0.012     -0.049  0.000e+00
     -0.012    28.5702   5.723011    35.2758     2.3003    -0.0075          0     49.750 328.407752  1022.4142     -0.012     -0.054  0.000e+00
     -0.023    28.5699   5.722950    35.2756     2.2945    -0.0113          0     50.000 328.407755  1022.4141     -0.023     -0.051  0.000e+00
     -0.012    28.5699   5.722820    35.2747     2.2808    -0.0113          0     50.250 328.407758  1022.4135     -0.012     -0.040  0.000e+00
     -0.012    28.5696   5.722729    35.2743     2.2642    -0.0059          0     50.500 328.407760  1022.4133     -0.012     -0.019  0.000e+00
     -0.023    28.5696   5.722660    35.2739     2.2629    -0.0136          0     50.750 328.407763  1022.4130     -0.023     -0.004  0.000e+00
     -0.012    28.5696   5.722775    35.2746     2.2583    -0.0334          0     51.000 328.407766  1022.4135     -0.012      0.006  0.000e+00
      0.031    28.5696   5.722759    35.2745     2.2483    -0.0273          0     51.250 328.407769  1022.4136      0.031      0.014  0.000e+00
      0.031    28.5698   5.722630    35.2734     2.2371    -0.0242          0     51.500 328.407772  1022.4128      0.031      0.021  0.000e+00
      0.053    28.5697   5.722500    35.2726     2.2352    -0.0250          0     51.750 328.407775  1022.4123      0.052      0.034  0.000e+00
      0.042    28.5698   5.722469    35.2723     2.2472    -0.0143          0     52.000 328.407778  1022.4120      0.042      0.040  0.000e+00
      0.009    28.5700   5.722614    35.2732     2.2612    -0.0097          0     52.250 328.407781  1022.4124      0.009      0.030  0.000e+00
     -0.023    28.5702   5.722920    35.2752     2.2584    -0.0113          0     52.500 328.407784  1022.4137     -0.023      0.012  0.000e+00
      0.020    28.5700   5.722981    35.2757     2.2525    -0.0197          0     52.750 328.407786  1022.4144      0.020      0.007  0.000e+00
     -0.001    28.5700   5.722851    35.2748     2.2537    -0.0303          0     53.000 328.407789  1022.4136     -0.001     -0.009  0.000e+00
     -0.001    28.5698   5.722851    35.2750     2.2619    -0.0303          0     53.250 328.407792  1022.4138     -0.001     -0.024  0.000e+00
     -0.023    28.5698   5.722889    35.2752     2.2697    -0.0258          0     53.500 328.407795  1022.4139     -0.023     -0.030  0.000e+00
     -0.045    28.5697   5.723050    35.2764     2.2552    -0.0212          0     53.750 328.407798  1022.4147     -0.044     -0.039  0.000e+00
     -0.001    28.5697   5.723332    35.2784     2.2378    -0.0357          0     54.000 328.407801  1022.4164     -0.001     -0.024  0.000e+00
      0.042    28.5696   5.723302    35.2782     2.2227    -0.0456          0     54.250 328.407804  1022.4165      0.042      0.003  0.000e+00
      0.063    28.5696   5.723332    35.2784     2.2160    -0.0426          0     54.500 328.407807  1022.4167      0.063      0.024  0.000e+00
      0.096    28.5695   5.723332    35.2786     2.2042    -0.0403          0     54.750 328.407810  1022.4170      0.095      0.040  0.000e+00
      0.085    28.5691   5.723370    35.2791     2.1992    -0.0464          0     55.000 328.407812  1022.4176      0.085      0.060  0.000e+00
      0.139    28.5693   5.723355    35.2789     2.1896     0.0315          0     55.250 328.407815  1022.4175      0.138      0.082  0.000e+00
