ctd_kilwa/cnv/SBE19plus_01906740_2018_11_26_0046.cnv
* Sea-Bird SBE19plus  Data File:
* FileName = C:\Users\all user\Desktop\Mapping WWF\SBE19plus_01906740_2018_11_26_0046.hex
* Software version 2.6.3.104
* Temperature SN = 6740
* Conductivity SN = 6740
* System UpLoad Time = Nov 26 2018 19:54:47
* <ApplicationData>
* <Seaterm232>
# nquan = 13
# nvalues = 550                                   
# units = specified
# name 0 = prdM: Pressure, Strain Gauge [db]
# name 1 = tv290C: Temperature [ITS-90, deg C]
# name 2 = c0S/m: Conductivity [S/m]
# name 3 = sal00: Salinity, Practical [PSU]
# name 4 = sbeox0ML/L: Oxygen, SBE 43 [ml/l]
# name 5 = flECO-AFL: Fluorescence, WET Labs ECO-AFL/FL [mg/m^3]
# name 6 = nbf: Bottles Fired
# name 7 = timeS: Time, Elapsed [seconds]
# name 8 = timeJ: Julian Days
# name 9 = density00: Density [density, kg/m^3]
# name 10 = depSM: Depth [salt water, m], lat = 0.00
# name 11 = dz/dtM: Descent Rate [m/s]
# name 12 = flag:  0.000e+00
# span 0 =     -1.022,      5.303                 
# span 1 =    28.3185,    30.7877                 
# span 2 =   0.351526,   5.780877                 
# span 3 =     1.6405,    35.5764                 
# span 4 =     2.1289,     6.1288                 
# span 5 =    -0.4446,    48.6879                 
# span 6 =          0,          0                 
# span 7 =      0.000,    137.250                 
# span 8 = 328.492361, 328.493950                 
# span 9 =   996.6764,  1022.6531                 
# span 10 =     -1.016,      5.274                
# span 11 =     -0.889,      0.437                
# span 12 = 0.0000e+00, 0.0000e+00                
# interval = seconds: 0.25
# start_time = Nov 24 2018 11:49:00 [Instrument's time stamp, header]
# bad_flag = -9.990e-29
*END*
     -0.935    30.6384   0.351526     1.6405     3.3101     0.2024          0      0.000 328.492361   996.6764     -0.930      0.000  0.000e+00
     -0.859    30.7877   0.802923     3.9407     3.3309     0.1993          0      0.250 328.492364   998.3423     -0.855      0.020  0.000e+00
     -0.762    30.5450   4.824694    27.9587     3.5971     0.2062          0      0.500 328.492367  1016.2715     -0.758      0.061  0.000e+00
     -0.697    30.1162   5.519624    32.7946     3.1286     0.2031          0      0.750 328.492370  1020.0314     -0.693      0.108  0.000e+00
     -0.654    29.7223   5.721707    34.4279     2.9165    -0.4332          0      1.000 328.492373  1021.3889     -0.650      0.151  0.000e+00
     -0.643    29.4643   5.767342    34.9241     2.8970    -0.4393          0      1.250 328.492376  1021.8484     -0.640      0.177  0.000e+00
     -0.665    29.3248   5.774733    35.0763     2.9086    -0.4317          0      1.500 328.492378  1022.0096     -0.661      0.179  0.000e+00
     -0.697    29.2575   5.778637    35.1525     2.7256    -0.4393          0      1.750 328.492381  1022.0892     -0.693      0.154  0.000e+00
     -0.730    29.2265   5.779673    35.1823     2.7008     0.5060          0      2.000 328.492384  1022.1219     -0.726      0.104  0.000e+00
     -0.773    29.2119   5.780555    35.1991     2.6516     0.5167          0      2.250 328.492387  1022.1393     -0.769      0.029  0.000e+00
     -0.773    29.2047   5.779512    35.1972     2.6595     0.5083          0      2.500 328.492390  1022.1403     -0.769     -0.032  0.000e+00
     -0.762    29.2012   5.778477    35.1927     3.1136     0.5052          0      2.750 328.492393  1022.1381     -0.758     -0.063  0.000e+00
     -0.676    29.2023   5.778676    35.1933     2.6166    48.6764          0      3.000 328.492396  1022.1385     -0.672     -0.049  0.000e+00
     -0.567    29.2042   5.779873    35.2000     2.4744    48.6848          0      3.250 328.492399  1022.1434     -0.564      0.006  0.000e+00
     -0.492    29.2022   5.780877    35.2084     2.9936    48.6772          0      3.500 328.492402  1022.1507     -0.489      0.080  0.000e+00
     -0.459    29.1914   5.777894    35.1958     3.0391    48.6795          0      3.750 328.492405  1022.1450     -0.457      0.145  0.000e+00
     -0.438    29.1651   5.774966    35.1950     3.0400    48.6803          0      4.000 328.492407  1022.1533     -0.435      0.191  0.000e+00
     -0.427    29.1388   5.773150    35.2019     3.0466     0.2840          0      4.250 328.492410  1022.1673     -0.424      0.212  0.000e+00
     -0.351    29.1181   5.773150    35.2171     2.8352     0.2840          0      4.500 328.492413  1022.1861     -0.349      0.218  0.000e+00
     -0.308    29.1081   5.773587    35.2275     2.8514     0.2863          0      4.750 328.492416  1022.1974     -0.306      0.208  0.000e+00
     -0.286    29.1003   5.771526    35.2191     2.8935     0.2939          0      5.000 328.492419  1022.1938     -0.284      0.177  0.000e+00
     -0.297    29.0850   5.770974    35.2266     2.7894     0.9706          0      5.250 328.492422  1022.2045     -0.295      0.139  0.000e+00
     -0.329    29.0707   5.772369    35.2467     2.6375     0.9729          0      5.500 328.492425  1022.2242     -0.328      0.104  0.000e+00
     -0.329    29.0612   5.773512    35.2615     2.6564     0.9714          0      5.750 328.492428  1022.2386     -0.328      0.078  0.000e+00
     -0.362    29.0550   5.773734    35.2677     2.6920     0.9752          0      6.000 328.492431  1022.2451     -0.360      0.043  0.000e+00
     -0.362    29.0538   5.772960    35.2632     2.6763    -0.2524          0      6.250 328.492433  1022.2422     -0.360      0.009  0.000e+00
     -0.329    29.0547   5.769749    35.2404     2.7014    -0.2539          0      6.500 328.492436  1022.2249     -0.327     -0.017  0.000e+00
     -0.286    29.0497   5.766730    35.2233     2.6827    -0.2409          0      6.750 328.492439  1022.2139     -0.284     -0.014  0.000e+00
     -0.264    29.0405   5.766278    35.2270     2.6697    -0.2501          0      7.000 328.492442  1022.2199     -0.263      0.006  0.000e+00
     -0.253    29.0326   5.767604    35.2419     2.6579     0.1123          0      7.250 328.492445  1022.2338     -0.252      0.033  0.000e+00
     -0.275    29.0272   5.769312    35.2577     2.6169     0.1116          0      7.500 328.492448  1022.2473     -0.274      0.048  0.000e+00
     -0.286    29.0245   5.769619    35.2618     2.6131     0.1047          0      7.750 328.492451  1022.2513     -0.284      0.048  0.000e+00
     -0.318    29.0333   5.769810    35.2567     2.5866     0.1070          0      8.000 328.492454  1022.2443     -0.317      0.036  0.000e+00
     -0.286    29.0473   5.769565    35.2446     2.6223     0.1032          0      8.250 328.492457  1022.2307     -0.284      0.022  0.000e+00
     -0.264    29.0551   5.767802    35.2267     2.6260     0.2970          0      8.500 328.492459  1022.2147     -0.263      0.008  0.000e+00
     -0.254    29.0564   5.768254    35.2289     2.6207     0.2954          0      8.750 328.492462  1022.2160     -0.252      0.001  0.000e+00
     -0.254    29.0545   5.768546    35.2323     2.6232     0.2977          0      9.000 328.492465  1022.2192     -0.252      0.004  0.000e+00
     -0.264    29.0516   5.767818    35.2294     2.6152     0.2962          0      9.250 328.492468  1022.2179     -0.263      0.009  0.000e+00
     -0.264    29.0497   5.766990    35.2251     2.6104     0.5426          0      9.500 328.492471  1022.2154     -0.263      0.018  0.000e+00
     -0.254    29.0508   5.766469    35.2207     2.6228     0.5396          0      9.750 328.492474  1022.2117     -0.252      0.023  0.000e+00
     -0.243    29.0553   5.766439    35.2172     2.6089     0.5365          0     10.000 328.492477  1022.2076     -0.241      0.026  0.000e+00
     -0.200    29.0597   5.766699    35.2157     2.5702     0.5426          0     10.250 328.492480  1022.2052     -0.198      0.027  0.000e+00
     -0.178    29.0614   5.767381    35.2191     2.5266     0.7563          0     10.500 328.492483  1022.2073     -0.177      0.036  0.000e+00
     -0.189    29.0611   5.767021    35.2169     2.5190     0.7601          0     10.750 328.492486  1022.2057     -0.188      0.043  0.000e+00
     -0.210    29.0603   5.767120    35.2182     2.5151     0.7601          0     11.000 328.492488  1022.2068     -0.209      0.042  0.000e+00
     -0.200    29.0593   5.767320    35.2203     2.5314     0.7601          0     11.250 328.492491  1022.2088     -0.198      0.041  0.000e+00
     -0.243    29.0577   5.767281    35.2212     2.5478     0.1146          0     11.500 328.492494  1022.2098     -0.241      0.022  0.000e+00
     -0.200    29.0565   5.766891    35.2194     2.5241     0.1062          0     11.750 328.492497  1022.2090     -0.198      0.012  0.000e+00
     -0.178    29.0552   5.766852    35.2201     2.4960     0.1085          0     12.000 328.492500  1022.2101     -0.177      0.008  0.000e+00
     -0.189    29.0533   5.766630    35.2200     2.5182     0.1062          0     12.250 328.492503  1022.2106     -0.188     -0.001  0.000e+00
     -0.199    29.0521   5.765305    35.2117     2.5290     0.1070          0     12.500 328.492506  1022.2048     -0.198     -0.001  0.000e+00
     -0.243    29.0553   5.765305    35.2094     2.5451     0.1718          0     12.750 328.492509  1022.2017     -0.241     -0.006  0.000e+00
     -0.253    29.0609   5.765328    35.2054     2.5417     0.1718          0     13.000 328.492512  1022.1968     -0.252     -0.014  0.000e+00
     -0.221    29.0643   5.765435    35.2037     2.5417     0.1787          0     13.250 328.492514  1022.1946     -0.220     -0.015  0.000e+00
     -0.232    29.0646   5.765374    35.2030     2.5358     0.1863          0     13.500 328.492517  1022.1939     -0.231     -0.015  0.000e+00
     -0.253    29.0639   5.765466    35.2042     2.5294    -0.4339          0     13.750 328.492520  1022.1949     -0.252     -0.033  0.000e+00
     -0.232    29.0624   5.765136    35.2030     2.5257    -0.4431          0     14.000 328.492523  1022.1947     -0.231     -0.030  0.000e+00
     -0.221    29.0597   5.764822    35.2028     2.5233    -0.4324          0     14.250 328.492526  1022.1954     -0.220     -0.015  0.000e+00
     -0.221    29.0463   5.764010    35.2071     2.4948    -0.4286          0     14.500 328.492529  1022.2032     -0.220     -0.001  0.000e+00
     -0.221    29.0227   5.763329    35.2198     2.4875     0.2268          0     14.750 328.492532  1022.2206     -0.220      0.012  0.000e+00
     -0.189    29.0053   5.764517    35.2408     2.4906     0.2374          0     15.000 328.492535  1022.2423     -0.188      0.021  0.000e+00
     -0.221    28.9932   5.764854    35.2521     2.4921     0.2352          0     15.250 328.492538  1022.2547     -0.220      0.014  0.000e+00
     -0.210    28.9843   5.764916    35.2591     2.4835     0.2428          0     15.500 328.492541  1022.2630     -0.209      0.018  0.000e+00
     -0.200    28.9914   5.764663    35.2521     2.5014     0.1589          0     15.750 328.492543  1022.2554     -0.198      0.021  0.000e+00
     -0.221    29.0071   5.764425    35.2388     2.4787     0.1596          0     16.000 328.492546  1022.2401     -0.220      0.009  0.000e+00
     -0.254    29.0218   5.763950    35.2248     2.4849     0.1703          0     16.250 328.492549  1022.2245     -0.252     -0.007  0.000e+00
     -0.264    29.0278   5.762356    35.2094     2.5100     0.1642          0     16.500 328.492552  1022.2108     -0.263     -0.021  0.000e+00
     -0.221    29.0292   5.761652    35.2034     2.5195     0.1581          0     16.750 328.492555  1022.2061     -0.220     -0.020  0.000e+00
     -0.145    29.0230   5.761261    35.2053     2.4978     0.1879          0     17.000 328.492558  1022.2099     -0.145      0.001  0.000e+00
     -0.081    29.0193   5.761974    35.2130     2.4850     0.1840          0     17.250 328.492561  1022.2172     -0.080      0.045  0.000e+00
     -0.048    29.0184   5.762556    35.2176     2.4779     0.1863          0     17.500 328.492564  1022.2211     -0.048      0.079  0.000e+00
     -0.037    29.0180   5.762495    35.2175     2.4698     0.1901          0     17.750 328.492567  1022.2212     -0.037      0.109  0.000e+00
     -0.070    29.0219   5.762426    35.2141     2.4574    -0.0021          0     18.000 328.492569  1022.2173     -0.069      0.122  0.000e+00
     -0.081    29.0258   5.762357    35.2108     2.4409     0.0078          0     18.250 328.492572  1022.2134     -0.080      0.116  0.000e+00
     -0.113    29.0255   5.762295    35.2106     2.4438     0.0047          0     18.500 328.492575  1022.2132     -0.112      0.081  0.000e+00
     -0.135    29.0249   5.762303    35.2111     2.4396     0.0032          0     18.750 328.492578  1022.2137     -0.134      0.028  0.000e+00
     -0.156    29.0248   5.762556    35.2129     2.4526    -0.2302          0     19.000 328.492581  1022.2150     -0.155     -0.025  0.000e+00
     -0.146    29.0247   5.762778    35.2145     2.4516    -0.2325          0     19.250 328.492584  1022.2163     -0.145     -0.055  0.000e+00
     -0.178    29.0247   5.762778    35.2145     2.4718    -0.2318          0     19.500 328.492587  1022.2161     -0.177     -0.071  0.000e+00
     -0.178    29.0245   5.762739    35.2144     2.4811    -0.2310          0     19.750 328.492590  1022.2161     -0.177     -0.071  0.000e+00
     -0.156    29.0240   5.762716    35.2146     2.4792     0.0192          0     20.000 328.492593  1022.2165     -0.155     -0.052  0.000e+00
     -0.135    29.0235   5.762525    35.2137     2.4878     0.0116          0     20.250 328.492595  1022.2161     -0.134     -0.030  0.000e+00
     -0.135    29.0230   5.762134    35.2113     2.5054     0.0162          0     20.500 328.492598  1022.2145     -0.134     -0.008  0.000e+00
     -0.113    29.0223   5.761591    35.2081     2.4658     0.0223          0     20.750 328.492601  1022.2124     -0.113      0.013  0.000e+00
     -0.124    29.0210   5.761552    35.2088     2.4554     0.0147          0     21.000 328.492604  1022.2133     -0.123      0.024  0.000e+00
     -0.103    29.0187   5.761813    35.2123     2.4609    -0.0426          0     21.250 328.492607  1022.2168     -0.102      0.032  0.000e+00
     -0.092    29.0154   5.762104    35.2167     2.4441    -0.0410          0     21.500 328.492610  1022.2213     -0.091      0.044  0.000e+00
     -0.124    29.0140   5.761744    35.2153     2.4581    -0.0426          0     21.750 328.492613  1022.2206     -0.123      0.032  0.000e+00
     -0.146    29.0136   5.761644    35.2149     2.4692    -0.0487          0     22.000 328.492616  1022.2203     -0.145      0.011  0.000e+00
     -0.102    29.0154   5.761683    35.2138     2.4764     0.1322          0     22.250 328.492619  1022.2191     -0.102      0.007  0.000e+00
     -0.113    29.0163   5.761713    35.2134     2.4734     0.1352          0     22.500 328.492622  1022.2184     -0.113      0.004  0.000e+00
     -0.124    29.0168   5.761591    35.2122     2.4679     0.1322          0     22.750 328.492624  1022.2173     -0.123     -0.004  0.000e+00
     -0.157    29.0181   5.760970    35.2069     2.4723     0.1322          0     23.000 328.492627  1022.2128     -0.156     -0.014  0.000e+00
     -0.200    29.0246   5.760679    35.2001     2.4844    -0.0143          0     23.250 328.492630  1022.2053     -0.199     -0.037  0.000e+00
     -0.232    29.0344   5.760610    35.1924     2.4923    -0.0174          0     23.500 328.492633  1022.1961     -0.231     -0.056  0.000e+00
     -0.221    29.0423   5.760595    35.1865     2.4868    -0.0120          0     23.750 328.492636  1022.1891     -0.220     -0.059  0.000e+00
     -0.178    29.0472   5.760679    35.1835     2.4816    -0.0143          0     24.000 328.492639  1022.1853     -0.177     -0.053  0.000e+00
     -0.167    29.0496   5.760679    35.1817     2.4968    -0.0807          0     24.250 328.492642  1022.1832     -0.166     -0.048  0.000e+00
     -0.124    29.0513   5.761000    35.1827     2.4583    -0.0723          0     24.500 328.492645  1022.1835     -0.123     -0.016  0.000e+00
     -0.124    29.0538   5.761651    35.1853     2.4285    -0.0723          0     24.750 328.492648  1022.1847     -0.123      0.015  0.000e+00
     -0.124    29.0585   5.762164    35.1853     2.4198    -0.0845          0     25.000 328.492650  1022.1831     -0.123      0.042  0.000e+00
     -0.135    29.0634   5.762264    35.1825     2.4011    -0.0799          0     25.250 328.492653  1022.1793     -0.134      0.056  0.000e+00
     -0.146    29.0659   5.762271    35.1807     2.3716     0.0292          0     25.500 328.492656  1022.1771     -0.145      0.051  0.000e+00
     -0.124    29.0648   5.762325    35.1819     2.3772     0.0322          0     25.750 328.492659  1022.1784     -0.123      0.037  0.000e+00
     -0.178    29.0612   5.761904    35.1816     2.4004     0.0269          0     26.000 328.492662  1022.1792     -0.177      0.005  0.000e+00
     -0.200    29.0606   5.760349    35.1713     2.4076     0.0391          0     26.250 328.492665  1022.1716     -0.199     -0.021  0.000e+00
     -0.189    29.0647   5.760035    35.1662     2.4283     0.0330          0     26.500 328.492668  1022.1664     -0.188     -0.039  0.000e+00
     -0.189    29.0704   5.760288    35.1637     2.4360     0.0322          0     26.750 328.492671  1022.1626     -0.188     -0.041  0.000e+00
     -0.178    29.0736   5.760158    35.1604     2.4211     0.0406          0     27.000 328.492674  1022.1592     -0.177     -0.036  0.000e+00
     -0.156    29.0750   5.759093    35.1521     2.4026     0.0345          0     27.250 328.492677  1022.1525     -0.155     -0.022  0.000e+00
     -0.167    29.0750   5.757547    35.1414     2.4025     0.0215          0     27.500 328.492679  1022.1445     -0.166     -0.011  0.000e+00
