ctd_kilwa/cnv/SBE19plus_01906740_2018_11_26_0058.cnv
* Sea-Bird SBE19plus  Data File:
* FileName = C:\Users\all user\Desktop\Mapping WWF\SBE19plus_01906740_2018_11_26_0058.hex
* Software version 2.6.3.104
* Temperature SN = 6740
* Conductivity SN = 6740
* System UpLoad Time = Nov 26 2018 19:58:02
* <ApplicationData>
* <Seaterm232>
# nquan = 13
# nvalues = 1111                                  
# units = specified
# name 0 = prdM: Pressure, Strain Gauge [db]
# name 1 = tv290C: Temperature [ITS-90, deg C]
# name 2 = c0S/m: Conductivity [S/m]
# name 3 = sal00: Salinity, Practical [PSU]
# name 4 = sbeox0ML/L: Oxygen, SBE 43 [ml/l]
# name 5 = flECO-AFL: Fluorescence, WET Labs ECO-AFL/FL [mg/m^3]
# name 6 = nbf: Bottles Fired
# name 7 = timeS: Time, Elapsed [seconds]
# name 8 = timeJ: Julian Days
# name 9 = density00: Density [density, kg/m^3]
# name 10 = depSM: Depth [salt water, m], lat = 0.00
# name 11 = dz/dtM: Descent Rate [m/s]
# name 12 = flag:  0.000e+00
# span 0 =     -0.995,     26.537                 
# span 1 =    27.1049,    30.8670                 
# span 2 =   0.363797,   5.841752                 
# span 3 =     1.7906,    36.0040                 
# span 4 =     1.8903,     3.4239                 
# span 5 =    -0.4393,    48.6856                 
# span 6 =          0,          0                 
# span 7 =      0.000,    277.500                 
# span 8 = 329.431910, 329.435122                 
# span 9 =   997.0982,  1022.9403                 
# span 10 =     -0.990,     26.390                
# span 11 =     -0.589,      0.734                
# span 12 = 0.0000e+00, 0.0000e+00                
# interval = seconds: 0.25
# start_time = Nov 25 2018 10:21:57 [Instrument's time stamp, header]
# bad_flag = -9.990e-29
*END*
[from data line 556]
     10.248    27.4516   5.592472    35.1935     2.3781     0.0940          0    139.000 329.433519  1022.7624     10.192      0.399  0.000e+00
     10.248    27.4517   5.592472    35.1934     2.3878     0.0917          0    139.250 329.433521  1022.7623     10.192      0.381  0.000e+00
     10.346    27.4516   5.592442    35.1932     2.3849     0.0940          0    139.500 329.433524  1022.7626     10.289      0.351  0.000e+00
     10.497    27.4515   5.592381    35.1928     2.3897     0.0849          0    139.750 329.433527  1022.7630     10.439      0.338  0.000e+00
     10.573    27.4514   5.592313    35.1924     2.3883     0.0894          0    140.000 329.433530  1022.7630     10.515      0.324  0.000e+00
     10.605    27.4516   5.592381    35.1927     2.3904     0.0635          0    140.250 329.433533  1022.7633     10.547      0.304  0.000e+00
     10.605    27.4513   5.592412    35.1932     2.3917     0.0635          0    140.500 329.433536  1022.7637     10.547      0.275  0.000e+00
     10.594    27.4513   5.592366    35.1928     2.3936     0.0635          0    140.750 329.433539  1022.7635     10.536      0.241  0.000e+00
     10.649    27.4509   5.592344    35.1929     2.3930     0.0635          0    141.000 329.433542  1022.7639     10.590      0.218  0.000e+00
     10.692    27.4509   5.592344    35.1929     2.3955     0.0917          0    141.250 329.433545  1022.7641     10.633      0.194  0.000e+00
     10.681    27.4512   5.592344    35.1927     2.3982     0.0902          0    141.500 329.433547  1022.7638     10.622      0.138  0.000e+00
     10.681    27.4517   5.592412    35.1928     2.4013     0.0887          0    141.750 329.433550  1022.7637     10.622      0.085  0.000e+00
     10.703    27.4516   5.592344    35.1924     2.4009     0.0963          0    142.000 329.433553  1022.7635     10.643      0.066  0.000e+00
     10.681    27.4517   5.592313    35.1921     2.4065     0.0963          0    142.250 329.433556  1022.7632     10.622      0.053  0.000e+00
     10.702    27.4514   5.592253    35.1919     2.4044     0.0902          0    142.500 329.433559  1022.7632     10.643      0.050  0.000e+00
     10.757    27.4508   5.592223    35.1921     2.4056     0.0955          0    142.750 329.433562  1022.7638     10.697      0.054  0.000e+00
     10.757    27.4499   5.592064    35.1917     2.4089     0.0948          0    143.000 329.433565  1022.7638     10.697      0.045  0.000e+00
     10.811    27.4485   5.591845    35.1912     2.4068     0.0864          0    143.250 329.433568  1022.7640     10.751      0.057  0.000e+00
     10.832    27.4470   5.591663    35.1910     2.4077     0.0681          0    143.500 329.433571  1022.7645     10.773      0.079  0.000e+00
     10.843    27.4452   5.591490    35.1911     2.4172     0.0658          0    143.750 329.433573  1022.7652     10.783      0.090  0.000e+00
     10.843    27.4443   5.591384    35.1911     2.4196     0.0643          0    144.000 329.433576  1022.7655     10.783      0.091  0.000e+00
     10.843    27.4437   5.591354    35.1913     2.4131     0.0704          0    144.250 329.433579  1022.7658     10.783      0.088  0.000e+00
     10.811    27.4429   5.591286    35.1914     2.4128     0.0803          0    144.500 329.433582  1022.7660     10.751      0.060  0.000e+00
     10.789    27.4424   5.591225    35.1913     2.4323     0.0788          0    144.750 329.433585  1022.7660     10.729      0.024  0.000e+00
     10.724    27.4420   5.591225    35.1917     2.4463     0.0788          0    145.000 329.433588  1022.7662     10.665     -0.016  0.000e+00
     10.703    27.4422   5.591255    35.1918     2.4482     0.0749          0    145.250 329.433591  1022.7661     10.643     -0.060  0.000e+00
     10.692    27.4429   5.591384    35.1921     2.4449     0.0932          0    145.500 329.433594  1022.7661     10.633     -0.085  0.000e+00
     10.735    27.4441   5.591474    35.1919     2.4713     0.0910          0    145.750 329.433597  1022.7657     10.676     -0.084  0.000e+00
     10.832    27.4448   5.591535    35.1917     2.4831     0.0910          0    146.000 329.433600  1022.7657     10.772     -0.046  0.000e+00
     10.886    27.4441   5.591255    35.1903     2.4737     0.0856          0    146.250 329.433602  1022.7652     10.826      0.006  0.000e+00
     10.940    27.4424   5.590976    35.1895     2.4792     0.0772          0    146.500 329.433605  1022.7653     10.880      0.071  0.000e+00
     11.005    27.4406   5.590772    35.1894     2.4742     0.0749          0    146.750 329.433608  1022.7661     10.944      0.135  0.000e+00
     11.048    27.4395   5.590666    35.1895     2.4694     0.0749          0    147.000 329.433611  1022.7667     10.987      0.190  0.000e+00
     11.124    27.4387   5.590605    35.1896     2.4622     0.0711          0    147.250 329.433614  1022.7674     11.063      0.227  0.000e+00
     11.167    27.4377   5.590605    35.1904     2.4621     0.0772          0    147.500 329.433617  1022.7685     11.106      0.241  0.000e+00
     11.189    27.4372   5.590417    35.1894     2.4488     0.1161          0    147.750 329.433620  1022.7680     11.127      0.227  0.000e+00
     11.167    27.4365   5.590447    35.1902     2.4571     0.1161          0    148.000 329.433623  1022.7687     11.106      0.188  0.000e+00
     11.156    27.4362   5.590356    35.1898     2.4888     0.1146          0    148.250 329.433626  1022.7685     11.095      0.150  0.000e+00
     11.135    27.4358   5.590197    35.1890     2.4739     0.1177          0    148.500 329.433628  1022.7679     11.073      0.102  0.000e+00
     11.146    27.4353   5.590197    35.1893     2.4639     0.0795          0    148.750 329.433631  1022.7683     11.084      0.059  0.000e+00
     11.167    27.4353   5.590326    35.1902     2.4783     0.0879          0    149.000 329.433634  1022.7691     11.106      0.030  0.000e+00
     11.264    27.4359   5.590417    35.1904     2.4927     0.0841          0    149.250 329.433637  1022.7695     11.202      0.030  0.000e+00
     11.373    27.4363   5.590356    35.1897     2.4949     0.0788          0    149.500 329.433640  1022.7693     11.310      0.069  0.000e+00
     11.470    27.4365   5.590417    35.1899     2.5152     0.1177          0    149.750 329.433643  1022.7698     11.406      0.133  0.000e+00
     11.578    27.4368   5.590387    35.1894     2.5310     0.1146          0    150.000 329.433646  1022.7698     11.514      0.212  0.000e+00
     11.686    27.4369   5.590356    35.1891     2.5558     0.1192          0    150.250 329.433649  1022.7699     11.622      0.287  0.000e+00
     11.751    27.4370   5.590326    35.1888     2.5562     0.1184          0    150.500 329.433652  1022.7700     11.686      0.341  0.000e+00
     11.816    27.4367   5.590288    35.1887     2.5611     0.0871          0    150.750 329.433655  1022.7703     11.751      0.365  0.000e+00
     11.870    27.4366   5.590198    35.1881     2.5427     0.0932          0    151.000 329.433657  1022.7701     11.804      0.363  0.000e+00
     11.946    27.4361   5.590168    35.1883     2.5709     0.0948          0    151.250 329.433660  1022.7708     11.880      0.339  0.000e+00
     12.032    27.4358   5.589827    35.1861     2.5752     0.0994          0    151.500 329.433663  1022.7695     11.966      0.319  0.000e+00
     12.140    27.4354   5.590039    35.1878     2.5556     0.0932          0    151.750 329.433666  1022.7715     12.073      0.312  0.000e+00
     12.226    27.4349   5.590039    35.1882     2.5504     0.1192          0    152.000 329.433669  1022.7722     12.159      0.310  0.000e+00
     12.313    27.4349   5.590077    35.1884     2.5576     0.1184          0    152.250 329.433672  1022.7728     12.245      0.316  0.000e+00
     12.432    27.4346   5.590032    35.1883     2.5891     0.1161          0    152.500 329.433675  1022.7734     12.363      0.342  0.000e+00
     12.562    27.4348   5.589979    35.1877     2.5810     0.1192          0    152.750 329.433678  1022.7734     12.492      0.373  0.000e+00
     12.713    27.4347   5.590009    35.1880     2.5500     0.0948          0    153.000 329.433681  1022.7743     12.643      0.413  0.000e+00
     12.886    27.4347   5.590040    35.1881     2.5424     0.0932          0    153.250 329.433683  1022.7751     12.815      0.457  0.000e+00
     13.016    27.4352   5.590009    35.1875     2.5312     0.0986          0    153.500 329.433686  1022.7750     12.944      0.493  0.000e+00
     13.167    27.4350   5.589979    35.1874     2.5249     0.0940          0    153.750 329.433689  1022.7756     13.094      0.527  0.000e+00
     13.275    27.4351   5.590010    35.1875     2.5164     0.0635          0    154.000 329.433692  1022.7762     13.202      0.550  0.000e+00
     13.427    27.4350   5.590010    35.1875     2.5240     0.0665          0    154.250 329.433695  1022.7769     13.352      0.567  0.000e+00
     13.600    27.4347   5.589889    35.1868     2.5028     0.0673          0    154.500 329.433698  1022.7772     13.524      0.578  0.000e+00
     13.697    27.4346   5.589919    35.1872     2.5016     0.0635          0    154.750 329.433701  1022.7779     13.621      0.569  0.000e+00
     13.762    27.4345   5.589980    35.1876     2.4917     0.1108          0    155.000 329.433704  1022.7786     13.686      0.537  0.000e+00
     13.837    27.4347   5.590063    35.1881     2.4975     0.1154          0    155.250 329.433707  1022.7791     13.761      0.495  0.000e+00
     13.891    27.4351   5.590169    35.1884     2.5015     0.1207          0    155.500 329.433709  1022.7795     13.815      0.450  0.000e+00
     13.978    27.4357   5.590199    35.1882     2.4886     0.1116          0    155.750 329.433712  1022.7795     13.901      0.405  0.000e+00
     14.075    27.4362   5.590199    35.1878     2.4933     0.1207          0    156.000 329.433715  1022.7795     13.997      0.372  0.000e+00
     14.183    27.4368   5.590199    35.1873     2.4866     0.1192          0    156.250 329.433718  1022.7793     14.105      0.343  0.000e+00
     14.291    27.4371   5.590199    35.1870     2.5019     0.1161          0    156.500 329.433721  1022.7795     14.212      0.333  0.000e+00
     14.399    27.4373   5.590260    35.1873     2.5038     0.1207          0    156.750 329.433724  1022.7801     14.320      0.352  0.000e+00
     14.529    27.4378   5.590328    35.1874     2.4913     0.1161          0    157.000 329.433727  1022.7806     14.449      0.384  0.000e+00
     14.626    27.4380   5.590388    35.1876     2.4953     0.1123          0    157.250 329.433730  1022.7811     14.546      0.409  0.000e+00
     14.691    27.4383   5.590358    35.1872     2.4867     0.1154          0    157.500 329.433733  1022.7810     14.610      0.418  0.000e+00
     14.745    27.4378   5.590260    35.1868     2.4775     0.1100          0    157.750 329.433736  1022.7811     14.664      0.403  0.000e+00
     14.799    27.4369   5.590109    35.1864     2.4854     0.1177          0    158.000 329.433738  1022.7813     14.718      0.374  0.000e+00
     14.843    27.4365   5.590093    35.1866     2.5048     0.1169          0    158.250 329.433741  1022.7818     14.761      0.334  0.000e+00
     14.843    27.4359   5.590078    35.1869     2.5027     0.1192          0    158.500 329.433744  1022.7822     14.761      0.280  0.000e+00
     14.875    27.4362   5.590109    35.1869     2.5178     0.1192          0    158.750 329.433747  1022.7823     14.793      0.226  0.000e+00
     14.897    27.4367   5.590199    35.1871     2.5257     0.1146          0    159.000 329.433750  1022.7823     14.814      0.174  0.000e+00
     14.972    27.4374   5.590328    35.1875     2.5320     0.0963          0    159.250 329.433753  1022.7827     14.890      0.154  0.000e+00
     15.005    27.4379   5.590358    35.1874     2.5244     0.0932          0    159.500 329.433756  1022.7826     14.922      0.144  0.000e+00
     14.983    27.4386   5.590358    35.1869     2.5116     0.0940          0    159.750 329.433759  1022.7819     14.900      0.125  0.000e+00
     15.059    27.4392   5.590479    35.1872     2.5086     0.0856          0    160.000 329.433762  1022.7823     14.976      0.125  0.000e+00
     15.135    27.4397   5.590540    35.1872     2.5024     0.0902          0    160.250 329.433764  1022.7825     15.051      0.143  0.000e+00
     15.210    27.4400   5.590509    35.1868     2.5159     0.0971          0    160.500 329.433767  1022.7824     15.126      0.172  0.000e+00
     15.307    27.4405   5.590540    35.1866     2.5117     0.0948          0    160.750 329.433770  1022.7824     15.223      0.203  0.000e+00
     15.394    27.4406   5.590547    35.1865     2.5157     0.0963          0    161.000 329.433773  1022.7827     15.309      0.237  0.000e+00
     15.502    27.4406   5.590570    35.1866     2.5245     0.0917          0    161.250 329.433776  1022.7833     15.416      0.272  0.000e+00
     15.545    27.4410   5.590570    35.1863     2.5265     0.1192          0    161.500 329.433779  1022.7831     15.459      0.304  0.000e+00
     15.599    27.4408   5.590540    35.1863     2.5445     0.1108          0    161.750 329.433782  1022.7834     15.513      0.323  0.000e+00
     15.707    27.4406   5.590510    35.1861     2.5535     0.1230          0    162.000 329.433785  1022.7838     15.620      0.323  0.000e+00
     15.826    27.4405   5.590510    35.1862     2.5405     0.1192          0    162.250 329.433788  1022.7844     15.739      0.333  0.000e+00
     15.977    27.4401   5.590449    35.1861     2.5603     0.1093          0    162.500 329.433791  1022.7851     15.889      0.357  0.000e+00
     16.053    27.4393   5.590328    35.1858     2.5708     0.1062          0    162.750 329.433793  1022.7854     15.964      0.370  0.000e+00
     16.140    27.4384   5.590230    35.1858     2.5841     0.1077          0    163.000 329.433796  1022.7861     16.050      0.382  0.000e+00
     16.215    27.4380   5.590260    35.1862     2.5923     0.0971          0    163.250 329.433799  1022.7869     16.126      0.388  0.000e+00
     16.334    27.4382   5.590359    35.1868     2.5900     0.1100          0    163.500 329.433802  1022.7877     16.244      0.406  0.000e+00
     16.464    27.4387   5.590419    35.1867     2.5896     0.1123          0    163.750 329.433805  1022.7881     16.373      0.419  0.000e+00
     16.529    27.4388   5.590457    35.1869     2.6015     0.1177          0    164.000 329.433808  1022.7885     16.437      0.405  0.000e+00
     16.659    27.4386   5.590389    35.1865     2.5959     0.1177          0    164.250 329.433811  1022.7888     16.566      0.400  0.000e+00
     16.767    27.4385   5.590261    35.1857     2.5817     0.1146          0    164.500 329.433814  1022.7887     16.674      0.400  0.000e+00
     16.864    27.4355   5.589830    35.1848     2.5857     0.1184          0    164.750 329.433817  1022.7894     16.771      0.414  0.000e+00
     17.005    27.4303   5.589014    35.1830     2.5778     0.1116          0    165.000 329.433819  1022.7903     16.910      0.431  0.000e+00
     17.113    27.4241   5.588334    35.1828     2.6031     0.1123          0    165.250 329.433822  1022.7926     17.018      0.443  0.000e+00
     17.210    27.4204   5.588115    35.1840     2.5850     0.1177          0    165.500 329.433825  1022.7951     17.115      0.440  0.000e+00
     17.307    27.4149   5.587896    35.1865     2.5834     0.0940          0    165.750 329.433828  1022.7993     17.211      0.437  0.000e+00
     17.394    27.4054   5.586687    35.1851     2.5817     0.0925          0    166.000 329.433831  1022.8016     17.297      0.436  0.000e+00
     17.502    27.3934   5.584911    35.1815     2.5909     0.0864          0    166.250 329.433834  1022.8032     17.405      0.423  0.000e+00
