ctd_kilwa/cnv/SBE19plus_01906740_2018_11_26_0052.cnv
* Sea-Bird SBE19plus  Data File:
* FileName = C:\Users\all user\Desktop\Mapping WWF\SBE19plus_01906740_2018_11_26_0052.hex
* Software version 2.6.3.104
* Temperature SN = 6740
* Conductivity SN = 6740
* System UpLoad Time = Nov 26 2018 19:56:23
* <ApplicationData>
* <Seaterm232>
# nquan = 13
# nvalues = 738                                   
# units = specified
# name 0 = prdM: Pressure, Strain Gauge [db]
# name 1 = tv290C: Temperature [ITS-90, deg C]
# name 2 = c0S/m: Conductivity [S/m]
# name 3 = sal00: Salinity, Practical [PSU]
# name 4 = sbeox0ML/L: Oxygen, SBE 43 [ml/l]
# name 5 = flECO-AFL: Fluorescence, WET Labs ECO-AFL/FL [mg/m^3]
# name 6 = nbf: Bottles Fired
# name 7 = timeS: Time, Elapsed [seconds]
# name 8 = timeJ: Julian Days
# name 9 = density00: Density [density, kg/m^3]
# name 10 = depSM: Depth [salt water, m], lat = 0.00
# name 11 = dz/dtM: Descent Rate [m/s]
# name 12 = flag:  0.000e+00
# span 0 =     -1.011,     15.931                 
# span 1 =    28.4757,    29.1802                 
# span 2 =   0.081608,   6.110480                 
# span 3 =     0.3698,    37.5975                 
# span 4 =     1.7246,     4.1640                 
# span 5 =    -0.4385,    48.6848                 
# span 6 =          0,          0                 
# span 7 =      0.000,    184.250                 
# span 8 = 328.565764, 328.567896                 
# span 9 =   996.2739,  1023.9947                 
# span 10 =     -1.005,     15.843                
# span 11 =     -0.742,      0.523                
# span 12 = 0.0000e+00, 0.0000e+00                
# interval = seconds: 0.25
# start_time = Nov 24 2018 13:34:42 [Instrument's time stamp, header]
# bad_flag = -9.990e-29
*END*
[from data line 667]
      1.152    28.7560   5.743887    35.2823     2.4921     0.0673          0    166.750 328.567694  1022.3624      1.145     -0.526  0.000e+00
      1.152    28.7739   5.743955    35.2695     2.4797     0.0688          0    167.000 328.567697  1022.3468      1.145     -0.335  0.000e+00
      1.011    28.7804   5.742724    35.2562     2.4761     0.0688          0    167.250 328.567700  1022.3341      1.006     -0.182  0.000e+00
      0.687    28.7814   5.741921    35.2500     2.4973     0.0719          0    167.500 328.567703  1022.3277      0.683     -0.171  0.000e+00
      0.352    28.7763   5.740697    35.2454     2.5068     0.0688          0    167.750 328.567705  1022.3245      0.350     -0.290  0.000e+00
      0.125    28.7729   5.740949    35.2498     2.5291     0.0719          0    168.000 328.567708  1022.3279      0.124     -0.463  0.000e+00
      0.038    28.7761   5.742716    35.2596     2.5332     0.0658          0    168.250 328.567711  1022.3339      0.038     -0.613  0.000e+00
      0.038    28.7876   5.745369    35.2695     2.5347     0.0765          0    168.500 328.567714  1022.3375      0.038     -0.692  0.000e+00
      0.071    28.8058   5.748528    35.2779     2.5379     0.0643          0    168.750 328.567717  1022.3379      0.070     -0.678  0.000e+00
      0.114    28.8320   5.752438    35.2855     2.5363     0.0650          0    169.000 328.567720  1022.3350      0.113     -0.572  0.000e+00
      0.125    28.8566   5.753601    35.2754     2.5229     0.0719          0    169.250 328.567723  1022.3193      0.124     -0.394  0.000e+00
      0.027    28.8763   5.754144    35.2645     2.5256     0.0688          0    169.500 328.567726  1022.3041      0.027     -0.220  0.000e+00
     -0.189    28.8930   5.755437    35.2612     2.5314     0.0711          0    169.750 328.567729  1022.2951     -0.188     -0.147  0.000e+00
     -0.502    28.9085   5.755797    35.2523     3.2925    -0.0311          0    170.000 328.567731  1022.2819     -0.500     -0.210  0.000e+00
     -0.557    28.9209   5.755559    35.2415     2.9915    -0.0326          0    170.250 328.567734  1022.2695     -0.553     -0.307  0.000e+00
     -0.502    28.9314   5.757572    35.2476     2.8139    -0.0296          0    170.500 328.567737  1022.2708     -0.500     -0.373  0.000e+00
     -0.459    28.9425   5.759417    35.2521     2.6714    -0.0357          0    170.750 328.567740  1022.2706     -0.457     -0.391  0.000e+00
     -0.449    28.9550   5.761776    35.2591     2.5541     0.5846          0    171.000 328.567743  1022.2718     -0.446     -0.362  0.000e+00
     -0.513    28.9694   5.763897    35.2631     2.7026     0.5869          0    171.250 328.567746  1022.2697     -0.511     -0.301  0.000e+00
     -0.557    28.9850   5.766179    35.2674     2.6582     0.5884          0    171.500 328.567749  1022.2675     -0.554     -0.207  0.000e+00
     -0.611    29.0025   5.767734    35.2652     2.7474     0.5915          0    171.750 328.567752  1022.2597     -0.608     -0.114  0.000e+00
     -0.600    29.0191   5.769420    35.2646     2.6796     0.5876          0    172.000 328.567755  1022.2538     -0.597     -0.048  0.000e+00
     -0.578    29.0308   5.770124    35.2607     2.7817    -0.0830          0    172.250 328.567758  1022.2471     -0.575     -0.053  0.000e+00
     -0.492    29.0399   5.770592    35.2573     2.7896    -0.0761          0    172.500 328.567760  1022.2418     -0.489     -0.048  0.000e+00
     -0.481    29.0459   5.771174    35.2568     2.7450    -0.0868          0    172.750 328.567763  1022.2395     -0.479     -0.026  0.000e+00
     -0.438    29.0497   5.771013    35.2529     2.6675    -0.0784          0    173.000 328.567766  1022.2355     -0.436      0.020  0.000e+00
     -0.449    29.0533   5.771373    35.2527     2.5854    -0.0654          0    173.250 328.567769  1022.2341     -0.446      0.066  0.000e+00
     -0.438    29.0576   5.772178    35.2551     2.5371    -0.0639          0    173.500 328.567772  1022.2344     -0.435      0.092  0.000e+00
     -0.449    29.0614   5.772569    35.2549     2.4956    -0.0639          0    173.750 328.567775  1022.2330     -0.446      0.097  0.000e+00
     -0.406    29.0641   5.772553    35.2529     2.5115    -0.0700          0    174.000 328.567778  1022.2308     -0.403      0.087  0.000e+00
     -0.416    29.0656   5.772569    35.2519     2.5245     0.0215          0    174.250 328.567781  1022.2295     -0.414      0.065  0.000e+00
     -0.340    29.0669   5.772730    35.2520     2.5409     0.0147          0    174.500 328.567784  1022.2295     -0.339      0.058  0.000e+00
     -0.308    29.0690   5.773151    35.2533     2.4861     0.0215          0    174.750 328.567786  1022.2299     -0.306      0.072  0.000e+00
     -0.286    29.0716   5.773427    35.2533     2.4804     0.0162          0    175.000 328.567789  1022.2291     -0.285      0.084  0.000e+00
     -0.330    29.0741   5.773864    35.2545     2.4659     0.1406          0    175.250 328.567792  1022.2289     -0.328      0.085  0.000e+00
     -0.373    29.0759   5.774025    35.2543     2.4535     0.1375          0    175.500 328.567795  1022.2280     -0.371      0.064  0.000e+00
     -0.351    29.0771   5.774209    35.2546     2.4298     0.1390          0    175.750 328.567798  1022.2279     -0.349      0.048  0.000e+00
     -0.297    29.0778   5.774224    35.2542     2.4303     0.1406          0    176.000 328.567801  1022.2276     -0.295      0.036  0.000e+00
     -0.221    29.0778   5.774186    35.2539     2.4256     0.1367          0    176.250 328.567804  1022.2277     -0.220      0.049  0.000e+00
     -0.189    29.0778   5.774155    35.2537     2.4311     0.0772          0    176.500 328.567807  1022.2277     -0.188      0.055  0.000e+00
     -0.167    29.0784   5.774270    35.2540     2.4290     0.0757          0    176.750 328.567810  1022.2279     -0.166      0.077  0.000e+00
     -0.167    29.0794   5.774577    35.2554     2.4253     0.0711          0    177.000 328.567813  1022.2285     -0.166      0.097  0.000e+00
     -0.167    29.0803   5.774776    35.2561     2.4230     0.0711          0    177.250 328.567815  1022.2288     -0.166      0.116  0.000e+00
     -0.156    29.0812   5.774807    35.2557     2.4155     0.1055          0    177.500 328.567818  1022.2283     -0.155      0.115  0.000e+00
     -0.102    29.0817   5.774899    35.2560     2.4326     0.1032          0    177.750 328.567821  1022.2285     -0.102      0.103  0.000e+00
     -0.113    29.0819   5.774868    35.2556     2.4396     0.1093          0    178.000 328.567824  1022.2281     -0.113      0.077  0.000e+00
     -0.156    29.0821   5.774837    35.2553     2.4336     0.1085          0    178.250 328.567827  1022.2276     -0.156      0.042  0.000e+00
     -0.189    29.0821   5.774868    35.2555     2.4364     0.0749          0    178.500 328.567830  1022.2276     -0.188      0.014  0.000e+00
     -0.167    29.0823   5.775037    35.2565     2.4526     0.0772          0    178.750 328.567833  1022.2284     -0.166      0.000  0.000e+00
     -0.189    29.0824   5.775037    35.2564     2.4569     0.0742          0    179.000 328.567836  1022.2282     -0.188     -0.014  0.000e+00
     -0.221    29.0821   5.775129    35.2573     2.4524     0.0818          0    179.250 328.567839  1022.2288     -0.220     -0.035  0.000e+00
     -0.243    29.0811   5.775021    35.2573     2.4679     0.0604          0    179.500 328.567841  1022.2291     -0.241     -0.058  0.000e+00
     -0.254    29.0792   5.774776    35.2569     2.4656     0.0551          0    179.750 328.567844  1022.2294     -0.252     -0.075  0.000e+00
     -0.211    29.0778   5.774646    35.2571     2.4575     0.0582          0    180.000 328.567847  1022.2302     -0.209     -0.056  0.000e+00
     -0.200    29.0764   5.774585    35.2577     2.4738     0.0559          0    180.250 328.567850  1022.2311     -0.199     -0.031  0.000e+00
     -0.265    29.0759   5.774677    35.2587     2.4938     0.0589          0    180.500 328.567853  1022.2318     -0.263     -0.032  0.000e+00
     -0.448    29.0759   5.774676    35.2588     2.5595     0.0345          0    180.750 328.567856  1022.2310     -0.446     -0.085  0.000e+00
     -0.600    29.0762   5.774485    35.2573     2.6835     0.0368          0    181.000 328.567859  1022.2292     -0.596     -0.154  0.000e+00
     -0.729    29.0759   5.774929    35.2606     2.6241     0.0269          0    181.250 328.567862  1022.2312     -0.725     -0.236  0.000e+00
     -0.924    29.0755   5.775037    35.2617     2.6402     0.0391          0    181.500 328.567865  1022.2313     -0.919     -0.345  0.000e+00
     -1.000    29.0747   5.774837    35.2609     2.6406     0.8081          0    181.750 328.567867  1022.2307     -0.994     -0.435  0.000e+00
     -1.000    29.0741   5.774738    35.2607     2.6938     0.8058          0    182.000 328.567870  1022.2307     -0.994     -0.477  0.000e+00
     -1.000    29.0747   5.554262    33.7475     2.7178     0.8074          0    182.250 328.567873  1021.0948     -0.994     -0.455  0.000e+00
     -1.011    29.0738   3.108206    17.7049     2.9796     0.8074          0    182.500 328.567876  1009.1082     -1.005     -0.381  0.000e+00
     -1.011    29.0713   0.673793     3.3817     3.1987    -0.4385          0    182.750 328.567879   998.4499     -1.005     -0.273  0.000e+00
     -1.000    29.0684   0.701879     3.5328     3.1535    -0.4317          0    183.000 328.567882   998.5634     -0.994     -0.174  0.000e+00
     -1.010    29.0656   0.746764     3.7753     3.1768    -0.4263          0    183.250 328.567885   998.7450     -1.005     -0.092  0.000e+00
     -1.000    29.0631   0.719611     3.6288     3.1141    -0.4278          0    183.500 328.567888   998.6365     -0.994     -0.023  0.000e+00
     -0.989    29.0610   0.949713     4.8861     3.1036    48.6848          0    183.750 328.567891   999.5740     -0.984      0.002  0.000e+00
     -0.978    29.0587   1.122060     5.8467     3.0504    48.6810          0    184.000 328.567894  1000.2899     -0.973      0.009  0.000e+00
     -1.011    29.0560   0.978797     5.0476     3.0228    48.6734          0    184.250 328.567896   999.6957     -1.005      0.006  0.000e+00
