ctd_kilwa/cnv/SBE19plus_01906740_2018_11_26_0071.cnv
* Sea-Bird SBE19plus  Data File:
* FileName = C:\Users\all user\Desktop\Mapping WWF\SBE19plus_01906740_2018_11_26_0071.hex
* Software version 2.6.3.104
* Temperature SN = 6740
* Conductivity SN = 6740
* System UpLoad Time = Nov 26 2018 20:00:43
* <ApplicationData>
* <Seaterm232>
# nquan = 13
# nvalues = 468                                   
# units = specified
# name 0 = prdM: Pressure, Strain Gauge [db]
# name 1 = tv290C: Temperature [ITS-90, deg C]
# name 2 = c0S/m: Conductivity [S/m]
# name 3 = sal00: Salinity, Practical [PSU]
# name 4 = sbeox0ML/L: Oxygen, SBE 43 [ml/l]
# name 5 = flECO-AFL: Fluorescence, WET Labs ECO-AFL/FL [mg/m^3]
# name 6 = nbf: Bottles Fired
# name 7 = timeS: Time, Elapsed [seconds]
# name 8 = timeJ: Julian Days
# name 9 = density00: Density [density, kg/m^3]
# name 10 = depSM: Depth [salt water, m], lat = 0.00
# name 11 = dz/dtM: Descent Rate [m/s]
# name 12 = flag:  0.000e+00
# span 0 =     -1.092,     16.046                 
# span 1 =    28.6931,    29.6065                 
# span 2 =   0.115410,   5.764272                 
# span 3 =     0.5236,    35.3567                 
# span 4 =     2.5710,     5.7530                 
# span 5 =    -0.4362,    48.6772                 
# span 6 =          0,          0                 
# span 7 =      0.000,    116.750                 
# span 8 = 329.635949, 329.637300                 
# span 9 =   996.2368,  1022.4958                 
# span 10 =     -1.086,     15.957                
# span 11 =     -1.106,      0.503                
# span 12 = 0.0000e+00, 0.0000e+00                
# interval = seconds: 0.25
# start_time = Nov 25 2018 15:15:46 [Instrument's time stamp, header]
# bad_flag = -9.990e-29
*END*
     -1.070    29.3259   0.196349     0.9119     3.3757    -0.4240          0      0.000 329.635949   996.5296     -1.065 -8.421e-16  0.000e+00
     -1.092    29.3270   0.156211     0.7178     3.4300    -0.4202          0      0.250 329.635952   996.3839     -1.086     -0.006  0.000e+00
     -1.027    29.3287   0.142217     0.6508     3.4695    -0.4217          0      0.500 329.635955   996.3335     -1.022      0.007  0.000e+00
     -0.919    29.3312   0.129257     0.5891     4.3343    -0.4202          0      0.750 329.635958   996.2870     -0.914      0.046  0.000e+00
     -0.768    29.3373   0.115410     0.5236     4.4767     1.5383          0      1.000 329.635961   996.2368     -0.764      0.115  0.000e+00
     -0.638    29.3746   0.161021     0.7402     4.9231     1.5345          0      1.250 329.635964   996.3885     -0.634      0.199  0.000e+00
     -0.562    29.4525   0.530091     2.5980     4.6375     1.5406          0      1.500 329.635966   997.7535     -0.559      0.274  0.000e+00
     -0.519    29.5096   2.734339    15.2431     4.1521     1.5398          0      1.750 329.635969  1007.1410     -0.516      0.327  0.000e+00
     -0.508    29.5464   2.777723    15.4968     3.9137    48.6726          0      2.000 329.635972  1007.3181     -0.505      0.345  0.000e+00
     -0.508    29.5694   2.829603    15.8071     3.6243    48.6772          0      2.250 329.635975  1007.5416     -0.505      0.327  0.000e+00
     -0.465    29.5826   2.874976    16.0811     3.3479    48.6696          0      2.500 329.635978  1007.7414     -0.462      0.275  0.000e+00
     -0.411    29.5914   2.930802    16.4214     3.0757    48.6764          0      2.750 329.635981  1007.9919     -0.409      0.217  0.000e+00
     -0.335    29.5975   2.865949    16.0208     3.0327     0.0360          0      3.000 329.635984  1007.6925     -0.333      0.174  0.000e+00
     -0.324    29.6020   2.764224    15.3966     2.9574     0.0337          0      3.250 329.635987  1007.2269     -0.323      0.146  0.000e+00
     -0.346    29.6047   2.774579    15.4590     3.0374     0.0315          0      3.500 329.635990  1007.2723     -0.344      0.126  0.000e+00
     -0.357    29.6065   2.748345    15.2983     3.0970     0.0383          0      3.750 329.635992  1007.1522     -0.355      0.109  0.000e+00
     -0.389    29.6039   0.839338     4.2322     3.3307     0.0398          0      4.000 329.635995   998.9261     -0.387      0.084  0.000e+00
     -0.433    29.5983   0.680335     3.3804     3.3828     0.0391          0      4.250 329.635998   998.2933     -0.430      0.042  0.000e+00
     -0.400    29.5929   2.723625    15.1517     3.1821     0.0383          0      4.500 329.636001  1007.0473     -0.398      0.004  0.000e+00
     -0.411    29.5865   2.760597    15.3794     3.1899     0.0330          0      4.750 329.636004  1007.2185     -0.409     -0.030  0.000e+00
     -0.357    29.5781   2.787628    15.5473     3.2036     0.0360          0      5.000 329.636007  1007.3463     -0.355     -0.035  0.000e+00
     -0.378    29.5715   2.795282    15.5962     3.2016     0.0398          0      5.250 329.636010  1007.3847     -0.376     -0.024  0.000e+00
     -0.335    29.5650   2.805216    15.6591     3.1889     0.0475          0      5.500 329.636013  1007.4337     -0.333      0.004  0.000e+00
     -0.324    29.5616   2.762248    15.3973     3.1828     0.0406          0      5.750 329.636016  1007.2402     -0.323      0.030  0.000e+00
     -0.335    29.5614   2.687592    14.9418     3.1910     0.0467          0      6.000 329.636019  1006.9014     -0.333      0.047  0.000e+00
     -0.357    29.5639   1.850202     9.9413     3.2678     0.0505          0      6.250 329.636021  1003.1836     -0.355      0.046  0.000e+00
     -0.389    29.5573   0.249524     1.1675     3.4278     0.0475          0      6.500 329.636024   996.6548     -0.387      0.020  0.000e+00
     -0.400    29.5357   0.239950     1.1209     3.4538     0.0482          0      6.750 329.636027   996.6264     -0.398     -0.001  0.000e+00
     -0.400    29.5212   0.876935     4.4433     3.4112     0.0452          0      7.000 329.636030   999.1083     -0.398     -0.025  0.000e+00
     -0.378    29.5173   2.730103    15.2148     3.2253     0.0223          0      7.250 329.636033  1007.1181     -0.376     -0.027  0.000e+00
     -0.367    29.5158   2.751734    15.3475     3.2373     0.0147          0      7.500 329.636036  1007.2173     -0.365     -0.031  0.000e+00
     -0.389    29.5128   2.747608    15.3232     3.2260     0.0231          0      7.750 329.636039  1007.2001     -0.387     -0.027  0.000e+00
     -0.421    29.5106   2.726742    15.1963     3.2187     0.0246          0      8.000 329.636042  1007.1064     -0.419     -0.025  0.000e+00
     -0.443    29.5102   2.709071    15.0886     3.2232     0.0223          0      8.250 329.636045  1007.0262     -0.440     -0.026  0.000e+00
     -0.443    29.5109   2.711294    15.1019     3.2487     0.0017          0      8.500 329.636047  1007.0359     -0.440     -0.027  0.000e+00
     -0.389    29.5124   2.750364    15.3402     3.2284     0.0086          0      8.750 329.636050  1007.2129     -0.387     -0.018  0.000e+00
     -0.356    29.5168   2.713341    15.1126     3.2221     0.0063          0      9.000 329.636053  1007.0424     -0.354     -0.004  0.000e+00
     -0.345    29.5210   0.905213     4.5973     3.4187     0.0162          0      9.250 329.636056   999.2232     -0.344      0.010  0.000e+00
     -0.400    29.5199   0.217303     1.0103     3.4775     0.0177          0      9.500 329.636059   996.5484     -0.397      0.012  0.000e+00
     -0.475    29.5032   0.183314     0.8455     3.6152     0.0200          0      9.750 329.636062   996.4298     -0.473      0.000  0.000e+00
     -0.583    29.4935   0.165628     0.7605     3.8411     0.0284          0     10.000 329.636065   996.3686     -0.580     -0.041  0.000e+00
     -0.605    29.4866   2.372222    13.0543     3.6544     0.0231          0     10.250 329.636068  1005.5204     -0.602     -0.086  0.000e+00
     -0.475    29.4792   5.468716    32.8851     3.1171     0.2840          0     10.500 329.636071  1020.3152     -0.473     -0.091  0.000e+00
     -0.410    29.4879   3.315467    18.8474     3.3127     0.2855          0     10.750 329.636073  1009.8302     -0.408     -0.076  0.000e+00
     -0.335    29.5060   2.819867    15.7679     3.3284     0.2855          0     11.000 329.636076  1007.5333     -0.333     -0.026  0.000e+00
     -0.335    29.5194   2.744443    15.3018     3.2498     0.2870          0     11.250 329.636079  1007.1824     -0.333      0.032  0.000e+00
     -0.378    29.5234   2.597846    14.4074     3.2310     0.0147          0     11.500 329.636082  1006.5158     -0.376      0.080  0.000e+00
     -0.486    29.5181   0.436060     2.1081     3.5118     0.0261          0     11.750 329.636085   997.3686     -0.483      0.084  0.000e+00
     -0.562    29.5001   0.239542     1.1197     3.5723     0.0200          0     12.000 329.636088   996.6354     -0.559      0.048  0.000e+00
     -0.583    29.4757   0.252733     1.1853     3.6011     0.0139          0     12.250 329.636091   996.6916     -0.580     -0.025  0.000e+00
     -0.518    29.4581   0.279052     1.3161     3.5990     0.0109          0     12.500 329.636094   996.7950     -0.516     -0.086  0.000e+00
     -0.454    29.4428   0.458497     2.2269     3.5420     0.0315          0     12.750 329.636097   997.4800     -0.451     -0.094  0.000e+00
     -0.367    29.4321   2.428825    13.4101     3.3717     0.0360          0     13.000 329.636100  1005.8030     -0.365     -0.058  0.000e+00
     -0.259    29.4274   0.648324     3.2218     3.5761     0.0269          0     13.250 329.636102   998.2275     -0.258      0.030  0.000e+00
     -0.216    29.4271   2.721480    15.1902     3.3006     0.0398          0     13.500 329.636105  1007.1290     -0.215      0.123  0.000e+00
     -0.237    29.4285   2.650703    14.7574     3.2292     0.0246          0     13.750 329.636108  1006.8066     -0.236      0.189  0.000e+00
     -0.259    29.4301   0.412581     1.9914     3.4589     0.0154          0     14.000 329.636111   997.3089     -0.258      0.203  0.000e+00
     -0.270    29.4310   0.742594     3.7249     3.4631     0.0246          0     14.250 329.636114   998.6011     -0.268      0.174  0.000e+00
     -0.248    29.4320   0.373469     1.7918     3.4910     0.0253          0     14.500 329.636117   997.1594     -0.247      0.125  0.000e+00
     -0.194    29.4329   2.711815    15.1292     3.2366     0.0437          0     14.750 329.636120  1007.0819     -0.193      0.089  0.000e+00
     -0.097    29.4333   2.734612    15.2686     3.2724     0.0383          0     15.000 329.636123  1007.1858     -0.096      0.079  0.000e+00
     -0.021    29.4348   2.750660    15.3664     3.2998     0.0398          0     15.250 329.636126  1007.2585     -0.021      0.094  0.000e+00
      0.098    29.4408   2.764676    15.4503     3.3037     0.0315          0     15.500 329.636128  1007.3195      0.097      0.154  0.000e+00
      0.184    29.4516   2.795071    15.6333     3.3324     0.0238          0     15.750 329.636131  1007.4526      0.183      0.227  0.000e+00
      0.249    29.4651   2.795391    15.6309     3.3015     0.0177          0     16.000 329.636134  1007.4468      0.248      0.284  0.000e+00
      0.357    29.4805   2.821566    15.7865     3.2660     0.0231          0     16.250 329.636137  1007.5582      0.355      0.330  0.000e+00
      0.433    29.4962   2.928720    16.4405     3.2650     0.0131          0     16.500 329.636140  1008.0401      0.431      0.352  0.000e+00
      0.530    29.5126   2.761378    15.4073     3.2752     0.0147          0     16.750 329.636143  1007.2668      0.527      0.360  0.000e+00
      0.617    29.5260   5.018856    29.8374     3.0185     0.0391          0     17.000 329.636146  1018.0224      0.614      0.357  0.000e+00
      0.703    29.5356   4.855133    28.7453     3.0434     0.0353          0     17.250 329.636149  1017.2028      0.700      0.355  0.000e+00
      0.757    29.5422   4.019074    23.2891     3.1699     0.0292          0     17.500 329.636152  1013.1271      0.753      0.340  0.000e+00
      0.801    29.5483   5.432125    32.5908     3.0272     0.0299          0     17.750 329.636155  1020.0770      0.796      0.324  0.000e+00
      0.855    29.5524   5.384345    32.2662     3.0574     0.0299          0     18.000 329.636157  1019.8327      0.850      0.305  0.000e+00
      0.909    29.5552   5.474228    32.8701     3.0574     0.0360          0     18.250 329.636160  1020.2843      0.904      0.277  0.000e+00
      0.963    29.5579   5.478805    32.8991     3.0780     0.0253          0     18.500 329.636163  1020.3055      0.958      0.255  0.000e+00
      1.017    29.5573   5.497980    33.0290     3.0778     0.0307          0     18.750 329.636166  1020.4032      1.011      0.233  0.000e+00
      1.136    29.5485   5.551458    33.3966     3.1209     0.0429          0     19.000 329.636169  1020.6821      1.130      0.236  0.000e+00
      1.255    29.5331   5.613418    33.8271     3.1743     0.0429          0     19.250 329.636172  1021.0106      1.248      0.259  0.000e+00
      1.385    29.5110   5.657534    34.1421     3.1626     0.0429          0     19.500 329.636175  1021.2548      1.377      0.303  0.000e+00
      1.471    29.4736   5.694688    34.4215     3.1666     0.0482          0     19.750 329.636178  1021.4773      1.463      0.342  0.000e+00
      1.568    29.4306   5.706475    34.5326     3.1565     0.0452          0     20.000 329.636181  1021.5755      1.560      0.375  0.000e+00
      1.601    29.3964   5.716424    34.6251     3.1668     0.0467          0     20.250 329.636183  1021.6565      1.592      0.383  0.000e+00
      1.622    29.3731   5.696420    34.5053     3.1681     0.0421          0     20.500 329.636186  1021.5746      1.614      0.365  0.000e+00
      1.687    29.3578   5.682969    34.4245     3.1717     0.0421          0     20.750 329.636189  1021.5194      1.678      0.335  0.000e+00
      1.741    29.3469   5.711144    34.6247     3.1745     0.0475          0     21.000 329.636192  1021.6735      1.732      0.288  0.000e+00
      1.839    29.3351   5.738623    34.8210     3.1896     0.0559          0     21.250 329.636195  1021.8252      1.829      0.260  0.000e+00
      1.947    29.3145   5.750586    34.9178     3.2116     0.0604          0     21.500 329.636198  1021.9052      1.936      0.252  0.000e+00
      2.012    29.2834   5.745744    34.9073     3.2349     0.0536          0     21.750 329.636201  1021.9081      2.001      0.260  0.000e+00
      2.098    29.2479   5.751513    34.9727     3.2478     0.0574          0     22.000 329.636204  1021.9695      2.087      0.277  0.000e+00
      2.163    29.2080   5.754369    35.0214     3.2652     0.0421          0     22.250 329.636207  1022.0197      2.151      0.302  0.000e+00
      2.228    29.1725   5.757087    35.0660     3.3191     0.0452          0     22.500 329.636209  1022.0654      2.216      0.316  0.000e+00
      2.261    29.1501   5.752464    35.0507     3.3323     0.0406          0     22.750 329.636212  1022.0615      2.248      0.304  0.000e+00
      2.304    29.1377   5.755403    35.0799     3.3838     0.0513          0     23.000 329.636215  1022.0878      2.291      0.282  0.000e+00
      2.369    29.1309   5.760809    35.1221     3.4053     0.0482          0     23.250 329.636218  1022.1221      2.356      0.255  0.000e+00
      2.433    29.1222   5.760932    35.1293     3.4144     0.0383          0     23.500 329.636221  1022.1306      2.420      0.235  0.000e+00
      2.433    29.1109   5.758834    35.1231     3.4281     0.0505          0     23.750 329.636224  1022.1298      2.420      0.212  0.000e+00
      2.466    29.1024   5.755121    35.1039     3.4405     0.0490          0     24.000 329.636227  1022.1184      2.452      0.187  0.000e+00
      2.488    29.0954   5.759385    35.1383     3.4321     0.0253          0     24.250 329.636230  1022.1466      2.474      0.166  0.000e+00
      2.520    29.0878   5.760902    35.1543     3.4572     0.0337          0     24.500 329.636233  1022.1614      2.506      0.149  0.000e+00
      2.542    29.0806   5.759998    35.1535     3.4661     0.0345          0     24.750 329.636236  1022.1632      2.528      0.136  0.000e+00
      2.596    29.0744   5.762334    35.1740     3.4579     0.0253          0     25.000 329.636238  1022.1809      2.581      0.128  0.000e+00
      2.704    29.0674   5.764173    35.1918     3.4277     0.0337          0     25.250 329.636241  1022.1971      2.689      0.140  0.000e+00
      2.823    29.0552   5.764272    35.2014     3.4550     0.0589          0     25.500 329.636244  1022.2089      2.807      0.179  0.000e+00
      2.899    29.0404   5.760903    35.1892     3.4833     0.0604          0     25.750 329.636247  1022.2050      2.883      0.229  0.000e+00
      2.942    29.0237   5.758353    35.1839     3.5209     0.0513          0     26.000 329.636250  1022.2068      2.926      0.260  0.000e+00
      2.985    29.0088   5.748786    35.1289     3.5319     0.0521          0     26.250 329.636253  1022.1707      2.969      0.280  0.000e+00
      3.039    28.9983   5.735702    35.0465     3.5724     0.0192          0     26.500 329.636256  1022.1125      3.022      0.286  0.000e+00
      3.115    28.9883   5.738951    35.0762     3.5733     0.0124          0     26.750 329.636259  1022.1385      3.098      0.287  0.000e+00
      3.180    28.9813   5.754565    35.1890     3.5571     0.0086          0     27.000 329.636262  1022.2258      3.162      0.272  0.000e+00
      3.266    28.9786   5.760353    35.2308     3.5743     0.0124          0     27.250 329.636264  1022.2586      3.248      0.257  0.000e+00
      3.331    28.9735   5.759319    35.2274     3.5856     0.0330          0     27.500 329.636267  1022.2579      3.313      0.249  0.000e+00
