ctd_kilwa/cnv/SBE19plus_01906740_2018_11_26_0048.cnv
* Sea-Bird SBE19plus  Data File:
* FileName = C:\Users\all user\Desktop\Mapping WWF\SBE19plus_01906740_2018_11_26_0048.hex
* Software version 2.6.3.104
* Temperature SN = 6740
* Conductivity SN = 6740
* System UpLoad Time = Nov 26 2018 19:55:32
* <ApplicationData>
* <Seaterm232>
# nquan = 13
# nvalues = 889                                   
# units = specified
# name 0 = prdM: Pressure, Strain Gauge [db]
# name 1 = tv290C: Temperature [ITS-90, deg C]
# name 2 = c0S/m: Conductivity [S/m]
# name 3 = sal00: Salinity, Practical [PSU]
# name 4 = sbeox0ML/L: Oxygen, SBE 43 [ml/l]
# name 5 = flECO-AFL: Fluorescence, WET Labs ECO-AFL/FL [mg/m^3]
# name 6 = nbf: Bottles Fired
# name 7 = timeS: Time, Elapsed [seconds]
# name 8 = timeJ: Julian Days
# name 9 = density00: Density [density, kg/m^3]
# name 10 = depSM: Depth [salt water, m], lat = 0.00
# name 11 = dz/dtM: Descent Rate [m/s]
# name 12 = flag:  0.000e+00
# span 0 =     -1.078,     19.637                 
# span 1 =    28.3005,    33.3317                 
# span 2 =   0.568840,   6.077631                 
# span 3 =     2.8349,    36.8871                 
# span 4 =     2.1090,     2.9552                 
# span 5 =    -0.4462,    48.6818                 
# span 6 =          0,          0                 
# span 7 =      0.000,    222.000                 
# span 8 = 328.518183, 328.520752                 
# span 9 =   997.5139,  1023.2491                 
# span 10 =     -1.072,     19.529                
# span 11 =     -0.666,      0.288                
# span 12 = 0.0000e+00, 0.0000e+00                
# interval = seconds: 0.25
# start_time = Nov 24 2018 12:26:11 [Instrument's time stamp, header]
# bad_flag = -9.990e-29
*END*
[from data line 112]
      1.938    29.1998   5.864500    35.7846     2.2506     0.0238          0     28.000 328.518507  1022.5945      1.927      0.117  0.000e+00
      1.970    29.2078   5.872451    35.8333     2.2446     0.0215          0     28.250 328.518510  1022.6285      1.959      0.136  0.000e+00
      2.013    29.2126   5.878460    35.8711     2.2488     0.0063          0     28.500 328.518513  1022.6555      2.002      0.148  0.000e+00
      1.992    29.2104   5.882347    35.8995     2.2425    -0.0021          0     28.750 328.518516  1022.6775      1.981      0.140  0.000e+00
      2.002    29.2032   5.883939    35.9159     2.2420    -0.0014          0     29.000 328.518519  1022.6922      1.991      0.120  0.000e+00
      2.003    29.1968   5.884967    35.9277     2.2359    -0.0082          0     29.250 328.518521  1022.7033      1.992      0.094  0.000e+00
      2.013    29.2041   5.886335    35.9317     2.2346     0.0017          0     29.500 328.518524  1022.7038      2.002      0.071  0.000e+00
      2.024    29.2362   5.881226    35.8724     2.2306    -0.0120          0     29.750 328.518527  1022.6485      2.013      0.048  0.000e+00
      2.024    29.2614   5.878290    35.8333     2.2244    -0.0097          0     30.000 328.518530  1022.6107      2.013      0.035  0.000e+00
      2.046    29.2742   5.875701    35.8060     2.2219    -0.0143          0     30.250 328.518533  1022.5859      2.035      0.027  0.000e+00
      2.057    29.2762   5.871207    35.7735     2.2203    -0.0143          0     30.500 328.518536  1022.5610      2.045      0.027  0.000e+00
      2.057    29.2727   5.870728    35.7729     2.2161     0.0162          0     30.750 328.518539  1022.5617      2.045      0.035  0.000e+00
      2.046    29.2694   5.864962    35.7357     2.2148     0.0215          0     31.000 328.518542  1022.5348      2.035      0.030  0.000e+00
      2.046    29.2637   5.857948    35.6917     2.2087     0.0223          0     31.250 328.518545  1022.5036      2.035      0.024  0.000e+00
      2.089    29.2531   5.845196    35.6119     2.2085     0.0208          0     31.500 328.518547  1022.4475      2.077      0.028  0.000e+00
      2.143    29.2170   5.833349    35.5573     2.2052     0.0246          0     31.750 328.518550  1022.4189      2.131      0.044  0.000e+00
      2.197    29.1701   5.841206    35.6462     2.2095     0.0200          0     32.000 328.518553  1022.5017      2.185      0.069  0.000e+00
      2.219    29.1472   5.852930    35.7441     2.2028     0.0192          0     32.250 328.518556  1022.5830      2.207      0.089  0.000e+00
      2.251    29.1300   5.858576    35.7959     2.1949     0.0208          0     32.500 328.518559  1022.6278      2.239      0.111  0.000e+00
      2.305    29.1146   5.863622    35.8422     2.1980     0.0162          0     32.750 328.518562  1022.6680      2.292      0.138  0.000e+00
      2.348    29.1028   5.865891    35.8667     2.1901     0.0231          0     33.000 328.518565  1022.6905      2.335      0.159  0.000e+00
      2.392    29.0947   5.870184    35.9024     2.1971     0.0246          0     33.250 328.518568  1022.7202      2.378      0.169  0.000e+00
      2.424    29.0887   5.875543    35.9439     2.1936     0.0154          0     33.500 328.518571  1022.7536      2.411      0.165  0.000e+00
      2.424    29.0823   5.879537    35.9763     2.2000     0.0215          0     33.750 328.518573  1022.7801      2.411      0.150  0.000e+00
      2.402    29.0733   5.880951    35.9928     2.1909     0.0063          0     34.000 328.518576  1022.7954      2.389      0.125  0.000e+00
      2.413    29.0632   5.879599    35.9911     2.1913     0.0086          0     34.250 328.518579  1022.7976      2.400      0.103  0.000e+00
      2.413    29.0584   5.879089    35.9912     2.1913     0.0070          0     34.500 328.518582  1022.7992      2.400      0.074  0.000e+00
      2.402    29.0591   5.876787    35.9747     2.1774     0.0063          0     34.750 328.518585  1022.7866      2.389      0.040  0.000e+00
      2.446    29.0617   5.865167    35.8926     2.1692    -0.0021          0     35.000 328.518588  1022.7242      2.432      0.026  0.000e+00
      2.467    29.0624   5.866394    35.9005     2.1628    -0.0029          0     35.250 328.518591  1022.7300      2.454      0.022  0.000e+00
      2.521    29.0615   5.871659    35.9375     2.1630    -0.0014          0     35.500 328.518594  1022.7583      2.507      0.040  0.000e+00
      2.521    29.0629   5.879058    35.9876     2.1640    -0.0052          0     35.750 328.518597  1022.7955      2.507      0.059  0.000e+00
      2.521    29.0637   5.883316    36.0164     2.1564    -0.0029          0     36.000 328.518600  1022.8169      2.508      0.072  0.000e+00
      2.467    29.0632   5.885132    36.0294     2.1619    -0.0075          0     36.250 328.518602  1022.8266      2.454      0.057  0.000e+00
      2.467    29.0625   5.876803    35.9723     2.1617    -0.0029          0     36.500 328.518605  1022.7839      2.454      0.041  0.000e+00
      2.468    29.0633   5.871211    35.9331     2.1640    -0.0075          0     36.750 328.518608  1022.7542      2.454      0.022  0.000e+00
      2.489    29.0646   5.867683    35.9077     2.1575    -0.0097          0     37.000 328.518611  1022.7348      2.475      0.001  0.000e+00
      2.511    29.0651   5.860922    35.8607     2.1543    -0.0029          0     37.250 328.518614  1022.6994      2.497     -0.006  0.000e+00
      2.554    29.0636   5.845307    35.7540     2.1538    -0.0029          0     37.500 328.518617  1022.6199      2.540      0.002  0.000e+00
      2.576    29.0499   5.842934    35.7478     2.1453     0.0002          0     37.750 328.518620  1022.6200      2.562      0.028  0.000e+00
      2.630    29.0323   5.847582    35.7931     2.1472    -0.0029          0     38.000 328.518623  1022.6601      2.615      0.065  0.000e+00
      2.641    29.0224   5.849363    35.8128     2.1397     0.0170          0     38.250 328.518626  1022.6783      2.626      0.097  0.000e+00
      2.695    29.0147   5.847359    35.8048     2.1405     0.0238          0     38.500 328.518628  1022.6751      2.680      0.118  0.000e+00
      2.749    29.0061   5.844946    35.7945     2.1433     0.0170          0     38.750 328.518631  1022.6704      2.734      0.139  0.000e+00
      2.814    28.9951   5.841849    35.7813     2.1417     0.0208          0     39.000 328.518634  1022.6645      2.798      0.157  0.000e+00
      2.879    28.9808   5.832569    35.7279     2.1453     0.0215          0     39.250 328.518637  1022.6295      2.863      0.177  0.000e+00
      2.965    28.9604   5.820748    35.6614     2.1442     0.0200          0     39.500 328.518640  1022.5867      2.949      0.202  0.000e+00
      3.019    28.9378   5.815911    35.6448     2.1447     0.0215          0     39.750 328.518643  1022.5821      3.003      0.225  0.000e+00
      3.073    28.9211   5.815473    35.6543     2.1449     0.0200          0     40.000 328.518646  1022.5950      3.056      0.239  0.000e+00
      3.127    28.9087   5.815242    35.6620     2.1427     0.0086          0     40.250 328.518649  1022.6051      3.110      0.252  0.000e+00
      3.149    28.8989   5.815596    35.6717     2.1366     0.0047          0     40.500 328.518652  1022.6158      3.132      0.241  0.000e+00
      3.214    28.8891   5.816981    35.6886     2.1449     0.0040          0     40.750 328.518655  1022.6321      3.196      0.231  0.000e+00
      3.246    28.8810   5.819834    35.7144     2.1417     0.0063          0     41.000 328.518657  1022.6543      3.228      0.214  0.000e+00
      3.257    28.8772   5.823358    35.7417     2.1357     0.0101          0     41.250 328.518660  1022.6761      3.239      0.188  0.000e+00
      3.300    28.8783   5.824427    35.7483     2.1374     0.0078          0     41.500 328.518663  1022.6809      3.282      0.166  0.000e+00
      3.343    28.8802   5.824112    35.7446     2.1349     0.0147          0     41.750 328.518666  1022.6777      3.325      0.156  0.000e+00
      3.365    28.8784   5.824820    35.7509     2.1262     0.0139          0     42.000 328.518669  1022.6831      3.347      0.144  0.000e+00
      3.387    28.8743   5.825805    35.7608     2.1349    -0.0014          0     42.250 328.518672  1022.6920      3.368      0.133  0.000e+00
      3.408    28.8693   5.826728    35.7709     2.1175     0.0505          0     42.500 328.518675  1022.7013      3.390      0.125  0.000e+00
      3.408    28.8643   5.826036    35.7699     2.1174     0.0444          0     42.750 328.518678  1022.7022      3.390      0.106  0.000e+00
      3.462    28.8585   5.824589    35.7642     2.1174     0.0459          0     43.000 328.518681  1022.7001      3.443      0.105  0.000e+00
      3.527    28.8509   5.819012    35.7313     2.1178     0.0444          0     43.250 328.518683  1022.6782      3.508      0.116  0.000e+00
      3.571    28.8383   5.812138    35.6931     2.1194     0.0063          0     43.500 328.518686  1022.6539      3.551      0.123  0.000e+00
      3.646    28.8213   5.805882    35.6624     2.1218     0.0070          0     43.750 328.518689  1022.6369      3.626      0.144  0.000e+00
      3.711    28.8048   5.801019    35.6411     2.1090     0.0109          0     44.000 328.518692  1022.6266      3.691      0.174  0.000e+00
      3.776    28.7896   5.798900    35.6378     2.1165     0.0047          0     44.250 328.518695  1022.6295      3.755      0.203  0.000e+00
      3.809    28.7771   5.797871    35.6399     2.1286    -0.0014          0     44.500 328.518698  1022.6354      3.788      0.221  0.000e+00
      3.787    28.7671   5.799323    35.6576     2.1253    -0.0014          0     44.750 328.518701  1022.6519      3.766      0.213  0.000e+00
      3.809    28.7603   5.800006    35.6674     2.1274    -0.0052          0     45.000 328.518704  1022.6616      3.788      0.185  0.000e+00
      3.820    28.7578   5.800006    35.6692     2.1312    -0.0067          0     45.250 328.518707  1022.6639      3.799      0.151  0.000e+00
      3.841    28.7553   5.800106    35.6718     2.1297     0.0177          0     45.500 328.518709  1022.6668      3.820      0.120  0.000e+00
      3.863    28.7522   5.800306    35.6755     2.1301     0.0147          0     45.750 328.518712  1022.6707      3.842      0.089  0.000e+00
      3.906    28.7510   5.799346    35.6698     2.1340     0.0208          0     46.000 328.518715  1022.6670      3.885      0.076  0.000e+00
      3.971    28.7540   5.797726    35.6562     2.1369     0.0292          0     46.250 328.518718  1022.6560      3.949      0.084  0.000e+00
      4.047    28.7584   5.793487    35.6235     2.1307     0.0200          0     46.500 328.518721  1022.6303      4.024      0.116  0.000e+00
      4.090    28.7579   5.792229    35.6151     2.1351     0.0093          0     46.750 328.518724  1022.6244      4.067      0.153  0.000e+00
      4.133    28.7521   5.790647    35.6085     2.1233     0.0047          0     47.000 328.518727  1022.6216      4.110      0.175  0.000e+00
      4.165    28.7453   5.791269    35.6179     2.1260     0.0101          0     47.250 328.518730  1022.6310      4.143      0.190  0.000e+00
      4.198    28.7391   5.790256    35.6155     2.1239     0.0040          0     47.500 328.518733  1022.6314      4.175      0.194  0.000e+00
      4.230    28.7332   5.790686    35.6229     2.1228     0.0162          0     47.750 328.518736  1022.6391      4.207      0.188  0.000e+00
      4.263    28.7256   5.790848    35.6297     2.1184     0.0162          0     48.000 328.518738  1022.6468      4.239      0.172  0.000e+00
      4.285    28.7181   5.792345    35.6457     2.1262     0.0215          0     48.250 328.518741  1022.6615      4.261      0.150  0.000e+00
      4.284    28.7124   5.793519    35.6581     2.1286     0.0223          0     48.500 328.518744  1022.6727      4.261      0.124  0.000e+00
      4.317    28.7084   5.792997    35.6575     2.1336     0.0154          0     48.750 328.518747  1022.6737      4.293      0.111  0.000e+00
      4.339    28.7045   5.791470    35.6498     2.1326     0.0154          0     49.000 328.518750  1022.6693      4.315      0.100  0.000e+00
      4.382    28.6982   5.790073    35.6448     2.1380     0.0124          0     49.250 328.518753  1022.6678      4.358      0.099  0.000e+00
      4.458    28.6906   5.786743    35.6274     2.1386     0.0177          0     49.500 328.518756  1022.6576      4.433      0.112  0.000e+00
      4.501    28.6832   5.785147    35.6218     2.1394     0.0109          0     49.750 328.518759  1022.6560      4.476      0.128  0.000e+00
      4.544    28.6771   5.780215    35.5921     2.1397     0.0101          0     50.000 328.518762  1022.6360      4.519      0.146  0.000e+00
      4.620    28.6718   5.777447    35.5768     2.1400     0.0116          0     50.250 328.518764  1022.6265      4.594      0.174  0.000e+00
      4.631    28.6680   5.776765    35.5749     2.1336     0.0086          0     50.500 328.518767  1022.6264      4.605      0.188  0.000e+00
      4.674    28.6665   5.776634    35.5752     2.1334     0.0109          0     50.750 328.518770  1022.6273      4.648      0.191  0.000e+00
      4.718    28.6656   5.769667    35.5274     2.1393     0.0452          0     51.000 328.518773  1022.5919      4.692      0.190  0.000e+00
      4.782    28.6579   5.763239    35.4885     2.1346     0.0429          0     51.250 328.518776  1022.5655      4.756      0.188  0.000e+00
      4.826    28.6498   5.762696    35.4908     2.1435     0.0444          0     51.500 328.518779  1022.5701      4.799      0.181  0.000e+00
      4.858    28.6501   5.763155    35.4937     2.1450     0.0490          0     51.750 328.518782  1022.5723      4.831      0.179  0.000e+00
      4.880    28.6494   5.764051    35.5005     2.1373     0.0688          0     52.000 328.518785  1022.5777      4.853      0.170  0.000e+00
      4.923    28.6437   5.763891    35.5036     2.1388     0.0612          0     52.250 328.518788  1022.5822      4.896      0.162  0.000e+00
      4.988    28.6360   5.763960    35.5098     2.1382     0.0574          0     52.500 328.518791  1022.5896      4.960      0.172  0.000e+00
      5.009    28.6278   5.762474    35.5056     2.1425     0.0574          0     52.750 328.518793  1022.5893      4.982      0.166  0.000e+00
      5.053    28.6209   5.762857    35.5135     2.1397     0.0330          0     53.000 328.518796  1022.5977      5.025      0.161  0.000e+00
      5.107    28.6155   5.762045    35.5118     2.1422     0.0337          0     53.250 328.518799  1022.5985      5.079      0.159  0.000e+00
      5.150    28.6120   5.762237    35.5158     2.1424     0.0269          0     53.500 328.518802  1022.6028      5.122      0.165  0.000e+00
      5.183    28.6091   5.762474    35.5196     2.1402     0.0360          0     53.750 328.518805  1022.6068      5.154      0.169  0.000e+00
      5.226    28.6069   5.762046    35.5182     2.1481     0.0345          0     54.000 328.518808  1022.6066      5.197      0.172  0.000e+00
      5.258    28.6051   5.761915    35.5186     2.1472     0.0307          0     54.250 328.518811  1022.6077      5.229      0.167  0.000e+00
      5.334    28.6036   5.761111    35.5142     2.1519     0.0330          0     54.500 328.518814  1022.6052      5.305      0.170  0.000e+00
      5.377    28.6015   5.760078    35.5085     2.1484     0.0337          0     54.750 328.518817  1022.6018      5.348      0.179  0.000e+00
      5.410    28.5985   5.759779    35.5087     2.1514     0.0376          0     55.000 328.518819  1022.6031      5.380      0.179  0.000e+00
      5.420    28.5953   5.758715    35.5037     2.1538     0.0307          0     55.250 328.518822  1022.6005      5.390      0.169  0.000e+00
