ctd_kilwa/cnv/SBE19plus_01906740_2018_11_26_0069.cnv
* Sea-Bird SBE19plus  Data File:
* FileName = C:\Users\all user\Desktop\Mapping WWF\SBE19plus_01906740_2018_11_26_0069.hex
* Software version 2.6.3.104
* Temperature SN = 6740
* Conductivity SN = 6740
* System UpLoad Time = Nov 26 2018 20:00:16
* <ApplicationData>
* <Seaterm232>
# nquan = 13
# nvalues = 843                                   
# units = specified
# name 0 = prdM: Pressure, Strain Gauge [db]
# name 1 = tv290C: Temperature [ITS-90, deg C]
# name 2 = c0S/m: Conductivity [S/m]
# name 3 = sal00: Salinity, Practical [PSU]
# name 4 = sbeox0ML/L: Oxygen, SBE 43 [ml/l]
# name 5 = flECO-AFL: Fluorescence, WET Labs ECO-AFL/FL [mg/m^3]
# name 6 = nbf: Bottles Fired
# name 7 = timeS: Time, Elapsed [seconds]
# name 8 = timeJ: Julian Days
# name 9 = density00: Density [density, kg/m^3]
# name 10 = depSM: Depth [salt water, m], lat = 0.00
# name 11 = dz/dtM: Descent Rate [m/s]
# name 12 = flag:  0.000e+00
# span 0 =     -1.097,     14.335                 
# span 1 =    28.6160,    34.0135                 
# span 2 =   0.475386,   5.898959                 
# span 3 =     2.3390,    36.0365                 
# span 4 =     2.0895,     3.6335                 
# span 5 =    -0.4393,    48.6909                 
# span 6 =          0,          0                 
# span 7 =      0.000,    210.500                 
# span 8 = 329.609745, 329.612182                 
# span 9 =   996.5411,  1022.8420                 
# span 10 =     -1.091,     14.255                
# span 11 =     -0.927,      0.924                
# span 12 = 0.0000e+00, 0.0000e+00                
# interval = seconds: 0.25
# start_time = Nov 25 2018 14:38:02 [Instrument's time stamp, header]
# bad_flag = -9.990e-29
*END*
[from data line 223]
      4.009    28.8147   5.801311    35.6356     2.1043     0.0086          0     55.750 329.610391  1022.6205      3.987      0.213  0.000e+00
      4.030    28.8066   5.800436    35.6356     2.1092     0.0124          0     56.000 329.610394  1022.6233      4.008      0.172  0.000e+00
      4.073    28.8027   5.799384    35.6312     2.1205     0.0200          0     56.250 329.610396  1022.6215      4.051      0.150  0.000e+00
      4.149    28.8005   5.796289    35.6114     2.1200     0.0192          0     56.500 329.610399  1022.6076      4.126      0.144  0.000e+00
      4.236    28.7975   5.792151    35.5849     2.1312     0.0238          0     56.750 329.610402  1022.5891      4.212      0.164  0.000e+00
      4.268    28.7866   5.790041    35.5784     2.1321     0.0192          0     57.000 329.610405  1022.5880      4.244      0.172  0.000e+00
      4.279    28.7748   5.789741    35.5852     2.1339     0.0200          0     57.250 329.610408  1022.5970      4.255      0.178  0.000e+00
      4.289    28.7668   5.790033    35.5932     2.1398     0.0215          0     57.500 329.610411  1022.6058      4.266      0.177  0.000e+00
      4.300    28.7611   5.790164    35.5983     2.1482     0.0231          0     57.750 329.610414  1022.6116      4.276      0.165  0.000e+00
      4.300    28.7581   5.790778    35.6048     2.1512     0.0215          0     58.000 329.610417  1022.6175      4.276      0.139  0.000e+00
      4.300    28.7571   5.789872    35.5993     2.1481     0.0109          0     58.250 329.610420  1022.6137      4.276      0.101  0.000e+00
      4.376    28.7559   5.788407    35.5900     2.1658     0.0101          0     58.500 329.610422  1022.6074      4.352      0.079  0.000e+00
      4.484    28.7513   5.784302    35.5650     2.1612     0.0047          0     58.750 329.610425  1022.5906      4.459      0.091  0.000e+00
      4.549    28.7436   5.778841    35.5328     2.1718     0.0070          0     59.000 329.610428  1022.5693      4.524      0.127  0.000e+00
      4.646    28.7354   5.775820    35.5179     2.1719     0.0139          0     59.250 329.610431  1022.5612      4.620      0.179  0.000e+00
      4.678    28.7266   5.774747    35.5171     2.1789     0.0170          0     59.500 329.610434  1022.5637      4.652      0.218  0.000e+00
      4.743    28.7199   5.774655    35.5214     2.1861     0.0192          0     59.750 329.610437  1022.5694      4.717      0.251  0.000e+00
      4.743    28.7170   5.774295    35.5211     2.1935     0.0139          0     60.000 329.610440  1022.5702      4.717      0.258  0.000e+00
      4.786    28.7158   5.757242    35.4037     2.2233     0.0192          0     60.250 329.610443  1022.4826      4.760      0.246  0.000e+00
      4.765    28.7114   5.746919    35.3354     2.2197     0.0063          0     60.500 329.610446  1022.4326      4.739      0.197  0.000e+00
      4.830    28.7016   5.742567    35.3125     2.2186     0.0086          0     60.750 329.610448  1022.4189      4.803      0.159  0.000e+00
      4.895    28.6886   5.739768    35.3027     2.2178     0.0116          0     61.000 329.610451  1022.4162      4.868      0.143  0.000e+00
      4.981    28.6761   5.737605    35.2970     2.2249     0.0070          0     61.250 329.610454  1022.4164      4.954      0.146  0.000e+00
      5.078    28.6648   5.737514    35.3047     2.2103     0.0215          0     61.500 329.610457  1022.4264      5.050      0.177  0.000e+00
      5.143    28.6546   5.736191    35.3031     2.2042     0.0192          0     61.750 329.610460  1022.4289      5.115      0.208  0.000e+00
      5.176    28.6486   5.735228    35.3009     2.1942     0.0162          0     62.000 329.610463  1022.4293      5.147      0.239  0.000e+00
      5.176    28.6454   5.734067    35.2952     2.1979     0.0185          0     62.250 329.610466  1022.4260      5.148      0.240  0.000e+00
      5.165    28.6434   5.734327    35.2985     2.2148     0.0490          0     62.500 329.610469  1022.4292      5.137      0.224  0.000e+00
      5.187    28.6408   5.733983    35.2980     2.2322     0.0475          0     62.750 329.610472  1022.4298      5.158      0.182  0.000e+00
      5.209    28.6394   5.733777    35.2976     2.2592     0.0406          0     63.000 329.610475  1022.4300      5.180      0.139  0.000e+00
      5.220    28.6379   5.733715    35.2983     2.2669     0.0398          0     63.250 329.610477  1022.4311      5.191      0.095  0.000e+00
      5.209    28.6368   5.733326    35.2964     2.2918     0.0475          0     63.500 329.610480  1022.4300      5.180      0.055  0.000e+00
      5.241    28.6369   5.733165    35.2952     2.3113     0.0055          0     63.750 329.610483  1022.4292      5.213      0.042  0.000e+00
      5.263    28.6367   5.732875    35.2933     2.3331     0.0086          0     64.000 329.610486  1022.4279      5.234      0.044  0.000e+00
      5.306    28.6367   5.732653    35.2918     2.3547     0.0063          0     64.250 329.610489  1022.4269      5.277      0.062  0.000e+00
      5.350    28.6362   5.732202    35.2890     2.3662     0.0101          0     64.500 329.610492  1022.4252      5.320      0.082  0.000e+00
      5.425    28.6353   5.732332    35.2905     2.3716     0.0177          0     64.750 329.610495  1022.4270      5.396      0.107  0.000e+00
      5.480    28.6336   5.731622    35.2869     2.4024     0.0162          0     65.000 329.610498  1022.4251      5.449      0.136  0.000e+00
      5.480    28.6318   5.731545    35.2877     2.4226     0.0215          0     65.250 329.610501  1022.4263      5.449      0.154  0.000e+00
      5.469    28.6312   5.731171    35.2856     2.4119     0.0215          0     65.500 329.610503  1022.4248      5.439      0.154  0.000e+00
      5.480    28.6325   5.730117    35.2773     2.4219    -0.0029          0     65.750 329.610506  1022.4182      5.449      0.136  0.000e+00
      5.490    28.6336   5.729857    35.2747     2.4222    -0.0006          0     66.000 329.610509  1022.4159      5.460      0.115  0.000e+00
      5.533    28.6339   5.729826    35.2742     2.4354    -0.0014          0     66.250 329.610512  1022.4157      5.503      0.095  0.000e+00
      5.620    28.6343   5.729628    35.2725     2.4400    -0.0052          0     66.500 329.610515  1022.4146      5.589      0.095  0.000e+00
      5.674    28.6345   5.729918    35.2744     2.4436     0.0147          0     66.750 329.610518  1022.4162      5.643      0.103  0.000e+00
      5.728    28.6343   5.729918    35.2745     2.4251     0.0261          0     67.000 329.610521  1022.4166      5.696      0.129  0.000e+00
      5.717    28.6341   5.729826    35.2740     2.4363     0.0177          0     67.250 329.610524  1022.4163      5.686      0.150  0.000e+00
      5.674    28.6332   5.729597    35.2731     2.4397     0.0185          0     67.500 329.610527  1022.4157      5.643      0.143  0.000e+00
      5.587    28.6325   5.729444    35.2726     2.4474     0.0185          0     67.750 329.610530  1022.4151      5.557      0.097  0.000e+00
      5.566    28.6319   5.728665    35.2676     2.4663     0.0353          0     68.000 329.610532  1022.4115      5.535      0.041  0.000e+00
      5.609    28.6319   5.728734    35.2681     2.4724     0.0353          0     68.250 329.610535  1022.4121      5.578     -0.006  0.000e+00
      5.706    28.6330   5.728956    35.2688     2.4846     0.0376          0     68.500 329.610538  1022.4126      5.675     -0.020  0.000e+00
      5.793    28.6333   5.729055    35.2692     2.4942     0.0360          0     68.750 329.610541  1022.4132      5.761      0.006  0.000e+00
      5.934    28.6326   5.728704    35.2673     2.4894     0.0131          0     69.000 329.610544  1022.4126      5.901      0.076  0.000e+00
      6.009    28.6313   5.728085    35.2639     2.4918     0.0093          0     69.250 329.610547  1022.4108      5.976      0.167  0.000e+00
      6.063    28.6301   5.728024    35.2644     2.5092     0.0063          0     69.500 329.610550  1022.4118      6.030      0.250  0.000e+00
      6.042    28.6299   5.728184    35.2656     2.5160     0.0109          0     69.750 329.610553  1022.4127      6.008      0.289  0.000e+00
      6.042    28.6299   5.727833    35.2632     2.5208     0.0086          0     70.000 329.610556  1022.4109      6.009      0.276  0.000e+00
      6.053    28.6304   5.727932    35.2635     2.5159     0.0078          0     70.250 329.610558  1022.4110      6.019      0.227  0.000e+00
      6.063    28.6303   5.727863    35.2631     2.5350     0.0086          0     70.500 329.610561  1022.4108      6.030      0.164  0.000e+00
      6.117    28.6297   5.728054    35.2648     2.5610     0.0070          0     70.750 329.610564  1022.4125      6.084      0.117  0.000e+00
      6.161    28.6298   5.727894    35.2636     2.5578     0.0444          0     71.000 329.610567  1022.4118      6.127      0.083  0.000e+00
      6.172    28.6301   5.727734    35.2623     2.5532     0.0437          0     71.250 329.610570  1022.4107      6.138      0.074  0.000e+00
      6.215    28.6306   5.727772    35.2622     2.5499     0.0490          0     71.500 329.610573  1022.4106      6.180      0.086  0.000e+00
      6.215    28.6310   5.727741    35.2617     2.5588     0.0490          0     71.750 329.610576  1022.4101      6.180      0.103  0.000e+00
      6.247    28.6305   5.727482    35.2602     2.5632     0.0459          0     72.000 329.610579  1022.4093      6.213      0.111  0.000e+00
      6.301    28.6301   5.726802    35.2558     2.5609     0.0177          0     72.250 329.610582  1022.4064      6.266      0.120  0.000e+00
      6.355    28.6294   5.727092    35.2583     2.5604     0.0200          0     72.500 329.610584  1022.4087      6.320      0.129  0.000e+00
      6.431    28.6291   5.727191    35.2592     2.5711     0.0139          0     72.750 329.610587  1022.4098      6.395      0.142  0.000e+00
      6.474    28.6297   5.727161    35.2585     2.5928     0.0177          0     73.000 329.610590  1022.4093      6.438      0.160  0.000e+00
      6.496    28.6299   5.727092    35.2579     2.5915    -0.0067          0     73.250 329.610593  1022.4089      6.460      0.174  0.000e+00
      6.474    28.6297   5.726901    35.2567     2.6001     0.0017          0     73.500 329.610596  1022.4079      6.438      0.164  0.000e+00
      6.431    28.6290   5.726710    35.2559     2.5932    -0.0029          0     73.750 329.610599  1022.4074      6.395      0.137  0.000e+00
      6.420    28.6276   5.726321    35.2543     2.6002    -0.0006          0     74.000 329.610602  1022.4065      6.385      0.092  0.000e+00
      6.431    28.6270   5.726130    35.2534     2.5828     0.0177          0     74.250 329.610605  1022.4061      6.395      0.047  0.000e+00
      6.463    28.6269   5.726412    35.2554     2.5762     0.0177          0     74.500 329.610608  1022.4078      6.428      0.017  0.000e+00
      6.528    28.6274   5.726451    35.2553     2.5752     0.0238          0     74.750 329.610611  1022.4078      6.492      0.011  0.000e+00
      6.636    28.6277   5.726359    35.2544     2.5856     0.0200          0     75.000 329.610613  1022.4075      6.600      0.048  0.000e+00
      6.755    28.6272   5.726390    35.2549     2.5812     0.0505          0     75.250 329.610616  1022.4086      6.718      0.118  0.000e+00
      6.831    28.6268   5.726199    35.2539     2.5968     0.0643          0     75.500 329.610619  1022.4083      6.793      0.195  0.000e+00
      6.863    28.6259   5.725832    35.2520     2.6078     0.0574          0     75.750 329.610622  1022.4073      6.826      0.252  0.000e+00
      6.874    28.6254   5.725618    35.2509     2.6184     0.0559          0     76.000 329.610625  1022.4067      6.837      0.272  0.000e+00
      6.853    28.6249   5.725427    35.2499     2.6218     0.0505          0     76.250 329.610628  1022.4060      6.815      0.253  0.000e+00
      6.831    28.6244   5.725488    35.2507     2.6309     0.1886          0     76.500 329.610631  1022.4067      6.794      0.202  0.000e+00
      6.777    28.6234   5.725427    35.2511     2.6536     0.1924          0     76.750 329.610634  1022.4071      6.740      0.121  0.000e+00
      6.766    28.6232   5.725359    35.2508     2.6437     0.1909          0     77.000 329.610637  1022.4069      6.729      0.038  0.000e+00
      6.788    28.6236   5.725519    35.2516     2.6579     0.1917          0     77.250 329.610639  1022.4075      6.750     -0.019  0.000e+00
      6.831    28.6246   5.725748    35.2524     2.6468     0.0765          0     77.500 329.610642  1022.4079      6.793     -0.035  0.000e+00
      6.863    28.6256   5.725588    35.2505     2.6493     0.0788          0     77.750 329.610645  1022.4063      6.825     -0.022  0.000e+00
      6.896    28.6265   5.725550    35.2496     2.6412     0.0788          0     78.000 329.610648  1022.4054      6.858      0.009  0.000e+00
      6.917    28.6259   5.725519    35.2498     2.6185     0.0902          0     78.250 329.610651  1022.4059      6.879      0.046  0.000e+00
      6.907    28.6250   5.725397    35.2496     2.6322     0.1032          0     78.500 329.610654  1022.4060      6.869      0.071  0.000e+00
      6.928    28.6243   5.725359    35.2499     2.6234     0.1116          0     78.750 329.610657  1022.4066      6.890      0.090  0.000e+00
      6.939    28.6235   5.725198    35.2494     2.6226     0.1131          0     79.000 329.610660  1022.4065      6.901      0.088  0.000e+00
      6.918    28.6234   5.725107    35.2489     2.6303     0.1077          0     79.250 329.610663  1022.4060      6.880      0.066  0.000e+00
      6.917    28.6237   5.725168    35.2491     2.6224     0.0818          0     79.500 329.610666  1022.4061      6.879      0.040  0.000e+00
      6.896    28.6239   5.725107    35.2485     2.6243     0.0467          0     79.750 329.610668  1022.4055      6.858      0.015  0.000e+00
      6.874    28.6239   5.725091    35.2484     2.6360     0.0444          0     80.000 329.610671  1022.4053      6.836     -0.009  0.000e+00
      6.874    28.6237   5.725038    35.2482     2.6361     0.0505          0     80.250 329.610674  1022.4052      6.836     -0.024  0.000e+00
      6.917    28.6238   5.725137    35.2488     2.6358     0.0459          0     80.500 329.610677  1022.4058      6.879     -0.018  0.000e+00
      6.972    28.6250   5.725328    35.2491     2.6331     0.2878          0     80.750 329.610680  1022.4059      6.933     -0.002  0.000e+00
      7.004    28.6263   5.725427    35.2488     2.6167     0.2863          0     81.000 329.610683  1022.4054      6.965      0.027  0.000e+00
      7.026    28.6266   5.725275    35.2476     2.6278     0.2840          0     81.250 329.610686  1022.4044      6.987      0.059  0.000e+00
      7.004    28.6259   5.724908    35.2455     2.6271     0.2870          0     81.500 329.610689  1022.4031      6.965      0.073  0.000e+00
      7.004    28.6254   5.724878    35.2457     2.6320     0.0231          0     81.750 329.610692  1022.4033      6.966      0.081  0.000e+00
      7.015    28.6248   5.724748    35.2452     2.6210     0.0147          0     82.000 329.610694  1022.4032      6.976      0.079  0.000e+00
      7.058    28.6242   5.724687    35.2453     2.6299     0.0154          0     82.250 329.610697  1022.4037      7.019      0.073  0.000e+00
      7.145    28.6241   5.724786    35.2460     2.6301     0.0223          0     82.500 329.610700  1022.4047      7.105      0.078  0.000e+00
      7.242    28.6249   5.724870    35.2459     2.6369     0.0185          0     82.750 329.610703  1022.4047      7.202      0.105  0.000e+00
      7.307    28.6255   5.724847    35.2453     2.6364     0.0238          0     83.000 329.610706  1022.4043      7.267      0.146  0.000e+00
