ctd_kilwa/cnv/SBE19plus_01906740_2018_11_26_0060.cnv
* Sea-Bird SBE19plus  Data File:
* FileName = C:\Users\all user\Desktop\Mapping WWF\SBE19plus_01906740_2018_11_26_0060.hex
* Software version 2.6.3.104
* Temperature SN = 6740
* Conductivity SN = 6740
* System UpLoad Time = Nov 26 2018 19:58:24
* <ApplicationData>
* <Seaterm232>
# nquan = 13
# nvalues = 506                                   
# units = specified
# name 0 = prdM: Pressure, Strain Gauge [db]
# name 1 = tv290C: Temperature [ITS-90, deg C]
# name 2 = c0S/m: Conductivity [S/m]
# name 3 = sal00: Salinity, Practical [PSU]
# name 4 = sbeox0ML/L: Oxygen, SBE 43 [ml/l]
# name 5 = flECO-AFL: Fluorescence, WET Labs ECO-AFL/FL [mg/m^3]
# name 6 = nbf: Bottles Fired
# name 7 = timeS: Time, Elapsed [seconds]
# name 8 = timeJ: Julian Days
# name 9 = density00: Density [density, kg/m^3]
# name 10 = depSM: Depth [salt water, m], lat = 0.00
# name 11 = dz/dtM: Descent Rate [m/s]
# name 12 = flag:  0.000e+00
# span 0 =     -1.046,      5.691                 
# span 1 =    27.8572,    31.7879                 
# span 2 =   0.255480,   5.943279                 
# span 3 =     1.2351,    36.0917                 
# span 4 =     2.2197,     3.9009                 
# span 5 =    -0.0319,     3.4808                 
# span 6 =          0,          0                 
# span 7 =      0.000,    126.250                 
# span 8 = 329.491308, 329.492769                 
# span 9 =   996.1701,  1023.1974                 
# span 10 =     -1.040,      5.660                
# span 11 =     -0.592,      0.476                
# span 12 = 0.0000e+00, 0.0000e+00                
# interval = seconds: 0.25
# start_time = Nov 25 2018 11:47:29 [Instrument's time stamp, header]
# bad_flag = -9.990e-29
*END*
     -1.037    31.7533   0.315430     1.4313     3.0576     2.8170          0      0.000 329.491308   996.1701     -1.031      0.000  0.000e+00
     -1.037    31.7566   0.624086     2.9529     3.0371     2.8269          0      0.250 329.491311   997.3007     -1.031      0.000  0.000e+00
     -1.037    31.7597   0.649033     3.0789     3.0395     2.8155          0      0.500 329.491314   997.3933     -1.031      0.000  0.000e+00
     -1.026    31.7628   0.731930     3.5007     3.0211     2.8086          0      0.750 329.491317   997.7056     -1.020      0.003  0.000e+00
     -1.026    31.7665   1.067412     5.2472     3.0676     2.9124          0      1.000 329.491319   999.0003     -1.020      0.005  0.000e+00
     -1.026    31.7712   1.237371     6.1520     3.0044     2.9131          0      1.250 329.491322   999.6697     -1.020      0.006  0.000e+00
     -1.037    31.7770   1.209783     6.0035     3.0135     2.9139          0      1.500 329.491325   999.5577     -1.031      0.004  0.000e+00
     -1.026    31.7843   1.391681     6.9827     3.0549     2.9108          0      1.750 329.491328  1000.2811     -1.020      0.005  0.000e+00
     -0.853    31.7879   2.803827    14.9640     2.9769     2.1509          0      2.000 329.491331  1006.1937     -0.848      0.051  0.000e+00
     -0.636    31.1793   5.103811    29.3917     2.7567     2.1540          0      2.250 329.491334  1017.1251     -0.633      0.143  0.000e+00
     -0.507    30.2174   1.069226     5.4215     3.2168     2.1517          0      2.500 329.491337   999.6221     -0.504      0.242  0.000e+00
     -0.431    30.0511   0.796707     3.9662     3.1985     2.1555          0      2.750 329.491340   998.5915     -0.429      0.327  0.000e+00
     -0.388    30.3684   0.832634     4.1317     3.2245     2.5141          0      3.000 329.491343   998.6170     -0.386      0.386  0.000e+00
     -0.377    30.5972   1.278144     6.5216     3.2702     2.5179          0      3.250 329.491345  1000.3212     -0.375      0.405  0.000e+00
     -0.301    30.6268   2.503581    13.5292     3.0933     2.5095          0      3.500 329.491348  1005.5125     -0.300      0.402  0.000e+00
     -0.182    30.5496   3.427500    19.1316     3.1449     2.5080          0      3.750 329.491351  1009.6990     -0.181      0.378  0.000e+00
     -0.074    30.3371   5.943279    35.4813     3.0027     2.5118          0      4.000 329.491354  1021.9710     -0.074      0.330  0.000e+00
     -0.042    29.8796   5.931905    35.7406     3.0350     2.2905          0      4.250 329.491357  1022.3225     -0.041      0.284  0.000e+00
     -0.009    29.4478   5.933271    36.0720     3.0330     2.2829          0      4.500 329.491360  1022.7182     -0.009      0.265  0.000e+00
      0.077    29.1530   5.860919    35.7954     2.9660     2.2867          0      4.750 329.491363  1022.6104      0.077      0.271  0.000e+00
      0.099    28.9283   5.789475    35.4701     2.9279     2.2829          0      5.000 329.491366  1022.4415      0.098      0.269  0.000e+00
      0.153    28.7290   5.770475    35.4870     2.8566     2.3096          0      5.250 329.491369  1022.5209      0.152      0.260  0.000e+00
      0.207    28.5636   5.764472    35.5690     2.8321     2.3066          0      5.500 329.491372  1022.6377      0.206      0.234  0.000e+00
      0.240    28.4460   5.763409    35.6500     2.7754     2.3089          0      5.750 329.491374  1022.7377      0.239      0.202  0.000e+00
      0.229    28.3690   5.768137    35.7410     2.7597     2.3043          0      6.000 329.491377  1022.8316      0.228      0.171  0.000e+00
      0.197    28.3119   5.754109    35.6861     2.7896     2.2829          0      6.250 329.491380  1022.8090      0.195      0.140  0.000e+00
      0.121    28.2571   5.728539    35.5486     2.8105     2.2837          0      6.500 329.491383  1022.7233      0.120      0.082  0.000e+00
      0.099    28.2073   5.733721    35.6223     2.8463     2.2928          0      6.750 329.491386  1022.7951      0.099      0.018  0.000e+00
      0.035    28.1708   5.738384    35.6827     2.8507     2.2883          0      7.000 329.491389  1022.8522      0.034     -0.042  0.000e+00
     -0.019    28.1526   5.726395    35.6123     2.8514     2.2967          0      7.250 329.491392  1022.8050     -0.019     -0.107  0.000e+00
     -0.030    28.1441   5.723241    35.5967     2.8427     2.3035          0      7.500 329.491395  1022.7960     -0.030     -0.148  0.000e+00
      0.013    28.1431   5.717698    35.5585     2.8398     2.2982          0      7.750 329.491398  1022.7678      0.013     -0.147  0.000e+00
      0.089    28.1502   5.713531    35.5239     2.8372     2.2967          0      8.000 329.491400  1022.7398      0.088     -0.102  0.000e+00
      0.132    28.1586   5.709785    35.4913     2.8309     2.2997          0      8.250 329.491403  1022.7127      0.131     -0.040  0.000e+00
      0.208    28.1568   5.709594    35.4913     2.8238     2.3150          0      8.500 329.491406  1022.7136      0.207      0.039  0.000e+00
      0.218    28.1471   5.732079    35.6563     2.8276     2.3134          0      8.750 329.491409  1022.8410      0.217      0.094  0.000e+00
      0.208    28.1405   5.773575    35.9527     2.8263     2.3096          0      9.000 329.491412  1023.0660      0.206      0.133  0.000e+00
      0.186    28.1360   5.745833    35.7612     2.8335     2.3127          0      9.250 329.491415  1022.9234      0.185      0.138  0.000e+00
      0.110    28.1303   5.725272    35.6212     2.8354     2.3058          0      9.500 329.491418  1022.8196      0.110      0.094  0.000e+00
      0.034    28.1235   5.720424    35.5924     2.8359     2.3134          0      9.750 329.491421  1022.7998      0.034      0.017  0.000e+00
     -0.009    28.1189   5.714272    35.5527     2.8403     2.3066          0     10.000 329.491424  1022.7713     -0.009     -0.061  0.000e+00
     -0.041    28.1180   5.706765    35.5008     2.8344     2.3111          0     10.250 329.491427  1022.7324     -0.041     -0.120  0.000e+00
     -0.020    28.1228   5.703105    35.4714     2.8600     2.2829          0     10.500 329.491429  1022.7089     -0.019     -0.151  0.000e+00
      0.045    28.1306   5.701442    35.4539     2.8486     2.2829          0     10.750 329.491432  1022.6934      0.045     -0.130  0.000e+00
      0.099    28.1287   5.700619    35.4496     2.7944     2.2898          0     11.000 329.491435  1022.6910      0.099     -0.079  0.000e+00
      0.153    28.1169   5.700841    35.4600     2.7747     2.2913          0     11.250 329.491438  1022.7029      0.152     -0.010  0.000e+00
      0.186    28.0983   5.698097    35.4547     2.7324     2.2730          0     11.500 329.491441  1022.7052      0.185      0.064  0.000e+00
      0.197    28.0824   5.698379    35.4687     2.7059     2.2722          0     11.750 329.491444  1022.7210      0.196      0.116  0.000e+00
      0.175    28.0690   5.696726    35.4672     2.6861     2.2715          0     12.000 329.491447  1022.7242      0.174      0.131  0.000e+00
      0.186    28.0586   5.697770    35.4823     2.6680     2.2745          0     12.250 329.491450  1022.7390      0.185      0.125  0.000e+00
      0.132    28.0494   5.699790    35.5034     2.6579     2.2814          0     12.500 329.491453  1022.7576      0.131      0.081  0.000e+00
      0.099    28.0401   5.700621    35.5163     2.6453     2.2867          0     12.750 329.491455  1022.7702      0.099      0.025  0.000e+00
      0.056    28.0335   5.699310    35.5120     2.6611     2.2783          0     13.000 329.491458  1022.7690      0.056     -0.030  0.000e+00
      0.024    28.0312   5.699561    35.5156     2.6566     2.2837          0     13.250 329.491461  1022.7723      0.024     -0.076  0.000e+00
      0.024    28.0313   5.700011    35.5187     2.6557     2.2883          0     13.500 329.491464  1022.7746      0.024     -0.099  0.000e+00
      0.046    28.0327   5.700202    35.5189     2.6517     2.2974          0     13.750 329.491467  1022.7744      0.045     -0.097  0.000e+00
      0.100    28.0353   5.695987    35.4874     2.6433     2.2959          0     14.000 329.491470  1022.7501      0.099     -0.067  0.000e+00
      0.165    28.0413   5.700499    35.5145     2.6310     2.3005          0     14.250 329.491473  1022.7688      0.164     -0.021  0.000e+00
      0.208    28.0503   5.706080    35.5469     2.6229     2.2951          0     14.500 329.491476  1022.7904      0.207      0.041  0.000e+00
      0.273    28.0550   5.702694    35.5196     2.6234     2.2883          0     14.750 329.491479  1022.7686      0.271      0.100  0.000e+00
      0.370    28.0552   5.693183    35.4526     2.6168     2.2829          0     15.000 329.491481  1022.7186      0.368      0.166  0.000e+00
      0.533    28.0532   5.689930    35.4312     2.6176     2.2852          0     15.250 329.491484  1022.7038      0.530      0.242  0.000e+00
      0.695    28.0492   5.686876    35.4127     2.6382     2.2875          0     15.500 329.491487  1022.6919      0.691      0.320  0.000e+00
      0.889    28.0424   5.700042    35.5103     2.6384     2.2799          0     15.750 329.491490  1022.7684      0.884      0.404  0.000e+00
      0.987    28.0397   5.742042    35.8075     2.6261     2.2593          0     16.000 329.491493  1022.9932      0.981      0.464  0.000e+00
      0.976    28.0351   5.758011    35.9234     2.6150     2.2585          0     16.250 329.491496  1023.0819      0.971      0.476  0.000e+00
      0.965    28.0312   5.767401    35.9924     2.6100     2.2646          0     16.500 329.491499  1023.1351      0.960      0.448  0.000e+00
      0.933    28.0587   5.774405    36.0208     2.6157     2.2608          0     16.750 329.491502  1023.1472      0.927      0.373  0.000e+00
      0.900    28.1798   5.771766    35.9098     2.6143     2.2822          0     17.000 329.491505  1023.0237      0.895      0.263  0.000e+00
      0.867    28.3694   5.769793    35.7521     2.6152     2.2783          0     17.250 329.491508  1022.8425      0.863      0.135  0.000e+00
      0.835    28.5459   5.769851    35.6195     2.6140     2.2852          0     17.500 329.491510  1022.6843      0.830      0.019  0.000e+00
      0.835    28.6550   5.771504    35.5493     2.6139     2.2829          0     17.750 329.491513  1022.5953      0.830     -0.064  0.000e+00
      0.846    28.6807   5.769542    35.5164     2.6217     2.2570          0     18.000 329.491516  1022.5620      0.841     -0.087  0.000e+00
      0.867    28.6871   5.769166    35.5090     2.6187     2.2669          0     18.250 329.491519  1022.5545      0.863     -0.070  0.000e+00
      0.878    28.6884   5.764500    35.4757     2.6221     2.2608          0     18.500 329.491522  1022.5290      0.873     -0.046  0.000e+00
      0.932    28.6777   5.754286    35.4128     2.6209     2.2539          0     18.750 329.491525  1022.4855      0.927     -0.004  0.000e+00
      0.997    28.6075   5.751280    35.4442     2.6201     2.2768          0     19.000 329.491528  1022.5327      0.992      0.047  0.000e+00
      1.083    28.5126   5.752896    35.5264     2.6236     2.2768          0     19.250 329.491531  1022.6264      1.078      0.105  0.000e+00
      1.127    28.4386   5.747824    35.5465     2.6149     2.2730          0     19.500 329.491534  1022.6662      1.121      0.152  0.000e+00
      1.203    28.3766   5.734910    35.5030     2.6144     2.2738          0     19.750 329.491536  1022.6542      1.196      0.191  0.000e+00
      1.257    28.3154   5.742564    35.6024     2.6017     2.2654          0     20.000 329.491539  1022.7494      1.250      0.220  0.000e+00
      1.257    28.2715   5.764639    35.7900     2.5917     2.3104          0     20.250 329.491542  1022.9050      1.250      0.224  0.000e+00
      1.246    28.2292   5.758650    35.7801     2.5869     2.3089          0     20.500 329.491545  1022.9115      1.239      0.205  0.000e+00
      1.257    28.1955   5.752451    35.7622     2.5848     2.3127          0     20.750 329.491548  1022.9091      1.250      0.168  0.000e+00
      1.246    28.1769   5.746445    35.7342     2.5721     2.3119          0     21.000 329.491551  1022.8941      1.239      0.120  0.000e+00
      1.257    28.1692   5.734364    35.6553     2.5745     2.2898          0     21.250 329.491554  1022.8374      1.250      0.076  0.000e+00
      1.311    28.1536   5.718561    35.5562     2.5742     2.2959          0     21.500 329.491557  1022.7682      1.304      0.058  0.000e+00
      1.397    28.1258   5.718562    35.5772     2.5686     2.2928          0     21.750 329.491560  1022.7935      1.390      0.063  0.000e+00
      1.451    28.1092   5.752452    35.8277     2.5705     2.2936          0     22.000 329.491562  1022.9876      1.443      0.089  0.000e+00
      1.441    28.1048   5.769492    35.9508     2.5656     2.2905          0     22.250 329.491565  1023.0816      1.433      0.113  0.000e+00
      1.408    28.0897   5.772197    35.9814     2.5645     2.3012          0     22.500 329.491568  1023.1095      1.401      0.117  0.000e+00
      1.397    28.0902   5.772458    35.9828     2.5616     2.2936          0     22.750 329.491571  1023.1103      1.390      0.104  0.000e+00
      1.408    28.1231   5.768426    35.9293     2.5573     2.2997          0     23.000 329.491574  1023.0593      1.400      0.087  0.000e+00
      1.408    28.1448   5.761210    35.8621     2.5519     2.2936          0     23.250 329.491577  1023.0016      1.400      0.057  0.000e+00
      1.473    28.1457   5.746545    35.7585     2.5557     2.2822          0     23.500 329.491580  1022.9236      1.465      0.037  0.000e+00
      1.538    28.1318   5.728000    35.6388     2.5505     2.2814          0     23.750 329.491583  1022.8385      1.529      0.037  0.000e+00
      1.635    28.1073   5.711259    35.5399     2.5526     2.2913          0     24.000 329.491586  1022.7725      1.626      0.078  0.000e+00
      1.732    28.0820   5.703587    35.5050     2.5554     2.2768          0     24.250 329.491589  1022.7550      1.723      0.146  0.000e+00
      1.819    28.0667   5.718464    35.6210     2.5476     2.2806          0     24.500 329.491591  1022.8476      1.809      0.215  0.000e+00
      1.851    28.0620   5.753257    35.8692     2.5363     2.2875          0     24.750 329.491594  1023.0360      1.841      0.257  0.000e+00
      1.830    28.0529   5.767301    35.9749     2.5321     2.2860          0     25.000 329.491597  1023.1184      1.820      0.260  0.000e+00
      1.830    28.0406   5.772750    36.0227     2.5204     2.2829          0     25.250 329.491600  1023.1584      1.820      0.238  0.000e+00
      1.776    28.0363   5.779413    36.0729     2.5099     2.2837          0     25.500 329.491603  1023.1974      1.766      0.173  0.000e+00
      1.733    28.0791   5.786361    36.0891     2.5003     2.2913          0     25.750 329.491606  1023.1953      1.723      0.094  0.000e+00
      1.711    28.1501   5.783759    36.0164     2.4897     2.2814          0     26.000 329.491609  1023.1172      1.702      0.013  0.000e+00
      1.722    28.2071   5.773575    35.9014     2.4807     2.2967          0     26.250 329.491612  1023.0120      1.712     -0.044  0.000e+00
      1.776    28.2401   5.765451    35.8194     2.4731     2.2768          0     26.500 329.491615  1022.9397      1.766     -0.060  0.000e+00
      1.852    28.2561   5.754256    35.7288     2.4741     2.2753          0     26.750 329.491617  1022.8666      1.842     -0.029  0.000e+00
      1.906    28.2481   5.748509    35.6946     2.4746     2.2684          0     27.000 329.491620  1022.8438      1.895      0.024  0.000e+00
      2.003    28.2375   5.752810    35.7327     2.4745     2.2753          0     27.250 329.491623  1022.8763      1.992      0.092  0.000e+00
      2.047    28.2274   5.752091    35.7353     2.4725     2.3058          0     27.500 329.491626  1022.8818      2.035      0.161  0.000e+00
