ctd_kilwa/cnv/SBE19plus_01906740_2018_11_26_0067.cnv
* Sea-Bird SBE19plus  Data File:
* FileName = C:\Users\all user\Desktop\Mapping WWF\SBE19plus_01906740_2018_11_26_0067.hex
* Software version 2.6.3.104
* Temperature SN = 6740
* Conductivity SN = 6740
* System UpLoad Time = Nov 26 2018 19:59:47
* <ApplicationData>
* <Seaterm232>
# nquan = 13
# nvalues = 570                                   
# units = specified
# name 0 = prdM: Pressure, Strain Gauge [db]
# name 1 = tv290C: Temperature [ITS-90, deg C]
# name 2 = c0S/m: Conductivity [S/m]
# name 3 = sal00: Salinity, Practical [PSU]
# name 4 = sbeox0ML/L: Oxygen, SBE 43 [ml/l]
# name 5 = flECO-AFL: Fluorescence, WET Labs ECO-AFL/FL [mg/m^3]
# name 6 = nbf: Bottles Fired
# name 7 = timeS: Time, Elapsed [seconds]
# name 8 = timeJ: Julian Days
# name 9 = density00: Density [density, kg/m^3]
# name 10 = depSM: Depth [salt water, m], lat = 0.00
# name 11 = dz/dtM: Descent Rate [m/s]
# name 12 = flag:  0.000e+00
# span 0 =     -1.089,     10.481                 
# span 1 =    28.4288,    29.2684                 
# span 2 =   0.536450,   5.777249                 
# span 3 =     2.6410,    35.4508                 
# span 4 =     2.2771,     3.5322                 
# span 5 =    -0.1303,    48.6864                 
# span 6 =          0,          0                 
# span 7 =      0.000,    142.250                 
# span 8 = 329.588657, 329.590304                 
# span 9 =   997.8387,  1022.4681                 
# span 10 =     -1.083,     10.423                
# span 11 =     -0.623,      0.582                
# span 12 = 0.0000e+00, 0.0000e+00                
# interval = seconds: 0.25
# start_time = Nov 25 2018 14:07:40 [Instrument's time stamp, header]
# bad_flag = -9.990e-29
*END*
     -1.056    29.2027   1.497432     7.9614     3.0740     0.3481          0      0.000 329.588657  1001.8195     -1.050      0.000  0.000e+00
     -1.067    29.2210   1.038196     5.3597     3.1380     0.3473          0      0.250 329.588660   999.8782     -1.061     -0.003  0.000e+00
     -1.089    29.2361   1.127011     5.8532     3.1127     0.3534          0      0.500 329.588663  1000.2408     -1.083     -0.011  0.000e+00
     -1.067    29.2473   0.682694     3.4172     3.1444     0.3496          0      0.750 329.588666   998.4235     -1.061     -0.011  0.000e+00
     -1.056    29.2553   1.096894     5.6826     3.1096    -0.1242          0      1.000 329.588669  1000.1082     -1.050     -0.007  0.000e+00
     -1.035    29.2622   0.731874     3.6800     3.1574    -0.1257          0      1.250 329.588672   998.6150     -1.029      0.002  0.000e+00
     -1.013    29.2684   0.536450     2.6410     3.1480    -0.1211          0      1.500 329.588675   997.8387     -1.007      0.016  0.000e+00
     -0.970    29.1806   0.647210     3.2321     3.3489    -0.1303          0      1.750 329.588678   998.3059     -0.964      0.038  0.000e+00
     -0.851    29.0418   3.179684    18.1655     3.2898     0.8036          0      2.000 329.588681  1009.4620     -0.846      0.087  0.000e+00
     -0.742    28.9167   3.078946    17.5787     3.1934     0.7898          0      2.250 329.588683  1009.0647     -0.738      0.150  0.000e+00
     -0.656    28.8287   3.670958    21.3797     3.4884     0.7944          0      2.500 329.588686  1011.9259     -0.652      0.212  0.000e+00
     -0.613    28.7775   2.223389    12.3415     3.5322     0.7944          0      2.750 329.588689  1005.2095     -0.609      0.251  0.000e+00
     -0.526    28.8035   3.930694    23.0726     3.2153     0.1154          0      3.000 329.588692  1013.1978     -0.523      0.288  0.000e+00
     -0.515    28.8156   1.461733     7.8181     3.4784     0.0948          0      3.250 329.588695  1001.8324     -0.513      0.296  0.000e+00
     -0.526    28.8472   3.260525    18.7501     3.2257     0.1093          0      3.500 329.588698  1009.9602     -0.523      0.273  0.000e+00
     -0.526    28.8934   3.179367    18.2193     3.1260     0.1131          0      3.750 329.588701  1009.5502     -0.523      0.222  0.000e+00
     -0.483    28.9041   5.136606    31.0217     2.8288     0.1123          0      4.000 329.588704  1019.1098     -0.480      0.165  0.000e+00
     -0.386    28.8934   5.771599    35.3726     2.6967     0.0559          0      4.250 329.588707  1022.3779     -0.383      0.141  0.000e+00
     -0.321    28.8561   5.777249    35.4394     2.6286     0.0620          0      4.500 329.588709  1022.4408     -0.319      0.140  0.000e+00
     -0.223    28.8163   5.774620    35.4508     2.6727     0.0498          0      4.750 329.588712  1022.4630     -0.222      0.165  0.000e+00
     -0.212    28.7794   5.769256    35.4411     2.6679     0.0475          0      5.000 329.588715  1022.4681     -0.211      0.179  0.000e+00
     -0.191    28.7449   5.763043    35.4237     2.6485     0.0521          0      5.250 329.588718  1022.4666     -0.190      0.200  0.000e+00
     -0.191    28.7150   5.751698    35.3673     2.6673     0.0505          0      5.500 329.588721  1022.4342     -0.190      0.203  0.000e+00
     -0.158    28.6857   5.741440    35.3180     2.6844     0.0406          0      5.750 329.588724  1022.4070     -0.157      0.190  0.000e+00
     -0.104    28.6616   5.735684    35.2959     2.7122     0.0398          0      6.000 329.588727  1022.3987     -0.104      0.166  0.000e+00
     -0.050    28.6411   5.733521    35.2961     2.7555     0.0429          0      6.250 329.588730  1022.4059     -0.050      0.143  0.000e+00
     -0.050    28.6229   5.731107    35.2929     2.7483     0.0238          0      6.500 329.588733  1022.4095     -0.050      0.123  0.000e+00
     -0.072    28.6086   5.729304    35.2910     2.7806     0.0414          0      6.750 329.588736  1022.4127     -0.071      0.097  0.000e+00
     -0.104    28.5991   5.727670    35.2867     2.7967     0.0421          0      7.000 329.588738  1022.4125     -0.103      0.079  0.000e+00
     -0.082    28.5936   5.726723    35.2843     2.8113     0.0360          0      7.250 329.588741  1022.4126     -0.082      0.061  0.000e+00
     -0.061    28.5908   5.726768    35.2866     2.8178     0.0383          0      7.500 329.588744  1022.4153     -0.060      0.048  0.000e+00
     -0.028    28.5903   5.727380    35.2912     2.8407     0.0353          0      7.750 329.588747  1022.4191     -0.028      0.035  0.000e+00
     -0.082    28.5907   5.728441    35.2983     2.9164     0.0307          0      8.000 329.588750  1022.4241     -0.082      0.008  0.000e+00
     -0.136    28.5917   5.728151    35.2956     3.0026     0.0330          0      8.250 329.588753  1022.4215     -0.136     -0.021  0.000e+00
     -0.212    28.5923   5.727120    35.2880     3.0513     0.0170          0      8.500 329.588756  1022.4152     -0.211     -0.050  0.000e+00
     -0.244    28.5933   5.727158    35.2876     3.0699     0.0261          0      8.750 329.588759  1022.4144     -0.243     -0.076  0.000e+00
     -0.223    28.5937   5.728120    35.2939     3.0189     0.0154          0      9.000 329.588762  1022.4192     -0.222     -0.091  0.000e+00
     -0.212    28.5942   5.728953    35.2994     2.9656     0.0200          0      9.250 329.588764  1022.4231     -0.211     -0.104  0.000e+00
     -0.158    28.5945   5.728861    35.2985     2.9173     0.0589          0      9.500 329.588767  1022.4226     -0.157     -0.089  0.000e+00
     -0.147    28.5945   5.726516    35.2822     2.8535     0.0582          0      9.750 329.588770  1022.4104     -0.146     -0.058  0.000e+00
     -0.158    28.5945   5.725737    35.2768     2.7879     0.0604          0     10.000 329.588773  1022.4063     -0.157     -0.013  0.000e+00
     -0.147    28.5934   5.724973    35.2723     2.7582     0.0620          0     10.250 329.588776  1022.4033     -0.146      0.025  0.000e+00
     -0.126    28.5912   5.724424    35.2701     2.7291     0.0658          0     10.500 329.588779  1022.4025     -0.125      0.055  0.000e+00
     -0.126    28.5886   5.724133    35.2700     2.7024     0.0643          0     10.750 329.588782  1022.4033     -0.125      0.060  0.000e+00
     -0.147    28.5867   5.724011    35.2706     2.7178     0.0650          0     11.000 329.588785  1022.4043     -0.146      0.042  0.000e+00
     -0.169    28.5844   5.723637    35.2697     2.7018     0.0643          0     11.250 329.588788  1022.4043     -0.168      0.019  0.000e+00
     -0.180    28.5823   5.723492    35.2702     2.6871     0.0559          0     11.500 329.588791  1022.4053     -0.179     -0.007  0.000e+00
     -0.223    28.5808   5.723622    35.2722     2.6891     0.0566          0     11.750 329.588793  1022.4072     -0.222     -0.029  0.000e+00
     -0.234    28.5796   5.723752    35.2740     2.6874     0.0521          0     12.000 329.588796  1022.4088     -0.232     -0.045  0.000e+00
     -0.288    28.5791   5.723370    35.2718     2.6965     0.0475          0     12.250 329.588799  1022.4071     -0.286     -0.074  0.000e+00
     -0.288    28.5786   5.722790    35.2681     2.6953     0.0536          0     12.500 329.588802  1022.4045     -0.286     -0.091  0.000e+00
     -0.245    28.5781   5.722736    35.2682     2.6944     0.0398          0     12.750 329.588805  1022.4049     -0.243     -0.079  0.000e+00
     -0.201    28.5777   5.723011    35.2703     2.6936     0.0398          0     13.000 329.588808  1022.4069     -0.200     -0.048  0.000e+00
     -0.201    28.5774   5.723691    35.2753     2.6846     0.0437          0     13.250 329.588811  1022.4107     -0.200     -0.020  0.000e+00
     -0.191    28.5767   5.724172    35.2791     2.6791     0.0444          0     13.500 329.588814  1022.4138     -0.190      0.009  0.000e+00
     -0.201    28.5763   5.723110    35.2721     2.6678     0.0444          0     13.750 329.588817  1022.4086     -0.200      0.032  0.000e+00
     -0.158    28.5763   5.723172    35.2725     2.6613     0.0429          0     14.000 329.588819  1022.4091     -0.157      0.053  0.000e+00
     -0.169    28.5772   5.724012    35.2777     2.6551     0.0391          0     14.250 329.588822  1022.4127     -0.168      0.064  0.000e+00
     -0.147    28.5779   5.724974    35.2838     2.6531     0.0429          0     14.500 329.588825  1022.4172     -0.147      0.058  0.000e+00
     -0.180    28.5788   5.725585    35.2873     2.6487     0.0253          0     14.750 329.588828  1022.4193     -0.179      0.035  0.000e+00
     -0.191    28.5796   5.725615    35.2870     2.6483     0.0200          0     15.000 329.588831  1022.4187     -0.189      0.015  0.000e+00
     -0.223    28.5800   5.725776    35.2878     2.6498     0.0200          0     15.250 329.588834  1022.4191     -0.222     -0.002  0.000e+00
     -0.245    28.5805   5.726043    35.2893     2.6186     0.0200          0     15.500 329.588837  1022.4200     -0.243     -0.024  0.000e+00
     -0.223    28.5807   5.725585    35.2860     2.6102     0.0383          0     15.750 329.588840  1022.4175     -0.222     -0.033  0.000e+00
     -0.202    28.5808   5.724584    35.2789     2.6228     0.0391          0     16.000 329.588843  1022.4123     -0.200     -0.038  0.000e+00
     -0.147    28.5818   5.725294    35.2831     2.6288     0.0429          0     16.250 329.588845  1022.4153     -0.147     -0.014  0.000e+00
     -0.126    28.5835   5.728281    35.3026     2.6346     0.0475          0     16.500 329.588848  1022.4295     -0.125      0.011  0.000e+00
     -0.137    28.5866   5.728418    35.3013     2.6215     0.0391          0     16.750 329.588851  1022.4274     -0.136      0.037  0.000e+00
     -0.169    28.5880   5.727800    35.2959     2.6220     0.0589          0     17.000 329.588854  1022.4228     -0.168      0.044  0.000e+00
     -0.191    28.5881   5.726738    35.2884     2.6218     0.0582          0     17.250 329.588857  1022.4170     -0.189      0.040  0.000e+00
     -0.190    28.5881   5.725516    35.2800     2.6138     0.0559          0     17.500 329.588860  1022.4107     -0.189      0.026  0.000e+00
     -0.190    28.5885   5.725615    35.2803     2.6111     0.0505          0     17.750 329.588863  1022.4108     -0.189      0.002  0.000e+00
     -0.190    28.5891   5.725775    35.2810     2.6031     0.0322          0     18.000 329.588866  1022.4111     -0.189     -0.018  0.000e+00
     -0.158    28.5898   5.725982    35.2819     2.5959     0.0292          0     18.250 329.588869  1022.4117     -0.157     -0.024  0.000e+00
     -0.180    28.5908   5.726257    35.2831     2.5910     0.0307          0     18.500 329.588872  1022.4122     -0.179     -0.021  0.000e+00
     -0.147    28.5921   5.726638    35.2848     2.5856     0.0299          0     18.750 329.588874  1022.4132     -0.146     -0.001  0.000e+00
     -0.201    28.5937   5.727059    35.2866     2.5768     0.0559          0     19.000 329.588877  1022.4137     -0.200      0.004  0.000e+00
     -0.180    28.5942   5.727059    35.2862     2.5582     0.0551          0     19.250 329.588880  1022.4134     -0.179      0.007  0.000e+00
     -0.190    28.5948   5.726600    35.2826     2.5571     0.0505          0     19.500 329.588883  1022.4104     -0.189      0.002  0.000e+00
     -0.169    28.5952   5.725905    35.2774     2.5437     0.0589          0     19.750 329.588886  1022.4065     -0.168      0.002  0.000e+00
     -0.169    28.5951   5.725997    35.2781     2.5324     0.0559          0     20.000 329.588889  1022.4071     -0.168      0.000  0.000e+00
     -0.158    28.5949   5.730046    35.3064     2.5183     0.0589          0     20.250 329.588892  1022.4285     -0.157      0.000  0.000e+00
     -0.169    28.5960   5.734485    35.3364     2.5276     0.0643          0     20.500 329.588895  1022.4505     -0.168      0.006  0.000e+00
     -0.201    28.5968   5.732040    35.3188     2.5241     0.0521          0     20.750 329.588898  1022.4369     -0.200     -0.003  0.000e+00
     -0.222    28.5969   5.728281    35.2926     2.5229     0.0543          0     21.000 329.588900  1022.4171     -0.221     -0.006  0.000e+00
     -0.201    28.5963   5.726638    35.2817     2.5266     0.0231          0     21.250 329.588903  1022.4092     -0.200     -0.016  0.000e+00
     -0.179    28.5942   5.726066    35.2793     2.5305     0.0215          0     21.500 329.588906  1022.4082     -0.178     -0.014  0.000e+00
     -0.158    28.5922   5.726768    35.2856     2.5439     0.0231          0     21.750 329.588909  1022.4137     -0.157     -0.009  0.000e+00
     -0.125    28.5926   5.728266    35.2957     2.5371     0.0177          0     22.000 329.588912  1022.4213     -0.125      0.010  0.000e+00
     -0.158    28.5943   5.727830    35.2915     2.5343     0.0437          0     22.250 329.588915  1022.4174     -0.157      0.017  0.000e+00
     -0.169    28.5938   5.727769    35.2914     2.5195     0.0406          0     22.500 329.588918  1022.4175     -0.168      0.024  0.000e+00
     -0.169    28.5909   5.727089    35.2888     2.5098     0.0452          0     22.750 329.588921  1022.4165     -0.168      0.029  0.000e+00
     -0.158    28.5876   5.726707    35.2886     2.5138     0.0444          0     23.000 329.588924  1022.4175     -0.157      0.025  0.000e+00
     -0.158    28.5855   5.726356    35.2878     2.5091     0.0345          0     23.250 329.588927  1022.4176     -0.157      0.011  0.000e+00
     -0.169    28.5836   5.726073    35.2872     2.5002     0.0330          0     23.500 329.588929  1022.4177     -0.168     -0.002  0.000e+00
     -0.201    28.5816   5.726287    35.2902     2.5028     0.0353          0     23.750 329.588932  1022.4205     -0.200     -0.020  0.000e+00
     -0.223    28.5804   5.727731    35.3011     2.4960     0.0391          0     24.000 329.588935  1022.4290     -0.222     -0.034  0.000e+00
     -0.223    28.5808   5.726738    35.2939     2.4958     0.0208          0     24.250 329.588938  1022.4234     -0.222     -0.033  0.000e+00
     -0.234    28.5809   5.725905    35.2880     2.4956     0.0246          0     24.500 329.588941  1022.4189     -0.232     -0.040  0.000e+00
     -0.201    28.5797   5.724218    35.2772     2.4969     0.0185          0     24.750 329.588944  1022.4113     -0.200     -0.036  0.000e+00
     -0.158    28.5785   5.724042    35.2768     2.4811     0.0253          0     25.000 329.588947  1022.4116     -0.157     -0.019  0.000e+00
     -0.147    28.5789   5.728052    35.3044     2.4762     0.0139          0     25.250 329.588950  1022.4323     -0.146      0.004  0.000e+00
     -0.158    28.5810   5.731818    35.3290     2.4654     0.0231          0     25.500 329.588953  1022.4500     -0.157      0.024  0.000e+00
     -0.179    28.5810   5.732521    35.3339     2.4681     0.0154          0     25.750 329.588955  1022.4536     -0.178      0.034  0.000e+00
     -0.234    28.5812   5.732903    35.3364     2.4713     0.0177          0     26.000 329.588958  1022.4552     -0.232      0.020  0.000e+00
     -0.223    28.5939   5.731008    35.3139     2.4651     0.0231          0     26.250 329.588961  1022.4341     -0.221      0.003  0.000e+00
     -0.201    28.6052   5.729213    35.2929     2.4734     0.0093          0     26.500 329.588964  1022.4147     -0.200     -0.008  0.000e+00
     -0.179    28.6079   5.729373    35.2920     2.4676     0.0109          0     26.750 329.588967  1022.4132     -0.178     -0.018  0.000e+00
     -0.190    28.6078   5.731978    35.3102     2.4663     0.0055          0     27.000 329.588970  1022.4269     -0.189     -0.024  0.000e+00
     -0.179    28.6092   5.733858    35.3222     2.4639     0.0063          0     27.250 329.588973  1022.4355     -0.178     -0.013  0.000e+00
     -0.190    28.6091   5.734584    35.3274     2.4459     0.0299          0     27.500 329.588976  1022.4393     -0.189      0.000  0.000e+00
