ctd_kilwa/cnv/SBE19plus_01906740_2018_11_26_0064.cnv
* Sea-Bird SBE19plus  Data File:
* FileName = C:\Users\all user\Desktop\Mapping WWF\SBE19plus_01906740_2018_11_26_0064.hex
* Software version 2.6.3.104
* Temperature SN = 6740
* Conductivity SN = 6740
* System UpLoad Time = Nov 26 2018 19:59:01
* <ApplicationData>
* <Seaterm232>
# nquan = 13
# nvalues = 336                                   
# units = specified
# name 0 = prdM: Pressure, Strain Gauge [db]
# name 1 = tv290C: Temperature [ITS-90, deg C]
# name 2 = c0S/m: Conductivity [S/m]
# name 3 = sal00: Salinity, Practical [PSU]
# name 4 = sbeox0ML/L: Oxygen, SBE 43 [ml/l]
# name 5 = flECO-AFL: Fluorescence, WET Labs ECO-AFL/FL [mg/m^3]
# name 6 = nbf: Bottles Fired
# name 7 = timeS: Time, Elapsed [seconds]
# name 8 = timeJ: Julian Days
# name 9 = density00: Density [density, kg/m^3]
# name 10 = depSM: Depth [salt water, m], lat = 0.00
# name 11 = dz/dtM: Descent Rate [m/s]
# name 12 = flag:  0.000e+00
# span 0 =     -1.008,      8.089                 
# span 1 =    27.9007,    29.9802                 
# span 2 =   0.803364,   5.874922                 
# span 3 =     4.1238,    35.5342                 
# span 4 =     2.3343,     3.4009                 
# span 5 =    -0.4446,    48.6856                 
# span 6 =          0,          0                 
# span 7 =      0.000,     83.750                 
# span 8 = 329.562164, 329.563134                 
# span 9 =   999.1502,  1022.7882                 
# span 10 =     -1.003,      8.045                
# span 11 =     -0.601,      0.462                
# span 12 = 0.0000e+00, 0.0000e+00                
# interval = seconds: 0.25
# start_time = Nov 25 2018 13:29:31 [Instrument's time stamp, header]
# bad_flag = -9.990e-29
*END*
[from data line 223]
      6.997    27.9712   5.678393    35.4099     2.4268     0.0749          0     55.750 329.562810  1022.7423      6.958     -0.246  0.000e+00
      6.910    27.9725   5.677343    35.4016     2.4255     0.0818          0     56.000 329.562813  1022.7353      6.872     -0.238  0.000e+00
      6.824    27.9741   5.676681    35.3957     2.4268     0.0513          0     56.250 329.562815  1022.7300      6.786     -0.212  0.000e+00
      6.759    27.9752   5.676673    35.3949     2.4213     0.0574          0     56.500 329.562818  1022.7287      6.721     -0.177  0.000e+00
      6.748    27.9765   5.676102    35.3899     2.4060     0.0528          0     56.750 329.562821  1022.7245      6.711     -0.148  0.000e+00
      6.737    27.9776   5.675592    35.3855     2.4059     0.0528          0     57.000 329.562824  1022.7208      6.700     -0.141  0.000e+00
      6.780    27.9785   5.673751    35.3719     2.4046     0.0742          0     57.250 329.562827  1022.7104      6.743     -0.139  0.000e+00
      6.823    27.9778   5.673371    35.3697     2.3900     0.0749          0     57.500 329.562830  1022.7092      6.786     -0.115  0.000e+00
      6.845    27.9760   5.674071    35.3759     2.3847     0.0788          0     57.750 329.562833  1022.7145      6.807     -0.065  0.000e+00
      6.823    27.9757   5.674360    35.3783     2.3794     0.0734          0     58.000 329.562836  1022.7163      6.786     -0.008  0.000e+00
      6.726    27.9766   5.672930    35.3675     2.3751     0.0864          0     58.250 329.562839  1022.7075      6.689      0.006  0.000e+00
      6.553    27.9759   5.672009    35.3616     2.3729     0.0887          0     58.500 329.562841  1022.7025      6.517     -0.043  0.000e+00
      6.466    27.9737   5.674831    35.3831     2.3551     0.0856          0     58.750 329.562844  1022.7191      6.431     -0.119  0.000e+00
      6.445    27.9732   5.675691    35.3895     2.3474     0.0948          0     59.000 329.562847  1022.7240      6.409     -0.185  0.000e+00
      6.434    27.9743   5.675646    35.3884     2.3423     0.0849          0     59.250 329.562850  1022.7228      6.398     -0.237  0.000e+00
      6.401    27.9751   5.674481    35.3797     2.3472     0.0902          0     59.500 329.562853  1022.7158      6.366     -0.263  0.000e+00
      6.250    27.9751   5.673371    35.3719     2.3343     0.0917          0     59.750 329.562856  1022.7093      6.216     -0.289  0.000e+00
      6.088    27.9735   5.673850    35.3765     2.3451     0.0948          0     60.000 329.562859  1022.7125      6.054     -0.314  0.000e+00
      5.990    27.9723   5.662816    35.2999     2.3654     0.0902          0     60.250 329.562862  1022.6550      5.957     -0.321  0.000e+00
      5.991    27.9661   5.654435    35.2457     2.3579     0.0452          0     60.500 329.562865  1022.6162      5.958     -0.305  0.000e+00
      6.001    27.9580   5.650485    35.2240     2.3622     0.0475          0     60.750 329.562867  1022.6025      5.968     -0.295  0.000e+00
      5.990    27.9495   5.648686    35.2177     2.3618     0.0543          0     61.000 329.562870  1022.6005      5.957     -0.280  0.000e+00
      5.828    27.9394   5.647107    35.2142     2.3539     0.0459          0     61.250 329.562873  1022.6006      5.796     -0.283  0.000e+00
      5.666    27.9301   5.646006    35.2135     2.3420     0.0620          0     61.500 329.562876  1022.6023      5.635     -0.293  0.000e+00
      5.579    27.9225   5.645596    35.2163     2.3378     0.0620          0     61.750 329.562879  1022.6065      5.549     -0.285  0.000e+00
      5.579    27.9168   5.645247    35.2181     2.3392     0.0612          0     62.000 329.562882  1022.6098      5.549     -0.273  0.000e+00
      5.439    27.9128   5.644997    35.2194     2.3395     0.0635          0     62.250 329.562885  1022.6115      5.409     -0.307  0.000e+00
      5.233    27.9102   5.644427    35.2174     2.3583     0.0635          0     62.500 329.562888  1022.6100      5.204     -0.386  0.000e+00
      5.039    27.9081   5.644207    35.2175     2.3646     0.0681          0     62.750 329.562891  1022.6098      5.011     -0.466  0.000e+00
      4.877    27.9066   5.643896    35.2165     2.3810     0.0658          0     63.000 329.562894  1022.6089      4.850     -0.522  0.000e+00
      4.801    27.9055   5.644017    35.2182     2.4090     0.0704          0     63.250 329.562896  1022.6102      4.774     -0.527  0.000e+00
      4.671    27.9046   5.643706    35.2167     2.4427     0.0612          0     63.500 329.562899  1022.6088      4.645     -0.541  0.000e+00
      4.487    27.9039   5.643418    35.2153     2.4623     0.0818          0     63.750 329.562902  1022.6072      4.462     -0.582  0.000e+00
      4.379    27.9028   5.643076    35.2137     2.4905     0.0749          0     64.000 329.562905  1022.6059      4.355     -0.601  0.000e+00
      4.303    27.9018   5.642947    35.2136     2.5130     0.0826          0     64.250 329.562908  1022.6058      4.280     -0.561  0.000e+00
      4.217    27.9011   5.642916    35.2139     2.5409     0.0780          0     64.500 329.562911  1022.6059      4.193     -0.505  0.000e+00
      4.055    27.9009   5.642886    35.2139     2.5572     0.0818          0     64.750 329.562914  1022.6053      4.032     -0.480  0.000e+00
      3.871    27.9007   5.642727    35.2130     2.5762     0.0749          0     65.000 329.562917  1022.6039      3.849     -0.490  0.000e+00
      3.730    27.9010   5.642726    35.2128     2.5863     0.0711          0     65.250 329.562920  1022.6030      3.710     -0.514  0.000e+00
      3.708    27.9028   5.643007    35.2134     2.5915     0.0688          0     65.500 329.562922  1022.6028      3.688     -0.492  0.000e+00
      3.590    27.9052   5.643106    35.2123     2.5975     0.0887          0     65.750 329.562925  1022.6007      3.570     -0.473  0.000e+00
      3.395    27.9095   5.643637    35.2129     2.5975     0.0887          0     66.000 329.562928  1022.5989      3.376     -0.495  0.000e+00
      3.179    27.9152   5.644456    35.2145     2.5931     0.0917          0     66.250 329.562931  1022.5973      3.161     -0.537  0.000e+00
      3.092    27.9218   5.645155    35.2145     2.5887     0.0940          0     66.500 329.562934  1022.5948      3.075     -0.548  0.000e+00
      3.059    27.9277   5.645564    35.2130     2.5964     0.0673          0     66.750 329.562937  1022.5916      3.043     -0.516  0.000e+00
      2.940    27.9343   5.646065    35.2115     2.5997     0.0696          0     67.000 329.562940  1022.5878      2.924     -0.492  0.000e+00
      2.789    27.9405   5.646612    35.2108     2.6061     0.0658          0     67.250 329.562943  1022.5846      2.774     -0.495  0.000e+00
      2.649    27.9463   5.647014    35.2093     2.6188     0.0635          0     67.500 329.562946  1022.5810      2.634     -0.511  0.000e+00
      2.584    27.9512   5.647484    35.2090     2.6240     0.0658          0     67.750 329.562948  1022.5789      2.569     -0.480  0.000e+00
      2.519    27.9567   5.648152    35.2096     2.6395     0.0513          0     68.000 329.562951  1022.5772      2.505     -0.430  0.000e+00
      2.356    27.9649   5.649124    35.2103     2.6462     0.0528          0     68.250 329.562954  1022.5744      2.343     -0.417  0.000e+00
      2.140    27.9736   5.649883    35.2092     2.6488     0.0521          0     68.500 329.562957  1022.5698      2.128     -0.464  0.000e+00
      2.032    27.9813   5.650452    35.2075     2.6547     0.0566          0     68.750 329.562960  1022.5655      2.021     -0.500  0.000e+00
      2.021    27.9896   5.651523    35.2088     2.6498     0.0620          0     69.000 329.562963  1022.5637      2.010     -0.480  0.000e+00
      1.924    28.0006   5.653103    35.2117     2.6513     0.0658          0     69.250 329.562966  1022.5619      1.913     -0.455  0.000e+00
      1.805    28.0171   5.655411    35.2156     2.6414     0.0688          0     69.500 329.562969  1022.5589      1.795     -0.445  0.000e+00
      1.772    28.0387   5.658101    35.2184     2.6558     0.0635          0     69.750 329.562972  1022.5538      1.762     -0.425  0.000e+00
      1.783    28.0571   5.659620    35.2152     2.6569     0.0444          0     70.000 329.562975  1022.5454      1.773     -0.365  0.000e+00
      1.740    28.0695   5.660000    35.2086     2.6613     0.0421          0     70.250 329.562977  1022.5362      1.730     -0.285  0.000e+00
      1.599    28.0775   5.659810    35.2014     2.6738     0.0429          0     70.500 329.562980  1022.5276      1.590     -0.245  0.000e+00
      1.426    28.0835   5.659961    35.1980     2.6667     0.0398          0     70.750 329.562983  1022.5223      1.418     -0.272  0.000e+00
      1.339    28.0897   5.660721    35.1988     2.6671     0.0315          0     71.000 329.562986  1022.5205      1.332     -0.311  0.000e+00
      1.253    28.0940   5.661010    35.1975     2.6683     0.0238          0     71.250 329.562989  1022.5178      1.246     -0.330  0.000e+00
      1.101    28.0989   5.661549    35.1977     2.6764     0.0292          0     71.500 329.562992  1022.5157      1.095     -0.371  0.000e+00
      0.918    28.1065   5.662910    35.2017     2.6696     0.0307          0     71.750 329.562995  1022.5154      0.913     -0.446  0.000e+00
      0.820    28.1163   5.664460    35.2052     2.6777     0.0246          0     72.000 329.562998  1022.5144      0.816     -0.499  0.000e+00
      0.820    28.1264   5.665501    35.2049     2.6793     0.0246          0     72.250 329.563001  1022.5109      0.816     -0.485  0.000e+00
      0.712    28.1379   5.666482    35.2033     2.6833     0.0269          0     72.500 329.563003  1022.5054      0.708     -0.449  0.000e+00
      0.550    28.1514   5.667949    35.2036     2.6810     0.0231          0     72.750 329.563006  1022.5005      0.547     -0.436  0.000e+00
      0.431    28.1673   5.670002    35.2060     2.6751     0.0223          0     73.000 329.563009  1022.4966      0.428     -0.441  0.000e+00
      0.420    28.1809   5.671051    35.2033     2.6807     0.0643          0     73.250 329.563012  1022.4900      0.418     -0.413  0.000e+00
      0.322    28.1904   5.671302    35.1980     2.6854     0.0696          0     73.500 329.563015  1022.4825      0.321     -0.377  0.000e+00
      0.150    28.2035   5.672633    35.1975     2.6730     0.0627          0     73.750 329.563018  1022.4771      0.149     -0.376  0.000e+00
      0.063    28.2237   5.675934    35.2056     2.6711     0.0551          0     74.000 329.563021  1022.4762      0.063     -0.397  0.000e+00
      0.020    28.2470   5.679016    35.2098     2.6636     0.0345          0     74.250 329.563024  1022.4715      0.020     -0.404  0.000e+00
     -0.045    28.2652   5.679845    35.2021     2.7059     0.0444          0     74.500 329.563027  1022.4594     -0.045     -0.375  0.000e+00
     -0.240    28.2817   5.680666    35.1956     2.7013     0.0459          0     74.750 329.563030  1022.4482     -0.239     -0.376  0.000e+00
     -0.445    28.3002   5.682638    35.1956     2.9815     0.0429          0     75.000 329.563032  1022.4413     -0.443     -0.423  0.000e+00
     -0.489    28.3170   5.684449    35.1958     3.0788     1.0866          0     75.250 329.563035  1022.4357     -0.486     -0.455  0.000e+00
     -0.510    28.3296   5.685599    35.1944     3.0927     1.0866          0     75.500 329.563038  1022.4305     -0.507     -0.435  0.000e+00
     -0.554    28.3433   5.686999    35.1940     3.0698     1.0950          0     75.750 329.563041  1022.4254     -0.550     -0.397  0.000e+00
     -0.586    28.3712   5.691835    35.2070     2.9968     1.0958          0     76.000 329.563044  1022.4259     -0.583     -0.366  0.000e+00
     -0.597    28.4089   5.696589    35.2121     2.9132     1.0874          0     76.250 329.563047  1022.4172     -0.594     -0.319  0.000e+00
     -0.521    28.4442   5.699874    35.2087     2.8397     0.3710          0     76.500 329.563050  1022.4033     -0.518     -0.221  0.000e+00
     -0.445    28.4718   5.701634    35.2004     2.7789     0.3664          0     76.750 329.563053  1022.3883     -0.443     -0.089  0.000e+00
     -0.424    28.4973   5.703768    35.1963     2.6838     0.3671          0     77.000 329.563056  1022.3769     -0.422      0.010  0.000e+00
     -0.413    28.5222   5.706521    35.1970     2.6561     0.3710          0     77.250 329.563058  1022.3692     -0.411      0.056  0.000e+00
     -0.402    28.5453   5.708420    35.1930     2.6347     0.1489          0     77.500 329.563061  1022.3586     -0.400      0.089  0.000e+00
     -0.381    28.5630   5.709464    35.1871     2.6309     0.1482          0     77.750 329.563064  1022.3484     -0.379      0.114  0.000e+00
     -0.305    28.5754   5.709876    35.1808     2.6305     0.1459          0     78.000 329.563067  1022.3399     -0.303      0.136  0.000e+00
     -0.273    28.5844   5.710417    35.1779     2.6396     0.1474          0     78.250 329.563070  1022.3349     -0.271      0.140  0.000e+00
     -0.251    28.5909   5.710517    35.1737     2.6421     0.1352          0     78.500 329.563073  1022.3297     -0.250      0.125  0.000e+00
     -0.262    28.5958   5.711218    35.1750     2.6551     0.1360          0     78.750 329.563076  1022.3290     -0.260      0.109  0.000e+00
     -0.294    28.6027   5.712790    35.1808     2.6540     0.1344          0     79.000 329.563079  1022.3309     -0.293      0.092  0.000e+00
     -0.338    28.6119   5.714293    35.1844     2.6578     0.1329          0     79.250 329.563082  1022.3304     -0.336      0.061  0.000e+00
     -0.316    28.6168   5.714003    35.1788     2.6721     0.0589          0     79.500 329.563084  1022.3246     -0.314      0.034  0.000e+00
     -0.338    28.6179   5.713400    35.1738     2.6704    -0.0937          0     79.750 329.563087  1022.3204     -0.336     -0.002  0.000e+00
     -0.348    28.6174   5.713110    35.1721     2.6712    -0.0944          0     80.000 329.563090  1022.3193     -0.347     -0.038  0.000e+00
     -0.359    28.6169   5.713362    35.1742     2.6784    -0.0937          0     80.250 329.563093  1022.3210     -0.357     -0.054  0.000e+00
     -0.424    28.6166   5.713873    35.1780     2.6783    -0.0937          0     80.500 329.563096  1022.3236     -0.422     -0.073  0.000e+00
     -0.511    28.6169   5.713865    35.1778     2.8108    -0.0357          0     80.750 329.563099  1022.3230     -0.508     -0.097  0.000e+00
     -0.673    28.6182   5.713751    35.1761     3.0268    -0.0380          0     81.000 329.563102  1022.3206     -0.669     -0.151  0.000e+00
     -0.857    28.6188   5.714453    35.1806     3.0477    -0.0418          0     81.250 329.563105  1022.3230     -0.852     -0.238  0.000e+00
     -0.976    28.6185   5.714773    35.1831     3.1988    -0.0334          0     81.500 329.563108  1022.3244     -0.970     -0.333  0.000e+00
     -0.997    28.6141   5.713682    35.1788     3.0702    48.6764          0     81.750 329.563111  1022.3226     -0.992     -0.384  0.000e+00
     -0.997    28.6055   3.171384    18.2780     3.2490    48.6772          0     82.000 329.563113  1009.6818     -0.992     -0.397  0.000e+00
     -1.008    28.5943   0.868279     4.4804     3.4009    48.6780          0     82.250 329.563116   999.4104     -1.003     -0.373  0.000e+00
     -1.008    28.5839   1.370876     7.3287     3.2383    48.6757          0     82.500 329.563119  1001.5354     -1.003     -0.308  0.000e+00
     -0.998    28.5751   0.803364     4.1238     3.1740    48.6726          0     82.750 329.563122   999.1502     -0.992     -0.219  0.000e+00
     -0.987    28.5675   0.864411     4.4615     3.0957    48.6764          0     83.000 329.563125   999.4043     -0.981     -0.117  0.000e+00
