ctd_kilwa/cnv/SBE19plus_01906740_2018_11_26_0068.cnv
* Sea-Bird SBE19plus  Data File:
* FileName = C:\Users\all user\Desktop\Mapping WWF\SBE19plus_01906740_2018_11_26_0068.hex
* Software version 2.6.3.104
* Temperature SN = 6740
* Conductivity SN = 6740
* System UpLoad Time = Nov 26 2018 19:59:57
* <ApplicationData>
* <Seaterm232>
# nquan = 13
# nvalues = 419                                   
# units = specified
# name 0 = prdM: Pressure, Strain Gauge [db]
# name 1 = tv290C: Temperature [ITS-90, deg C]
# name 2 = c0S/m: Conductivity [S/m]
# name 3 = sal00: Salinity, Practical [PSU]
# name 4 = sbeox0ML/L: Oxygen, SBE 43 [ml/l]
# name 5 = flECO-AFL: Fluorescence, WET Labs ECO-AFL/FL [mg/m^3]
# name 6 = nbf: Bottles Fired
# name 7 = timeS: Time, Elapsed [seconds]
# name 8 = timeJ: Julian Days
# name 9 = density00: Density [density, kg/m^3]
# name 10 = depSM: Depth [salt water, m], lat = 0.00
# name 11 = dz/dtM: Descent Rate [m/s]
# name 12 = flag:  0.000e+00
# span 0 =     -1.059,      9.266                 
# span 1 =    28.4806,    28.8450                 
# span 2 =   0.177978,   5.721246                 
# span 3 =     0.8307,    35.2538                 
# span 4 =     2.2301,     3.5948                 
# span 5 =    -0.2325,    48.6826                 
# span 6 =          0,          0                 
# span 7 =      0.000,    104.500                 
# span 8 = 329.593507, 329.594716                 
# span 9 =   996.6108,  1022.4419                 
# span 10 =     -1.053,      9.215                
# span 11 =     -0.699,      0.417                
# span 12 = 0.0000e+00, 0.0000e+00                
# interval = seconds: 0.25
# start_time = Nov 25 2018 14:14:39 [Instrument's time stamp, header]
# bad_flag = -9.990e-29
*END*
[from data line 223]
      7.893    28.4811   5.706457    35.2246     2.3486     0.1077          0     55.750 329.594152  1022.4391      7.850      0.237  0.000e+00
      7.936    28.4811   5.706427    35.2244     2.3591     0.1055          0     56.000 329.594155  1022.4391      7.893      0.212  0.000e+00
      7.980    28.4811   5.706397    35.2241     2.3603     0.0826          0     56.250 329.594158  1022.4391      7.936      0.193  0.000e+00
      8.066    28.4812   5.706366    35.2238     2.3577     0.0826          0     56.500 329.594161  1022.4392      8.022      0.188  0.000e+00
      8.152    28.4817   5.706328    35.2232     2.3608     0.0765          0     56.750 329.594164  1022.4389      8.107      0.195  0.000e+00
      8.206    28.4821   5.706297    35.2226     2.3741     0.0833          0     57.000 329.594167  1022.4386      8.161      0.208  0.000e+00
      8.304    28.4828   5.706206    35.2215     2.3654     0.1062          0     57.250 329.594170  1022.4379      8.258      0.236  0.000e+00
      8.423    28.4834   5.706137    35.2205     2.3786     0.1077          0     57.500 329.594172  1022.4375      8.376      0.279  0.000e+00
      8.552    28.4838   5.706237    35.2209     2.3877     0.0994          0     57.750 329.594175  1022.4382      8.505      0.326  0.000e+00
      8.639    28.4848   5.706267    35.2203     2.3803     0.1093          0     58.000 329.594178  1022.4379      8.591      0.359  0.000e+00
      8.714    28.4855   5.706366    35.2205     2.3797     0.1230          0     58.250 329.594181  1022.4381      8.666      0.378  0.000e+00
      8.758    28.4859   5.706389    35.2203     2.3949     0.1169          0     58.500 329.594184  1022.4380      8.709      0.371  0.000e+00
      8.822    28.4864   5.706458    35.2204     2.3566     0.1200          0     58.750 329.594187  1022.4382      8.774      0.358  0.000e+00
      8.866    28.4867   5.706458    35.2202     2.3653     0.1177          0     59.000 329.594190  1022.4381      8.817      0.335  0.000e+00
      8.920    28.4868   5.706496    35.2204     2.3643     0.1207          0     59.250 329.594193  1022.4385      8.871      0.297  0.000e+00
      8.995    28.4867   5.706496    35.2204     2.3591     0.0917          0     59.500 329.594196  1022.4388      8.946      0.264  0.000e+00
      9.071    28.4866   5.706496    35.2205     2.3509     0.0978          0     59.750 329.594198  1022.4392      9.021      0.244  0.000e+00
      9.158    28.4865   5.706458    35.2203     2.3459     0.0917          0     60.000 329.594201  1022.4395      9.107      0.248  0.000e+00
      9.190    28.4861   5.706824    35.2231     2.3827     0.0894          0     60.250 329.594204  1022.4419      9.140      0.249  0.000e+00
      9.190    28.4865   5.706878    35.2232     2.3674     0.1055          0     60.500 329.594207  1022.4418      9.140      0.238  0.000e+00
      9.212    28.4867   5.706847    35.2228     2.3631     0.1116          0     60.750 329.594210  1022.4416      9.161      0.216  0.000e+00
      9.212    28.4871   5.706778    35.2220     2.3615     0.1100          0     61.000 329.594213  1022.4408      9.161      0.185  0.000e+00
      9.223    28.4874   5.706717    35.2213     2.3594     0.1032          0     61.250 329.594216  1022.4402      9.172      0.145  0.000e+00
      9.234    28.4877   5.706748    35.2213     2.3613     0.1161          0     61.500 329.594219  1022.4402      9.183      0.103  0.000e+00
      9.223    28.4876   5.706748    35.2214     2.3570     0.1192          0     61.750 329.594222  1022.4402      9.172      0.061  0.000e+00
      9.212    28.4874   5.706733    35.2214     2.3629     0.1200          0     62.000 329.594225  1022.4403      9.161      0.028  0.000e+00
      9.201    28.4875   5.706267    35.2181     2.3792     0.1146          0     62.250 329.594227  1022.4377      9.151      0.010  0.000e+00
      9.202    28.4879   5.706138    35.2169     2.3870     0.1421          0     62.500 329.594230  1022.4367      9.151      0.001  0.000e+00
      9.202    28.4895   5.706336    35.2171     2.3941     0.1398          0     62.750 329.594233  1022.4363      9.151     -0.009  0.000e+00
      9.212    28.4906   5.706367    35.2165     2.3847     0.1436          0     63.000 329.594236  1022.4355      9.161     -0.010  0.000e+00
      9.223    28.4904   5.706206    35.2156     2.3876     0.1451          0     63.250 329.594239  1022.4349      9.172     -0.008  0.000e+00
      9.202    28.4898   5.706176    35.2158     2.3906     0.1413          0     63.500 329.594242  1022.4352      9.151     -0.009  0.000e+00
      9.202    28.4892   5.706115    35.2158     2.3956     0.1077          0     63.750 329.594245  1022.4354      9.151     -0.004  0.000e+00
      9.191    28.4886   5.706077    35.2160     2.3897     0.1077          0     64.000 329.594248  1022.4357      9.140     -0.004  0.000e+00
      9.223    28.4883   5.706077    35.2162     2.3884     0.1093          0     64.250 329.594251  1022.4361      9.172      0.003  0.000e+00
      9.223    28.4881   5.706077    35.2163     2.4016     0.0986          0     64.500 329.594253  1022.4363      9.172      0.006  0.000e+00
      9.245    28.4879   5.706077    35.2165     2.4265     0.1039          0     64.750 329.594256  1022.4365      9.194      0.013  0.000e+00
      9.256    28.4880   5.706138    35.2168     2.4462     0.1077          0     65.000 329.594259  1022.4368      9.205      0.020  0.000e+00
      9.256    28.4879   5.706176    35.2172     2.4278     0.1062          0     65.250 329.594262  1022.4371      9.205      0.027  0.000e+00
      9.266    28.4878   5.706145    35.2170     2.4282     0.1016          0     65.500 329.594265  1022.4371      9.215      0.038  0.000e+00
      9.245    28.4879   5.706107    35.2167     2.4278     0.1016          0     65.750 329.594268  1022.4367      9.194      0.033  0.000e+00
      9.234    28.4881   5.706138    35.2168     2.4492     0.1016          0     66.000 329.594271  1022.4366      9.183      0.022  0.000e+00
      9.223    28.4880   5.706138    35.2168     2.4572     0.1146          0     66.250 329.594274  1022.4367      9.172      0.003  0.000e+00
      9.212    28.4883   5.706138    35.2166     2.4569     0.1047          0     66.500 329.594277  1022.4364      9.161     -0.011  0.000e+00
      9.223    28.4883   5.706107    35.2164     2.4538     0.1261          0     66.750 329.594280  1022.4362      9.172     -0.021  0.000e+00
      9.190    28.4882   5.706107    35.2165     2.4639     0.1306          0     67.000 329.594282  1022.4362      9.140     -0.033  0.000e+00
      9.093    28.4881   5.706084    35.2164     2.4805     0.1299          0     67.250 329.594285  1022.4358      9.043     -0.063  0.000e+00
      8.963    28.4881   5.706046    35.2162     2.4881     0.1230          0     67.500 329.594288  1022.4351      8.914     -0.117  0.000e+00
      8.758    28.4882   5.706077    35.2164     2.5003     0.1314          0     67.750 329.594291  1022.4343      8.709     -0.203  0.000e+00
      8.563    28.4884   5.706107    35.2165     2.4974     0.1184          0     68.000 329.594294  1022.4335      8.516     -0.314  0.000e+00
      8.498    28.4888   5.706175    35.2167     2.5102     0.1146          0     68.250 329.594297  1022.4332      8.451     -0.400  0.000e+00
      8.444    28.4893   5.706206    35.2166     2.5166     0.1154          0     68.500 329.594300  1022.4327      8.397     -0.456  0.000e+00
      8.379    28.4895   5.706175    35.2163     2.5191     0.1192          0     68.750 329.594303  1022.4321      8.333     -0.480  0.000e+00
      8.271    28.4894   5.706076    35.2157     2.5193     0.0948          0     69.000 329.594306  1022.4313      8.225     -0.474  0.000e+00
      8.206    28.4889   5.705977    35.2154     2.5178     0.0925          0     69.250 329.594308  1022.4309      8.161     -0.433  0.000e+00
      8.152    28.4883   5.705947    35.2156     2.5235     0.0978          0     69.500 329.594311  1022.4311      8.107     -0.374  0.000e+00
      8.184    28.4877   5.705886    35.2156     2.5384     0.0948          0     69.750 329.594314  1022.4314      8.139     -0.286  0.000e+00
      8.141    28.4874   5.705916    35.2161     2.5450     0.1039          0     70.000 329.594317  1022.4316      8.096     -0.226  0.000e+00
      8.044    28.4871   5.705916    35.2163     2.5460     0.1116          0     70.250 329.594320  1022.4315      8.000     -0.216  0.000e+00
      7.893    28.4875   5.705962    35.2164     2.5573     0.1070          0     70.500 329.594323  1022.4308      7.849     -0.233  0.000e+00
      7.795    28.4879   5.706015    35.2165     2.5543     0.1123          0     70.750 329.594326  1022.4303      7.752     -0.254  0.000e+00
      7.741    28.4883   5.706045    35.2164     2.5577     0.0963          0     71.000 329.594329  1022.4299      7.699     -0.267  0.000e+00
      7.687    28.4886   5.706045    35.2162     2.5686     0.1001          0     71.250 329.594332  1022.4294      7.645     -0.289  0.000e+00
      7.525    28.4885   5.706045    35.2163     2.5608     0.0948          0     71.500 329.594334  1022.4289      7.484     -0.336  0.000e+00
      7.374    28.4883   5.705916    35.2156     2.5544     0.0955          0     71.750 329.594337  1022.4277      7.333     -0.397  0.000e+00
      7.266    28.4878   5.705855    35.2156     2.5621     0.0856          0     72.000 329.594340  1022.4274      7.226     -0.424  0.000e+00
      7.244    28.4877   5.705870    35.2158     2.5591     0.1161          0     72.250 329.594343  1022.4275      7.204     -0.409  0.000e+00
      7.158    28.4877   5.705885    35.2159     2.5483     0.1192          0     72.500 329.594346  1022.4272      7.118     -0.391  0.000e+00
      6.963    28.4875   5.705854    35.2159     2.5480     0.1131          0     72.750 329.594349  1022.4265      6.925     -0.415  0.000e+00
      6.704    28.4873   5.705854    35.2161     2.5431     0.1261          0     73.000 329.594352  1022.4256      6.667     -0.479  0.000e+00
      6.563    28.4873   5.705854    35.2162     2.5517     0.1261          0     73.250 329.594355  1022.4250      6.527     -0.526  0.000e+00
      6.520    28.4875   5.705885    35.2162     2.5603     0.1154          0     73.500 329.594358  1022.4248      6.484     -0.524  0.000e+00
      6.520    28.4875   5.705854    35.2160     2.5630     0.1146          0     73.750 329.594361  1022.4247      6.484     -0.498  0.000e+00
      6.466    28.4873   5.705808    35.2159     2.5619     0.1161          0     74.000 329.594363  1022.4244      6.430     -0.470  0.000e+00
      6.488    28.4868   5.705694    35.2155     2.5586     0.0948          0     74.250 329.594366  1022.4244      6.452     -0.411  0.000e+00
      6.444    28.4861   5.705564    35.2151     2.5647     0.0978          0     74.500 329.594369  1022.4241      6.409     -0.320  0.000e+00
      6.261    28.4851   5.705503    35.2155     2.5632     0.0948          0     74.750 329.594372  1022.4240      6.226     -0.253  0.000e+00
      5.969    28.4843   5.705404    35.2155     2.5583     0.0955          0     75.000 329.594375  1022.4230      5.936     -0.269  0.000e+00
      5.742    28.4836   5.705305    35.2154     2.5661     0.0932          0     75.250 329.594378  1022.4221      5.710     -0.365  0.000e+00
      5.677    28.4832   5.705343    35.2159     2.5593     0.1100          0     75.500 329.594381  1022.4224      5.645     -0.462  0.000e+00
      5.558    28.4829   5.705373    35.2164     2.5532     0.1123          0     75.750 329.594384  1022.4224      5.527     -0.546  0.000e+00
      5.504    28.4829   5.705373    35.2164     2.5573     0.1116          0     76.000 329.594387  1022.4221      5.474     -0.579  0.000e+00
      5.460    28.4829   5.705373    35.2164     2.5563     0.1123          0     76.250 329.594389  1022.4220      5.430     -0.575  0.000e+00
      5.396    28.4830   5.705343    35.2162     2.5596     0.1093          0     76.500 329.594392  1022.4214      5.366     -0.514  0.000e+00
      5.168    28.4828   5.705343    35.2164     2.5565     0.1016          0     76.750 329.594395  1022.4207      5.140     -0.455  0.000e+00
      4.844    28.4826   5.705304    35.2164     2.5539     0.1108          0     77.000 329.594398  1022.4194      4.817     -0.459  0.000e+00
      4.639    28.4829   5.705304    35.2162     2.5619     0.1016          0     77.250 329.594401  1022.4183      4.613     -0.520  0.000e+00
      4.606    28.4827   5.705281    35.2162     2.5687     0.1077          0     77.500 329.594404  1022.4182      4.581     -0.577  0.000e+00
      4.552    28.4825   5.705274    35.2163     2.5814     0.1100          0     77.750 329.594407  1022.4181      4.527     -0.594  0.000e+00
      4.542    28.4823   5.705213    35.2160     2.5894     0.1047          0     78.000 329.594410  1022.4179      4.517     -0.579  0.000e+00
      4.552    28.4817   5.705144    35.2160     2.6008     0.1077          0     78.250 329.594413  1022.4181      4.527     -0.511  0.000e+00
      4.487    28.4814   5.705083    35.2158     2.6129     0.1032          0     78.500 329.594416  1022.4178      4.463     -0.412  0.000e+00
      4.271    28.4809   5.705083    35.2162     2.6128     0.1062          0     78.750 329.594418  1022.4174      4.248     -0.327  0.000e+00
      3.903    28.4806   5.705022    35.2161     2.6152     0.1024          0     79.000 329.594421  1022.4158      3.882     -0.340  0.000e+00
      3.590    28.4807   5.705006    35.2160     2.6118     0.1100          0     79.250 329.594424  1022.4144      3.570     -0.461  0.000e+00
      3.482    28.4806   5.705052    35.2165     2.6318     0.1024          0     79.500 329.594427  1022.4143      3.463     -0.596  0.000e+00
      3.439    28.4808   5.705082    35.2165     2.6360     0.1100          0     79.750 329.594430  1022.4141      3.420     -0.676  0.000e+00
      3.428    28.4811   5.705143    35.2168     2.6374     0.1047          0     80.000 329.594433  1022.4141      3.409     -0.699  0.000e+00
      3.417    28.4814   5.705143    35.2165     2.6374     0.1085          0     80.250 329.594436  1022.4138      3.398     -0.654  0.000e+00
      3.428    28.4815   5.705143    35.2165     2.6426     0.1062          0     80.500 329.594439  1022.4137      3.409     -0.527  0.000e+00
      3.244    28.4817   5.705113    35.2162     2.6534     0.0505          0     80.750 329.594442  1022.4127      3.226     -0.396  0.000e+00
      2.920    28.4817   5.705097    35.2161     2.6602     0.0406          0     81.000 329.594444  1022.4113      2.904     -0.340  0.000e+00
      2.606    28.4816   5.705082    35.2162     2.6486     0.0475          0     81.250 329.594447  1022.4100      2.592     -0.401  0.000e+00
      2.466    28.4819   5.705112    35.2162     2.6398     0.0459          0     81.500 329.594450  1022.4093      2.452     -0.517  0.000e+00
      2.401    28.4828   5.705341    35.2172     2.6342     0.0818          0     81.750 329.594453  1022.4095      2.388     -0.611  0.000e+00
      2.368    28.4850   5.705783    35.2187     2.6217     0.0795          0     82.000 329.594456  1022.4097      2.355     -0.657  0.000e+00
      2.347    28.4893   5.706492    35.2204     2.6167     0.0818          0     82.250 329.594459  1022.4095      2.334     -0.640  0.000e+00
      2.358    28.4946   5.707064    35.2204     2.6236     0.0788          0     82.500 329.594462  1022.4078      2.345     -0.552  0.000e+00
      2.293    28.4997   5.707369    35.2188     2.6693     0.0849          0     82.750 329.594465  1022.4046      2.280     -0.407  0.000e+00
      1.990    28.5039   5.707605    35.2174     2.7219     0.0772          0     83.000 329.594468  1022.4009      1.979     -0.329  0.000e+00
