ctd_kilwa/cnv/SBE19plus_01906740_2018_11_26_0064.cnv
* Sea-Bird SBE19plus  Data File:
* FileName = C:\Users\all user\Desktop\Mapping WWF\SBE19plus_01906740_2018_11_26_0064.hex
* Software version 2.6.3.104
* Temperature SN = 6740
* Conductivity SN = 6740
* System UpLoad Time = Nov 26 2018 19:59:01
* <ApplicationData>
* <Seaterm232>
# nquan = 13
# nvalues = 336                                   
# units = specified
# name 0 = prdM: Pressure, Strain Gauge [db]
# name 1 = tv290C: Temperature [ITS-90, deg C]
# name 2 = c0S/m: Conductivity [S/m]
# name 3 = sal00: Salinity, Practical [PSU]
# name 4 = sbeox0ML/L: Oxygen, SBE 43 [ml/l]
# name 5 = flECO-AFL: Fluorescence, WET Labs ECO-AFL/FL [mg/m^3]
# name 6 = nbf: Bottles Fired
# name 7 = timeS: Time, Elapsed [seconds]
# name 8 = timeJ: Julian Days
# name 9 = density00: Density [density, kg/m^3]
# name 10 = depSM: Depth [salt water, m], lat = 0.00
# name 11 = dz/dtM: Descent Rate [m/s]
# name 12 = flag:  0.000e+00
# span 0 =     -1.008,      8.089                 
# span 1 =    27.9007,    29.9802                 
# span 2 =   0.803364,   5.874922                 
# span 3 =     4.1238,    35.5342                 
# span 4 =     2.3343,     3.4009                 
# span 5 =    -0.4446,    48.6856                 
# span 6 =          0,          0                 
# span 7 =      0.000,     83.750                 
# span 8 = 329.562164, 329.563134                 
# span 9 =   999.1502,  1022.7882                 
# span 10 =     -1.003,      8.045                
# span 11 =     -0.601,      0.462                
# span 12 = 0.0000e+00, 0.0000e+00                
# interval = seconds: 0.25
# start_time = Nov 25 2018 13:29:31 [Instrument's time stamp, header]
# bad_flag = -9.990e-29
*END*
[from data line 112]
      2.706    28.2741   5.715362    35.4428     2.6252     0.0696          0     28.000 329.562488  1022.6493      2.691      0.128  0.000e+00
      2.781    28.2735   5.707641    35.3893     2.6606     0.0772          0     28.250 329.562491  1022.6095      2.766      0.115  0.000e+00
      2.911    28.2685   5.701830    35.3523     2.7272     0.0353          0     28.500 329.562494  1022.5840      2.895      0.140  0.000e+00
      3.009    28.2540   5.700039    35.3506     2.8195     0.0360          0     28.750 329.562497  1022.5878      2.992      0.193  0.000e+00
      3.117    28.2405   5.699658    35.3580     2.8212     0.0376          0     29.000 329.562500  1022.5983      3.100      0.260  0.000e+00
      3.214    28.2299   5.700840    35.3742     2.8881     0.0414          0     29.250 329.562503  1022.6144      3.196      0.323  0.000e+00
      3.279    28.2229   5.700406    35.3764     2.8658     0.0406          0     29.500 329.562506  1022.6187      3.261      0.360  0.000e+00
      3.387    28.2167   5.699849    35.3771     2.9047     0.0368          0     29.750 329.562509  1022.6217      3.369      0.388  0.000e+00
      3.517    28.2069   5.699789    35.3841     2.8989     0.0360          0     30.000 329.562512  1022.6307      3.498      0.400  0.000e+00
      3.658    28.1967   5.698417    35.3820     2.9063     0.0383          0     30.250 329.562514  1022.6331      3.637      0.416  0.000e+00
      3.755    28.1865   5.696817    35.3785     2.9156     0.0406          0     30.500 329.562517  1022.6342      3.734      0.420  0.000e+00
      3.863    28.1723   5.695224    35.3779     2.8961     0.0589          0     30.750 329.562520  1022.6389      3.842      0.430  0.000e+00
      3.971    28.1562   5.693693    35.3792     2.8669     0.0528          0     31.000 329.562523  1022.6456      3.949      0.439  0.000e+00
      4.101    28.1373   5.691720    35.3795     2.8308     0.0459          0     31.250 329.562526  1022.6526      4.078      0.454  0.000e+00
      4.198    28.1195   5.691142    35.3888     2.7955     0.0551          0     31.500 329.562529  1022.6658      4.175      0.462  0.000e+00
      4.285    28.1053   5.691211    35.3999     2.7850     0.0391          0     31.750 329.562532  1022.6792      4.261      0.449  0.000e+00
      4.339    28.0952   5.691973    35.4128     2.7754     0.0398          0     32.000 329.562535  1022.6925      4.315      0.420  0.000e+00
      4.414    28.0870   5.693565    35.4301     2.7015     0.0376          0     32.250 329.562538  1022.7085      4.390      0.390  0.000e+00
      4.458    28.0831   5.694716    35.4412     2.6344     0.0429          0     32.500 329.562541  1022.7183      4.433      0.359  0.000e+00
      4.447    28.0812   5.695897    35.4508     2.6005     0.0788          0     32.750 329.562543  1022.7262      4.422      0.304  0.000e+00
      4.501    28.0799   5.697680    35.4643     2.5755     0.0742          0     33.000 329.562546  1022.7369      4.476      0.254  0.000e+00
      4.533    28.0799   5.699822    35.4793     2.5586     0.0788          0     33.250 329.562549  1022.7484      4.508      0.205  0.000e+00
      4.598    28.0820   5.701606    35.4903     2.5512     0.0795          0     33.500 329.562552  1022.7562      4.572      0.180  0.000e+00
      4.630    28.0852   5.702826    35.4964     2.5317     0.0734          0     33.750 329.562555  1022.7599      4.605      0.163  0.000e+00
      4.673    28.0877   5.704740    35.5079     2.5315     0.0658          0     34.000 329.562558  1022.7679      4.648      0.157  0.000e+00
      4.728    28.0895   5.706463    35.5187     2.5504     0.0635          0     34.250 329.562561  1022.7757      4.702      0.158  0.000e+00
      4.760    28.0898   5.707424    35.5252     2.5623     0.0673          0     34.500 329.562564  1022.7806      4.734      0.166  0.000e+00
      4.803    28.0894   5.707874    35.5286     2.5672     0.0627          0     34.750 329.562567  1022.7835      4.777      0.178  0.000e+00
      4.846    28.0886   5.708477    35.5334     2.5901     0.0673          0     35.000 329.562569  1022.7876      4.820      0.174  0.000e+00
      4.814    28.0881   5.707874    35.5296     2.5819     0.0719          0     35.250 329.562572  1022.7847      4.787      0.153  0.000e+00
      4.760    28.0873   5.708446    35.5342     2.5755     0.0673          0     35.500 329.562575  1022.7882      4.734      0.108  0.000e+00
      4.727    28.0876   5.706562    35.5208     2.5879     0.0749          0     35.750 329.562578  1022.7779      4.701      0.060  0.000e+00
      4.749    28.0873   5.698381    35.4636     2.6202     0.0627          0     36.000 329.562581  1022.7350      4.723      0.021  0.000e+00
      4.879    28.0787   5.688500    35.4007     2.6554     0.0620          0     36.250 329.562584  1022.6911      4.852      0.022  0.000e+00
      5.008    28.0606   5.679311    35.3498     2.6543     0.0681          0     36.500 329.562587  1022.6593      4.981      0.063  0.000e+00
      5.160    28.0417   5.675560    35.3376     2.6846     0.0597          0     36.750 329.562590  1022.6570      5.131      0.135  0.000e+00
      5.257    28.0321   5.674738    35.3390     2.6639     0.0704          0     37.000 329.562593  1022.6616      5.228      0.222  0.000e+00
      5.398    28.0216   5.673369    35.3372     2.7016     0.0673          0     37.250 329.562595  1022.6643      5.368      0.330  0.000e+00
      5.495    28.0066   5.670761    35.3302     2.6905     0.0635          0     37.500 329.562598  1022.6643      5.465      0.417  0.000e+00
      5.549    27.9912   5.669787    35.3348     2.6592     0.0673          0     37.750 329.562601  1022.6731      5.519      0.454  0.000e+00
      5.571    27.9800   5.668677    35.3354     2.5956     0.0673          0     38.000 329.562604  1022.6773      5.540      0.434  0.000e+00
      5.560    27.9733   5.668966    35.3425     2.5548     0.0810          0     38.250 329.562607  1022.6848      5.529      0.362  0.000e+00
      5.549    27.9692   5.669187    35.3472     2.5398     0.0757          0     38.500 329.562610  1022.6896      5.519      0.276  0.000e+00
      5.571    27.9667   5.669727    35.3528     2.5199     0.0742          0     38.750 329.562613  1022.6947      5.540      0.195  0.000e+00
      5.603    27.9653   5.669917    35.3552     2.5118     0.0780          0     39.000 329.562616  1022.6971      5.572      0.135  0.000e+00
      5.636    27.9638   5.669028    35.3500     2.5292     0.0742          0     39.250 329.562619  1022.6939      5.605      0.086  0.000e+00
      5.711    27.9608   5.669028    35.3522     2.6015     0.0795          0     39.500 329.562622  1022.6968      5.680      0.080  0.000e+00
      5.776    27.9569   5.668298    35.3501     2.6504     0.0810          0     39.750 329.562624  1022.6968      5.744      0.102  0.000e+00
      5.873    27.9523   5.667248    35.3461     2.6928     0.0833          0     40.000 329.562627  1022.6957      5.841      0.150  0.000e+00
      5.992    27.9484   5.666367    35.3428     2.6899     0.0536          0     40.250 329.562630  1022.6950      5.959      0.215  0.000e+00
      6.079    27.9440   5.665637    35.3409     2.6737     0.0543          0     40.500 329.562633  1022.6954      6.045      0.271  0.000e+00
      6.111    27.9398   5.664816    35.3383     2.6876     0.0574          0     40.750 329.562636  1022.6949      6.078      0.298  0.000e+00
      6.176    27.9375   5.664755    35.3396     2.7182     0.0490          0     41.000 329.562639  1022.6969      6.142      0.311  0.000e+00
      6.274    27.9361   5.664436    35.3384     2.7411     0.0818          0     41.250 329.562642  1022.6969      6.239      0.322  0.000e+00
      6.349    27.9354   5.664177    35.3371     2.7260     0.0765          0     41.500 329.562645  1022.6965      6.314      0.318  0.000e+00
      6.468    27.9345   5.663828    35.3352     2.7569     0.0696          0     41.750 329.562648  1022.6959      6.432      0.324  0.000e+00
      6.565    27.9337   5.663417    35.3330     2.7463     0.0757          0     42.000 329.562650  1022.6949      6.529      0.326  0.000e+00
      6.619    27.9332   5.663258    35.3322     2.6989     0.0704          0     42.250 329.562653  1022.6947      6.583      0.324  0.000e+00
      6.663    27.9330   5.663357    35.3330     2.6630     0.0521          0     42.500 329.562656  1022.6956      6.626      0.322  0.000e+00
      6.717    27.9326   5.663258    35.3326     2.6280     0.0597          0     42.750 329.562659  1022.6956      6.680      0.319  0.000e+00
      6.781    27.9324   5.663068    35.3314     2.5894     0.0521          0     43.000 329.562662  1022.6950      6.744      0.302  0.000e+00
      6.857    27.9323   5.662878    35.3301     2.5586     0.0459          0     43.250 329.562665  1022.6944      6.819      0.282  0.000e+00
      6.900    27.9321   5.663136    35.3321     2.5512     0.1009          0     43.500 329.562668  1022.6961      6.862      0.260  0.000e+00
      6.954    27.9318   5.663326    35.3336     2.5560     0.1070          0     43.750 329.562671  1022.6976      6.916      0.236  0.000e+00
      7.030    27.9317   5.663167    35.3325     2.6126     0.0986          0     44.000 329.562674  1022.6972      6.991      0.232  0.000e+00
      7.117    27.9313   5.662468    35.3279     2.6766     0.1024          0     44.250 329.562677  1022.6942      7.077      0.246  0.000e+00
      7.203    27.9307   5.662088    35.3256     2.6652     0.0658          0     44.500 329.562679  1022.6930      7.163      0.264  0.000e+00
      7.279    27.9296   5.661328    35.3211     2.6801     0.0658          0     44.750 329.562682  1022.6904      7.239      0.277  0.000e+00
      7.376    27.9282   5.660887    35.3190     2.7196     0.0658          0     45.000 329.562685  1022.6896      7.335      0.294  0.000e+00
      7.430    27.9275   5.661138    35.3213     2.7833     0.0650          0     45.250 329.562688  1022.6919      7.389      0.303  0.000e+00
      7.506    27.9286   5.660385    35.3151     2.7547     0.1039          0     45.500 329.562691  1022.6872      7.464      0.314  0.000e+00
      7.625    27.9313   5.660507    35.3139     2.7513     0.0963          0     45.750 329.562694  1022.6859      7.583      0.327  0.000e+00
      7.700    27.9337   5.660826    35.3144     2.6781     0.1039          0     46.000 329.562697  1022.6858      7.658      0.331  0.000e+00
      7.711    27.9343   5.660606    35.3123     2.6457     0.1001          0     46.250 329.562700  1022.6841      7.669      0.313  0.000e+00
      7.744    27.9338   5.660066    35.3089     2.6036     0.1001          0     46.500 329.562703  1022.6818      7.701      0.287  0.000e+00
      7.798    27.9331   5.659747    35.3072     2.5621     0.0894          0     46.750 329.562705  1022.6810      7.755      0.262  0.000e+00
      7.862    27.9317   5.658957    35.3027     2.5510     0.0932          0     47.000 329.562708  1022.6783      7.819      0.241  0.000e+00
      7.917    27.9304   5.658737    35.3021     2.5683     0.0902          0     47.250 329.562711  1022.6785      7.873      0.227  0.000e+00
      8.003    27.9297   5.658676    35.3022     2.6188     0.0902          0     47.500 329.562714  1022.6792      7.959      0.218  0.000e+00
      8.014    27.9307   5.659398    35.3065     2.6234     0.0650          0     47.750 329.562717  1022.6822      7.970      0.200  0.000e+00
      8.003    27.9319   5.660196    35.3112     2.6088     0.0704          0     48.000 329.562720  1022.6852      7.959      0.184  0.000e+00
      7.992    27.9344   5.660538    35.3117     2.5874     0.0627          0     48.250 329.562723  1022.6848      7.948      0.165  0.000e+00
      7.992    27.9370   5.660728    35.3111     2.5729     0.0688          0     48.500 329.562726  1022.6834      7.948      0.130  0.000e+00
      8.014    27.9381   5.660948    35.3118     2.5496     0.1024          0     48.750 329.562729  1022.6837      7.970      0.094  0.000e+00
      8.035    27.9387   5.661586    35.3159     2.5394     0.1039          0     49.000 329.562731  1022.6867      7.991      0.063  0.000e+00
      8.046    27.9391   5.665068    35.3401     2.5356     0.1055          0     49.250 329.562734  1022.7048      8.002      0.040  0.000e+00
      8.068    27.9416   5.666718    35.3498     2.5211     0.1062          0     49.500 329.562737  1022.7114      8.023      0.030  0.000e+00
      8.068    27.9450   5.667600    35.3534     2.5314     0.1016          0     49.750 329.562740  1022.7130      8.023      0.037  0.000e+00
      8.079    27.9474   5.668322    35.3567     2.5298     0.1024          0     50.000 329.562743  1022.7147      8.034      0.048  0.000e+00
      8.089    27.9495   5.668968    35.3596     2.5366     0.1001          0     50.250 329.562746  1022.7163      8.045      0.053  0.000e+00
      8.089    27.9509   5.669660    35.3635     2.5389     0.1039          0     50.500 329.562749  1022.7187      8.045      0.048  0.000e+00
      8.068    27.9519   5.671341    35.3745     2.5337     0.0986          0     50.750 329.562752  1022.7266      8.023      0.032  0.000e+00
      8.003    27.9525   5.671120    35.3725     2.5210     0.0826          0     51.000 329.562755  1022.7246      7.959     -0.000  0.000e+00
      7.840    27.9522   5.670421    35.3679     2.5170     0.0864          0     51.250 329.562758  1022.7205      7.797     -0.067  0.000e+00
      7.689    27.9521   5.671721    35.3771     2.5194     0.0864          0     51.500 329.562760  1022.7269      7.647     -0.158  0.000e+00
      7.657    27.9534   5.673151    35.3863     2.5040     0.0902          0     51.750 329.562763  1022.7332      7.614     -0.227  0.000e+00
      7.624    27.9549   5.672991    35.3840     2.5002     0.0833          0     52.000 329.562766  1022.7308      7.582     -0.276  0.000e+00
      7.624    27.9564   5.673121    35.3838     2.4915     0.0788          0     52.250 329.562769  1022.7302      7.582     -0.293  0.000e+00
      7.592    27.9579   5.674361    35.3914     2.4889     0.0780          0     52.500 329.562772  1022.7353      7.550     -0.284  0.000e+00
      7.570    27.9593   5.674741    35.3930     2.4860     0.0795          0     52.750 329.562775  1022.7360      7.528     -0.248  0.000e+00
      7.537    27.9604   5.674551    35.3909     2.4768     0.0734          0     53.000 329.562778  1022.7339      7.496     -0.193  0.000e+00
      7.440    27.9622   5.673995    35.3856     2.4679     0.0772          0     53.250 329.562781  1022.7289      7.399     -0.151  0.000e+00
      7.375    27.9638   5.675403    35.3943     2.4661     0.0757          0     53.500 329.562784  1022.7346      7.334     -0.142  0.000e+00
      7.353    27.9650   5.676263    35.3995     2.4613     0.0803          0     53.750 329.562786  1022.7380      7.313     -0.159  0.000e+00
      7.386    27.9657   5.675943    35.3967     2.4636     0.0749          0     54.000 329.562789  1022.7359      7.345     -0.155  0.000e+00
      7.353    27.9669   5.674421    35.3851     2.4493     0.0772          0     54.250 329.562792  1022.7266      7.313     -0.153  0.000e+00
      7.224    27.9673   5.672961    35.3746     2.4433     0.0726          0     54.500 329.562795  1022.7180      7.184     -0.167  0.000e+00
      7.072    27.9674   5.672709    35.3728     2.4431     0.0780          0     54.750 329.562798  1022.7160      7.033     -0.206  0.000e+00
      6.953    27.9668   5.674741    35.3875     2.4422     0.0780          0     55.000 329.562801  1022.7267      6.915     -0.249  0.000e+00
      6.953    27.9676   5.676772    35.4012     2.4326     0.0734          0     55.250 329.562804  1022.7368      6.915     -0.262  0.000e+00
