ctd_kilwa/cnv/SBE19plus_01906740_2018_11_26_0070.cnv
* Sea-Bird SBE19plus  Data File:
* FileName = C:\Users\all user\Desktop\Mapping WWF\SBE19plus_01906740_2018_11_26_0070.hex
* Software version 2.6.3.104
* Temperature SN = 6740
* Conductivity SN = 6740
* System UpLoad Time = Nov 26 2018 20:00:31
* <ApplicationData>
* <Seaterm232>
# nquan = 13
# nvalues = 678                                   
# units = specified
# name 0 = prdM: Pressure, Strain Gauge [db]
# name 1 = tv290C: Temperature [ITS-90, deg C]
# name 2 = c0S/m: Conductivity [S/m]
# name 3 = sal00: Salinity, Practical [PSU]
# name 4 = sbeox0ML/L: Oxygen, SBE 43 [ml/l]
# name 5 = flECO-AFL: Fluorescence, WET Labs ECO-AFL/FL [mg/m^3]
# name 6 = nbf: Bottles Fired
# name 7 = timeS: Time, Elapsed [seconds]
# name 8 = timeJ: Julian Days
# name 9 = density00: Density [density, kg/m^3]
# name 10 = depSM: Depth [salt water, m], lat = 0.00
# name 11 = dz/dtM: Descent Rate [m/s]
# name 12 = flag:  0.000e+00
# span 0 =     -1.066,     20.600                 
# span 1 =    28.6345,    29.4880                 
# span 2 =   0.550014,   5.800192                 
# span 3 =     2.7162,    35.2750                 
# span 4 =     2.2731,     6.0877                 
# span 5 =    -0.4156,     2.2539                 
# span 6 =          0,          0                 
# span 7 =      0.000,    169.250                 
# span 8 = 329.622789, 329.624748                 
# span 9 =   997.9163,  1022.4488                 
# span 10 =     -1.060,     20.486                
# span 11 =     -1.003,      0.563                
# span 12 = 0.0000e+00, 0.0000e+00                
# interval = seconds: 0.25
# start_time = Nov 25 2018 14:56:49 [Instrument's time stamp, header]
# bad_flag = -9.990e-29
*END*
     -0.949    29.4880   0.873038     4.4251     3.5984    -0.3622          0      0.000 329.622789   999.1024     -0.944      0.000  0.000e+00
     -0.863    29.4492   4.095772    23.8286     3.7173    -0.3638          0      0.250 329.622792  1013.5527     -0.858      0.023  0.000e+00
     -0.733    29.4233   4.259535    24.9024     3.7005    -0.3599          0      0.500 329.622795  1014.3629     -0.729      0.075  0.000e+00
     -0.614    29.4061   3.029822    17.0969     3.7355    -0.3630          0      0.750 329.622798  1008.5524     -0.611      0.144  0.000e+00
     -0.560    29.3944   3.186268    18.0749     3.5844    -0.3348          0      1.000 329.622801  1009.2842     -0.557      0.205  0.000e+00
     -0.473    29.3869   3.776722    21.8085     3.3877    -0.3348          0      1.250 329.622804  1012.0682     -0.471      0.264  0.000e+00
     -0.398    29.3832   2.554961    14.1879     3.3997    -0.3393          0      1.500 329.622807  1006.3966     -0.395      0.311  0.000e+00
     -0.311    29.3826   5.582660    33.7243     2.9287    -0.3378          0      1.750 329.622810  1020.9774     -0.309      0.344  0.000e+00
     -0.257    29.3822   3.561744    20.4422     3.0231     0.4579          0      2.000 329.622813  1011.0524     -0.255      0.349  0.000e+00
     -0.224    29.3823   5.792552    35.1561     2.6783     0.4557          0      2.250 329.622815  1022.0520     -0.223      0.317  0.000e+00
     -0.192    29.3821   5.795692    35.1778     2.7207     0.4656          0      2.500 329.622818  1022.0684     -0.191      0.273  0.000e+00
     -0.127    29.3818   5.798864    35.1997     2.7844     0.4579          0      2.750 329.622821  1022.0853     -0.126      0.246  0.000e+00
     -0.116    29.3795   5.800192    35.2104     2.8140     0.0154          0      3.000 329.622824  1022.0941     -0.115      0.221  0.000e+00
     -0.127    29.3724   5.799831    35.2132     2.8336     0.0101          0      3.250 329.622827  1022.0985     -0.126      0.178  0.000e+00
     -0.127    29.3632   5.798925    35.2138     2.8474     0.0139          0      3.500 329.622830  1022.1021     -0.126      0.134  0.000e+00
     -0.138    29.3522   5.797482    35.2119     2.8490     0.0101          0      3.750 329.622833  1022.1043     -0.137      0.090  0.000e+00
     -0.148    29.3415   5.795754    35.2080     2.8373     0.0101          0      4.000 329.622836  1022.1050     -0.148      0.055  0.000e+00
     -0.138    29.3305   5.794472    35.2072     2.8190    -0.0296          0      4.250 329.622839  1022.1082     -0.137      0.030  0.000e+00
     -0.127    29.3222   5.793897    35.2094     2.8067    -0.0258          0      4.500 329.622841  1022.1126     -0.126      0.010  0.000e+00
     -0.105    29.3155   5.793958    35.2147     2.8020    -0.0258          0      4.750 329.622844  1022.1190     -0.105      0.001  0.000e+00
     -0.083    29.3116   5.793882    35.2171     2.8054    -0.0265          0      5.000 329.622847  1022.1222     -0.083      0.013  0.000e+00
     -0.062    29.3091   5.794089    35.2203     2.8015     0.0490          0      5.250 329.622850  1022.1255     -0.061      0.032  0.000e+00
     -0.040    29.3089   5.794058    35.2202     2.8035     0.0437          0      5.500 329.622853  1022.1256     -0.040      0.049  0.000e+00
     -0.008    29.3097   5.794711    35.2241     2.8137     0.0444          0      5.750 329.622856  1022.1284     -0.008      0.069  0.000e+00
      0.003    29.3110   5.795164    35.2262     2.8207     0.0467          0      6.000 329.622859  1022.1296      0.003      0.081  0.000e+00
     -0.019    29.3129   5.795302    35.2259     2.8308     0.0124          0      6.250 329.622862  1022.1286     -0.018      0.074  0.000e+00
     -0.040    29.3136   5.795432    35.2262     2.8564     0.0063          0      6.500 329.622865  1022.1285     -0.040      0.056  0.000e+00
     -0.062    29.3134   5.795225    35.2250     2.8615     0.0116          0      6.750 329.622867  1022.1276     -0.061      0.029  0.000e+00
     -0.062    29.3130   5.794649    35.2213     2.8761     0.0009          0      7.000 329.622870  1022.1250     -0.061      0.005  0.000e+00
     -0.073    29.3125   5.794219    35.2187     2.8990     0.0353          0      7.250 329.622873  1022.1231     -0.072     -0.017  0.000e+00
     -0.062    29.3125   5.794979    35.2240     2.8932     0.0231          0      7.500 329.622876  1022.1271     -0.061     -0.030  0.000e+00
     -0.051    29.3125   5.795755    35.2293     2.8755     0.0231          0      7.750 329.622879  1022.1311     -0.051     -0.033  0.000e+00
     -0.018    29.3128   5.795755    35.2290     2.8634     0.0406          0      8.000 329.622882  1022.1310     -0.018     -0.016  0.000e+00
     -0.008    29.3125   5.795663    35.2286     2.8561     0.0276          0      8.250 329.622885  1022.1308     -0.008      0.009  0.000e+00
      0.025    29.3116   5.795463    35.2279     2.8398     0.0231          0      8.500 329.622888  1022.1308      0.025      0.035  0.000e+00
      0.014    29.3110   5.795363    35.2276     2.8264     0.0246          0      8.750 329.622891  1022.1306      0.014      0.049  0.000e+00
      0.036    29.3107   5.795356    35.2278     2.9053     0.0253          0      9.000 329.622894  1022.1310      0.036      0.058  0.000e+00
      0.036    29.3102   5.795525    35.2293     2.8628     0.0231          0      9.250 329.622896  1022.1323      0.036      0.060  0.000e+00
      0.057    29.3099   5.795494    35.2293     2.8629     0.0223          0      9.500 329.622899  1022.1325      0.057      0.058  0.000e+00
      0.079    29.3096   5.795356    35.2286     2.8589     0.0215          0      9.750 329.622902  1022.1321      0.079      0.056  0.000e+00
      0.090    29.3087   5.794941    35.2264     2.8399     0.0269          0     10.000 329.622905  1022.1309      0.089      0.052  0.000e+00
      0.079    29.3076   5.794450    35.2239     2.8355     0.0292          0     10.250 329.622908  1022.1293      0.079      0.046  0.000e+00
     -0.029    29.3066   5.794603    35.2257     2.8177     0.0231          0     10.500 329.622911  1022.1305     -0.029      0.009  0.000e+00
     -0.051    29.3056   5.795133    35.2301     2.7997     0.0200          0     10.750 329.622914  1022.1341     -0.050     -0.022  0.000e+00
     -0.051    29.3041   5.794910    35.2297     2.7782     0.0131          0     11.000 329.622917  1022.1343     -0.050     -0.052  0.000e+00
      0.014    29.3022   5.794412    35.2276     2.7927     0.0238          0     11.250 329.622920  1022.1336      0.014     -0.053  0.000e+00
      0.068    29.3009   5.794158    35.2268     2.7761     0.0383          0     11.500 329.622922  1022.1337      0.068     -0.037  0.000e+00
      0.122    29.2996   5.792009    35.2130     2.7583     0.0482          0     11.750 329.622925  1022.1240      0.122     -0.003  0.000e+00
      0.133    29.2985   5.791871    35.2129     2.7532     0.0490          0     12.000 329.622928  1022.1243      0.132      0.038  0.000e+00
      0.101    29.2973   5.792331    35.2169     2.7362     0.0353          0     12.250 329.622931  1022.1276      0.100      0.069  0.000e+00
      0.079    29.2957   5.792362    35.2183     2.7118     0.0383          0     12.500 329.622934  1022.1291      0.079      0.091  0.000e+00
      0.047    29.2940   5.792723    35.2220     2.7021    -0.0052          0     12.750 329.622937  1022.1323      0.046      0.068  0.000e+00
      0.036    29.2929   5.792999    35.2247     2.6809     0.0025          0     13.000 329.622940  1022.1347      0.036      0.030  0.000e+00
      0.047    29.2920   5.793015    35.2255     2.6677    -0.0029          0     13.250 329.622943  1022.1356      0.046     -0.012  0.000e+00
      0.068    29.2910   5.792754    35.2244     2.6609    -0.0075          0     13.500 329.622946  1022.1353      0.068     -0.032  0.000e+00
      0.090    29.2903   5.792592    35.2239     2.6425     0.0070          0     13.750 329.622948  1022.1351      0.089     -0.032  0.000e+00
      0.068    29.2901   5.792493    35.2233     2.6400     0.0185          0     14.000 329.622951  1022.1347      0.068     -0.021  0.000e+00
      0.101    29.2902   5.792692    35.2246     2.6431     0.0063          0     14.250 329.622954  1022.1358      0.100      0.006  0.000e+00
      0.112    29.2903   5.792754    35.2250     2.6416     0.0101          0     14.500 329.622957  1022.1361      0.111      0.027  0.000e+00
      0.133    29.2913   5.792462    35.2222     2.6523    -0.0097          0     14.750 329.622960  1022.1338      0.133      0.045  0.000e+00
      0.155    29.2926   5.792301    35.2201     2.6375    -0.0166          0     15.000 329.622963  1022.1318      0.154      0.056  0.000e+00
      0.144    29.2945   5.792155    35.2177     2.6329    -0.0189          0     15.250 329.622966  1022.1293      0.143      0.052  0.000e+00
      0.122    29.2967   5.792040    35.2154     2.6159    -0.0120          0     15.500 329.622969  1022.1268      0.122      0.039  0.000e+00
      0.079    29.2986   5.792170    35.2149     2.6165     0.0238          0     15.750 329.622972  1022.1256      0.079      0.017  0.000e+00
      0.058    29.3004   5.792124    35.2132     2.5956     0.0322          0     16.000 329.622975  1022.1236      0.057     -0.005  0.000e+00
      0.025    29.3022   5.791518    35.2077     2.5918     0.0292          0     16.250 329.622977  1022.1187      0.025     -0.040  0.000e+00
      0.025    29.3035   5.790965    35.2030     2.5950     0.0360          0     16.500 329.622980  1022.1147      0.025     -0.062  0.000e+00
     -0.007    29.3051   5.790873    35.2012     2.5827     0.0383          0     16.750 329.622983  1022.1128     -0.007     -0.084  0.000e+00
     -0.029    29.3065   5.791940    35.2075     2.5738     0.0391          0     17.000 329.622986  1022.1169     -0.029     -0.096  0.000e+00
      0.025    29.3075   5.793444    35.2171     2.5773     0.0337          0     17.250 329.622989  1022.1240      0.025     -0.076  0.000e+00
      0.090    29.3079   5.794197    35.2219     2.5713     0.0360          0     17.500 329.622992  1022.1277      0.090     -0.033  0.000e+00
      0.187    29.3081   5.793667    35.2181     2.5743     0.0253          0     17.750 329.622995  1022.1252      0.186      0.032  0.000e+00
      0.209    29.3095   5.790804    35.1974     2.5530     0.0032          0     18.000 329.622998  1022.1093      0.208      0.084  0.000e+00
      0.144    29.3096   5.789430    35.1879     2.5474    -0.0082          0     18.250 329.623001  1022.1019      0.143      0.102  0.000e+00
      0.058    29.3082   5.789023    35.1862     2.5366    -0.0029          0     18.500 329.623003  1022.1007      0.057      0.081  0.000e+00
     -0.018    29.3016   5.789599    35.1950     2.5377    -0.0082          0     18.750 329.623006  1022.1092     -0.018      0.038  0.000e+00
     -0.061    29.2977   5.791326    35.2098     2.5328     0.0406          0     19.000 329.623009  1022.1214     -0.061     -0.025  0.000e+00
     -0.029    29.2969   5.793598    35.2259     2.5407     0.0284          0     19.250 329.623012  1022.1340     -0.029     -0.082  0.000e+00
      0.101    29.2978   5.794220    35.2295     2.5399     0.0376          0     19.500 329.623015  1022.1369      0.100     -0.087  0.000e+00
      0.187    29.3011   5.793836    35.2244     2.5321     0.0368          0     19.750 329.623018  1022.1323      0.186     -0.053  0.000e+00
      0.209    29.3058   5.791088    35.2021     2.5369     0.0429          0     20.000 329.623021  1022.1141      0.208      0.014  0.000e+00
      0.209    29.3090   5.790052    35.1926     2.5216     0.0330          0     20.250 329.623024  1022.1059      0.208      0.086  0.000e+00
      0.144    29.3100   5.789760    35.1899     2.5148     0.0414          0     20.500 329.623027  1022.1032      0.143      0.119  0.000e+00
      0.069    29.3050   5.790335    35.1976     2.4982     0.0330          0     20.750 329.623030  1022.1104      0.068      0.103  0.000e+00
      0.047    29.3009   5.790996    35.2051     2.4924     0.0307          0     21.000 329.623032  1022.1173      0.047      0.056  0.000e+00
      0.015    29.2998   5.791356    35.2084     2.4912     0.0284          0     21.250 329.623035  1022.1200      0.014     -0.019  0.000e+00
     -0.007    29.3004   5.792063    35.2128     2.4956     0.0368          0     21.500 329.623038  1022.1230     -0.007     -0.094  0.000e+00
      0.004    29.3020   5.793145    35.2190     2.5064     0.0406          0     21.750 329.623041  1022.1272      0.004     -0.125  0.000e+00
      0.047    29.3036   5.793767    35.2221     2.5017     0.0406          0     22.000 329.623044  1022.1291      0.047     -0.108  0.000e+00
      0.123    29.3051   5.793882    35.2218     2.4918     0.0391          0     22.250 329.623047  1022.1288      0.122     -0.055  0.000e+00
      0.166    29.3066   5.793636    35.2190     2.4883     0.0482          0     22.500 329.623050  1022.1263      0.165      0.016  0.000e+00
      0.155    29.3078   5.793275    35.2156     2.4807     0.0467          0     22.750 329.623053  1022.1234      0.154      0.065  0.000e+00
      0.144    29.3096   5.793314    35.2146     2.4698     0.0505          0     23.000 329.623056  1022.1219      0.144      0.085  0.000e+00
      0.101    29.3112   5.793283    35.2132     2.4655     0.0284          0     23.250 329.623058  1022.1201      0.100      0.081  0.000e+00
      0.079    29.3122   5.793636    35.2149     2.4786     0.0368          0     23.500 329.623061  1022.1210      0.079      0.058  0.000e+00
      0.069    29.3127   5.794127    35.2179     2.4873     0.0337          0     23.750 329.623064  1022.1231      0.068      0.019  0.000e+00
      0.058    29.3123   5.794473    35.2206     2.4775     0.0292          0     24.000 329.623067  1022.1252      0.058     -0.023  0.000e+00
      0.101    29.3117   5.794580    35.2218     2.4906     0.0101          0     24.250 329.623070  1022.1264      0.101     -0.043  0.000e+00
      0.123    29.3111   5.794519    35.2217     2.4728     0.0093          0     24.500 329.623073  1022.1267      0.122     -0.036  0.000e+00
      0.134    29.3111   5.793943    35.2178     2.4617     0.0047          0     24.750 329.623076  1022.1237      0.133     -0.012  0.000e+00
      0.134    29.3116   5.791940    35.2037     2.4634     0.0109          0     25.000 329.623079  1022.1131      0.133      0.012  0.000e+00
      0.101    29.3123   5.790765    35.1952     2.4573     0.0017          0     25.250 329.623082  1022.1063      0.101      0.024  0.000e+00
      0.025    29.3127   5.790780    35.1950     2.4617     0.0162          0     25.500 329.623084  1022.1057      0.025      0.004  0.000e+00
      0.004    29.3125   5.792753    35.2087     2.4716     0.0162          0     25.750 329.623087  1022.1159      0.004     -0.023  0.000e+00
      0.069    29.3122   5.793797    35.2160     2.4665     0.0101          0     26.000 329.623090  1022.1218      0.068     -0.032  0.000e+00
      0.123    29.3120   5.794227    35.2191     2.4702     0.0162          0     26.250 329.623093  1022.1244      0.122     -0.030  0.000e+00
      0.166    29.3121   5.793053    35.2110     2.4547     0.0009          0     26.500 329.623096  1022.1185      0.165     -0.006  0.000e+00
      0.155    29.3132   5.791195    35.1974     2.4617     0.0124          0     26.750 329.623099  1022.1079      0.154      0.018  0.000e+00
      0.123    29.3139   5.790374    35.1913     2.4583     0.0139          0     27.000 329.623102  1022.1029      0.122      0.035  0.000e+00
      0.079    29.3139   5.790573    35.1927     2.4621     0.0070          0     27.250 329.623105  1022.1037      0.079      0.040  0.000e+00
      0.036    29.3136   5.791717    35.2007     2.4514     0.0070          0     27.500 329.623108  1022.1097      0.036      0.027  0.000e+00
