ctd_kilwa/cnv/SBE19plus_01906740_2018_11_26_0052.cnv
* Sea-Bird SBE19plus  Data File:
* FileName = C:\Users\all user\Desktop\Mapping WWF\SBE19plus_01906740_2018_11_26_0052.hex
* Software version 2.6.3.104
* Temperature SN = 6740
* Conductivity SN = 6740
* System UpLoad Time = Nov 26 2018 19:56:23
* <ApplicationData>
* <Seaterm232>
# nquan = 13
# nvalues = 738                                   
# units = specified
# name 0 = prdM: Pressure, Strain Gauge [db]
# name 1 = tv290C: Temperature [ITS-90, deg C]
# name 2 = c0S/m: Conductivity [S/m]
# name 3 = sal00: Salinity, Practical [PSU]
# name 4 = sbeox0ML/L: Oxygen, SBE 43 [ml/l]
# name 5 = flECO-AFL: Fluorescence, WET Labs ECO-AFL/FL [mg/m^3]
# name 6 = nbf: Bottles Fired
# name 7 = timeS: Time, Elapsed [seconds]
# name 8 = timeJ: Julian Days
# name 9 = density00: Density [density, kg/m^3]
# name 10 = depSM: Depth [salt water, m], lat = 0.00
# name 11 = dz/dtM: Descent Rate [m/s]
# name 12 = flag:  0.000e+00
# span 0 =     -1.011,     15.931                 
# span 1 =    28.4757,    29.1802                 
# span 2 =   0.081608,   6.110480                 
# span 3 =     0.3698,    37.5975                 
# span 4 =     1.7246,     4.1640                 
# span 5 =    -0.4385,    48.6848                 
# span 6 =          0,          0                 
# span 7 =      0.000,    184.250                 
# span 8 = 328.565764, 328.567896                 
# span 9 =   996.2739,  1023.9947                 
# span 10 =     -1.005,     15.843                
# span 11 =     -0.742,      0.523                
# span 12 = 0.0000e+00, 0.0000e+00                
# interval = seconds: 0.25
# start_time = Nov 24 2018 13:34:42 [Instrument's time stamp, header]
# bad_flag = -9.990e-29
*END*
     -0.988    28.8161   0.081608     0.3698     3.7790     0.1222          0      0.000 328.565764   996.2739     -0.982 -4.211e-16  0.000e+00
     -0.815    28.8581   0.711604     3.6006     4.1640     0.1245          0      0.250 328.565767   998.6773     -0.810      0.046  0.000e+00
     -0.685    28.9311   1.174220     6.1562     4.1270     0.1177          0      0.500 328.565770  1000.5600     -0.681      0.115  0.000e+00
     -0.653    28.9842   0.493200     2.4290     3.9635     0.1161          0      0.750 328.565773   997.7666     -0.649      0.173  0.000e+00
     -0.609    29.0103   0.618694     3.0910     3.7390    -0.2508          0      1.000 328.565775   998.2530     -0.606      0.220  0.000e+00
     -0.555    29.0230   2.351936    13.0562     3.3599    -0.2524          0      1.250 328.565778  1005.6661     -0.552      0.256  0.000e+00
     -0.577    29.0338   2.870700    16.2373     3.1485    -0.2592          0      1.500 328.565781  1008.0299     -0.574      0.257  0.000e+00
     -0.512    29.0432   2.871162    16.2370     3.0132    -0.2547          0      1.750 328.565784  1008.0270     -0.509      0.249  0.000e+00
     -0.501    29.0494   2.907067    16.4580     2.8655     0.2054          0      2.000 328.565787  1008.1896     -0.498      0.211  0.000e+00
     -0.512    29.0540   3.039827    17.2840     2.7399     0.2008          0      2.250 328.565790  1008.8032     -0.509      0.139  0.000e+00
     -0.479    29.0563   3.150023    17.9736     2.7344     0.1978          0      2.500 328.565793  1009.3161     -0.477      0.100  0.000e+00
     -0.414    29.0577   6.110480    37.5975     2.5269     0.2062          0      2.750 328.565796  1023.9947     -0.412      0.100  0.000e+00
     -0.350    29.0613   5.766408    35.2125     2.5871    -0.2905          0      3.000 328.565799  1022.2017     -0.348      0.110  0.000e+00
     -0.328    29.0632   5.766860    35.2143     2.6064    -0.2936          0      3.250 328.565802  1022.2025     -0.326      0.121  0.000e+00
     -0.263    29.0640   5.770124    35.2362     2.6501    -0.2959          0      3.500 328.565804  1022.2189     -0.262      0.147  0.000e+00
     -0.209    29.0704   5.771365    35.2400     2.6483    -0.2898          0      3.750 328.565807  1022.2198     -0.208      0.162  0.000e+00
     -0.122    29.0786   5.772469    35.2415     2.6761    -0.2928          0      4.000 328.565810  1022.2185     -0.122      0.196  0.000e+00
     -0.133    29.0871   5.772760    35.2372     2.6788     0.0475          0      4.250 328.565813  1022.2125     -0.132      0.206  0.000e+00
     -0.090    29.0943   5.773396    35.2363     2.6860     0.0406          0      4.500 328.565816  1022.2095     -0.089      0.198  0.000e+00
     -0.079    29.1001   5.774776    35.2415     2.6728     0.0498          0      4.750 328.565819  1022.2116     -0.079      0.177  0.000e+00
     -0.101    29.1059   5.775420    35.2417     2.6772     0.0429          0      5.000 328.565822  1022.2096     -0.100      0.144  0.000e+00
     -0.122    29.1094   5.776117    35.2439     2.6783     0.0536          0      5.250 328.565825  1022.2100     -0.122      0.107  0.000e+00
     -0.101    29.1100   5.776432    35.2456     2.6765     0.0574          0      5.500 328.565828  1022.2112     -0.100      0.067  0.000e+00
     -0.111    29.1074   5.775841    35.2435     2.6781     0.0459          0      5.750 328.565830  1022.2104     -0.111      0.031  0.000e+00
     -0.111    29.1044   5.775420    35.2428     2.6764     0.0459          0      6.000 328.565833  1022.2109     -0.111      0.003  0.000e+00
     -0.090    29.1019   5.775489    35.2451     2.6898     0.0505          0      6.250 328.565836  1022.2136     -0.089      0.003  0.000e+00
     -0.079    29.1012   5.775749    35.2474     2.6936     0.0521          0      6.500 328.565839  1022.2156     -0.079      0.000  0.000e+00
     -0.101    29.1037   5.776432    35.2503     2.6758     0.0604          0      6.750 328.565842  1022.2168     -0.100      0.002  0.000e+00
     -0.101    29.1088   5.776784    35.2489     2.6813     0.0589          0      7.000 328.565845  1022.2141     -0.100      0.009  0.000e+00
     -0.079    29.1171   5.776961    35.2440     2.6731     0.0315          0      7.250 328.565848  1022.2078     -0.078      0.015  0.000e+00
     -0.057    29.1239   5.776362    35.2349     2.6656     0.0414          0      7.500 328.565851  1022.1987     -0.057      0.019  0.000e+00
     -0.046    29.1294   5.776301    35.2304     2.6591     0.0406          0      7.750 328.565854  1022.1936     -0.046      0.028  0.000e+00
     -0.100    29.1337   5.777957    35.2386     2.6646     0.0261          0      8.000 328.565856  1022.1980     -0.100      0.016  0.000e+00
     -0.122    29.1371   5.779284    35.2452     2.6499     0.0376          0      8.250 328.565859  1022.2018     -0.121     -0.003  0.000e+00
     -0.111    29.1417   5.780357    35.2493     2.6581     0.0589          0      8.500 328.565862  1022.2033     -0.111     -0.011  0.000e+00
     -0.079    29.1470   5.781362    35.2522     2.6793     0.0574          0      8.750 328.565865  1022.2039     -0.078     -0.005  0.000e+00
     -0.068    29.1511   5.781369    35.2492     2.6768     0.0597          0      9.000 328.565868  1022.2003     -0.068     -0.004  0.000e+00
     -0.090    29.1534   5.781369    35.2475     2.6885     0.0604          0      9.250 328.565871  1022.1982     -0.089     -0.010  0.000e+00
     -0.090    29.1553   5.781561    35.2475     2.8409     0.0376          0      9.500 328.565874  1022.1975     -0.089     -0.010  0.000e+00
     -0.090    29.1573   5.781921    35.2485     2.8528     0.0246          0      9.750 328.565877  1022.1976     -0.089     -0.002  0.000e+00
     -0.090    29.1592   5.782182    35.2489     2.8210     0.0421          0     10.000 328.565880  1022.1972     -0.089      0.012  0.000e+00
     -0.100    29.1611   5.782113    35.2470     2.7857     0.0337          0     10.250 328.565883  1022.1951     -0.100      0.007  0.000e+00
     -0.079    29.1624   5.782174    35.2465     2.7332     0.0437          0     10.500 328.565885  1022.1944     -0.078      0.001  0.000e+00
     -0.068    29.1631   5.782474    35.2480     2.7081     0.0376          0     10.750 328.565888  1022.1953     -0.068     -0.001  0.000e+00
     -0.025    29.1640   5.782796    35.2495     2.6725     0.0444          0     11.000 328.565891  1022.1964     -0.025      0.017  0.000e+00
      0.008    29.1661   5.782895    35.2487     2.6311     0.0475          0     11.250 328.565894  1022.1952      0.008      0.042  0.000e+00
      0.029    29.1699   5.782581    35.2437     2.6023     0.0734          0     11.500 328.565897  1022.1903      0.029      0.062  0.000e+00
     -0.014    29.1729   5.782052    35.2379     2.6088     0.0726          0     11.750 328.565900  1022.1847     -0.014      0.062  0.000e+00
     -0.046    29.1755   5.781952    35.2353     2.6248     0.0650          0     12.000 328.565903  1022.1817     -0.046      0.048  0.000e+00
     -0.046    29.1776   5.782519    35.2377     2.6073     0.0688          0     12.250 328.565906  1022.1828     -0.046      0.032  0.000e+00
     -0.046    29.1790   5.783026    35.2401     2.5865     0.0688          0     12.500 328.565909  1022.1842     -0.046      0.009  0.000e+00
     -0.014    29.1802   5.783056    35.2394     2.5730     0.0360          0     12.750 328.565911  1022.1834     -0.014     -0.002  0.000e+00
     -0.003    29.1802   5.782673    35.2368     2.5680     0.0368          0     13.000 328.565914  1022.1815     -0.003     -0.011  0.000e+00
      0.018    29.1798   5.782143    35.2334     2.5679     0.0406          0     13.250 328.565917  1022.1792      0.018     -0.004  0.000e+00
     -0.003    29.1792   5.781852    35.2319     2.5940     0.0376          0     13.500 328.565920  1022.1781     -0.003      0.006  0.000e+00
     -0.025    29.1779   5.781300    35.2291     2.6231     0.0673          0     13.750 328.565923  1022.1764     -0.025      0.017  0.000e+00
     -0.057    29.1764   5.781108    35.2288     2.6537     0.0635          0     14.000 328.565926  1022.1765     -0.057      0.009  0.000e+00
     -0.090    29.1754   5.780686    35.2266     2.6771     0.0658          0     14.250 328.565929  1022.1751     -0.089     -0.015  0.000e+00
     -0.079    29.1744   5.781008    35.2296     2.6808     0.0650          0     14.500 328.565932  1022.1777     -0.079     -0.034  0.000e+00
     -0.047    29.1737   5.781706    35.2349     2.7173     0.0574          0     14.750 328.565935  1022.1820     -0.046     -0.042  0.000e+00
     -0.036    29.1726   5.781300    35.2329     2.7123     0.0612          0     15.000 328.565938  1022.1810     -0.036     -0.036  0.000e+00
     -0.047    29.1715   5.779383    35.2206     2.6873     0.0635          0     15.250 328.565940  1022.1720     -0.046     -0.028  0.000e+00
     -0.068    29.1697   5.779452    35.2224     2.6759     0.0604          0     15.500 328.565943  1022.1739     -0.068     -0.016  0.000e+00
     -0.122    29.1685   5.779904    35.2264     2.6683     0.0215          0     15.750 328.565946  1022.1771     -0.122     -0.019  0.000e+00
     -0.133    29.1677   5.779935    35.2272     2.6758     0.0231          0     16.000 328.565949  1022.1779     -0.132     -0.025  0.000e+00
     -0.166    29.1671   5.781039    35.2353     2.6815     0.0154          0     16.250 328.565952  1022.1840     -0.165     -0.043  0.000e+00
     -0.111    29.1665   5.781737    35.2405     2.6764     0.0231          0     16.500 328.565955  1022.1884     -0.111     -0.050  0.000e+00
     -0.047    29.1654   5.781691    35.2409     2.6636     0.0276          0     16.750 328.565958  1022.1893     -0.046     -0.035  0.000e+00
     -0.025    29.1633   5.780687    35.2355     2.6013     0.0223          0     17.000 328.565961  1022.1861     -0.025     -0.006  0.000e+00
     -0.057    29.1606   5.778240    35.2207     2.5944     0.0269          0     17.250 328.565964  1022.1758     -0.057      0.017  0.000e+00
     -0.079    29.1588   5.778440    35.2235     2.5648     0.0231          0     17.500 328.565966  1022.1783     -0.079      0.032  0.000e+00
     -0.111    29.1578   5.779644    35.2325     2.5467     0.0223          0     17.750 328.565969  1022.1853     -0.111      0.034  0.000e+00
     -0.122    29.1559   5.780096    35.2370     2.5082     0.0772          0     18.000 328.565972  1022.1893     -0.122      0.017  0.000e+00
     -0.079    29.1539   5.780549    35.2416     2.4808     0.0688          0     18.250 328.565975  1022.1936     -0.079      0.009  0.000e+00
     -0.025    29.1494   5.780587    35.2451     2.5234     0.0620          0     18.500 328.565978  1022.1980     -0.025      0.000  0.000e+00
      0.008    29.1426   5.780357    35.2486     2.5585     0.0688          0     18.750 328.565981  1022.2030      0.008      0.009  0.000e+00
      0.008    29.1353   5.779989    35.2514     2.5776     0.0315          0     19.000 328.565984  1022.2075      0.008      0.031  0.000e+00
     -0.003    29.1282   5.779544    35.2536     2.5830     0.0330          0     19.250 328.565987  1022.2116     -0.003      0.054  0.000e+00
     -0.025    29.1202   5.779031    35.2559     2.5550     0.0406          0     19.500 328.565990  1022.2159     -0.025      0.059  0.000e+00
     -0.036    29.1105   5.778862    35.2619     2.5696     0.0345          0     19.750 328.565992  1022.2236     -0.035      0.052  0.000e+00
     -0.068    29.1012   5.778678    35.2676     2.5527     0.0688          0     20.000 328.565995  1022.2308     -0.068      0.022  0.000e+00
     -0.057    29.0944   5.778441    35.2709     2.6140     0.0543          0     20.250 328.565998  1022.2356     -0.057     -0.011  0.000e+00
     -0.057    29.0890   5.777927    35.2714     2.6035     0.0627          0     20.500 328.566001  1022.2378     -0.057     -0.034  0.000e+00
      0.007    29.0824   5.776739    35.2681     2.5268     0.0604          0     20.750 328.566004  1022.2378      0.007     -0.023  0.000e+00
      0.051    29.0750   5.775781    35.2669     2.4802     0.0574          0     21.000 328.566007  1022.2396      0.050      0.008  0.000e+00
      0.062    29.0697   5.775037    35.2657     2.4881     0.0421          0     21.250 328.566010  1022.2405      0.061      0.039  0.000e+00
      0.007    29.0651   5.775175    35.2701     2.5599     0.0276          0     21.500 328.566013  1022.2451      0.007      0.048  0.000e+00
     -0.068    29.0614   5.775520    35.2751     2.5652     0.0353          0     21.750 328.566016  1022.2498     -0.068      0.029  0.000e+00
     -0.122    29.0598   5.774807    35.2714     2.5581     0.0360          0     22.000 328.566019  1022.2473     -0.122     -0.004  0.000e+00
     -0.101    29.0602   5.774547    35.2693     2.5419     0.0444          0     22.250 328.566021  1022.2457     -0.100     -0.038  0.000e+00
     -0.047    29.0602   5.774370    35.2681     2.5616     0.0398          0     22.500 328.566024  1022.2450     -0.046     -0.051  0.000e+00
      0.029    29.0595   5.774156    35.2671     2.5734     0.0444          0     22.750 328.566027  1022.2449      0.029     -0.044  0.000e+00
      0.029    29.0581   5.773995    35.2671     2.5413     0.0597          0     23.000 328.566030  1022.2453      0.029     -0.022  0.000e+00
      0.040    29.0571   5.773964    35.2676     2.5078     0.0551          0     23.250 328.566033  1022.2461      0.040      0.017  0.000e+00
     -0.004    29.0562   5.773903    35.2678     2.4718     0.0627          0     23.500 328.566036  1022.2464     -0.003      0.047  0.000e+00
     -0.014    29.0557   5.773412    35.2648     2.4534     0.0543          0     23.750 328.566039  1022.2442     -0.014      0.062  0.000e+00
     -0.014    29.0552   5.773282    35.2643     2.4594     0.0505          0     24.000 328.566042  1022.2440     -0.014      0.053  0.000e+00
      0.007    29.0545   5.773152    35.2639     2.4450     0.0406          0     24.250 328.566045  1022.2440      0.007      0.027  0.000e+00
      0.018    29.0540   5.772991    35.2632     2.4459     0.0429          0     24.500 328.566047  1022.2437      0.018      0.004  0.000e+00
      0.029    29.0537   5.772830    35.2623     2.4551     0.0360          0     24.750 328.566050  1022.2432      0.029     -0.007  0.000e+00
      0.040    29.0539   5.772730    35.2615     2.4746     0.0391          0     25.000 328.566053  1022.2425      0.039      0.005  0.000e+00
      0.029    29.0541   5.772745    35.2614     2.5222     0.0391          0     25.250 328.566056  1022.2424      0.029      0.014  0.000e+00
      0.029    29.0549   5.772761    35.2609     2.5519     0.0459          0     25.500 328.566059  1022.2418      0.029      0.026  0.000e+00
      0.061    29.0559   5.772408    35.2578     2.5611     0.0521          0     25.750 328.566062  1022.2392      0.061      0.033  0.000e+00
      0.050    29.0566   5.772086    35.2550     2.4860     0.0475          0     26.000 328.566065  1022.2368      0.050      0.030  0.000e+00
      0.040    29.0568   5.772209    35.2557     2.4661     0.0345          0     26.250 328.566068  1022.2372      0.039      0.019  0.000e+00
      0.018    29.0572   5.772309    35.2561     2.4651     0.0406          0     26.500 328.566071  1022.2373      0.018      0.006  0.000e+00
      0.040    29.0558   5.771948    35.2547     2.4701     0.0459          0     26.750 328.566073  1022.2368      0.040      0.001  0.000e+00
      0.072    29.0538   5.771964    35.2562     2.4463     0.0429          0     27.000 328.566076  1022.2388      0.072      0.008  0.000e+00
      0.072    29.0527   5.771856    35.2563     2.4592     0.0459          0     27.250 328.566079  1022.2392      0.072      0.015  0.000e+00
      0.061    29.0517   5.771726    35.2562     2.4676     0.0498          0     27.500 328.566082  1022.2394      0.061      0.014  0.000e+00
