ctd_kilwa/cnv/SBE19plus_01906740_2018_11_26_0043.cnv
* Sea-Bird SBE19plus  Data File:
* FileName = C:\Users\all user\Desktop\Mapping WWF\SBE19plus_01906740_2018_11_26_0043.hex
* Software version 2.6.3.104
* Temperature SN = 6740
* Conductivity SN = 6740
* System UpLoad Time = Nov 26 2018 19:54:10
* <ApplicationData>
* <Seaterm232>
# nquan = 13
# nvalues = 660                                   
# units = specified
# name 0 = prdM: Pressure, Strain Gauge [db]
# name 1 = tv290C: Temperature [ITS-90, deg C]
# name 2 = c0S/m: Conductivity [S/m]
# name 3 = sal00: Salinity, Practical [PSU]
# name 4 = sbeox0ML/L: Oxygen, SBE 43 [ml/l]
# name 5 = flECO-AFL: Fluorescence, WET Labs ECO-AFL/FL [mg/m^3]
# name 6 = nbf: Bottles Fired
# name 7 = timeS: Time, Elapsed [seconds]
# name 8 = timeJ: Julian Days
# name 9 = density00: Density [density, kg/m^3]
# name 10 = depSM: Depth [salt water, m], lat = 0.00
# name 11 = dz/dtM: Descent Rate [m/s]
# name 12 = flag:  0.000e+00
# span 0 =     -1.035,     11.605                 
# span 1 =    28.0513,    30.0803                 
# span 2 =   0.506388,   5.875906                 
# span 3 =     2.5049,    36.0227                 
# span 4 =     2.2959,     4.5320                 
# span 5 =    -0.4416,    48.6841                 
# span 6 =          0,          0                 
# span 7 =      0.000,    164.750                 
# span 8 = 328.464491, 328.466398                 
# span 9 =   997.8606,  1022.8333                 
# span 10 =     -1.030,     11.541                
# span 11 =     -0.708,      0.530                
# span 12 = 0.0000e+00, 0.0000e+00                
# interval = seconds: 0.25
# start_time = Nov 24 2018 11:08:52 [Instrument's time stamp, header]
# bad_flag = -9.990e-29
*END*
[from data line 445]
     11.357    28.0615   5.659397    35.2075     2.8343     0.1146          0    111.250 328.465778  1022.5793     11.294      0.072  0.000e+00
     11.335    28.0616   5.659526    35.2084     2.8322     0.0864          0    111.500 328.465781  1022.5798     11.272      0.075  0.000e+00
     11.270    28.0620   5.659526    35.2081     2.8444     0.0948          0    111.750 328.465784  1022.5791     11.208      0.054  0.000e+00
     11.248    28.0624   5.659610    35.2084     2.8513     0.0879          0    112.000 328.465787  1022.5792     11.186      0.022  0.000e+00
     11.227    28.0626   5.659397    35.2067     2.8650     0.0932          0    112.250 328.465790  1022.5777     11.165     -0.025  0.000e+00
     11.216    28.0622   5.659435    35.2073     2.8347     0.0467          0    112.500 328.465793  1022.5783     11.154     -0.058  0.000e+00
     11.205    28.0618   5.659625    35.2090     2.8427     0.0452          0    112.750 328.465796  1022.5796     11.143     -0.077  0.000e+00
     11.184    28.0625   5.659557    35.2080     2.8335     0.0475          0    113.000 328.465799  1022.5785     11.122     -0.095  0.000e+00
     11.162    28.0626   5.659465    35.2073     2.8261     0.0429          0    113.250 328.465802  1022.5779     11.100     -0.093  0.000e+00
     11.173    28.0624   5.659496    35.2076     2.8292     0.0475          0    113.500 328.465804  1022.5782     11.111     -0.075  0.000e+00
     11.140    28.0622   5.659465    35.2076     2.8233     0.0864          0    113.750 328.465807  1022.5781     11.079     -0.060  0.000e+00
     11.151    28.0623   5.659465    35.2075     2.8346     0.0940          0    114.000 328.465810  1022.5781     11.090     -0.052  0.000e+00
     11.162    28.0620   5.659465    35.2077     2.8468     0.0749          0    114.250 328.465813  1022.5784     11.101     -0.040  0.000e+00
     11.195    28.0621   5.659245    35.2061     2.8661     0.0810          0    114.500 328.465816  1022.5773     11.133     -0.020  0.000e+00
     11.259    28.0612   5.659146    35.2060     2.8538     0.0543          0    114.750 328.465819  1022.5778     11.197      0.015  0.000e+00
     11.335    28.0602   5.659177    35.2069     2.8530     0.0612          0    115.000 328.465822  1022.5791     11.272      0.064  0.000e+00
     11.389    28.0596   5.659116    35.2069     2.8560     0.0635          0    115.250 328.465825  1022.5795     11.326      0.112  0.000e+00
     11.432    28.0592   5.659306    35.2086     2.8612     0.0597          0    115.500 328.465828  1022.5812     11.369      0.150  0.000e+00
     11.454    28.0599   5.659747    35.2111     2.8547     0.0711          0    115.750 328.465830  1022.5829     11.391      0.179  0.000e+00
     11.454    28.0620   5.659846    35.2103     2.8448     0.0673          0    116.000 328.465833  1022.5816     11.391      0.179  0.000e+00
     11.432    28.0639   5.659937    35.2095     2.8538     0.0696          0    116.250 328.465836  1022.5802     11.369      0.156  0.000e+00
     11.432    28.0653   5.659845    35.2078     2.8488     0.0658          0    116.500 328.465839  1022.5786     11.369      0.118  0.000e+00
     11.378    28.0655   5.659762    35.2071     2.8212     0.0948          0    116.750 328.465842  1022.5777     11.315      0.058  0.000e+00
     11.378    28.0652   5.659655    35.2066     2.8012     0.0963          0    117.000 328.465845  1022.5774     11.316      0.008  0.000e+00
     11.324    28.0648   5.659686    35.2071     2.8091     0.0902          0    117.250 328.465848  1022.5777     11.262     -0.040  0.000e+00
     11.249    28.0646   5.659747    35.2077     2.7988     0.1001          0    117.500 328.465851  1022.5779     11.186     -0.089  0.000e+00
     11.205    28.0646   5.659845    35.2084     2.7967     0.0971          0    117.750 328.465854  1022.5782     11.143     -0.125  0.000e+00
     11.194    28.0651   5.659906    35.2085     2.8144     0.1177          0    118.000 328.465856  1022.5781     11.133     -0.143  0.000e+00
     11.216    28.0658   5.659815    35.2073     2.8402     0.1253          0    118.250 328.465859  1022.5771     11.154     -0.137  0.000e+00
     11.194    28.0657   5.659655    35.2063     2.8423     0.1177          0    118.500 328.465862  1022.5762     11.133     -0.128  0.000e+00
     11.227    28.0647   5.659496    35.2059     2.8467     0.1177          0    118.750 328.465865  1022.5764     11.165     -0.095  0.000e+00
     11.259    28.0637   5.659465    35.2064     2.8546     0.0940          0    119.000 328.465868  1022.5772     11.197     -0.058  0.000e+00
     11.270    28.0627   5.659465    35.2071     2.8368     0.0871          0    119.250 328.465871  1022.5781     11.208     -0.009  0.000e+00
     11.270    28.0622   5.659435    35.2073     2.8447     0.0864          0    119.500 328.465874  1022.5785     11.208      0.028  0.000e+00
     11.249    28.0621   5.659496    35.2078     2.8537     0.0963          0    119.750 328.465877  1022.5788     11.186      0.038  0.000e+00
     11.216    28.0622   5.659465    35.2076     2.8595     0.0955          0    120.000 328.465880  1022.5784     11.154      0.025  0.000e+00
     11.194    28.0620   5.659397    35.2072     2.8616     0.0994          0    120.250 328.465883  1022.5782     11.133      0.002  0.000e+00
     11.194    28.0620   5.659557    35.2083     2.8853     0.0902          0    120.500 328.465885  1022.5790     11.133     -0.014  0.000e+00
     11.184    28.0625   5.659587    35.2082     2.8875     0.0955          0    120.750 328.465888  1022.5787     11.122     -0.038  0.000e+00
     11.205    28.0627   5.659587    35.2080     2.9088     0.1001          0    121.000 328.465891  1022.5785     11.143     -0.045  0.000e+00
     11.227    28.0631   5.659526    35.2072     2.9012     0.0963          0    121.250 328.465894  1022.5779     11.165     -0.035  0.000e+00
     11.292    28.0626   5.659458    35.2071     2.8986     0.0948          0    121.500 328.465897  1022.5783     11.229     -0.001  0.000e+00
     11.346    28.0626   5.659466    35.2071     2.8973     0.0978          0    121.750 328.465900  1022.5785     11.283      0.046  0.000e+00
     11.346    28.0622   5.659397    35.2070     2.8911     0.0932          0    122.000 328.465903  1022.5786     11.283      0.081  0.000e+00
     11.335    28.0618   5.659397    35.2073     2.8662     0.0818          0    122.250 328.465906  1022.5789     11.272      0.095  0.000e+00
     11.249    28.0614   5.659465    35.2081     2.8683     0.0788          0    122.500 328.465909  1022.5793     11.186      0.071  0.000e+00
     11.011    28.0619   5.659496    35.2080     2.8411     0.0772          0    122.750 328.465911  1022.5780     10.950     -0.019  0.000e+00
     10.838    28.0621   5.659625    35.2089     2.8585     0.0833          0    123.000 328.465914  1022.5778     10.778     -0.148  0.000e+00
     10.762    28.0628   5.659746    35.2091     2.8579     0.0917          0    123.250 328.465917  1022.5775     10.703     -0.266  0.000e+00
     10.719    28.0638   5.659876    35.2093     2.8772     0.0994          0    123.500 328.465920  1022.5771     10.660     -0.359  0.000e+00
     10.675    28.0641   5.659746    35.2082     2.8824     0.0932          0    123.750 328.465923  1022.5760     10.617     -0.408  0.000e+00
     10.611    28.0638   5.659587    35.2073     2.8995     0.0955          0    124.000 328.465926  1022.5751     10.552     -0.415  0.000e+00
     10.557    28.0631   5.659465    35.2070     2.8837     0.0963          0    124.250 328.465929  1022.5749     10.498     -0.388  0.000e+00
     10.546    28.0624   5.659397    35.2071     2.8793     0.0910          0    124.500 328.465932  1022.5752     10.488     -0.314  0.000e+00
     10.481    28.0616   5.659366    35.2075     2.8632     0.0932          0    124.750 328.465935  1022.5754     10.423     -0.234  0.000e+00
     10.265    28.0611   5.659366    35.2079     2.8002     0.0955          0    125.000 328.465938  1022.5750     10.208     -0.240  0.000e+00
      9.973    28.0606   5.659366    35.2084     2.7338     0.1055          0    125.250 328.465940  1022.5742      9.918     -0.332  0.000e+00
      9.670    28.0605   5.659366    35.2085     2.7360     0.1085          0    125.500 328.465943  1022.5731      9.617     -0.471  0.000e+00
      9.551    28.0605   5.659434    35.2091     2.7627     0.1047          0    125.750 328.465946  1022.5730      9.499     -0.584  0.000e+00
      9.519    28.0608   5.659465    35.2091     2.7894     0.1047          0    126.000 328.465949  1022.5728      9.466     -0.643  0.000e+00
      9.497    28.0608   5.659427    35.2088     2.8581     0.1024          0    126.250 328.465952  1022.5725      9.445     -0.652  0.000e+00
      9.465    28.0610   5.659434    35.2087     2.9162     0.0711          0    126.500 328.465955  1022.5722      9.412     -0.613  0.000e+00
      9.465    28.0608   5.659434    35.2089     2.9768     0.0681          0    126.750 328.465958  1022.5724      9.412     -0.505  0.000e+00
      9.378    28.0607   5.659335    35.2083     3.0088     0.0749          0    127.000 328.465961  1022.5716      9.326     -0.369  0.000e+00
      9.140    28.0601   5.659305    35.2086     3.0870     0.0673          0    127.250 328.465964  1022.5710      9.090     -0.296  0.000e+00
      8.859    28.0598   5.659274    35.2087     3.1291     0.0719          0    127.500 328.465966  1022.5699      8.810     -0.319  0.000e+00
      8.632    28.0597   5.659335    35.2092     3.1858     0.0688          0    127.750 328.465969  1022.5694      8.585     -0.430  0.000e+00
      8.578    28.0600   5.659396    35.2094     3.1558     0.0742          0    128.000 328.465972  1022.5693      8.531     -0.526  0.000e+00
      8.535    28.0611   5.659715    35.2109     3.0810     0.0688          0    128.250 328.465975  1022.5698      8.488     -0.579  0.000e+00
      8.557    28.0639   5.660315    35.2130     3.0336     0.0673          0    128.500 328.465978  1022.5706      8.509     -0.569  0.000e+00
      8.546    28.0695   5.661516    35.2172     2.9776     0.0734          0    128.750 328.465981  1022.5718      8.499     -0.509  0.000e+00
      8.481    28.0762   5.662184    35.2169     2.9310     0.0589          0    129.000 328.465984  1022.5691      8.434     -0.405  0.000e+00
      8.308    28.0824   5.662534    35.2148     2.9095     0.0704          0    129.250 328.465987  1022.5648      8.262     -0.311  0.000e+00
      7.994    28.0878   5.662876    35.2133     2.8942     0.0833          0    129.500 328.465990  1022.5605      7.950     -0.308  0.000e+00
      7.670    28.0916   5.662944    35.2110     2.9187     0.0833          0    129.750 328.465992  1022.5562      7.628     -0.409  0.000e+00
      7.486    28.0932   5.662754    35.2086     2.9256     0.0818          0    130.000 328.465995  1022.5531      7.445     -0.555  0.000e+00
      7.411    28.0939   5.662814    35.2084     2.9213     0.0757          0    130.250 328.465998  1022.5524      7.370     -0.663  0.000e+00
      7.411    28.0958   5.663483    35.2117     2.9289     0.0803          0    130.500 328.466001  1022.5543      7.370     -0.708  0.000e+00
      7.421    28.1009   5.665270    35.2204     2.9063     0.0704          0    130.750 328.466004  1022.5591      7.381     -0.667  0.000e+00
      7.400    28.1088   5.665695    35.2175     2.8739     0.0749          0    131.000 328.466007  1022.5543      7.359     -0.561  0.000e+00
      7.270    28.1131   5.664433    35.2055     2.8582     0.0696          0    131.250 328.466010  1022.5433      7.230     -0.434  0.000e+00
      6.989    28.1114   5.664015    35.2039     2.8087     0.0757          0    131.500 328.466013  1022.5414      6.950     -0.359  0.000e+00
      6.708    28.1093   5.664015    35.2056     2.8106     0.0688          0    131.750 328.466016  1022.5422      6.671     -0.376  0.000e+00
      6.556    28.1090   5.664433    35.2088     2.8538     0.0734          0    132.000 328.466019  1022.5440      6.520     -0.455  0.000e+00
      6.491    28.1102   5.664935    35.2114     2.8448     0.0719          0    132.250 328.466021  1022.5454      6.456     -0.539  0.000e+00
      6.448    28.1129   5.665474    35.2132     2.8547     0.0665          0    132.500 328.466024  1022.5456      6.413     -0.593  0.000e+00
      6.427    28.1178   5.667124    35.2211     2.8574     0.0475          0    132.750 328.466027  1022.5499      6.391     -0.588  0.000e+00
      6.384    28.1257   5.667823    35.2201     2.8472     0.0452          0    133.000 328.466030  1022.5464      6.348     -0.526  0.000e+00
      6.276    28.1320   5.667534    35.2134     2.8527     0.0482          0    133.250 328.466033  1022.5388      6.241     -0.431  0.000e+00
      6.005    28.1354   5.667374    35.2098     2.9037     0.0467          0    133.500 328.466036  1022.5338      5.972     -0.376  0.000e+00
      5.778    28.1370   5.667374    35.2087     2.9206     0.0704          0    133.750 328.466039  1022.5314      5.746     -0.391  0.000e+00
      5.529    28.1380   5.667374    35.2080     2.9318     0.0765          0    134.000 328.466042  1022.5295      5.499     -0.486  0.000e+00
      5.443    28.1385   5.667404    35.2079     2.9435     0.0658          0    134.250 328.466045  1022.5289      5.413     -0.575  0.000e+00
      5.378    28.1392   5.667534    35.2083     2.9589     0.0658          0    134.500 328.466047  1022.5287      5.348     -0.629  0.000e+00
      5.346    28.1407   5.668043    35.2107     2.9633     0.0704          0    134.750 328.466050  1022.5299      5.316     -0.632  0.000e+00
      5.346    28.1434   5.668644    35.2130     2.9176     0.0566          0    135.000 328.466053  1022.5307      5.316     -0.569  0.000e+00
      5.281    28.1461   5.668514    35.2100     2.8579     0.0528          0    135.250 328.466056  1022.5274      5.252     -0.465  0.000e+00
      5.086    28.1470   5.668545    35.2097     2.8899     0.0574          0    135.500 328.466059  1022.5259      5.058     -0.376  0.000e+00
      4.838    28.1475   5.668423    35.2085     2.9252     0.0604          0    135.750 328.466062  1022.5239      4.811     -0.363  0.000e+00
      4.600    28.1477   5.668354    35.2080     2.9964     0.0704          0    136.000 328.466065  1022.5224      4.574     -0.412  0.000e+00
      4.459    28.1480   5.668453    35.2085     3.0597     0.0711          0    136.250 328.466068  1022.5221      4.435     -0.503  0.000e+00
      4.384    28.1483   5.668582    35.2091     3.1020     0.0704          0    136.500 328.466071  1022.5221      4.359     -0.571  0.000e+00
      4.297    28.1490   5.668734    35.2097     3.1325     0.0696          0    136.750 328.466073  1022.5219      4.273     -0.614  0.000e+00
      4.254    28.1504   5.669054    35.2109     3.1435     0.0543          0    137.000 328.466076  1022.5222      4.230     -0.607  0.000e+00
      4.232    28.1518   5.669183    35.2108     3.0994     0.0604          0    137.250 328.466079  1022.5216      4.209     -0.533  0.000e+00
      4.167    28.1527   5.669274    35.2107     3.0768     0.0658          0    137.500 328.466082  1022.5209      4.144     -0.423  0.000e+00
      3.940    28.1534   5.669213    35.2099     3.0900     0.0559          0    137.750 328.466085  1022.5191      3.918     -0.365  0.000e+00
      3.659    28.1538   5.669114    35.2090     3.1701     0.0467          0    138.000 328.466088  1022.5171      3.639     -0.388  0.000e+00
      3.454    28.1538   5.669106    35.2090     3.2639     0.0459          0    138.250 328.466091  1022.5162      3.435     -0.466  0.000e+00
      3.389    28.1539   5.669114    35.2090     3.3123     0.0444          0    138.500 328.466094  1022.5159      3.370     -0.533  0.000e+00
