ctd_kilwa/cnv/SBE19plus_01906740_2018_11_26_0053.cnv
* Sea-Bird SBE19plus  Data File:
* FileName = C:\Users\all user\Desktop\Mapping WWF\SBE19plus_01906740_2018_11_26_0053.hex
* Software version 2.6.3.104
* Temperature SN = 6740
* Conductivity SN = 6740
* System UpLoad Time = Nov 26 2018 19:56:35
* <ApplicationData>
* <Seaterm232>
# nquan = 13
# nvalues = 520                                   
# units = specified
# name 0 = prdM: Pressure, Strain Gauge [db]
# name 1 = tv290C: Temperature [ITS-90, deg C]
# name 2 = c0S/m: Conductivity [S/m]
# name 3 = sal00: Salinity, Practical [PSU]
# name 4 = sbeox0ML/L: Oxygen, SBE 43 [ml/l]
# name 5 = flECO-AFL: Fluorescence, WET Labs ECO-AFL/FL [mg/m^3]
# name 6 = nbf: Bottles Fired
# name 7 = timeS: Time, Elapsed [seconds]
# name 8 = timeJ: Julian Days
# name 9 = density00: Density [density, kg/m^3]
# name 10 = depSM: Depth [salt water, m], lat = 0.00
# name 11 = dz/dtM: Descent Rate [m/s]
# name 12 = flag:  0.000e+00
# span 0 =     -1.021,     15.131                 
# span 1 =    28.2482,    33.4601                 
# span 2 =   0.608889,   6.292060                 
# span 3 =     2.9972,    36.7680                 
# span 4 =     2.0834,     3.8061                 
# span 5 =    -0.4393,    48.6871                 
# span 6 =          0,          0                 
# span 7 =      0.000,    129.750                 
# span 8 = 328.581632, 328.583134                 
# span 9 =   997.9782,  1022.8448                 
# span 10 =     -1.015,     15.047                
# span 11 =     -0.504,      0.938                
# span 12 = 0.0000e+00, 0.0000e+00                
# interval = seconds: 0.25
# start_time = Nov 24 2018 13:57:33 [Instrument's time stamp, header]
# bad_flag = -9.990e-29
*END*
[from data line 445]
      2.418    29.7168   5.881039    35.5139     2.4067     0.1764          0    111.250 328.582920  1022.2184      2.405     -0.403  0.000e+00
      2.321    29.7176   5.881109    35.5138     2.4084     0.1657          0    111.500 328.582922  1022.2177      2.308     -0.407  0.000e+00
      2.299    29.7182   5.881086    35.5132     2.3956     0.1688          0    111.750 328.582925  1022.2169      2.286     -0.386  0.000e+00
      2.288    29.7184   5.881008    35.5125     2.3885     0.1634          0    112.000 328.582928  1022.2163      2.276     -0.380  0.000e+00
      2.137    29.7189   5.881055    35.5125     2.3754     0.1627          0    112.250 328.582931  1022.2154      2.125     -0.411  0.000e+00
      1.985    29.7196   5.881109    35.5124     2.3629     0.1390          0    112.500 328.582934  1022.2145      1.974     -0.443  0.000e+00
      1.877    29.7204   5.881124    35.5120     2.3471     0.1390          0    112.750 328.582937  1022.2135      1.867     -0.434  0.000e+00
      1.845    29.7208   5.881108    35.5116     2.3371     0.1398          0    113.000 328.582940  1022.2129      1.835     -0.377  0.000e+00
      1.780    29.7212   5.881124    35.5114     2.3204     0.1474          0    113.250 328.582943  1022.2123      1.770     -0.342  0.000e+00
      1.672    29.7214   5.881070    35.5109     2.3185     0.1398          0    113.500 328.582946  1022.2114      1.663     -0.353  0.000e+00
      1.488    29.7220   5.881155    35.5111     2.3204     0.1467          0    113.750 328.582948  1022.2106      1.480     -0.397  0.000e+00
      1.358    29.7221   5.881170    35.5111     2.3209     0.1474          0    114.000 328.582951  1022.2100      1.351     -0.426  0.000e+00
      1.347    29.7224   5.881247    35.5114     2.3191     0.1406          0    114.250 328.582954  1022.2101      1.340     -0.399  0.000e+00
      1.445    29.7230   5.881309    35.5114     2.3143     0.1421          0    114.500 328.582957  1022.2103      1.437     -0.335  0.000e+00
      1.466    29.7234   5.881410    35.5118     2.3175     0.1245          0    114.750 328.582960  1022.2105      1.458     -0.268  0.000e+00
      1.358    29.7239   5.881402    35.5114     2.3194     0.1222          0    115.000 328.582963  1022.2097      1.351     -0.232  0.000e+00
      1.174    29.7239   5.881340    35.5111     2.3243     0.1200          0    115.250 328.582966  1022.2086      1.168     -0.221  0.000e+00
      1.077    29.7237   5.881239    35.5105     2.3254     0.1138          0    115.500 328.582969  1022.2078      1.071     -0.213  0.000e+00
      0.980    29.7237   5.881185    35.5101     2.3232     0.1245          0    115.750 328.582972  1022.2071      0.974     -0.221  0.000e+00
      0.915    29.7240   5.881208    35.5102     2.3202     0.1306          0    116.000 328.582975  1022.2068      0.910     -0.260  0.000e+00
      0.872    29.7236   5.881123    35.5098     2.3194     0.1322          0    116.250 328.582977  1022.2064      0.867     -0.316  0.000e+00
      0.785    29.7237   5.881139    35.5099     2.3217     0.1306          0    116.500 328.582980  1022.2061      0.781     -0.367  0.000e+00
      0.634    29.7235   5.881154    35.5102     2.3337     0.1230          0    116.750 328.582983  1022.2057      0.630     -0.388  0.000e+00
      0.493    29.7236   5.881108    35.5098     2.3409     0.1192          0    117.000 328.582986  1022.2048      0.490     -0.385  0.000e+00
      0.374    29.7240   5.881084    35.5095     2.3441     0.1222          0    117.250 328.582989  1022.2040      0.372     -0.385  0.000e+00
      0.320    29.7236   5.880938    35.5087     2.3470     0.1177          0    117.500 328.582992  1022.2033      0.318     -0.395  0.000e+00
      0.266    29.7234   5.880737    35.5075     2.3490     0.1276          0    117.750 328.582995  1022.2022      0.265     -0.395  0.000e+00
      0.104    29.7232   5.880706    35.5075     2.3561     0.0894          0    118.000 328.582998  1022.2016      0.103     -0.417  0.000e+00
      0.007    29.7240   5.881084    35.5096     2.3482     0.0910          0    118.250 328.583001  1022.2025      0.007     -0.427  0.000e+00
     -0.004    29.7255   5.881501    35.5113     2.3380     0.0925          0    118.500 328.583003  1022.2032     -0.004     -0.395  0.000e+00
      0.061    29.7257   5.881308    35.5098     2.3226     0.0932          0    118.750 328.583006  1022.2023      0.060     -0.316  0.000e+00
      0.147    29.7262   5.881169    35.5085     2.3227     0.0963          0    119.000 328.583009  1022.2015      0.146     -0.215  0.000e+00
      0.104    29.7280   5.881695    35.5108     2.3262     0.0948          0    119.250 328.583012  1022.2024      0.103     -0.141  0.000e+00
     -0.112    29.7301   5.882135    35.5122     2.3377     0.1039          0    119.500 328.583015  1022.2018     -0.112     -0.138  0.000e+00
     -0.242    29.7318   5.882305    35.5122     2.3438     0.0925          0    119.750 328.583018  1022.2007     -0.241     -0.156  0.000e+00
     -0.339    29.7327   5.882305    35.5116     2.3532     0.0910          0    120.000 328.583021  1022.1995     -0.338     -0.180  0.000e+00
     -0.404    29.7333   5.882305    35.5111     2.3712     0.0917          0    120.250 328.583024  1022.1987     -0.402     -0.234  0.000e+00
     -0.491    29.7334   5.882104    35.5097     2.3923     0.0894          0    120.500 328.583027  1022.1972     -0.488     -0.311  0.000e+00
     -0.610    29.7329   5.881856    35.5084     2.4623     0.0955          0    120.750 328.583030  1022.1959     -0.606     -0.389  0.000e+00
     -0.675    29.7327   5.881903    35.5089     2.5045     1.1820          0    121.000 328.583032  1022.1961     -0.671     -0.423  0.000e+00
     -0.642    29.7322   5.881887    35.5092     2.5054     1.1782          0    121.250 328.583035  1022.1966     -0.639     -0.371  0.000e+00
     -0.545    29.7314   5.881733    35.5087     2.4942     1.1782          0    121.500 328.583038  1022.1969     -0.542     -0.254  0.000e+00
     -0.502    29.7305   5.881602    35.5084     2.4907     1.1866          0    121.750 328.583041  1022.1972     -0.499     -0.154  0.000e+00
     -0.513    29.7300   5.881501    35.5081     2.5091     1.1782          0    122.000 328.583044  1022.1971     -0.510     -0.075  0.000e+00
     -0.556    29.7297   5.881602    35.5090     2.4884     0.7959          0    122.250 328.583047  1022.1977     -0.553     -0.022  0.000e+00
     -0.534    29.7301   5.881872    35.5106     2.4579     0.7959          0    122.500 328.583050  1022.1988     -0.531      0.030  0.000e+00
     -0.426    29.7309   5.882142    35.5118     2.4245     0.7921          0    122.750 328.583053  1022.1999     -0.424      0.091  0.000e+00
     -0.361    29.7322   5.882498    35.5133     2.4086     0.7990          0    123.000 328.583056  1022.2009     -0.359      0.125  0.000e+00
     -0.329    29.7342   5.882877    35.5143     2.4038     0.1146          0    123.250 328.583058  1022.2011     -0.327      0.129  0.000e+00
     -0.329    29.7366   5.883394    35.5161     2.3957     0.1177          0    123.500 328.583061  1022.2016     -0.327      0.121  0.000e+00
     -0.350    29.7388   5.883742    35.5169     2.3879     0.1177          0    123.750 328.583064  1022.2014     -0.349      0.119  0.000e+00
     -0.329    29.7407   5.883997    35.5172     2.3789     0.1154          0    124.000 328.583067  1022.2010     -0.327      0.124  0.000e+00
     -0.318    29.7423   5.884190    35.5174     2.3811     0.1230          0    124.250 328.583070  1022.2007     -0.316      0.117  0.000e+00
     -0.285    29.7436   5.884329    35.5173     2.3842     0.1207          0    124.500 328.583073  1022.2003     -0.284      0.091  0.000e+00
     -0.264    29.7445   5.884476    35.5176     2.3839     0.1177          0    124.750 328.583076  1022.2003     -0.262      0.060  0.000e+00
     -0.275    29.7451   5.884461    35.5171     2.3831     0.1207          0    125.000 328.583079  1022.1997     -0.273      0.044  0.000e+00
     -0.275    29.7454   5.884376    35.5163     2.3855     0.1055          0    125.250 328.583082  1022.1990     -0.273      0.040  0.000e+00
     -0.329    29.7458   5.884530    35.5171     2.3881     0.1077          0    125.500 328.583084  1022.1993     -0.327      0.026  0.000e+00
     -0.361    29.7463   5.884762    35.5183     2.3851     0.1077          0    125.750 328.583087  1022.1998     -0.359      0.004  0.000e+00
     -0.361    29.7474   5.885064    35.5195     2.3860     0.1070          0    126.000 328.583090  1022.2004     -0.359     -0.024  0.000e+00
     -0.415    29.7481   5.885079    35.5191     2.3943     0.1077          0    126.250 328.583093  1022.1996     -0.413     -0.058  0.000e+00
     -0.588    29.7479   5.884862    35.5178     2.5388     0.1261          0    126.500 328.583096  1022.1980     -0.585     -0.128  0.000e+00
     -0.793    29.7472   5.884538    35.5162     2.5784     0.1230          0    126.750 328.583099  1022.1961     -0.789     -0.225  0.000e+00
     -0.966    29.7461   5.884360    35.5159     2.9405     0.1207          0    127.000 328.583102  1022.1955     -0.961     -0.326  0.000e+00
     -1.010    29.7442   5.884028    35.5150     3.1974     0.1230          0    127.250 328.583105  1022.1953     -1.004     -0.396  0.000e+00
     -1.021    29.7421   4.589962    26.8844     3.4062     2.6102          0    127.500 328.583108  1015.7367     -1.015     -0.420  0.000e+00
     -1.010    29.7361   1.039554     5.3113     3.8061     2.6140          0    127.750 328.583111   999.6860     -1.004     -0.409  0.000e+00
     -0.988    29.7273   1.164317     6.0019     3.7161     2.6072          0    128.000 328.583113  1000.2024     -0.983     -0.358  0.000e+00
     -1.010    29.7185   0.890530     4.4992     3.6282     2.6087          0    128.250 328.583116   999.0873     -1.004     -0.271  0.000e+00
     -1.010    29.7103   1.032316     5.2742     3.4767    48.6833          0    128.500 328.583119   999.6664     -1.004     -0.159  0.000e+00
     -1.010    29.7030   0.680354     3.3733     3.3805    48.6681          0    128.750 328.583122   998.2538     -1.004     -0.064  0.000e+00
     -0.999    29.6945   1.011484     5.1615     3.3096    48.6688          0    129.000 328.583125   999.5874     -0.993     -0.007  0.000e+00
     -0.999    29.6880   0.608889     2.9972     3.2492    48.6810          0    129.250 328.583128   997.9782     -0.993      0.006  0.000e+00
     -1.021    29.6819   1.201236     6.2131     3.1360     1.4727          0    129.500 328.583131  1000.3732     -1.015      0.001  0.000e+00
     -0.999    29.6741   1.248580     6.4787     3.0842     1.4757          0    129.750 328.583134  1000.5732     -0.993     -0.001  0.000e+00
