ctd_kilwa/cnv/SBE19plus_01906740_2018_11_26_0042.cnv
* Sea-Bird SBE19plus  Data File:
* FileName = C:\Users\all user\Desktop\Mapping WWF\SBE19plus_01906740_2018_11_26_0042.hex
* Software version 2.6.3.104
* Temperature SN = 6740
* Conductivity SN = 6740
* System UpLoad Time = Nov 26 2018 19:53:55
* <ApplicationData>
* <Seaterm232>
# nquan = 13
# nvalues = 638                                   
# units = specified
# name 0 = prdM: Pressure, Strain Gauge [db]
# name 1 = tv290C: Temperature [ITS-90, deg C]
# name 2 = c0S/m: Conductivity [S/m]
# name 3 = sal00: Salinity, Practical [PSU]
# name 4 = sbeox0ML/L: Oxygen, SBE 43 [ml/l]
# name 5 = flECO-AFL: Fluorescence, WET Labs ECO-AFL/FL [mg/m^3]
# name 6 = nbf: Bottles Fired
# name 7 = timeS: Time, Elapsed [seconds]
# name 8 = timeJ: Julian Days
# name 9 = density00: Density [density, kg/m^3]
# name 10 = depSM: Depth [salt water, m], lat = 0.00
# name 11 = dz/dtM: Descent Rate [m/s]
# name 12 = flag:  0.000e+00
# span 0 =     -0.995,     10.132                 
# span 1 =    28.0181,    30.3932                 
# span 2 =   0.046871,   5.848048                 
# span 3 =     0.2041,    36.0265                 
# span 4 =     2.0577,     5.2200                 
# span 5 =    -0.4378,    48.6887                 
# span 6 =          0,          0                 
# span 7 =      0.000,    159.250                 
# span 8 = 328.451852, 328.453695                 
# span 9 =   995.6895,  1022.9986                 
# span 10 =     -0.990,     10.076                
# span 11 =     -0.700,      0.528                
# span 12 = 0.0000e+00, 0.0000e+00                
# interval = seconds: 0.25
# start_time = Nov 24 2018 10:50:40 [Instrument's time stamp, header]
# bad_flag = -9.990e-29
*END*
     -0.995    30.3565   0.046871     0.2041     3.3633     1.2865          0      0.000 328.451852   995.6895     -0.990 -4.211e-16  0.000e+00
     -0.984    30.3556   0.047833     0.2084     3.2373     1.2850          0      0.250 328.451855   995.6930     -0.979      0.003  0.000e+00
     -0.963    30.3570   0.049039     0.2136     3.1577     1.2766          0      0.500 328.451858   995.6966     -0.957      0.011  0.000e+00
     -0.909    30.3791   0.049823     0.2170     3.3518     1.2903          0      0.750 328.451861   995.6927     -0.904      0.031  0.000e+00
     -0.790    30.3932   0.050351     0.2192     3.6137     2.7079          0      1.000 328.451863   995.6905     -0.785      0.077  0.000e+00
     -0.681    30.3873   0.053988     0.2353     3.5018     2.7048          0      1.250 328.451866   995.7049     -0.678      0.138  0.000e+00
     -0.584    30.0488   2.240069    12.1225     3.2526     2.7033          0      1.500 328.451869  1004.6513     -0.581      0.205  0.000e+00
     -0.530    29.5012   1.067661     5.4921     3.5854     2.7056          0      1.750 328.451872   999.8943     -0.527      0.258  0.000e+00
     -0.498    29.1630   0.348455     1.6741     3.5933    48.6726          0      2.000 328.451875   997.1505     -0.495      0.289  0.000e+00
     -0.498    29.0513   1.970343    10.7579     3.2947    48.6711          0      2.250 328.451878  1003.9481     -0.495      0.287  0.000e+00
     -0.400    28.9923   4.200747    24.7407     2.9200    48.6795          0      2.500 328.451881  1014.3833     -0.398      0.281  0.000e+00
     -0.357    28.9159   3.355326    19.3243     2.8558    48.6719          0      2.750 328.451884  1010.3672     -0.355      0.255  0.000e+00
     -0.346    28.8505   2.910163    16.5451     2.8237    48.6764          0      3.000 328.451887  1008.3174     -0.344      0.210  0.000e+00
     -0.303    28.8076   5.841088    35.9181     2.5331    48.6826          0      3.250 328.451889  1022.8167     -0.301      0.178  0.000e+00
     -0.173    28.7785   5.842838    35.9521     2.5135    48.6887          0      3.500 328.451892  1022.8525     -0.172      0.185  0.000e+00
     -0.065    28.7587   5.839887    35.9466     2.4906    48.6764          0      3.750 328.451895  1022.8554     -0.065      0.218  0.000e+00
     -0.022    28.7419   5.848048    36.0160     2.5263    48.6795          0      4.000 328.451898  1022.9134     -0.022      0.247  0.000e+00
      0.043    28.7301   5.838586    35.9592     2.5668     0.0017          0      4.250 328.451901  1022.8749      0.043      0.270  0.000e+00
      0.065    28.7077   5.812231    35.7929     2.5933    -0.0082          0      4.500 328.451904  1022.7575      0.064      0.263  0.000e+00
      0.086    28.6829   5.792635    35.6754     2.6172     0.0032          0      4.750 328.451907  1022.6775      0.086      0.257  0.000e+00
      0.130    28.6533   5.772446    35.5573     2.6346     0.0017          0      5.000 328.451910  1022.5988      0.129      0.244  0.000e+00
      0.184    28.6041   5.762839    35.5274     2.6437     0.1177          0      5.250 328.451913  1022.5929      0.183      0.216  0.000e+00
      0.205    28.5457   5.755444    35.5196     2.6527     0.1169          0      5.500 328.451916  1022.6065      0.204      0.174  0.000e+00
      0.195    28.4897   5.748634    35.5141     2.6624     0.1184          0      5.750 328.451918  1022.6209      0.194      0.138  0.000e+00
      0.206    28.4426   5.743211    35.5116     2.6701     0.1306          0      6.000 328.451921  1022.6347      0.204      0.116  0.000e+00
      0.184    28.4019   5.739649    35.5173     2.6799    -0.0357          0      6.250 328.451924  1022.6523      0.183      0.085  0.000e+00
      0.162    28.3726   5.737035    35.5211     2.6900    -0.0296          0      6.500 328.451927  1022.6648      0.161      0.056  0.000e+00
      0.141    28.3507   5.736905    35.5367     2.6998    -0.0365          0      6.750 328.451930  1022.6836      0.140      0.021  0.000e+00
      0.130    28.3325   5.736615    35.5483     2.7039    -0.0265          0      7.000 328.451933  1022.6982      0.129     -0.015  0.000e+00
      0.108    28.3211   5.736455    35.5558     2.7127    -0.0387          0      7.250 328.451936  1022.7076      0.108     -0.045  0.000e+00
      0.065    28.3145   5.733742    35.5418     2.7186    -0.0426          0      7.500 328.451939  1022.6990      0.065     -0.068  0.000e+00
      0.022    28.3122   5.731403    35.5272     2.7279    -0.0471          0      7.750 328.451942  1022.6887      0.022     -0.086  0.000e+00
     -0.021    28.3164   5.730792    35.5198     2.7208    -0.0372          0      8.000 328.451944  1022.6815     -0.021     -0.108  0.000e+00
     -0.021    28.3241   5.732106    35.5231     2.7288    -0.0410          0      8.250 328.451947  1022.6815     -0.021     -0.112  0.000e+00
     -0.011    28.3339   5.739092    35.5646     2.7268    -0.0311          0      8.500 328.451950  1022.7095     -0.010     -0.104  0.000e+00
      0.000    28.3453   5.731915    35.5059     2.7187    -0.0326          0      8.750 328.451953  1022.6616      0.000     -0.089  0.000e+00
      0.022    28.3603   5.731754    35.4935     2.7211    -0.0242          0      9.000 328.451956  1022.6474      0.022     -0.063  0.000e+00
      0.033    28.3757   5.732365    35.4862     2.7218    -0.0311          0      9.250 328.451959  1022.6369      0.033     -0.031  0.000e+00
      0.022    28.3872   5.731723    35.4731     2.7151     0.0673          0      9.500 328.451962  1022.6232      0.022     -0.002  0.000e+00
      0.044    28.3947   5.730729    35.4606     2.7174     0.0673          0      9.750 328.451965  1022.6114      0.043      0.024  0.000e+00
      0.044    28.4005   5.729629    35.4485     2.7083     0.0719          0     10.000 328.451968  1022.6005      0.043      0.037  0.000e+00
      0.054    28.4026   5.729438    35.4456     2.6204     0.0673          0     10.250 328.451970  1022.5976      0.054      0.037  0.000e+00
      0.076    28.4025   5.729216    35.4441     2.5555    -0.0326          0     10.500 328.451973  1022.5966      0.076      0.038  0.000e+00
      0.087    28.3994   5.728575    35.4420     2.5155    -0.0227          0     10.750 328.451976  1022.5961      0.086      0.038  0.000e+00
      0.098    28.3934   5.729599    35.4536     2.4813    -0.0372          0     11.000 328.451979  1022.6069      0.097      0.039  0.000e+00
      0.098    28.3850   5.729782    35.4612     2.4460    -0.0273          0     11.250 328.451982  1022.6153      0.097      0.040  0.000e+00
      0.098    28.3769   5.727284    35.4498     2.4397     0.0704          0     11.500 328.451985  1022.6095      0.097      0.040  0.000e+00
      0.087    28.3693   5.724527    35.4362     2.4429     0.0673          0     11.750 328.451988  1022.6017      0.086      0.030  0.000e+00
      0.087    28.3623   5.722824    35.4297     2.4316     0.0704          0     12.000 328.451991  1022.5991      0.086      0.022  0.000e+00
      0.108    28.3577   5.725009    35.4484     2.4459     0.0757          0     12.250 328.451994  1022.6148      0.108      0.017  0.000e+00
      0.119    28.3543   5.727437    35.4678     2.4691     0.0688          0     12.500 328.451997  1022.6305      0.118      0.014  0.000e+00
      0.108    28.3519   5.731051    35.4949     2.4713    -0.0036          0     12.750 328.451999  1022.6516      0.108      0.011  0.000e+00
      0.087    28.3503   5.733489    35.5131     2.4675    -0.0052          0     13.000 328.452002  1022.6658      0.086      0.004  0.000e+00
      0.054    28.3490   5.734620    35.5220     2.4582    -0.0059          0     13.250 328.452005  1022.6727      0.054     -0.009  0.000e+00
      0.065    28.3478   5.735323    35.5278     2.4500     0.0002          0     13.500 328.452008  1022.6775      0.065     -0.015  0.000e+00
      0.065    28.3470   5.736928    35.5396     2.4547    -0.0372          0     13.750 328.452011  1022.6867      0.065     -0.019  0.000e+00
      0.076    28.3463   5.738449    35.5508     2.4547    -0.0349          0     14.000 328.452014  1022.6954      0.076     -0.022  0.000e+00
      0.108    28.3459   5.738870    35.5540     2.4626    -0.0319          0     14.250 328.452017  1022.6981      0.108     -0.016  0.000e+00
      0.108    28.3458   5.740254    35.5637     2.4611    -0.0311          0     14.500 328.452020  1022.7054      0.108     -0.004  0.000e+00
      0.108    28.3477   5.743282    35.5834     2.4608     0.0139          0     14.750 328.452023  1022.7196      0.108      0.012  0.000e+00
      0.098    28.3516   5.746227    35.6011     2.4560     0.0032          0     15.000 328.452025  1022.7316      0.097      0.022  0.000e+00
      0.087    28.3548   5.749600    35.6223     2.4573     0.0093          0     15.250 328.452028  1022.7464      0.086      0.023  0.000e+00
      0.076    28.3575   5.750442    35.6262     2.4600     0.0093          0     15.500 328.452031  1022.7484      0.076      0.010  0.000e+00
      0.054    28.3588   5.750343    35.6244     2.4441     0.0185          0     15.750 328.452034  1022.7465      0.054     -0.006  0.000e+00
      0.065    28.3600   5.751092    35.6288     2.4463     0.0231          0     16.000 328.452037  1022.7494      0.065     -0.019  0.000e+00
      0.076    28.3613   5.752539    35.6379     2.4482     0.0170          0     16.250 328.452040  1022.7559      0.076     -0.026  0.000e+00
      0.098    28.3629   5.753319    35.6422     2.4434     0.0162          0     16.500 328.452043  1022.7587      0.097     -0.016  0.000e+00
      0.087    28.3643   5.754513    35.6494     2.4578     0.0177          0     16.750 328.452046  1022.7636      0.087     -0.008  0.000e+00
      0.109    28.3656   5.751903    35.6302     2.4682     0.0673          0     17.000 328.452049  1022.7489      0.108      0.007  0.000e+00
      0.120    28.3664   5.752087    35.6309     2.4613     0.0704          0     17.250 328.452052  1022.7492      0.119      0.022  0.000e+00
      0.152    28.3683   5.751253    35.6237     2.4571     0.0719          0     17.500 328.452054  1022.7432      0.151      0.040  0.000e+00
      0.163    28.3725   5.748215    35.5993     2.4494     0.0742          0     17.750 328.452057  1022.7236      0.162      0.053  0.000e+00
      0.195    28.3736   5.745599    35.5801     2.4346     0.0719          0     18.000 328.452060  1022.7089      0.194      0.061  0.000e+00
      0.206    28.3742   5.746379    35.5851     2.4099     0.0665          0     18.250 328.452063  1022.7125      0.205      0.067  0.000e+00
      0.206    28.3762   5.749470    35.6052     2.3926     0.0688          0     18.500 328.452066  1022.7270      0.205      0.067  0.000e+00
      0.217    28.3804   5.750312    35.6079     2.3817     0.0635          0     18.750 328.452069  1022.7277      0.216      0.068  0.000e+00
      0.184    28.3844   5.751605    35.6139     2.3661     0.0093          0     19.000 328.452072  1022.7307      0.183      0.050  0.000e+00
      0.163    28.3865   5.749638    35.5986     2.3709     0.0101          0     19.250 328.452075  1022.7184      0.162      0.026  0.000e+00
      0.163    28.3878   5.745889    35.5715     2.3790     0.0078          0     19.500 328.452078  1022.6976      0.162      0.002  0.000e+00
      0.163    28.3899   5.744566    35.5607     2.3801     0.0078          0     19.750 328.452080  1022.6888      0.162     -0.014  0.000e+00
      0.163    28.3915   5.745377    35.5651     2.3750    -0.0555          0     20.000 328.452083  1022.6916      0.162     -0.027  0.000e+00
      0.163    28.3931   5.746830    35.5741     2.3646    -0.0517          0     20.250 328.452086  1022.6978      0.162     -0.029  0.000e+00
      0.130    28.3949   5.748613    35.5852     2.3615    -0.0509          0     20.500 328.452089  1022.7054      0.129     -0.034  0.000e+00
      0.130    28.3971   5.749990    35.5931     2.3555    -0.0601          0     20.750 328.452092  1022.7107      0.129     -0.034  0.000e+00
      0.130    28.3990   5.750281    35.5938     2.3554    -0.0540          0     21.000 328.452095  1022.7105      0.129     -0.025  0.000e+00
      0.098    28.4010   5.748727    35.5814     2.3419    -0.0380          0     21.250 328.452098  1022.7005      0.097     -0.030  0.000e+00
      0.087    28.4025   5.745851    35.5602     2.3481    -0.0456          0     21.500 328.452101  1022.6839      0.087     -0.040  0.000e+00
      0.109    28.4042   5.744344    35.5484     2.3505    -0.0487          0     21.750 328.452104  1022.6746      0.108     -0.038  0.000e+00
      0.119    28.4059   5.744535    35.5485     2.3425    -0.0456          0     22.000 328.452106  1022.6742      0.119     -0.030  0.000e+00
      0.141    28.4077   5.745698    35.5552     2.3461    -0.0334          0     22.250 328.452109  1022.6787      0.140     -0.014  0.000e+00
      0.163    28.4094   5.745912    35.5554     2.3479    -0.0441          0     22.500 328.452112  1022.6784      0.162      0.010  0.000e+00
      0.173    28.4100   5.745308    35.5508     2.3456    -0.0410          0     22.750 328.452115  1022.6747      0.172      0.026  0.000e+00
      0.195    28.4099   5.746088    35.5563     2.3320    -0.0410          0     23.000 328.452118  1022.6790      0.194      0.045  0.000e+00
      0.195    28.4101   5.748765    35.5748     2.3235    -0.0769          0     23.250 328.452121  1022.6929      0.194      0.059  0.000e+00
      0.173    28.4106   5.751505    35.5936     2.3340    -0.0754          0     23.500 328.452124  1022.7067      0.172      0.053  0.000e+00
      0.163    28.4121   5.752431    35.5989     2.3149    -0.0815          0     23.750 328.452127  1022.7102      0.162      0.035  0.000e+00
      0.141    28.4128   5.754352    35.6117     2.3161    -0.0784          0     24.000 328.452130  1022.7195      0.140      0.013  0.000e+00
      0.130    28.4124   5.755194    35.6180     2.3111     0.0459          0     24.250 328.452133  1022.7243      0.130     -0.010  0.000e+00
      0.130    28.4109   5.753961    35.6105     2.3103     0.0437          0     24.500 328.452135  1022.7192      0.130     -0.027  0.000e+00
      0.109    28.4083   5.750349    35.5872     2.3033     0.0459          0     24.750 328.452138  1022.7024      0.108     -0.041  0.000e+00
      0.098    28.4044   5.748184    35.5751     2.3067     0.0459          0     25.000 328.452141  1022.6945      0.098     -0.051  0.000e+00
      0.141    28.3990   5.748727    35.5829     2.3023     0.0391          0     25.250 328.452144  1022.7024      0.140     -0.037  0.000e+00
      0.141    28.3956   5.750411    35.5972     2.2965    -0.0067          0     25.500 328.452147  1022.7142      0.140     -0.020  0.000e+00
      0.141    28.3938   5.752025    35.6098     2.2998    -0.0128          0     25.750 328.452150  1022.7244      0.141     -0.006  0.000e+00
      0.130    28.3929   5.753089    35.6179     2.3032    -0.0052          0     26.000 328.452153  1022.7307      0.130      0.003  0.000e+00
      0.141    28.3929   5.753541    35.6211     2.2957    -0.0075          0     26.250 328.452156  1022.7331      0.140      0.010  0.000e+00
      0.141    28.3919   5.753189    35.6194     2.2862    -0.0334          0     26.500 328.452159  1022.7322      0.140      0.014  0.000e+00
      0.152    28.3904   5.752959    35.6189     2.2800    -0.0288          0     26.750 328.452161  1022.7323      0.151      0.019  0.000e+00
      0.152    28.3885   5.761595    35.6807     2.2710    -0.0311          0     27.000 328.452164  1022.7794      0.151      0.017  0.000e+00
      0.163    28.3888   5.779045    35.8024     2.2803    -0.0303          0     27.250 328.452167  1022.8709      0.162      0.010  0.000e+00
      0.163    28.3922   5.786454    35.8516     2.2710    -0.0097          0     27.500 328.452170  1022.9067      0.162      0.014  0.000e+00
