ctd_kilwa/cnv/SBE19plus_01906740_2018_11_26_0043.cnv
* Sea-Bird SBE19plus  Data File:
* FileName = C:\Users\all user\Desktop\Mapping WWF\SBE19plus_01906740_2018_11_26_0043.hex
* Software version 2.6.3.104
* Temperature SN = 6740
* Conductivity SN = 6740
* System UpLoad Time = Nov 26 2018 19:54:10
* <ApplicationData>
* <Seaterm232>
# nquan = 13
# nvalues = 660                                   
# units = specified
# name 0 = prdM: Pressure, Strain Gauge [db]
# name 1 = tv290C: Temperature [ITS-90, deg C]
# name 2 = c0S/m: Conductivity [S/m]
# name 3 = sal00: Salinity, Practical [PSU]
# name 4 = sbeox0ML/L: Oxygen, SBE 43 [ml/l]
# name 5 = flECO-AFL: Fluorescence, WET Labs ECO-AFL/FL [mg/m^3]
# name 6 = nbf: Bottles Fired
# name 7 = timeS: Time, Elapsed [seconds]
# name 8 = timeJ: Julian Days
# name 9 = density00: Density [density, kg/m^3]
# name 10 = depSM: Depth [salt water, m], lat = 0.00
# name 11 = dz/dtM: Descent Rate [m/s]
# name 12 = flag:  0.000e+00
# span 0 =     -1.035,     11.605                 
# span 1 =    28.0513,    30.0803                 
# span 2 =   0.506388,   5.875906                 
# span 3 =     2.5049,    36.0227                 
# span 4 =     2.2959,     4.5320                 
# span 5 =    -0.4416,    48.6841                 
# span 6 =          0,          0                 
# span 7 =      0.000,    164.750                 
# span 8 = 328.464491, 328.466398                 
# span 9 =   997.8606,  1022.8333                 
# span 10 =     -1.030,     11.541                
# span 11 =     -0.708,      0.530                
# span 12 = 0.0000e+00, 0.0000e+00                
# interval = seconds: 0.25
# start_time = Nov 24 2018 11:08:52 [Instrument's time stamp, header]
# bad_flag = -9.990e-29
*END*
[from data line 334]
      4.892    28.1573   5.669974    35.2120     2.8589     0.0345          0     83.500 328.465457  1022.5235      4.865      0.465  0.000e+00
      4.989    28.1570   5.669974    35.2122     2.8564     0.0330          0     83.750 328.465460  1022.5241      4.961      0.502  0.000e+00
      5.043    28.1570   5.670005    35.2124     2.8882     0.0597          0     84.000 328.465463  1022.5245      5.015      0.499  0.000e+00
      5.086    28.1570   5.670005    35.2124     2.9182     0.0559          0     84.250 328.465466  1022.5247      5.058      0.468  0.000e+00
      5.172    28.1571   5.670005    35.2123     2.8986     0.0612          0     84.500 328.465469  1022.5250      5.144      0.427  0.000e+00
      5.227    28.1571   5.669914    35.2116     2.8645     0.0559          0     84.750 328.465472  1022.5247      5.198      0.373  0.000e+00
      5.324    28.1568   5.669784    35.2109     2.8895     0.0459          0     85.000 328.465475  1022.5247      5.294      0.331  0.000e+00
      5.443    28.1562   5.669815    35.2115     2.8297     0.0475          0     85.250 328.465477  1022.5258      5.413      0.314  0.000e+00
      5.551    28.1557   5.669754    35.2115     2.8367     0.0459          0     85.500 328.465480  1022.5265      5.520      0.313  0.000e+00
      5.637    28.1554   5.669686    35.2112     2.8227     0.0406          0     85.750 328.465483  1022.5267      5.606      0.332  0.000e+00
      5.724    28.1550   5.669754    35.2120     2.8133     0.0665          0     86.000 328.465486  1022.5278      5.692      0.357  0.000e+00
      5.800    28.1547   5.669716    35.2119     2.8334     0.0589          0     86.250 328.465489  1022.5282      5.768      0.370  0.000e+00
      5.886    28.1544   5.669754    35.2124     2.8178     0.0589          0     86.500 328.465492  1022.5290      5.854      0.371  0.000e+00
      5.962    28.1546   5.669595    35.2111     2.8272     0.0589          0     86.750 328.465495  1022.5283      5.929      0.368  0.000e+00
      6.048    28.1548   5.669754    35.2120     2.8149     0.0559          0     87.000 328.465498  1022.5293      6.015      0.352  0.000e+00
      6.146    28.1547   5.669625    35.2112     2.8136     0.0574          0     87.250 328.465501  1022.5291      6.112      0.341  0.000e+00
      6.200    28.1543   5.669724    35.2121     2.8451     0.0543          0     87.500 328.465503  1022.5302      6.166      0.329  0.000e+00
      6.243    28.1540   5.669724    35.2123     2.7341     0.0589          0     87.750 328.465506  1022.5306      6.208      0.314  0.000e+00
      6.189    28.1541   5.669724    35.2123     2.7929     0.0475          0     88.000 328.465509  1022.5303      6.155      0.267  0.000e+00
      6.167    28.1542   5.669785    35.2126     2.7665     0.0864          0     88.250 328.465512  1022.5304      6.133      0.206  0.000e+00
      6.211    28.1546   5.669815    35.2125     2.8125     0.0856          0     88.500 328.465515  1022.5304      6.177      0.153  0.000e+00
      6.297    28.1551   5.669785    35.2119     2.8157     0.0833          0     88.750 328.465518  1022.5302      6.263      0.124  0.000e+00
      6.470    28.1550   5.669724    35.2115     2.8395     0.0757          0     89.000 328.465521  1022.5307      6.435      0.139  0.000e+00
      6.600    28.1551   5.669755    35.2116     2.8992     0.0360          0     89.250 328.465524  1022.5313      6.564      0.184  0.000e+00
      6.687    28.1549   5.669755    35.2118     2.9069     0.0284          0     89.500 328.465527  1022.5318      6.650      0.248  0.000e+00
      6.795    28.1547   5.669625    35.2110     2.9367     0.0276          0     89.750 328.465530  1022.5317      6.757      0.322  0.000e+00
      6.903    28.1541   5.669534    35.2107     2.9151     0.0330          0     90.000 328.465532  1022.5322      6.865      0.400  0.000e+00
      7.011    28.1533   5.669565    35.2115     2.9726     0.0704          0     90.250 328.465535  1022.5335      6.972      0.444  0.000e+00
      7.108    28.1529   5.669724    35.2129     2.8555     0.0734          0     90.500 328.465538  1022.5351      7.069      0.453  0.000e+00
      7.216    28.1534   5.669306    35.2096     2.9161     0.0696          0     90.750 328.465541  1022.5329      7.177      0.442  0.000e+00
      7.314    28.1518   5.668204    35.2030     2.8426     0.0696          0     91.000 328.465544  1022.5289      7.273      0.419  0.000e+00
      7.379    28.1469   5.668295    35.2073     2.8106     0.0604          0     91.250 328.465547  1022.5340      7.338      0.403  0.000e+00
      7.454    28.1442   5.669086    35.2148     2.8366     0.0543          0     91.500 328.465550  1022.5409      7.413      0.390  0.000e+00
      7.498    28.1462   5.668896    35.2120     2.8336     0.0566          0     91.750 328.465553  1022.5383      7.456      0.360  0.000e+00
      7.584    28.1472   5.668926    35.2114     2.9004     0.0604          0     92.000 328.465556  1022.5379      7.542      0.336  0.000e+00
      7.681    28.1463   5.668166    35.2067     2.8468     0.0559          0     92.250 328.465558  1022.5351      7.639      0.321  0.000e+00
      7.789    28.1434   5.668265    35.2096     2.8090     0.0749          0     92.500 328.465561  1022.5386      7.746      0.318  0.000e+00
      7.919    28.1417   5.667375    35.2045     2.7562     0.0704          0     92.750 328.465564  1022.5360      7.875      0.331  0.000e+00
      8.049    28.1367   5.665855    35.1976     2.7817     0.0772          0     93.000 328.465567  1022.5330      8.004      0.361  0.000e+00
      8.178    28.1280   5.665087    35.1987     2.7523     0.0757          0     93.250 328.465570  1022.5372      8.133      0.402  0.000e+00
      8.330    28.1197   5.665034    35.2045     2.7541     0.0437          0     93.500 328.465573  1022.5449      8.284      0.447  0.000e+00
      8.470    28.1151   5.665004    35.2076     2.7881     0.0505          0     93.750 328.465576  1022.5494      8.424      0.492  0.000e+00
      8.622    28.1113   5.663826    35.2022     2.8191     0.0482          0     94.000 328.465579  1022.5472      8.574      0.524  0.000e+00
      8.697    28.1062   5.663925    35.2067     2.8126     0.0490          0     94.250 328.465582  1022.5526      8.649      0.530  0.000e+00
      8.795    28.1034   5.664145    35.2103     2.8758     0.0704          0     94.500 328.465584  1022.5566      8.746      0.520  0.000e+00
      8.859    28.1022   5.662724    35.2012     2.7792     0.0688          0     94.750 328.465587  1022.5504      8.811      0.489  0.000e+00
      8.849    28.0958   5.661804    35.1995     2.8687     0.0711          0     95.000 328.465590  1022.5512      8.800      0.427  0.000e+00
      8.860    28.0896   5.663294    35.2146     2.8759     0.0696          0     95.250 328.465593  1022.5647      8.811      0.349  0.000e+00
      8.892    28.0914   5.663735    35.2163     2.8587     0.0543          0     95.500 328.465596  1022.5655      8.843      0.269  0.000e+00
      9.011    28.0946   5.662876    35.2079     2.8279     0.0505          0     95.750 328.465599  1022.5586      8.961      0.223  0.000e+00
      9.130    28.0939   5.662694    35.2071     2.8044     0.0589          0     96.000 328.465602  1022.5587      9.079      0.211  0.000e+00
      9.227    28.0914   5.661896    35.2033     2.8370     0.0627          0     96.250 328.465605  1022.5572      9.176      0.231  0.000e+00
      9.346    28.0867   5.660634    35.1979     2.8260     0.0543          0     96.500 328.465608  1022.5551      9.294      0.268  0.000e+00
      9.465    28.0796   5.660315    35.2010     2.8012     0.0826          0     96.750 328.465611  1022.5603      9.413      0.326  0.000e+00
      9.573    28.0740   5.660665    35.2076     2.8057     0.0795          0     97.000 328.465613  1022.5675      9.520      0.389  0.000e+00
      9.659    28.0718   5.660566    35.2085     2.8240     0.0833          0     97.250 328.465616  1022.5694      9.606      0.424  0.000e+00
      9.757    28.0709   5.660589    35.2093     2.8090     0.0803          0     97.500 328.465619  1022.5707      9.703      0.435  0.000e+00
      9.854    28.0704   5.660384    35.2082     2.8443     0.0673          0     97.750 328.465622  1022.5704      9.799      0.423  0.000e+00
      9.962    28.0694   5.660316    35.2084     2.8884     0.0673          0     98.000 328.465625  1022.5713      9.907      0.415  0.000e+00
     10.070    28.0687   5.660384    35.2095     2.8146     0.0726          0     98.250 328.465628  1022.5728     10.015      0.412  0.000e+00
     10.157    28.0681   5.659624    35.2046     2.8568     0.0833          0     98.500 328.465631  1022.5697     10.101      0.402  0.000e+00
     10.254    28.0653   5.659336    35.2046     2.8472     0.0719          0     98.750 328.465634  1022.5711     10.197      0.396  0.000e+00
     10.351    28.0626   5.659936    35.2108     2.8560     0.0673          0     99.000 328.465637  1022.5771     10.294      0.394  0.000e+00
     10.416    28.0619   5.658834    35.2036     2.7919     0.0688          0     99.250 328.465639  1022.5721     10.358      0.387  0.000e+00
     10.459    28.0592   5.658546    35.2036     2.8878     0.0780          0     99.500 328.465642  1022.5732     10.401      0.364  0.000e+00
     10.502    28.0558   5.658546    35.2060     2.9282     0.0841          0     99.750 328.465645  1022.5763     10.444      0.331  0.000e+00
     10.611    28.0537   5.658417    35.2067     2.8534     0.0849          0    100.000 328.465648  1022.5780     10.552      0.311  0.000e+00
     10.794    28.0526   5.658265    35.2064     2.8197     0.0803          0    100.250 328.465651  1022.5789     10.735      0.324  0.000e+00
     10.913    28.0515   5.658417    35.2083     2.8633     0.0780          0    100.500 328.465654  1022.5812     10.853      0.350  0.000e+00
     11.043    28.0513   5.658797    35.2110     2.8337     0.0726          0    100.750 328.465657  1022.5839     10.982      0.383  0.000e+00
     11.130    28.0531   5.659587    35.2152     2.8432     0.0940          0    101.000 328.465660  1022.5868     11.068      0.413  0.000e+00
     11.194    28.0573   5.659656    35.2125     2.8158     0.0994          0    101.250 328.465663  1022.5837     11.133      0.434  0.000e+00
     11.216    28.0601   5.659655    35.2104     2.8326     0.0963          0    101.500 328.465666  1022.5813     11.154      0.426  0.000e+00
     11.238    28.0616   5.659655    35.2093     2.8739     0.0978          0    101.750 328.465668  1022.5800     11.176      0.385  0.000e+00
     11.303    28.0625   5.659655    35.2086     2.9155     0.0803          0    102.000 328.465671  1022.5795     11.240      0.324  0.000e+00
     11.367    28.0628   5.659640    35.2082     2.8949     0.0833          0    102.250 328.465674  1022.5794     11.305      0.262  0.000e+00
     11.432    28.0630   5.659686    35.2084     2.8821     0.0810          0    102.500 328.465677  1022.5797     11.369      0.229  0.000e+00
     11.551    28.0634   5.659846    35.2092     3.0757     0.0810          0    102.750 328.465680  1022.5807     11.488      0.225  0.000e+00
     11.595    28.0637   5.659526    35.2067     3.0933     0.0780          0    103.000 328.465683  1022.5789     11.530      0.233  0.000e+00
     11.605    28.0629   5.659557    35.2075     3.0637     0.0818          0    103.250 328.465686  1022.5798     11.541      0.236  0.000e+00
     11.595    28.0624   5.659625    35.2084     3.0647     0.0772          0    103.500 328.465689  1022.5806     11.530      0.226  0.000e+00
     11.573    28.0625   5.659686    35.2088     3.0442     0.0772          0    103.750 328.465692  1022.5808     11.509      0.190  0.000e+00
     11.573    28.0628   5.659815    35.2094     2.9934     0.0978          0    104.000 328.465694  1022.5811     11.509      0.138  0.000e+00
     11.562    28.0638   5.659815    35.2087     2.9542     0.0902          0    104.250 328.465697  1022.5802     11.498      0.083  0.000e+00
     11.562    28.0645   5.659846    35.2084     2.8943     0.0963          0    104.500 328.465700  1022.5798     11.498      0.032  0.000e+00
     11.562    28.0648   5.659846    35.2082     2.8505     0.0978          0    104.750 328.465703  1022.5795     11.498     -0.011  0.000e+00
     11.540    28.0651   5.659906    35.2084     2.8500     0.0978          0    105.000 328.465706  1022.5795     11.477     -0.028  0.000e+00
     11.540    28.0655   5.659937    35.2083     2.8444     0.0963          0    105.250 328.465709  1022.5793     11.477     -0.030  0.000e+00
     11.573    28.0659   5.659937    35.2080     2.8428     0.0948          0    105.500 328.465712  1022.5791     11.509     -0.017  0.000e+00
     11.584    28.0660   5.659937    35.2079     2.8298     0.0971          0    105.750 328.465715  1022.5790     11.520     -0.001  0.000e+00
     11.551    28.0661   5.659967    35.2080     2.8450     0.0978          0    106.000 328.465718  1022.5789     11.487     -0.001  0.000e+00
     11.562    28.0662   5.659906    35.2075     2.7129     0.1062          0    106.250 328.465720  1022.5785     11.498      0.003  0.000e+00
     11.573    28.0660   5.659747    35.2065     2.7380     0.1039          0    106.500 328.465723  1022.5779     11.509      0.007  0.000e+00
     11.573    28.0652   5.659686    35.2067     2.7725     0.1062          0    106.750 328.465726  1022.5784     11.509      0.011  0.000e+00
     11.540    28.0645   5.659732    35.2076     2.7729     0.1093          0    107.000 328.465729  1022.5791     11.477      0.005  0.000e+00
     11.497    28.0643   5.659716    35.2076     2.8006     0.1016          0    107.250 328.465732  1022.5790     11.434     -0.018  0.000e+00
     11.400    28.0644   5.659876    35.2087     2.8116     0.0871          0    107.500 328.465735  1022.5794     11.337     -0.064  0.000e+00
     11.346    28.0648   5.659906    35.2086     2.8324     0.0963          0    107.750 328.465738  1022.5790     11.283     -0.105  0.000e+00
     11.248    28.0653   5.659777    35.2074     2.8420     0.0963          0    108.000 328.465741  1022.5774     11.186     -0.152  0.000e+00
     11.216    28.0651   5.659686    35.2069     2.8717     0.0818          0    108.250 328.465744  1022.5770     11.154     -0.197  0.000e+00
     11.194    28.0643   5.659465    35.2060     2.8549     0.0810          0    108.500 328.465747  1022.5764     11.133     -0.221  0.000e+00
     11.205    28.0629   5.659085    35.2043     2.8432     0.0833          0    108.750 328.465749  1022.5757     11.143     -0.215  0.000e+00
     11.205    28.0608   5.659245    35.2070     2.8579     0.0810          0    109.000 328.465752  1022.5784     11.143     -0.184  0.000e+00
     11.237    28.0601   5.659397    35.2086     2.8456     0.0749          0    109.250 328.465755  1022.5800     11.175     -0.131  0.000e+00
     11.237    28.0602   5.659496    35.2092     2.8430     0.0681          0    109.500 328.465758  1022.5804     11.175     -0.071  0.000e+00
     11.227    28.0611   5.659435    35.2081     2.8495     0.0719          0    109.750 328.465761  1022.5793     11.165     -0.030  0.000e+00
     11.205    28.0613   5.659336    35.2073     2.8495     0.0803          0    110.000 328.465764  1022.5785     11.143     -0.001  0.000e+00
     11.259    28.0609   5.659435    35.2083     2.8348     0.0757          0    110.250 328.465767  1022.5796     11.197      0.019  0.000e+00
     11.302    28.0612   5.659306    35.2071     2.8380     0.1009          0    110.500 328.465770  1022.5788     11.240      0.039  0.000e+00
     11.302    28.0608   5.659397    35.2081     2.8457     0.1055          0    110.750 328.465773  1022.5796     11.240      0.046  0.000e+00
