ctd_kilwa/cnv/SBE19plus_01906740_2018_11_26_0057.cnv
* Sea-Bird SBE19plus  Data File:
* FileName = C:\Users\all user\Desktop\Mapping WWF\SBE19plus_01906740_2018_11_26_0057.hex
* Software version 2.6.3.104
* Temperature SN = 6740
* Conductivity SN = 6740
* System UpLoad Time = Nov 26 2018 19:57:39
* <ApplicationData>
* <Seaterm232>
# nquan = 13
# nvalues = 1104                                  
# units = specified
# name 0 = prdM: Pressure, Strain Gauge [db]
# name 1 = tv290C: Temperature [ITS-90, deg C]
# name 2 = c0S/m: Conductivity [S/m]
# name 3 = sal00: Salinity, Practical [PSU]
# name 4 = sbeox0ML/L: Oxygen, SBE 43 [ml/l]
# name 5 = flECO-AFL: Fluorescence, WET Labs ECO-AFL/FL [mg/m^3]
# name 6 = nbf: Bottles Fired
# name 7 = timeS: Time, Elapsed [seconds]
# name 8 = timeJ: Julian Days
# name 9 = density00: Density [density, kg/m^3]
# name 10 = depSM: Depth [salt water, m], lat = 0.00
# name 11 = dz/dtM: Descent Rate [m/s]
# name 12 = flag:  0.000e+00
# span 0 =     -1.040,     28.614                 
# span 1 =    27.6456,    28.6730                 
# span 2 =   0.425832,   5.699268                 
# span 3 =     2.1116,    35.3598                 
# span 4 =     2.2695,     3.6360                 
# span 5 =    -0.3439,    48.6902                 
# span 6 =          0,          0                 
# span 7 =      0.000,    275.750                 
# span 8 = 329.393113, 329.396305                 
# span 9 =   997.7565,  1022.7924                 
# span 10 =     -1.034,     28.455                
# span 11 =     -0.857,      0.440                
# span 12 = 0.0000e+00, 0.0000e+00                
# interval = seconds: 0.25
# start_time = Nov 25 2018 09:26:05 [Instrument's time stamp, header]
# bad_flag = -9.990e-29
*END*
[from data line 556]
     21.934    27.8856   5.639838    35.1985     2.7221     0.0673          0    139.000 329.394722  1022.6753     21.812      0.258  0.000e+00
     22.074    27.8803   5.638958    35.1963     2.7199     0.0734          0    139.250 329.394725  1022.6759     21.952      0.350  0.000e+00
     22.107    27.8738   5.638518    35.1981     2.7076     0.0688          0    139.500 329.394728  1022.6796     21.984      0.404  0.000e+00
     22.096    27.8661   5.637729    35.1983     2.7081     0.0734          0    139.750 329.394731  1022.6822     21.973      0.407  0.000e+00
     22.063    27.8602   5.637259    35.1994     2.6973     0.0658          0    140.000 329.394734  1022.6849     21.941      0.356  0.000e+00
     22.074    27.8568   5.637448    35.2033     2.6879     0.0543          0    140.250 329.394737  1022.6889     21.952      0.275  0.000e+00
     22.118    27.8543   5.637411    35.2049     2.6792     0.0589          0    140.500 329.394740  1022.6911     21.995      0.202  0.000e+00
     22.226    27.8521   5.637289    35.2056     2.6884     0.0543          0    140.750 329.394742  1022.6928     22.102      0.149  0.000e+00
     22.323    27.8514   5.637320    35.2064     2.6891     0.0658          0    141.000 329.394745  1022.6940     22.199      0.134  0.000e+00
     22.420    27.8515   5.637509    35.2076     2.7021     0.0574          0    141.250 329.394748  1022.6953     22.296      0.156  0.000e+00
     22.420    27.8532   5.637760    35.2081     2.7105     0.0658          0    141.500 329.394751  1022.6951     22.296      0.193  0.000e+00
     22.388    27.8579   5.638579    35.2103     2.7072     0.0559          0    141.750 329.394754  1022.6951     22.263      0.209  0.000e+00
     22.333    27.8661   5.639747    35.2124     2.7102     0.0604          0    142.000 329.394757  1022.6938     22.210      0.188  0.000e+00
     22.323    27.8735   5.640377    35.2113     2.6971     0.0673          0    142.250 329.394760  1022.6906     22.199      0.137  0.000e+00
     22.398    27.8781   5.640407    35.2080     2.6800     0.0757          0    142.500 329.394763  1022.6869     22.274      0.094  0.000e+00
     22.485    27.8794   5.640028    35.2044     2.6968     0.0665          0    142.750 329.394766  1022.6841     22.360      0.066  0.000e+00
     22.582    27.8793   5.639778    35.2027     2.6730     0.0711          0    143.000 329.394769  1022.6833     22.457      0.075  0.000e+00
     22.712    27.8813   5.640407    35.2056     2.6695     0.0665          0    143.250 329.394771  1022.6853     22.586      0.128  0.000e+00
     22.820    27.8921   5.642737    35.2138     2.6572     0.0299          0    143.500 329.394774  1022.6885     22.693      0.216  0.000e+00
     22.885    27.9033   5.643875    35.2134     2.6457     0.0315          0    143.750 329.394777  1022.6848     22.758      0.294  0.000e+00
     22.961    27.9067   5.643276    35.2066     2.6642     0.0353          0    144.000 329.394780  1022.6789     22.833      0.351  0.000e+00
     22.982    27.9032   5.641788    35.1988     2.6756     0.0345          0    144.250 329.394783  1022.6742     22.855      0.358  0.000e+00
     23.004    27.8940   5.640119    35.1939     2.6960     0.0688          0    144.500 329.394786  1022.6737     22.876      0.323  0.000e+00
     23.015    27.8830   5.638518    35.1909     2.7109     0.0734          0    144.750 329.394789  1022.6750     22.887      0.271  0.000e+00
     23.025    27.8744   5.638040    35.1940     2.7066     0.0772          0    145.000 329.394792  1022.6802     22.898      0.210  0.000e+00
     23.036    27.8689   5.638078    35.1983     2.7268     0.0650          0    145.250 329.394795  1022.6853     22.908      0.148  0.000e+00
     23.058    27.8657   5.638170    35.2014     2.7309     0.0299          0    145.500 329.394797  1022.6887     22.930      0.104  0.000e+00
     23.058    27.8644   5.638329    35.2035     2.7288     0.0353          0    145.750 329.394800  1022.6908     22.930      0.074  0.000e+00
     23.080    27.8656   5.638610    35.2045     2.7159     0.0360          0    146.000 329.394803  1022.6912     22.952      0.056  0.000e+00
     23.144    27.8693   5.639270    35.2064     2.6884     0.0299          0    146.250 329.394806  1022.6917     23.016      0.066  0.000e+00
     23.198    27.8737   5.639899    35.2076     2.6649     0.0665          0    146.500 329.394809  1022.6914     23.070      0.087  0.000e+00
     23.307    27.8793   5.640529    35.2078     2.6558     0.0704          0    146.750 329.394812  1022.6902     23.177      0.128  0.000e+00
     23.350    27.8849   5.641197    35.2083     2.6660     0.0635          0    147.000 329.394815  1022.6889     23.220      0.165  0.000e+00
     23.426    27.8934   5.641857    35.2064     2.6606     0.0734          0    147.250 329.394818  1022.6851     23.296      0.203  0.000e+00
     23.469    27.9042   5.643208    35.2079     2.6545     0.0681          0    147.500 329.394821  1022.6829     23.339      0.230  0.000e+00
     23.534    27.9158   5.644596    35.2090     2.6698     0.0635          0    147.750 329.394823  1022.6802     23.403      0.252  0.000e+00
     23.642    27.9232   5.645135    35.2071     2.6613     0.0597          0    148.000 329.394826  1022.6768     23.511      0.272  0.000e+00
     23.771    27.9250   5.644566    35.2017     2.6707     0.0597          0    148.250 329.394829  1022.6727     23.640      0.294  0.000e+00
     23.880    27.9249   5.644217    35.1993     2.6728     0.0559          0    148.500 329.394832  1022.6714     23.747      0.321  0.000e+00
     23.977    27.9247   5.644217    35.1995     2.6716     0.0528          0    148.750 329.394835  1022.6720     23.844      0.342  0.000e+00
     24.031    27.9246   5.644187    35.1994     2.6764     0.0589          0    149.000 329.394838  1022.6722     23.897      0.362  0.000e+00
     24.020    27.9251   5.644316    35.1998     2.6807     0.0528          0    149.250 329.394841  1022.6723     23.887      0.346  0.000e+00
     23.988    27.9279   5.644657    35.2001     2.6750     0.0635          0    149.500 329.394844  1022.6715     23.854      0.301  0.000e+00
     23.998    27.9344   5.645796    35.2033     2.6563     0.0467          0    149.750 329.394847  1022.6718     23.865      0.236  0.000e+00
     24.063    27.9396   5.646365    35.2034     2.6653     0.0528          0    150.000 329.394850  1022.6705     23.930      0.175  0.000e+00
     24.128    27.9410   5.646016    35.1999     2.6660     0.0475          0    150.250 329.394852  1022.6676     23.994      0.132  0.000e+00
     24.225    27.9403   5.645606    35.1975     2.6643     0.0429          0    150.500 329.394855  1022.6665     24.091      0.125  0.000e+00
     24.301    27.9399   5.645515    35.1971     2.6775     0.0849          0    150.750 329.394858  1022.6666     24.166      0.145  0.000e+00
     24.344    27.9452   5.646335    35.1989     2.6651     0.0810          0    151.000 329.394861  1022.6665     24.209      0.180  0.000e+00
     24.366    27.9562   5.648164    35.2035     2.6546     0.0849          0    151.250 329.394864  1022.6664     24.231      0.215  0.000e+00
     24.377    27.9675   5.649485    35.2043     2.6613     0.0849          0    151.500 329.394867  1022.6634     24.241      0.226  0.000e+00
     24.420    27.9757   5.650214    35.2033     2.6684     0.0818          0    151.750 329.394870  1022.6601     24.284      0.215  0.000e+00
     24.539    27.9814   5.650465    35.2008     2.6774     0.0643          0    152.000 329.394873  1022.6569     24.403      0.210  0.000e+00
     24.658    27.9841   5.650495    35.1990     2.6762     0.0643          0    152.250 329.394876  1022.6551     24.521      0.222  0.000e+00
     24.777    27.9790   5.649136    35.1932     2.6877     0.0559          0    152.500 329.394878  1022.6529     24.639      0.248  0.000e+00
     24.874    27.9664   5.646934    35.1871     2.6935     0.0635          0    152.750 329.394881  1022.6530     24.736      0.289  0.000e+00
     24.917    27.9516   5.645135    35.1855     2.7059     0.0604          0    153.000 329.394884  1022.6567     24.779      0.324  0.000e+00
     24.982    27.9454   5.645037    35.1895     2.6886     0.0604          0    153.250 329.394887  1022.6620     24.843      0.349  0.000e+00
     25.025    27.9462   5.646335    35.1979     2.6817     0.0658          0    153.500 329.394890  1022.6683     24.886      0.350  0.000e+00
     25.047    27.9486   5.647087    35.2014     2.6739     0.0559          0    153.750 329.394893  1022.6702     24.908      0.317  0.000e+00
     25.101    27.9488   5.647026    35.2008     2.6574     0.0475          0    154.000 329.394896  1022.6699     24.962      0.268  0.000e+00
     25.177    27.9471   5.646555    35.1988     2.6627     0.0398          0    154.250 329.394899  1022.6693     25.037      0.233  0.000e+00
     25.274    27.9438   5.646145    35.1983     2.6738     0.0475          0    154.500 329.394902  1022.6705     25.134      0.222  0.000e+00
     25.339    27.9377   5.645356    35.1973     2.6674     0.0406          0    154.750 329.394905  1022.6720     25.198      0.226  0.000e+00
     25.371    27.9300   5.644407    35.1965     2.6796     0.0604          0    155.000 329.394907  1022.6740     25.230      0.234  0.000e+00
     25.306    27.9228   5.643649    35.1965     2.6829     0.0635          0    155.250 329.394910  1022.6761     25.166      0.206  0.000e+00
     25.263    27.9154   5.642829    35.1963     2.6872     0.0582          0    155.500 329.394913  1022.6782     25.123      0.162  0.000e+00
     25.263    27.9092   5.642328    35.1974     2.6890     0.0559          0    155.750 329.394916  1022.6810     25.123      0.114  0.000e+00
     25.285    27.9048   5.642169    35.1995     2.6756     0.0620          0    156.000 329.394919  1022.6841     25.144      0.063  0.000e+00
     25.360    27.9027   5.642268    35.2018     2.6308     0.0521          0    156.250 329.394922  1022.6869     25.219      0.034  0.000e+00
     25.458    27.9020   5.642488    35.2038     2.6181     0.0582          0    156.500 329.394925  1022.6890     25.316      0.039  0.000e+00
     25.544    27.9038   5.642829    35.2049     2.6130     0.0620          0    156.750 329.394928  1022.6896     25.402      0.081  0.000e+00
     25.598    27.9067   5.643277    35.2059     2.6182     0.0604          0    157.000 329.394931  1022.6896     25.456      0.140  0.000e+00
     25.685    27.9086   5.643338    35.2048     2.6082     0.0574          0    157.250 329.394933  1022.6886     25.542      0.217  0.000e+00
     25.782    27.9091   5.642958    35.2018     2.5994     0.0551          0    157.500 329.394936  1022.6866     25.639      0.277  0.000e+00
     25.879    27.9090   5.642928    35.2016     2.6066     0.0650          0    157.750 329.394939  1022.6869     25.736      0.316  0.000e+00
     25.912    27.9087   5.642898    35.2016     2.6215     0.0559          0    158.000 329.394942  1022.6871     25.768      0.324  0.000e+00
     26.031    27.9064   5.642488    35.2004     2.6385     0.0482          0    158.250 329.394945  1022.6875     25.886      0.327  0.000e+00
     26.149    27.9028   5.641858    35.1986     2.6357     0.0467          0    158.500 329.394948  1022.6878     26.004      0.337  0.000e+00
     26.268    27.9031   5.642329    35.2017     2.6357     0.0444          0    158.750 329.394951  1022.6905     26.122      0.358  0.000e+00
     26.333    27.9079   5.643369    35.2054     2.6398     0.0429          0    159.000 329.394954  1022.6920     26.187      0.372  0.000e+00
     26.344    27.9156   5.644317    35.2063     2.6449     0.0574          0    159.250 329.394957  1022.6903     26.198      0.354  0.000e+00
     26.322    27.9225   5.644879    35.2051     2.6493     0.0620          0    159.500 329.394959  1022.6870     26.176      0.309  0.000e+00
     26.290    27.9283   5.645387    35.2043     2.6554     0.0551          0    159.750 329.394962  1022.6843     26.144      0.246  0.000e+00
     26.301    27.9329   5.645668    35.2029     2.6609     0.0589          0    160.000 329.394965  1022.6818     26.155      0.184  0.000e+00
     26.333    27.9361   5.645797    35.2014     2.6660     0.0612          0    160.250 329.394968  1022.6798     26.187      0.113  0.000e+00
     26.409    27.9377   5.645888    35.2008     2.6707     0.0650          0    160.500 329.394971  1022.6791     26.262      0.074  0.000e+00
     26.441    27.9388   5.645827    35.1995     2.6615     0.0620          0    160.750 329.394974  1022.6780     26.294      0.058  0.000e+00
     26.484    27.9399   5.645926    35.1993     2.6582     0.0543          0    161.000 329.394977  1022.6777     26.337      0.074  0.000e+00
     26.484    27.9408   5.646078    35.1998     2.6605     0.0582          0    161.250 329.394980  1022.6777     26.337      0.097  0.000e+00
     26.506    27.9412   5.646047    35.1992     2.6651     0.0681          0    161.500 329.394983  1022.6773     26.359      0.120  0.000e+00
     26.582    27.9415   5.646048    35.1990     2.6631     0.0704          0    161.750 329.394986  1022.6773     26.434      0.144  0.000e+00
     26.722    27.9416   5.646078    35.1991     2.6614     0.0719          0    162.000 329.394988  1022.6780     26.574      0.178  0.000e+00
     26.830    27.9418   5.646108    35.1991     2.6703     0.0711          0    162.250 329.394991  1022.6784     26.681      0.215  0.000e+00
     26.884    27.9415   5.646017    35.1987     2.6741     0.0650          0    162.500 329.394994  1022.6784     26.735      0.243  0.000e+00
     26.917    27.9406   5.645926    35.1987     2.6800     0.0635          0    162.750 329.394997  1022.6788     26.767      0.267  0.000e+00
     26.906    27.9388   5.645668    35.1983     2.6867     0.0696          0    163.000 329.395000  1022.6790     26.756      0.266  0.000e+00
     26.928    27.9366   5.645357    35.1977     2.6822     0.0658          0    163.250 329.395003  1022.6794     26.778      0.254  0.000e+00
     27.003    27.9352   5.645289    35.1983     2.6861     0.0734          0    163.500 329.395006  1022.6806     26.853      0.232  0.000e+00
     27.090    27.9337   5.645137    35.1983     2.6801     0.0688          0    163.750 329.395009  1022.6815     26.939      0.206  0.000e+00
     27.187    27.9312   5.644917    35.1986     2.6754     0.0673          0    164.000 329.395012  1022.6829     27.036      0.192  0.000e+00
     27.284    27.9226   5.643619    35.1958     2.6739     0.0734          0    164.250 329.395014  1022.6841     27.132      0.211  0.000e+00
     27.360    27.9064   5.640341    35.1849     2.6808     0.0688          0    164.500 329.395017  1022.6815     27.208      0.249  0.000e+00
     27.457    27.8879   5.638361    35.1848     2.6675     0.0589          0    164.750 329.395020  1022.6879     27.304      0.295  0.000e+00
     27.522    27.8693   5.637193    35.1905     2.6535     0.0566          0    165.000 329.395023  1022.6985     27.369      0.331  0.000e+00
     27.576    27.8574   5.636973    35.1979     2.6554     0.0612          0    165.250 329.395026  1022.7082     27.423      0.337  0.000e+00
     27.619    27.8442   5.635434    35.1968     2.6629     0.0643          0    165.500 329.395029  1022.7119     27.466      0.318  0.000e+00
     27.652    27.8278   5.632764    35.1904     2.6600     0.0818          0    165.750 329.395032  1022.7126     27.498      0.286  0.000e+00
     27.695    27.8124   5.631187    35.1907     2.6590     0.0749          0    166.000 329.395035  1022.7180     27.541      0.251  0.000e+00
     27.738    27.7999   5.630589    35.1959     2.6674     0.0742          0    166.250 329.395038  1022.7261     27.584      0.221  0.000e+00
