ctd_kilwa/cnv/SBE19plus_01906740_2018_11_26_0047.cnv
* Sea-Bird SBE19plus  Data File:
* FileName = C:\Users\all user\Desktop\Mapping WWF\SBE19plus_01906740_2018_11_26_0047.hex
* Software version 2.6.3.104
* Temperature SN = 6740
* Conductivity SN = 6740
* System UpLoad Time = Nov 26 2018 19:55:13
* <ApplicationData>
* <Seaterm232>
# nquan = 13
# nvalues = 1286                                  
# units = specified
# name 0 = prdM: Pressure, Strain Gauge [db]
# name 1 = tv290C: Temperature [ITS-90, deg C]
# name 2 = c0S/m: Conductivity [S/m]
# name 3 = sal00: Salinity, Practical [PSU]
# name 4 = sbeox0ML/L: Oxygen, SBE 43 [ml/l]
# name 5 = flECO-AFL: Fluorescence, WET Labs ECO-AFL/FL [mg/m^3]
# name 6 = nbf: Bottles Fired
# name 7 = timeS: Time, Elapsed [seconds]
# name 8 = timeJ: Julian Days
# name 9 = density00: Density [density, kg/m^3]
# name 10 = depSM: Depth [salt water, m], lat = 0.00
# name 11 = dz/dtM: Descent Rate [m/s]
# name 12 = flag:  0.000e+00
# span 0 =     -1.072,     14.811                 
# span 1 =    28.2939,    29.7246                 
# span 2 =   0.096927,   5.811697                 
# span 3 =     0.4343,    35.6617                 
# span 4 =     2.1233,     4.7915                 
# span 5 =    -0.4439,    48.6864                 
# span 6 =          0,          0                 
# span 7 =      0.000,    321.250                 
# span 8 = 328.502315, 328.506033                 
# span 9 =   996.0752,  1022.6480                 
# span 10 =     -1.066,     14.729                
# span 11 =     -0.380,      0.474                
# span 12 = 0.0000e+00, 0.0000e+00                
# interval = seconds: 0.25
# start_time = Nov 24 2018 12:03:20 [Instrument's time stamp, header]
# bad_flag = -9.990e-29
*END*
[from data line 1001]
     13.178    28.2961   5.686955    35.2248     3.5596     0.0757          0    250.250 328.505211  1022.5229     13.106     -0.265  0.000e+00
     13.113    28.2955   5.686817    35.2243     3.5760     0.0688          0    250.500 328.505214  1022.5225     13.041     -0.234  0.000e+00
     12.994    28.2950   5.686787    35.2245     3.6262     0.0604          0    250.750 328.505217  1022.5223     12.923     -0.228  0.000e+00
     12.876    28.2945   5.686749    35.2246     3.5922     0.0620          0    251.000 328.505220  1022.5220     12.804     -0.239  0.000e+00
     12.811    28.2940   5.686718    35.2248     3.5825     0.0566          0    251.250 328.505223  1022.5220     12.740     -0.260  0.000e+00
     12.800    28.2941   5.686749    35.2249     3.5528     0.0597          0    251.500 328.505226  1022.5220     12.729     -0.268  0.000e+00
     12.800    28.2940   5.686787    35.2252     3.5167     0.0818          0    251.750 328.505229  1022.5223     12.729     -0.263  0.000e+00
     12.811    28.2939   5.686817    35.2255     3.4937     0.0818          0    252.000 328.505231  1022.5226     12.740     -0.237  0.000e+00
     12.832    28.2940   5.686718    35.2248     3.4906     0.0887          0    252.250 328.505234  1022.5221     12.761     -0.184  0.000e+00
     12.811    28.2939   5.686787    35.2254     3.4948     0.0803          0    252.500 328.505237  1022.5226     12.740     -0.123  0.000e+00
     12.735    28.2944   5.686855    35.2254     3.4813     0.0765          0    252.750 328.505240  1022.5221     12.665     -0.079  0.000e+00
     12.692    28.2951   5.686939    35.2255     3.4940     0.0620          0    253.000 328.505243  1022.5217     12.622     -0.061  0.000e+00
     12.627    28.2953   5.686878    35.2250     3.5363     0.0650          0    253.250 328.505246  1022.5210     12.557     -0.079  0.000e+00
     12.519    28.2955   5.686878    35.2249     3.5400     0.0536          0    253.500 328.505249  1022.5204     12.450     -0.132  0.000e+00
     12.454    28.2955   5.686817    35.2245     3.5685     0.0566          0    253.750 328.505252  1022.5198     12.385     -0.186  0.000e+00
     12.335    28.2952   5.686748    35.2242     3.5780     0.0414          0    254.000 328.505255  1022.5192     12.267     -0.249  0.000e+00
     12.216    28.2949   5.686786    35.2248     3.5634     0.0482          0    254.250 328.505258  1022.5192     12.149     -0.308  0.000e+00
     12.119    28.2953   5.686847    35.2249     3.5914     0.0459          0    254.500 328.505260  1022.5188     12.052     -0.347  0.000e+00
     12.054    28.2958   5.686977    35.2255     3.6165     0.0490          0    254.750 328.505263  1022.5187     11.988     -0.363  0.000e+00
     12.000    28.2966   5.687076    35.2256     3.6015     0.0482          0    255.000 328.505266  1022.5183     11.934     -0.368  0.000e+00
     12.022    28.2972   5.687129    35.2255     3.5577     0.0475          0    255.250 328.505269  1022.5182     11.955     -0.333  0.000e+00
     12.054    28.2975   5.687167    35.2256     3.5589     0.0444          0    255.500 328.505272  1022.5183     11.988     -0.266  0.000e+00
     12.043    28.2984   5.687228    35.2253     3.5299     0.0421          0    255.750 328.505275  1022.5177     11.977     -0.200  0.000e+00
     12.022    28.2992   5.687258    35.2249     3.5711     0.0459          0    256.000 328.505278  1022.5170     11.955     -0.129  0.000e+00
     11.968    28.2994   5.687289    35.2250     3.6382     0.0437          0    256.250 328.505281  1022.5168     11.902     -0.084  0.000e+00
     11.924    28.3003   5.687388    35.2250     3.4895     0.0444          0    256.500 328.505284  1022.5164     11.859     -0.065  0.000e+00
     11.881    28.3007   5.687418    35.2250     3.4168     0.0444          0    256.750 328.505286  1022.5160     11.816     -0.071  0.000e+00
     11.838    28.3009   5.687357    35.2244     3.3832     0.0429          0    257.000 328.505289  1022.5153     11.772     -0.094  0.000e+00
     11.806    28.3010   5.687380    35.2245     3.3642     0.0704          0    257.250 328.505292  1022.5152     11.740     -0.129  0.000e+00
     11.795    28.3007   5.687357    35.2246     3.3405     0.0734          0    257.500 328.505295  1022.5153     11.730     -0.147  0.000e+00
     11.719    28.3010   5.687388    35.2246     3.3386     0.0665          0    257.750 328.505298  1022.5149     11.654     -0.159  0.000e+00
     11.611    28.3014   5.687418    35.2245     3.3592     0.0711          0    258.000 328.505301  1022.5143     11.547     -0.182  0.000e+00
     11.557    28.3014   5.687449    35.2248     3.3539     0.0452          0    258.250 328.505304  1022.5142     11.493     -0.197  0.000e+00
     11.481    28.3019   5.687479    35.2246     3.4230     0.0406          0    258.500 328.505307  1022.5136     11.417     -0.219  0.000e+00
     11.438    28.3020   5.687479    35.2246     3.4306     0.0551          0    258.750 328.505310  1022.5134     11.374     -0.235  0.000e+00
     11.373    28.3025   5.687517    35.2245     3.4413     0.0437          0    259.000 328.505313  1022.5129     11.310     -0.250  0.000e+00
     11.297    28.3028   5.687547    35.2245     3.4653     0.0429          0    259.250 328.505315  1022.5125     11.235     -0.266  0.000e+00
     11.243    28.3031   5.687608    35.2247     3.4937     0.0444          0    259.500 328.505318  1022.5123     11.181     -0.271  0.000e+00
     11.135    28.3037   5.687654    35.2246     3.5163     0.0421          0    259.750 328.505321  1022.5115     11.073     -0.271  0.000e+00
     11.048    28.3038   5.687677    35.2247     3.4775     0.0429          0    260.000 328.505324  1022.5112     10.987     -0.275  0.000e+00
     10.940    28.3041   5.687707    35.2247     3.4622     0.0376          0    260.250 328.505327  1022.5106     10.880     -0.300  0.000e+00
     10.875    28.3048   5.687768    35.2246     3.4081     0.0444          0    260.500 328.505330  1022.5101     10.815     -0.315  0.000e+00
     10.789    28.3053   5.687897    35.2252     3.3866     0.0421          0    260.750 328.505333  1022.5100     10.729     -0.333  0.000e+00
     10.778    28.3062   5.687958    35.2250     3.3678     0.0429          0    261.000 328.505336  1022.5095     10.718     -0.322  0.000e+00
     10.745    28.3069   5.687958    35.2245     3.3481     0.0429          0    261.250 328.505339  1022.5087     10.686     -0.298  0.000e+00
     10.702    28.3073   5.688027    35.2247     3.3287     0.0398          0    261.500 328.505341  1022.5086     10.643     -0.268  0.000e+00
     10.637    28.3079   5.688088    35.2247     3.3402     0.0406          0    261.750 328.505344  1022.5081     10.579     -0.234  0.000e+00
     10.583    28.3083   5.688110    35.2245     3.3313     0.0429          0    262.000 328.505347  1022.5076     10.525     -0.211  0.000e+00
     10.486    28.3088   5.688179    35.2246     3.3034     0.0444          0    262.250 328.505350  1022.5071     10.428     -0.205  0.000e+00
     10.421    28.3091   5.688148    35.2242     3.3070     0.0459          0    262.500 328.505353  1022.5064     10.364     -0.215  0.000e+00
     10.335    28.3093   5.688179    35.2243     3.2835     0.0475          0    262.750 328.505356  1022.5060     10.277     -0.235  0.000e+00
     10.270    28.3094   5.688179    35.2243     3.2736     0.0467          0    263.000 328.505359  1022.5057     10.213     -0.265  0.000e+00
     10.172    28.3097   5.688179    35.2241     3.2877     0.0467          0    263.250 328.505362  1022.5050     10.116     -0.291  0.000e+00
     10.086    28.3099   5.688217    35.2242     3.3022     0.0749          0    263.500 328.505365  1022.5047     10.030     -0.309  0.000e+00
     10.021    28.3098   5.688179    35.2240     3.2842     0.0818          0    263.750 328.505367  1022.5043      9.966     -0.316  0.000e+00
      9.967    28.3097   5.688179    35.2241     3.3006     0.0879          0    264.000 328.505370  1022.5042      9.912     -0.313  0.000e+00
      9.924    28.3099   5.688201    35.2241     3.3097     0.0788          0    264.250 328.505373  1022.5040      9.869     -0.295  0.000e+00
      9.881    28.3097   5.688179    35.2241     3.3355     0.0406          0    264.500 328.505376  1022.5039      9.826     -0.277  0.000e+00
      9.880    28.3098   5.688217    35.2243     3.3278     0.0467          0    264.750 328.505379  1022.5040      9.826     -0.240  0.000e+00
      9.859    28.3096   5.688179    35.2242     3.3145     0.0437          0    265.000 328.505382  1022.5039      9.804     -0.202  0.000e+00
      9.783    28.3096   5.688148    35.2240     3.2797     0.0459          0    265.250 328.505385  1022.5034      9.729     -0.174  0.000e+00
      9.686    28.3099   5.688148    35.2238     3.2653     0.0429          0    265.500 328.505388  1022.5027      9.632     -0.172  0.000e+00
      9.643    28.3096   5.688148    35.2241     3.2512     0.0734          0    265.750 328.505391  1022.5028      9.590     -0.177  0.000e+00
      9.610    28.3097   5.688178    35.2242     3.2465     0.0658          0    266.000 328.505394  1022.5028      9.557     -0.184  0.000e+00
      9.535    28.3096   5.688178    35.2243     3.2227     0.0681          0    266.250 328.505396  1022.5025      9.482     -0.201  0.000e+00
      9.448    28.3094   5.688171    35.2244     3.2162     0.0704          0    266.500 328.505399  1022.5023      9.396     -0.227  0.000e+00
      9.383    28.3097   5.688148    35.2241     3.2386     0.0574          0    266.750 328.505402  1022.5017      9.332     -0.253  0.000e+00
      9.275    28.3098   5.688148    35.2240     3.2220     0.0597          0    267.000 328.505405  1022.5011      9.224     -0.274  0.000e+00
      9.200    28.3096   5.688148    35.2242     3.2182     0.0597          0    267.250 328.505408  1022.5010      9.149     -0.283  0.000e+00
      9.102    28.3096   5.688148    35.2242     3.2008     0.0551          0    267.500 328.505411  1022.5006      9.052     -0.299  0.000e+00
      9.059    28.3095   5.688117    35.2241     3.0023     0.0459          0    267.750 328.505414  1022.5004      9.009     -0.313  0.000e+00
      9.027    28.3095   5.688117    35.2241     2.9493     0.0429          0    268.000 328.505417  1022.5002      8.977     -0.309  0.000e+00
      8.984    28.3097   5.688117    35.2240     2.8997     0.0437          0    268.250 328.505420  1022.4999      8.934     -0.286  0.000e+00
      8.908    28.3095   5.688148    35.2244     2.9013     0.0421          0    268.500 328.505422  1022.4999      8.859     -0.267  0.000e+00
      8.800    28.3095   5.688109    35.2241     2.8796     0.0559          0    268.750 328.505425  1022.4993      8.751     -0.263  0.000e+00
      8.789    28.3094   5.688117    35.2243     2.8775     0.0604          0    269.000 328.505428  1022.4994      8.740     -0.241  0.000e+00
      8.746    28.3094   5.688117    35.2243     2.8969     0.0604          0    269.250 328.505431  1022.4992      8.697     -0.226  0.000e+00
      8.681    28.3095   5.688117    35.2242     2.9373     0.0559          0    269.500 328.505434  1022.4988      8.633     -0.219  0.000e+00
      8.605    28.3095   5.688117    35.2242     3.0208     0.0589          0    269.750 328.505437  1022.4985      8.558     -0.230  0.000e+00
      8.573    28.3097   5.688086    35.2239     3.0465     0.0475          0    270.000 328.505440  1022.4981      8.525     -0.231  0.000e+00
      8.529    28.3095   5.688117    35.2243     3.0592     0.0421          0    270.250 328.505443  1022.4982      8.482     -0.221  0.000e+00
      8.508    28.3095   5.688117    35.2243     3.0672     0.0452          0    270.500 328.505446  1022.4981      8.461     -0.199  0.000e+00
      8.497    28.3097   5.688117    35.2241     3.0487     0.0475          0    270.750 328.505448  1022.4979      8.450     -0.173  0.000e+00
      8.486    28.3094   5.688140    35.2245     2.9471     0.0315          0    271.000 328.505451  1022.4983      8.440     -0.159  0.000e+00
      8.465    28.3097   5.688086    35.2239     2.8874     0.0368          0    271.250 328.505454  1022.4976      8.418     -0.133  0.000e+00
      8.411    28.3091   5.688056    35.2242     2.8227     0.0315          0    271.500 328.505457  1022.4978      8.364     -0.114  0.000e+00
      8.324    28.3088   5.688056    35.2244     2.7741     0.0337          0    271.750 328.505460  1022.4977      8.278     -0.117  0.000e+00
      8.259    28.3086   5.687987    35.2241     2.7780     0.0589          0    272.000 328.505463  1022.4972      8.214     -0.140  0.000e+00
      8.205    28.3085   5.687987    35.2242     2.7778     0.0574          0    272.250 328.505466  1022.4971      8.160     -0.164  0.000e+00
      8.173    28.3085   5.688025    35.2245     2.7984     0.0566          0    272.500 328.505469  1022.4972      8.128     -0.187  0.000e+00
      8.129    28.3088   5.688056    35.2245     2.8459     0.0635          0    272.750 328.505472  1022.4969      8.085     -0.205  0.000e+00
      8.119    28.3088   5.688056    35.2245     2.8676     0.0589          0    273.000 328.505475  1022.4968      8.074     -0.205  0.000e+00
      8.043    28.3090   5.688048    35.2243     2.8837     0.0505          0    273.250 328.505477  1022.4963      7.999     -0.203  0.000e+00
      7.967    28.3087   5.687987    35.2241     2.8874     0.0551          0    273.500 328.505480  1022.4960      7.923     -0.198  0.000e+00
      7.892    28.3083   5.687896    35.2238     2.8866     0.0589          0    273.750 328.505483  1022.4955      7.848     -0.199  0.000e+00
      7.805    28.3081   5.687926    35.2242     2.8706     0.0505          0    274.000 328.505486  1022.4955      7.762     -0.217  0.000e+00
      7.730    28.3079   5.687896    35.2242     2.8754     0.0536          0    274.250 328.505489  1022.4953      7.687     -0.242  0.000e+00
      7.654    28.3078   5.687957    35.2247     2.8831     0.0612          0    274.500 328.505492  1022.4954      7.612     -0.270  0.000e+00
      7.611    28.3080   5.687957    35.2246     2.8785     0.0597          0    274.750 328.505495  1022.4950      7.569     -0.284  0.000e+00
      7.567    28.3079   5.687926    35.2245     2.8656     0.0582          0    275.000 328.505498  1022.4948      7.525     -0.286  0.000e+00
      7.502    28.3080   5.687926    35.2244     2.8518     0.0559          0    275.250 328.505501  1022.4944      7.461     -0.272  0.000e+00
      7.470    28.3079   5.687896    35.2243     2.8491     0.0559          0    275.500 328.505503  1022.4942      7.429     -0.250  0.000e+00
      7.427    28.3077   5.687895    35.2244     2.8310     0.0536          0    275.750 328.505506  1022.4942      7.386     -0.227  0.000e+00
      7.405    28.3075   5.687895    35.2246     2.8194     0.0551          0    276.000 328.505509  1022.4943      7.364     -0.199  0.000e+00
      7.362    28.3076   5.687895    35.2245     2.7983     0.0398          0    276.250 328.505512  1022.4941      7.321     -0.179  0.000e+00
      7.318    28.3074   5.687865    35.2245     2.7967     0.0406          0    276.500 328.505515  1022.4939      7.278     -0.166  0.000e+00
      7.221    28.3072   5.687827    35.2244     2.7999     0.0475          0    276.750 328.505518  1022.4935      7.182     -0.177  0.000e+00
      7.156    28.3069   5.687796    35.2244     2.7912     0.0482          0    277.000 328.505521  1022.4933      7.117     -0.190  0.000e+00
      7.081    28.3067   5.687796    35.2246     2.7910     0.0536          0    277.250 328.505524  1022.4932      7.042     -0.208  0.000e+00
      6.994    28.3068   5.687796    35.2245     2.7921     0.0429          0    277.500 328.505527  1022.4927      6.956     -0.239  0.000e+00
