ctd_kilwa/cnv/SBE19plus_01906740_2018_11_26_0041.cnv
* Sea-Bird SBE19plus  Data File:
* FileName = C:\Users\all user\Desktop\Mapping WWF\SBE19plus_01906740_2018_11_26_0041.hex
* Software version 2.6.3.104
* Temperature SN = 6740
* Conductivity SN = 6740
* System UpLoad Time = Nov 26 2018 19:53:40
* <ApplicationData>
* <Seaterm232>
# nquan = 13
# nvalues = 866                                   
# units = specified
# name 0 = prdM: Pressure, Strain Gauge [db]
# name 1 = tv290C: Temperature [ITS-90, deg C]
# name 2 = c0S/m: Conductivity [S/m]
# name 3 = sal00: Salinity, Practical [PSU]
# name 4 = sbeox0ML/L: Oxygen, SBE 43 [ml/l]
# name 5 = flECO-AFL: Fluorescence, WET Labs ECO-AFL/FL [mg/m^3]
# name 6 = nbf: Bottles Fired
# name 7 = timeS: Time, Elapsed [seconds]
# name 8 = timeJ: Julian Days
# name 9 = density00: Density [density, kg/m^3]
# name 10 = depSM: Depth [salt water, m], lat = 0.00
# name 11 = dz/dtM: Descent Rate [m/s]
# name 12 = flag:  0.000e+00
# span 0 =     -1.034,     14.570                 
# span 1 =    28.1863,    30.3568                 
# span 2 =   0.072742,   5.830855                 
# span 3 =     0.3198,    35.7467                 
# span 4 =     2.1130,     6.2872                 
# span 5 =    -0.0815,     3.6433                 
# span 6 =          0,          0                 
# span 7 =      0.000,    216.250                 
# span 8 = 328.431574, 328.434077                 
# span 9 =   995.8213,  1022.7523                 
# span 10 =     -1.029,     14.489                
# span 11 =     -0.514,      0.560                
# span 12 = 0.0000e+00, 0.0000e+00                
# interval = seconds: 0.25
# start_time = Nov 24 2018 10:21:28 [Instrument's time stamp, header]
# bad_flag = -9.990e-29
*END*
[from data line 667]
     13.543    28.1879   5.674360    35.2173     2.6089     0.0910          0    166.750 328.433504  1022.5545     13.468     -0.056  0.000e+00
     13.521    28.1876   5.674360    35.2175     2.6097     0.0894          0    167.000 328.433507  1022.5546     13.446     -0.050  0.000e+00
     13.478    28.1872   5.674291    35.2173     2.6114     0.0849          0    167.250 328.433510  1022.5544     13.403     -0.051  0.000e+00
     13.456    28.1872   5.674322    35.2176     2.6135     0.0902          0    167.500 328.433513  1022.5545     13.382     -0.071  0.000e+00
     13.445    28.1870   5.674322    35.2177     2.6139     0.0986          0    167.750 328.433516  1022.5546     13.371     -0.086  0.000e+00
     13.445    28.1874   5.674322    35.2174     2.6185     0.0932          0    168.000 328.433519  1022.5543     13.371     -0.087  0.000e+00
     13.435    28.1874   5.674322    35.2174     2.6127     0.0902          0    168.250 328.433521  1022.5542     13.360     -0.081  0.000e+00
     13.456    28.1876   5.674322    35.2173     2.6083     0.0948          0    168.500 328.433524  1022.5542     13.382     -0.063  0.000e+00
     13.500    28.1872   5.674322    35.2175     2.6007     0.0948          0    168.750 328.433527  1022.5547     13.425     -0.031  0.000e+00
     13.554    28.1873   5.674322    35.2175     2.5974     0.0551          0    169.000 328.433530  1022.5548     13.479      0.012  0.000e+00
     13.575    28.1869   5.674268    35.2174     2.5951     0.0574          0    169.250 328.433533  1022.5550     13.500      0.053  0.000e+00
     13.597    28.1868   5.674261    35.2175     2.5940     0.0597          0    169.500 328.433536  1022.5552     13.522      0.082  0.000e+00
     13.586    28.1868   5.674230    35.2172     2.5937     0.0574          0    169.750 328.433539  1022.5550     13.511      0.093  0.000e+00
     13.564    28.1865   5.674200    35.2173     2.6020     0.0849          0    170.000 328.433542  1022.5550     13.489      0.086  0.000e+00
     13.478    28.1865   5.674169    35.2171     2.6169     0.0818          0    170.250 328.433545  1022.5545     13.403      0.048  0.000e+00
     13.294    28.1864   5.674169    35.2172     2.6211     0.0788          0    170.500 328.433547  1022.5538     13.221     -0.045  0.000e+00
     13.099    28.1863   5.674101    35.2168     2.6216     0.0757          0    170.750 328.433550  1022.5528     13.027     -0.174  0.000e+00
     13.002    28.1865   5.674131    35.2169     2.6262     0.0681          0    171.000 328.433553  1022.5524     12.930     -0.290  0.000e+00
     12.894    28.1867   5.674230    35.2175     2.6243     0.0704          0    171.250 328.433556  1022.5523     12.823     -0.384  0.000e+00
     12.753    28.1874   5.674260    35.2172     2.6159     0.0704          0    171.500 328.433559  1022.5512     12.683     -0.464  0.000e+00
     12.634    28.1876   5.674260    35.2171     2.6116     0.0704          0    171.750 328.433562  1022.5505     12.565     -0.513  0.000e+00
     12.591    28.1880   5.674260    35.2168     2.6152     0.0742          0    172.000 328.433565  1022.5500     12.522     -0.514  0.000e+00
     12.559    28.1879   5.674237    35.2167     2.6154     0.0772          0    172.250 328.433568  1022.5498     12.489     -0.464  0.000e+00
     12.418    28.1878   5.674230    35.2168     2.6149     0.0833          0    172.500 328.433571  1022.5493     12.350     -0.414  0.000e+00
     12.278    28.1879   5.674230    35.2168     2.6178     0.0810          0    172.750 328.433573  1022.5486     12.210     -0.391  0.000e+00
     12.234    28.1879   5.674199    35.2166     2.6162     0.0772          0    173.000 328.433576  1022.5483     12.167     -0.378  0.000e+00
     12.191    28.1877   5.674199    35.2167     2.6186     0.0475          0    173.250 328.433579  1022.5483     12.124     -0.350  0.000e+00
     12.072    28.1878   5.674260    35.2171     2.6199     0.0429          0    173.500 328.433582  1022.5480     12.005     -0.337  0.000e+00
     11.910    28.1883   5.674290    35.2170     2.6292     0.0482          0    173.750 328.433585  1022.5471     11.844     -0.358  0.000e+00
     11.834    28.1885   5.674260    35.2167     2.6298     0.0398          0    174.000 328.433588  1022.5465     11.769     -0.384  0.000e+00
     11.769    28.1888   5.674290    35.2167     2.6292     0.0803          0    174.250 328.433591  1022.5461     11.704     -0.387  0.000e+00
     11.672    28.1890   5.674321    35.2168     2.6334     0.0772          0    174.500 328.433594  1022.5457     11.608     -0.373  0.000e+00
     11.521    28.1891   5.674359    35.2170     2.6360     0.0765          0    174.750 328.433597  1022.5452     11.457     -0.386  0.000e+00
     11.478    28.1896   5.674389    35.2169     2.6374     0.0810          0    175.000 328.433600  1022.5448     11.414     -0.399  0.000e+00
     11.456    28.1895   5.674419    35.2172     2.6407     0.0620          0    175.250 328.433602  1022.5449     11.393     -0.378  0.000e+00
     11.359    28.1902   5.674450    35.2169     2.6389     0.0589          0    175.500 328.433605  1022.5441     11.296     -0.345  0.000e+00
     11.186    28.1903   5.674450    35.2169     2.6423     0.0521          0    175.750 328.433608  1022.5433     11.124     -0.343  0.000e+00
     11.056    28.1908   5.674548    35.2172     2.6456     0.0604          0    176.000 328.433611  1022.5428     10.995     -0.370  0.000e+00
     11.034    28.1910   5.674579    35.2172     2.6439     0.0826          0    176.250 328.433614  1022.5426     10.973     -0.372  0.000e+00
     10.980    28.1915   5.674609    35.2171     2.6469     0.0788          0    176.500 328.433617  1022.5422     10.920     -0.356  0.000e+00
     10.829    28.1920   5.674640    35.2170     2.6540     0.0818          0    176.750 328.433620  1022.5413     10.769     -0.360  0.000e+00
     10.634    28.1922   5.674670    35.2171     2.6583     0.0841          0    177.000 328.433623  1022.5405     10.576     -0.411  0.000e+00
     10.537    28.1927   5.674708    35.2170     2.6640     0.0826          0    177.250 328.433626  1022.5398     10.479     -0.443  0.000e+00
     10.472    28.1930   5.674769    35.2173     2.6669     0.0978          0    177.500 328.433628  1022.5396     10.414     -0.436  0.000e+00
     10.364    28.1933   5.674799    35.2173     2.6769     0.0925          0    177.750 328.433631  1022.5391     10.307     -0.425  0.000e+00
     10.223    28.1939   5.674829    35.2171     2.6788     0.0948          0    178.000 328.433634  1022.5382     10.167     -0.443  0.000e+00
     10.191    28.1945   5.674845    35.2168     2.6845     0.0871          0    178.250 328.433637  1022.5376     10.135     -0.449  0.000e+00
     10.202    28.1948   5.674928    35.2171     2.6796     0.0429          0    178.500 328.433640  1022.5377     10.145     -0.401  0.000e+00
     10.148    28.1949   5.674959    35.2172     2.6814     0.0498          0    178.750 328.433643  1022.5376     10.092     -0.331  0.000e+00
      9.986    28.1954   5.674989    35.2171     2.6915     0.0475          0    179.000 328.433646  1022.5366      9.930     -0.298  0.000e+00
      9.856    28.1957   5.674989    35.2170     2.6929     0.0459          0    179.250 328.433649  1022.5359      9.801     -0.309  0.000e+00
      9.834    28.1959   5.675019    35.2170     2.6987     0.0566          0    179.500 328.433652  1022.5358      9.780     -0.306  0.000e+00
      9.780    28.1964   5.675118    35.2174     2.6992     0.0536          0    179.750 328.433655  1022.5356      9.726     -0.293  0.000e+00
      9.672    28.1971   5.675179    35.2173     2.7063     0.0597          0    180.000 328.433657  1022.5349      9.619     -0.298  0.000e+00
      9.477    28.1978   5.675308    35.2178     2.7161     0.0574          0    180.250 328.433660  1022.5342      9.425     -0.355  0.000e+00
      9.412    28.1985   5.675369    35.2177     2.7228     0.0688          0    180.500 328.433663  1022.5336      9.361     -0.391  0.000e+00
      9.402    28.1994   5.675468    35.2177     2.7273     0.0673          0    180.750 328.433666  1022.5332      9.350     -0.375  0.000e+00
      9.369    28.2006   5.675628    35.2179     2.7356     0.0704          0    181.000 328.433669  1022.5329      9.317     -0.332  0.000e+00
      9.239    28.2018   5.675795    35.2183     2.7445     0.0665          0    181.250 328.433672  1022.5322      9.188     -0.325  0.000e+00
      9.131    28.2032   5.675879    35.2178     2.7505     0.0726          0    181.500 328.433675  1022.5309      9.081     -0.341  0.000e+00
      9.110    28.2039   5.675939    35.2177     2.7527     0.0620          0    181.750 328.433678  1022.5305      9.060     -0.322  0.000e+00
      9.099    28.2047   5.676038    35.2178     2.7592     0.0566          0    182.000 328.433681  1022.5303      9.049     -0.275  0.000e+00
      9.056    28.2062   5.676259    35.2183     2.7638     0.0635          0    182.250 328.433683  1022.5300      9.006     -0.230  0.000e+00
      8.926    28.2080   5.676480    35.2185     2.7722     0.0604          0    182.500 328.433686  1022.5290      8.877     -0.244  0.000e+00
      8.850    28.2114   5.676989    35.2195     2.7770     0.0604          0    182.750 328.433689  1022.5283      8.801     -0.262  0.000e+00
      8.796    28.2146   5.677400    35.2201     2.7824     0.0658          0    183.000 328.433692  1022.5275      8.748     -0.262  0.000e+00
      8.710    28.2166   5.677400    35.2186     2.7967     0.0681          0    183.250 328.433695  1022.5253      8.662     -0.254  0.000e+00
      8.504    28.2183   5.677430    35.2176     2.8165     0.0719          0    183.500 328.433698  1022.5232      8.457     -0.301  0.000e+00
      8.364    28.2201   5.677658    35.2179     2.8377     0.0223          0    183.750 328.433701  1022.5221      8.318     -0.373  0.000e+00
      8.288    28.2214   5.677818    35.2181     2.8636     0.0246          0    184.000 328.433704  1022.5215      8.242     -0.420  0.000e+00
      8.212    28.2222   5.677780    35.2172     2.8995     0.0177          0    184.250 328.433707  1022.5203      8.167     -0.437  0.000e+00
      8.072    28.2232   5.677879    35.2172     2.9481     0.0208          0    184.500 328.433709  1022.5194      8.027     -0.446  0.000e+00
      7.920    28.2238   5.678039    35.2179     2.9924     0.0391          0    184.750 328.433712  1022.5190      7.877     -0.474  0.000e+00
      7.866    28.2256   5.678290    35.2184     3.0410     0.0452          0    185.000 328.433715  1022.5186      7.823     -0.474  0.000e+00
      7.845    28.2270   5.678480    35.2187     3.0852     0.0459          0    185.250 328.433718  1022.5183      7.802     -0.432  0.000e+00
      7.737    28.2281   5.678609    35.2187     3.1440     0.0452          0    185.500 328.433721  1022.5175      7.694     -0.384  0.000e+00
      7.542    28.2296   5.678738    35.2186     3.1945     0.0459          0    185.750 328.433724  1022.5160      7.500     -0.392  0.000e+00
      7.434    28.2313   5.678959    35.2189     3.2401     0.0299          0    186.000 328.433727  1022.5153      7.393     -0.412  0.000e+00
      7.401    28.2327   5.679088    35.2188     3.2755     0.0368          0    186.250 328.433730  1022.5145      7.361     -0.403  0.000e+00
      7.315    28.2337   5.679119    35.2183     3.3088     0.0315          0    186.500 328.433733  1022.5135      7.275     -0.384  0.000e+00
      7.174    28.2341   5.679119    35.2180     3.3481     0.0299          0    186.750 328.433736  1022.5126      7.135     -0.389  0.000e+00
      7.055    28.2347   5.679180    35.2180     3.3798     0.0582          0    187.000 328.433738  1022.5119      7.016     -0.416  0.000e+00
      7.034    28.2352   5.679210    35.2179     3.3988     0.0528          0    187.250 328.433741  1022.5115      6.995     -0.409  0.000e+00
      7.023    28.2354   5.679278    35.2182     3.4180     0.0543          0    187.500 328.433744  1022.5116      6.984     -0.358  0.000e+00
      6.904    28.2357   5.679309    35.2183     3.4439     0.0589          0    187.750 328.433747  1022.5111      6.866     -0.319  0.000e+00
      6.709    28.2362   5.679370    35.2183     3.4664     0.0521          0    188.000 328.433750  1022.5101      6.672     -0.341  0.000e+00
      6.601    28.2369   5.679468    35.2185     3.4763     0.0604          0    188.250 328.433753  1022.5095      6.565     -0.373  0.000e+00
      6.590    28.2374   5.679529    35.2186     3.4745     0.0559          0    188.500 328.433756  1022.5094      6.554     -0.363  0.000e+00
      6.493    28.2377   5.679560    35.2186     3.4776     0.0589          0    188.750 328.433759  1022.5089      6.457     -0.353  0.000e+00
      6.363    28.2379   5.679529    35.2183     3.4755     0.0063          0    189.000 328.433762  1022.5080      6.328     -0.370  0.000e+00
      6.255    28.2381   5.679590    35.2186     3.4691     0.0086          0    189.250 328.433764  1022.5077      6.221     -0.402  0.000e+00
      6.212    28.2385   5.679620    35.2185     3.4572     0.0009          0    189.500 328.433767  1022.5074      6.178     -0.399  0.000e+00
      6.180    28.2390   5.679666    35.2185     3.4424     0.0109          0    189.750 328.433770  1022.5070      6.146     -0.354  0.000e+00
      6.082    28.2402   5.679849    35.2189     3.4387     0.0055          0    190.000 328.433773  1022.5066      6.049     -0.318  0.000e+00
      5.909    28.2410   5.679909    35.2188     3.4432     0.0643          0    190.250 328.433776  1022.5054      5.877     -0.338  0.000e+00
      5.790    28.2419   5.680039    35.2190     3.4368     0.0559          0    190.500 328.433779  1022.5048      5.758     -0.373  0.000e+00
      5.779    28.2433   5.680229    35.2193     3.4304     0.0589          0    190.750 328.433782  1022.5046      5.748     -0.360  0.000e+00
      5.747    28.2448   5.680389    35.2193     3.4291     0.0597          0    191.000 328.433785  1022.5039      5.715     -0.334  0.000e+00
      5.585    28.2466   5.680549    35.2192     3.4349     0.0162          0    191.250 328.433788  1022.5025      5.554     -0.345  0.000e+00
      5.520    28.2486   5.680739    35.2191     3.4337     0.0177          0    191.500 328.433791  1022.5015      5.490     -0.357  0.000e+00
      5.498    28.2499   5.680899    35.2192     3.4338     0.0276          0    191.750 328.433793  1022.5010      5.468     -0.340  0.000e+00
      5.498    28.2512   5.680990    35.2188     3.4293     0.0162          0    192.000 328.433796  1022.5004      5.468     -0.287  0.000e+00
      5.444    28.2526   5.681089    35.2185     3.4362     0.0490          0    192.250 328.433799  1022.4995      5.414     -0.235  0.000e+00
      5.250    28.2537   5.681256    35.2189     3.4452     0.0482          0    192.500 328.433802  1022.4985      5.221     -0.250  0.000e+00
      5.152    28.2551   5.681370    35.2187     3.4525     0.0490          0    192.750 328.433805  1022.4975      5.124     -0.287  0.000e+00
      5.131    28.2564   5.681469    35.2184     3.4514     0.0429          0    193.000 328.433808  1022.4968      5.102     -0.291  0.000e+00
      5.076    28.2577   5.681591    35.2184     3.4558     0.0231          0    193.250 328.433811  1022.4961      5.049     -0.276  0.000e+00
      4.947    28.2589   5.681720    35.2184     3.4661     0.0246          0    193.500 328.433814  1022.4951      4.920     -0.306  0.000e+00
      4.763    28.2604   5.681910    35.2186     3.4755     0.0215          0    193.750 328.433817  1022.4940      4.737     -0.363  0.000e+00
      4.677    28.2619   5.682070    35.2187     3.4775     0.0261          0    194.000 328.433819  1022.4932      4.651     -0.401  0.000e+00
