ctd_kilwa/cnv/SBE19plus_01906740_2018_11_26_0066.cnv
* Sea-Bird SBE19plus  Data File:
* FileName = C:\Users\all user\Desktop\Mapping WWF\SBE19plus_01906740_2018_11_26_0066.hex
* Software version 2.6.3.104
* Temperature SN = 6740
* Conductivity SN = 6740
* System UpLoad Time = Nov 26 2018 19:59:33
* <ApplicationData>
* <Seaterm232>
# nquan = 13
# nvalues = 663                                   
# units = specified
# name 0 = prdM: Pressure, Strain Gauge [db]
# name 1 = tv290C: Temperature [ITS-90, deg C]
# name 2 = c0S/m: Conductivity [S/m]
# name 3 = sal00: Salinity, Practical [PSU]
# name 4 = sbeox0ML/L: Oxygen, SBE 43 [ml/l]
# name 5 = flECO-AFL: Fluorescence, WET Labs ECO-AFL/FL [mg/m^3]
# name 6 = nbf: Bottles Fired
# name 7 = timeS: Time, Elapsed [seconds]
# name 8 = timeJ: Julian Days
# name 9 = density00: Density [density, kg/m^3]
# name 10 = depSM: Depth [salt water, m], lat = 0.00
# name 11 = dz/dtM: Descent Rate [m/s]
# name 12 = flag:  0.000e+00
# span 0 =     -1.058,      8.014                 
# span 1 =    28.6199,    30.0183                 
# span 2 =   0.302565,   5.776728                 
# span 3 =     1.4179,    35.4685                 
# span 4 =     1.9294,     4.4536                 
# span 5 =    -0.4408,     0.5380                 
# span 6 =          0,          0                 
# span 7 =      0.000,    165.500                 
# span 8 = 329.579954, 329.581869                 
# span 9 =   996.7051,  1022.4839                 
# span 10 =     -1.052,      7.970                
# span 11 =     -0.531,      0.578                
# span 12 = 0.0000e+00, 0.0000e+00                
# interval = seconds: 0.25
# start_time = Nov 25 2018 13:55:08 [Instrument's time stamp, header]
# bad_flag = -9.990e-29
*END*
[from data line 223]
     -0.073    28.7726   5.750855    35.3186     2.0436     0.0299          0     55.750 329.580599  1022.3789     -0.073      0.019  0.000e+00
     -0.095    28.7730   5.749723    35.3105     2.0436     0.0368          0     56.000 329.580602  1022.3726     -0.095      0.016  0.000e+00
     -0.106    28.7725   5.749401    35.3086     2.0342     0.0177          0     56.250 329.580605  1022.3713     -0.105      0.007  0.000e+00
     -0.106    28.7713   5.749570    35.3107     2.0282     0.0215          0     56.500 329.580608  1022.3732     -0.105     -0.003  0.000e+00
     -0.084    28.7707   5.749462    35.3105     2.0222     0.0177          0     56.750 329.580611  1022.3734     -0.084     -0.001  0.000e+00
     -0.117    28.7702   5.749401    35.3104     2.0023     0.0177          0     57.000 329.580613  1022.3734     -0.116     -0.008  0.000e+00
     -0.095    28.7699   5.749111    35.3086     1.9795     0.0330          0     57.250 329.580616  1022.3722     -0.095     -0.008  0.000e+00
     -0.128    28.7696   5.748789    35.3066     2.0071     0.0337          0     57.500 329.580619  1022.3707     -0.127     -0.020  0.000e+00
     -0.128    28.7688   5.748919    35.3081     1.9709     0.0315          0     57.750 329.580622  1022.3721     -0.127     -0.020  0.000e+00
     -0.128    28.7684   5.749210    35.3104     2.0186     0.0276          0     58.000 329.580625  1022.3739     -0.127     -0.017  0.000e+00
     -0.128    28.7679   5.750212    35.3177     2.0284     0.0368          0     58.250 329.580628  1022.3796     -0.127     -0.017  0.000e+00
     -0.106    28.7685   5.750534    35.3195     1.9951     0.0276          0     58.500 329.580631  1022.3808     -0.106     -0.012  0.000e+00
     -0.117    28.7696   5.750465    35.3182     1.9777     0.0276          0     58.750 329.580634  1022.3795     -0.116     -0.011  0.000e+00
     -0.128    28.7706   5.750044    35.3146     1.9740     0.0353          0     59.000 329.580637  1022.3763     -0.127     -0.004  0.000e+00
     -0.127    28.7712   5.749822    35.3125     1.9878     0.0292          0     59.250 329.580639  1022.3746     -0.127     -0.006  0.000e+00
     -0.106    28.7716   5.749791    35.3120     2.0048     0.0032          0     59.500 329.580642  1022.3741     -0.105      0.007  0.000e+00
     -0.106    28.7717   5.749439    35.3095     2.0198     0.0063          0     59.750 329.580645  1022.3722     -0.105      0.009  0.000e+00
     -0.095    28.7717   5.748980    35.3063     2.0101     0.0101          0     60.000 329.580648  1022.3699     -0.095      0.013  0.000e+00
     -0.095    28.7712   5.749432    35.3098     1.9890     0.0078          0     60.250 329.580651  1022.3727     -0.094      0.014  0.000e+00
     -0.127    28.7708   5.749922    35.3136     1.9674     0.0215          0     60.500 329.580654  1022.3755     -0.127      0.005  0.000e+00
     -0.127    28.7711   5.750404    35.3167     1.9657     0.0223          0     60.750 329.580657  1022.3778     -0.127      0.002  0.000e+00
     -0.170    28.7716   5.749141    35.3075     1.9437     0.0200          0     61.000 329.580660  1022.3705     -0.170     -0.014  0.000e+00
     -0.116    28.7713   5.741439    35.2544     1.9539     0.0223          0     61.250 329.580663  1022.3309     -0.116     -0.015  0.000e+00
     -0.073    28.7658   5.736958    35.2275     1.9294     0.0185          0     61.500 329.580666  1022.3127     -0.073     -0.006  0.000e+00
     -0.030    28.7636   5.735674    35.2202     1.9623     0.0223          0     61.750 329.580668  1022.3082     -0.030      0.019  0.000e+00
     -0.019    28.7600   5.735277    35.2201     1.9598     0.0200          0     62.000 329.580671  1022.3093     -0.019      0.041  0.000e+00
     -0.008    28.7560   5.735193    35.2225     1.9663     0.0208          0     62.250 329.580674  1022.3125     -0.008      0.064  0.000e+00
     -0.019    28.7533   5.735094    35.2238     1.9690     0.0322          0     62.500 329.580677  1022.3143     -0.019      0.079  0.000e+00
     -0.019    28.7511   5.734964    35.2246     1.9306     0.0345          0     62.750 329.580680  1022.3157     -0.019      0.077  0.000e+00
      0.046    28.7494   5.734903    35.2254     1.9489     0.0337          0     63.000 329.580683  1022.3171      0.045      0.086  0.000e+00
      0.121    28.7483   5.734758    35.2252     1.9802     0.0360          0     63.250 329.580686  1022.3176      0.121      0.089  0.000e+00
      0.186    28.7472   5.734773    35.2261     2.0044     0.0299          0     63.500 329.580689  1022.3190      0.185      0.107  0.000e+00
      0.219    28.7439   5.733971    35.2229     2.0244     0.0139          0     63.750 329.580692  1022.3178      0.217      0.129  0.000e+00
      0.230    28.7386   5.733260    35.2219     2.1002     0.0086          0     64.000 329.580694  1022.3189      0.228      0.148  0.000e+00
      0.230    28.7333   5.732710    35.2221     2.1347     0.0086          0     64.250 329.580697  1022.3208      0.228      0.154  0.000e+00
      0.219    28.7287   5.732313    35.2227     2.1569     0.0063          0     64.500 329.580700  1022.3227      0.218      0.144  0.000e+00
      0.197    28.7248   5.732068    35.2239     2.2018     0.0368          0     64.750 329.580703  1022.3248      0.196      0.110  0.000e+00
      0.251    28.7222   5.732099    35.2260     2.2048     0.0337          0     65.000 329.580706  1022.3275      0.250      0.075  0.000e+00
      0.294    28.7213   5.732229    35.2275     2.2170     0.0353          0     65.250 329.580709  1022.3291      0.293      0.056  0.000e+00
      0.349    28.7213   5.732259    35.2277     2.2487     0.0337          0     65.500 329.580712  1022.3295      0.347      0.059  0.000e+00
      0.370    28.7211   5.732190    35.2274     2.2468    -0.0044          0     65.750 329.580715  1022.3294      0.368      0.075  0.000e+00
      0.370    28.7206   5.731938    35.2260     2.2885     0.0009          0     66.000 329.580718  1022.3285      0.368      0.089  0.000e+00
      0.370    28.7182   5.731396    35.2241     2.3027    -0.0029          0     66.250 329.580720  1022.3279      0.368      0.097  0.000e+00
      0.381    28.7170   5.731396    35.2250     2.3290    -0.0021          0     66.500 329.580723  1022.3290      0.379      0.099  0.000e+00
      0.402    28.7166   5.731457    35.2257     2.3477     0.0047          0     66.750 329.580726  1022.3298      0.400      0.092  0.000e+00
      0.467    28.7165   5.731358    35.2251     2.3432     0.0040          0     67.000 329.580729  1022.3296      0.465      0.084  0.000e+00
      0.521    28.7160   5.731297    35.2250     2.3574     0.0086          0     67.250 329.580732  1022.3300      0.518      0.089  0.000e+00
      0.565    28.7172   5.731618    35.2263     2.3646     0.0139          0     67.500 329.580735  1022.3307      0.561      0.103  0.000e+00
      0.554    28.7206   5.732298    35.2285     2.3907     0.0086          0     67.750 329.580738  1022.3312      0.551      0.114  0.000e+00
      0.564    28.7236   5.732649    35.2287     2.3864     0.0444          0     68.000 329.580741  1022.3304      0.561      0.121  0.000e+00
      0.564    28.7264   5.732748    35.2273     2.3713     0.0490          0     68.250 329.580744  1022.3284      0.561      0.115  0.000e+00
      0.564    28.7292   5.732871    35.2261     2.4054     0.0421          0     68.500 329.580747  1022.3266      0.561      0.096  0.000e+00
      0.586    28.7315   5.732939    35.2249     2.4154     0.0429          0     68.750 329.580749  1022.3250      0.583      0.074  0.000e+00
      0.608    28.7328   5.733000    35.2243     2.3997     0.0215          0     69.000 329.580752  1022.3243      0.604      0.051  0.000e+00
      0.629    28.7334   5.732871    35.2230     2.3922     0.0162          0     69.250 329.580755  1022.3231      0.626      0.042  0.000e+00
      0.651    28.7327   5.732779    35.2229     2.3826     0.0246          0     69.500 329.580758  1022.3234      0.647      0.045  0.000e+00
      0.662    28.7313   5.732550    35.2223     2.3729     0.0284          0     69.750 329.580761  1022.3235      0.658      0.058  0.000e+00
      0.651    28.7286   5.732099    35.2212     2.3790     0.0315          0     70.000 329.580764  1022.3234      0.647      0.057  0.000e+00
      0.640    28.7241   5.731396    35.2196     2.4019     0.0360          0     70.250 329.580767  1022.3237      0.637      0.050  0.000e+00
      0.629    28.7199   5.730884    35.2192     2.4088     0.0406          0     70.500 329.580770  1022.3248      0.626      0.036  0.000e+00
      0.651    28.7168   5.730770    35.2207     2.4053     0.0269          0     70.750 329.580773  1022.3270      0.648      0.023  0.000e+00
      0.705    28.7155   5.730884    35.2224     2.4177     0.0482          0     71.000 329.580775  1022.3290      0.701      0.026  0.000e+00
      0.738    28.7154   5.731136    35.2243     2.4245     0.0421          0     71.250 329.580778  1022.3305      0.734      0.037  0.000e+00
      0.749    28.7146   5.730846    35.2228     2.4492     0.0429          0     71.500 329.580781  1022.3298      0.744      0.049  0.000e+00
      0.781    28.7121   5.730334    35.2211     2.4383     0.0459          0     71.750 329.580784  1022.3294      0.777      0.069  0.000e+00
      0.792    28.7094   5.730029    35.2210     2.4472     0.0459          0     72.000 329.580787  1022.3303      0.787      0.087  0.000e+00
      0.824    28.7073   5.729914    35.2217     2.4436     0.0307          0     72.250 329.580790  1022.3317      0.820      0.102  0.000e+00
      0.889    28.7044   5.729532    35.2213     2.4391     0.0315          0     72.500 329.580793  1022.3326      0.884      0.118  0.000e+00
      0.932    28.7002   5.728860    35.2197     2.4530     0.0406          0     72.750 329.580796  1022.3330      0.927      0.126  0.000e+00
      0.986    28.6943   5.728020    35.2182     2.4513     0.0360          0     73.000 329.580799  1022.3340      0.981      0.135  0.000e+00
      1.019    28.6880   5.727279    35.2177     2.4732     0.0315          0     73.250 329.580802  1022.3359      1.013      0.149  0.000e+00
      1.051    28.6827   5.726928    35.2192     2.4665     0.0299          0     73.500 329.580804  1022.3389      1.045      0.161  0.000e+00
      1.051    28.6779   5.726676    35.2210     2.4746     0.0292          0     73.750 329.580807  1022.3419      1.045      0.156  0.000e+00
      1.040    28.6739   5.726355    35.2218     2.4725     0.0322          0     74.000 329.580810  1022.3437      1.035      0.139  0.000e+00
      0.997    28.6705   5.726195    35.2232     2.4691     0.0475          0     74.250 329.580813  1022.3457      0.992      0.097  0.000e+00
      0.997    28.6689   5.726157    35.2241     2.4798     0.0505          0     74.500 329.580816  1022.3469      0.992      0.051  0.000e+00
      1.019    28.6688   5.726347    35.2255     2.4846     0.0513          0     74.750 329.580819  1022.3481      1.013      0.022  0.000e+00
      1.062    28.6700   5.726607    35.2264     2.4871     0.0429          0     75.000 329.580822  1022.3486      1.056      0.009  0.000e+00
      1.094    28.6718   5.726867    35.2268     2.4996     0.0215          0     75.250 329.580825  1022.3485      1.088      0.015  0.000e+00
      1.148    28.6732   5.726867    35.2258     2.5160     0.0200          0     75.500 329.580828  1022.3475      1.142      0.039  0.000e+00
      1.213    28.6709   5.726195    35.2228     2.4603     0.0200          0     75.750 329.580830  1022.3463      1.207      0.082  0.000e+00
      1.235    28.6672   5.725423    35.2202     2.4441     0.0147          0     76.000 329.580833  1022.3457      1.228      0.120  0.000e+00
      1.235    28.6635   5.724973    35.2198     2.4598     0.0177          0     76.250 329.580836  1022.3466      1.228      0.143  0.000e+00
      1.267    28.6597   5.724713    35.2208     2.4590     0.0330          0     76.500 329.580839  1022.3487      1.261      0.146  0.000e+00
      1.311    28.6571   5.724522    35.2214     2.4859     0.0292          0     76.750 329.580842  1022.3502      1.304      0.144  0.000e+00
      1.343    28.6559   5.724553    35.2225     2.4832     0.0315          0     77.000 329.580845  1022.3516      1.336      0.136  0.000e+00
      1.365    28.6553   5.724652    35.2237     2.4981     0.0368          0     77.250 329.580848  1022.3528      1.357      0.126  0.000e+00
      1.451    28.6553   5.724683    35.2239     2.4949     0.0414          0     77.500 329.580851  1022.3533      1.443      0.131  0.000e+00
      1.505    28.6552   5.724492    35.2226     2.4989     0.0414          0     77.750 329.580854  1022.3526      1.497      0.144  0.000e+00
      1.559    28.6553   5.724454    35.2222     2.5043     0.0444          0     78.000 329.580856  1022.3525      1.551      0.169  0.000e+00
      1.581    28.6557   5.724423    35.2217     2.5363     0.0421          0     78.250 329.580859  1022.3521      1.572      0.184  0.000e+00
      1.603    28.6556   5.724393    35.2216     2.5382     0.0429          0     78.500 329.580862  1022.3521      1.594      0.182  0.000e+00
      1.668    28.6546   5.724286    35.2216     2.5408     0.0467          0     78.750 329.580865  1022.3527      1.658      0.183  0.000e+00
      1.732    28.6541   5.724332    35.2222     2.5406     0.0490          0     79.000 329.580868  1022.3536      1.723      0.190  0.000e+00
      1.754    28.6540   5.724492    35.2234     2.5347     0.0475          0     79.250 329.580871  1022.3546      1.744      0.185  0.000e+00
      1.722    28.6535   5.724393    35.2231     2.5590     0.0276          0     79.500 329.580874  1022.3544      1.712      0.151  0.000e+00
      1.624    28.6523   5.724133    35.2222     2.5734     0.0284          0     79.750 329.580877  1022.3537      1.615      0.096  0.000e+00
      1.581    28.6513   5.724072    35.2225     2.5707     0.0223          0     80.000 329.580880  1022.3541      1.572      0.036  0.000e+00
      1.592    28.6511   5.724187    35.2235     2.5418     0.0154          0     80.250 329.580883  1022.3550      1.583     -0.008  0.000e+00
      1.657    28.6517   5.724423    35.2246     2.5207     0.0238          0     80.500 329.580885  1022.3559      1.648     -0.030  0.000e+00
      1.733    28.6530   5.724553    35.2246     2.4996     0.0589          0     80.750 329.580888  1022.3558      1.723     -0.029  0.000e+00
      1.733    28.6541   5.724683    35.2247     2.5028     0.0604          0     81.000 329.580891  1022.3555      1.723     -0.015  0.000e+00
      1.732    28.6549   5.724683    35.2241     2.5028     0.0589          0     81.250 329.580894  1022.3548      1.723      0.016  0.000e+00
      1.689    28.6555   5.724714    35.2239     2.4916     0.0551          0     81.500 329.580897  1022.3542      1.680      0.043  0.000e+00
      1.700    28.6558   5.724744    35.2238     2.5122     0.0398          0     81.750 329.580900  1022.3542      1.691      0.066  0.000e+00
      1.700    28.6561   5.724744    35.2235     2.5085     0.0505          0     82.000 329.580903  1022.3538      1.691      0.058  0.000e+00
      1.721    28.6567   5.724782    35.2234     2.5070     0.0376          0     82.250 329.580906  1022.3536      1.712      0.036  0.000e+00
      1.732    28.6574   5.724843    35.2233     2.5095     0.0475          0     82.500 329.580909  1022.3533      1.723      0.011  0.000e+00
      1.700    28.6574   5.724744    35.2226     2.5069     0.0063          0     82.750 329.580911  1022.3527      1.690     -0.010  0.000e+00
      1.678    28.6560   5.724500    35.2220     2.4980     0.0032          0     83.000 329.580914  1022.3526      1.669     -0.014  0.000e+00
