ctd_kilwa/cnv/SBE19plus_01906740_2018_11_26_0070.cnv
* Sea-Bird SBE19plus  Data File:
* FileName = C:\Users\all user\Desktop\Mapping WWF\SBE19plus_01906740_2018_11_26_0070.hex
* Software version 2.6.3.104
* Temperature SN = 6740
* Conductivity SN = 6740
* System UpLoad Time = Nov 26 2018 20:00:31
* <ApplicationData>
* <Seaterm232>
# nquan = 13
# nvalues = 678                                   
# units = specified
# name 0 = prdM: Pressure, Strain Gauge [db]
# name 1 = tv290C: Temperature [ITS-90, deg C]
# name 2 = c0S/m: Conductivity [S/m]
# name 3 = sal00: Salinity, Practical [PSU]
# name 4 = sbeox0ML/L: Oxygen, SBE 43 [ml/l]
# name 5 = flECO-AFL: Fluorescence, WET Labs ECO-AFL/FL [mg/m^3]
# name 6 = nbf: Bottles Fired
# name 7 = timeS: Time, Elapsed [seconds]
# name 8 = timeJ: Julian Days
# name 9 = density00: Density [density, kg/m^3]
# name 10 = depSM: Depth [salt water, m], lat = 0.00
# name 11 = dz/dtM: Descent Rate [m/s]
# name 12 = flag:  0.000e+00
# span 0 =     -1.066,     20.600                 
# span 1 =    28.6345,    29.4880                 
# span 2 =   0.550014,   5.800192                 
# span 3 =     2.7162,    35.2750                 
# span 4 =     2.2731,     6.0877                 
# span 5 =    -0.4156,     2.2539                 
# span 6 =          0,          0                 
# span 7 =      0.000,    169.250                 
# span 8 = 329.622789, 329.624748                 
# span 9 =   997.9163,  1022.4488                 
# span 10 =     -1.060,     20.486                
# span 11 =     -1.003,      0.563                
# span 12 = 0.0000e+00, 0.0000e+00                
# interval = seconds: 0.25
# start_time = Nov 25 2018 14:56:49 [Instrument's time stamp, header]
# bad_flag = -9.990e-29
*END*
[from data line 445]
     20.459    28.6370   5.725076    35.2345     3.0682     0.0665          0    111.250 329.624077  1022.4487     20.346      0.027  0.000e+00
     20.481    28.6374   5.725076    35.2342     3.0947     0.0719          0    111.500 329.624080  1022.4484     20.368      0.012  0.000e+00
     20.492    28.6377   5.725076    35.2340     3.0863     0.0765          0    111.750 329.624083  1022.4482     20.378      0.009  0.000e+00
     20.481    28.6378   5.725114    35.2342     3.0943     0.0665          0    112.000 329.624086  1022.4482     20.368      0.009  0.000e+00
     20.492    28.6379   5.725114    35.2341     3.1065     0.0734          0    112.250 329.624089  1022.4482     20.378      0.014  0.000e+00
     20.503    28.6383   5.725129    35.2339     3.0892     0.0803          0    112.500 329.624091  1022.4480     20.389      0.020  0.000e+00
     20.546    28.6380   5.725175    35.2344     3.0831     0.0833          0    112.750 329.624094  1022.4486     20.432      0.036  0.000e+00
     20.557    28.6385   5.725175    35.2341     3.0795     0.0803          0    113.000 329.624097  1022.4482     20.443      0.046  0.000e+00
     20.557    28.6386   5.725175    35.2340     3.0921     0.0734          0    113.250 329.624100  1022.4482     20.443      0.050  0.000e+00
     20.589    28.6390   5.725045    35.2328     3.0895     0.0772          0    113.500 329.624103  1022.4473     20.475      0.055  0.000e+00
     20.578    28.6396   5.724999    35.2320     3.0906     0.0864          0    113.750 329.624106  1022.4464     20.464      0.057  0.000e+00
     20.578    28.6398   5.725015    35.2320     3.0814     0.0864          0    114.000 329.624109  1022.4464     20.464      0.055  0.000e+00
     20.578    28.6398   5.724953    35.2316     3.0802     0.0818          0    114.250 329.624112  1022.4460     20.464      0.045  0.000e+00
     20.600    28.6395   5.725015    35.2322     3.0745     0.0818          0    114.500 329.624115  1022.4467     20.486      0.037  0.000e+00
     20.589    28.6391   5.725045    35.2327     3.0695     0.1093          0    114.750 329.624117  1022.4472     20.475      0.022  0.000e+00
     20.557    28.6386   5.725037    35.2330     3.0711     0.1093          0    115.000 329.624120  1022.4474     20.443      0.008  0.000e+00
     20.546    28.6382   5.725076    35.2336     3.0788     0.1032          0    115.250 329.624123  1022.4479     20.432     -0.006  0.000e+00
     20.546    28.6381   5.725076    35.2337     3.0802     0.1047          0    115.500 329.624126  1022.4480     20.432     -0.020  0.000e+00
     20.546    28.6380   5.725045    35.2335     3.0841     0.1520          0    115.750 329.624129  1022.4480     20.432     -0.022  0.000e+00
     20.546    28.6381   5.725076    35.2337     3.0720     0.1550          0    116.000 329.624132  1022.4480     20.432     -0.025  0.000e+00
     20.535    28.6382   5.725076    35.2336     3.0740     0.1520          0    116.250 329.624135  1022.4479     20.421     -0.029  0.000e+00
     20.524    28.6384   5.725129    35.2338     3.0696     0.1528          0    116.500 329.624138  1022.4480     20.411     -0.033  0.000e+00
     20.535    28.6382   5.725114    35.2339     3.0632     0.1978          0    116.750 329.624141  1022.4481     20.421     -0.022  0.000e+00
     20.535    28.6385   5.725114    35.2336     3.0654     0.2046          0    117.000 329.624144  1022.4478     20.421     -0.012  0.000e+00
     20.535    28.6383   5.725076    35.2335     3.0639     0.1962          0    117.250 329.624146  1022.4478     20.421     -0.008  0.000e+00
     20.535    28.6383   5.725076    35.2335     3.0801     0.1962          0    117.500 329.624149  1022.4478     20.421     -0.007  0.000e+00
     20.524    28.6387   5.725099    35.2334     3.0818     0.1970          0    117.750 329.624152  1022.4475     20.411     -0.007  0.000e+00
     20.503    28.6384   5.725045    35.2333     3.0811     0.8089          0    118.000 329.624155  1022.4474     20.389     -0.012  0.000e+00
     20.492    28.6383   5.725014    35.2331     3.0662     0.8058          0    118.250 329.624158  1022.4473     20.378     -0.017  0.000e+00
     20.503    28.6382   5.724915    35.2325     3.0718     0.8127          0    118.500 329.624161  1022.4469     20.389     -0.019  0.000e+00
     20.481    28.6376   5.724915    35.2329     3.0720     0.8097          0    118.750 329.624164  1022.4474     20.368     -0.029  0.000e+00
     20.481    28.6372   5.724885    35.2330     3.0547     0.0681          0    119.000 329.624167  1022.4476     20.368     -0.032  0.000e+00
     20.481    28.6371   5.724908    35.2333     3.0609     0.0681          0    119.250 329.624170  1022.4478     20.368     -0.031  0.000e+00
     20.481    28.6369   5.724885    35.2333     3.0639     0.0726          0    119.500 329.624172  1022.4478     20.368     -0.027  0.000e+00
     20.460    28.6369   5.724885    35.2333     3.0503     0.0711          0    119.750 329.624175  1022.4477     20.346     -0.024  0.000e+00
     20.438    28.6369   5.724885    35.2333     3.0566     0.0810          0    120.000 329.624178  1022.4477     20.325     -0.027  0.000e+00
     20.395    28.6369   5.724885    35.2333     3.0712     0.0833          0    120.250 329.624181  1022.4475     20.282     -0.042  0.000e+00
     20.319    28.6370   5.724907    35.2334     3.0544     0.0772          0    120.500 329.624184  1022.4472     20.206     -0.073  0.000e+00
     20.233    28.6372   5.724953    35.2336     3.0395     0.0780          0    120.750 329.624187  1022.4469     20.120     -0.113  0.000e+00
     20.125    28.6383   5.725075    35.2337     3.0360     0.0505          0    121.000 329.624190  1022.4461     20.013     -0.171  0.000e+00
     20.006    28.6396   5.725175    35.2334     3.0073     0.0574          0    121.250 329.624193  1022.4450     19.895     -0.236  0.000e+00
     19.963    28.6404   5.725236    35.2333     3.0006     0.0559          0    121.500 329.624196  1022.4445     19.852     -0.282  0.000e+00
     20.016    28.6410   5.725175    35.2324     3.0169     0.0536          0    121.750 329.624198  1022.4438     19.906     -0.278  0.000e+00
     20.092    28.6409   5.725129    35.2321     3.0029     0.0543          0    122.000 329.624201  1022.4440     19.981     -0.231  0.000e+00
     20.179    28.6403   5.725045    35.2320     2.9884     0.0467          0    122.250 329.624204  1022.4444     20.067     -0.143  0.000e+00
     20.222    28.6395   5.724953    35.2319     2.9740     0.0444          0    122.500 329.624207  1022.4448     20.110     -0.040  0.000e+00
     20.276    28.6387   5.724885    35.2320     2.9582     0.0444          0    122.750 329.624210  1022.4454     20.163      0.063  0.000e+00
     20.297    28.6380   5.724915    35.2327     2.9586     0.0444          0    123.000 329.624213  1022.4463     20.185      0.145  0.000e+00
     20.308    28.6378   5.724938    35.2330     2.9441     0.0658          0    123.250 329.624216  1022.4466     20.195      0.191  0.000e+00
     20.384    28.6375   5.724885    35.2328     2.9459     0.0726          0    123.500 329.624219  1022.4469     20.271      0.204  0.000e+00
     20.416    28.6376   5.724885    35.2328     2.9403     0.0711          0    123.750 329.624222  1022.4470     20.303      0.187  0.000e+00
     20.459    28.6374   5.724915    35.2331     2.9570     0.0749          0    124.000 329.624225  1022.4475     20.346      0.169  0.000e+00
     20.427    28.6376   5.724953    35.2332     2.9599     0.0452          0    124.250 329.624227  1022.4474     20.314      0.138  0.000e+00
     20.448    28.6377   5.724953    35.2331     2.9805     0.0429          0    124.500 329.624230  1022.4474     20.335      0.119  0.000e+00
     20.438    28.6378   5.724999    35.2334     2.9890     0.0452          0    124.750 329.624233  1022.4475     20.324      0.094  0.000e+00
     20.405    28.6381   5.725014    35.2333     3.0034     0.0459          0    125.000 329.624236  1022.4471     20.292      0.064  0.000e+00
     20.351    28.6383   5.725014    35.2332     3.0054     0.0673          0    125.250 329.624239  1022.4468     20.238      0.018  0.000e+00
     20.286    28.6387   5.725014    35.2329     3.0111     0.0711          0    125.500 329.624242  1022.4461     20.174     -0.045  0.000e+00
     20.254    28.6388   5.725045    35.2330     3.0057     0.0726          0    125.750 329.624245  1022.4461     20.142     -0.091  0.000e+00
     20.297    28.6388   5.725068    35.2332     3.0021     0.0658          0    126.000 329.624248  1022.4464     20.185     -0.105  0.000e+00
     20.416    28.6390   5.725144    35.2335     2.9988     0.0620          0    126.250 329.624251  1022.4471     20.303     -0.066  0.000e+00
     20.481    28.6393   5.725114    35.2331     2.9822     0.0810          0    126.500 329.624253  1022.4469     20.367     -0.017  0.000e+00
     20.438    28.6390   5.724984    35.2324     2.9918     0.0833          0    126.750 329.624256  1022.4463     20.325      0.025  0.000e+00
     20.362    28.6388   5.724915    35.2321     3.0009     0.0749          0    127.000 329.624259  1022.4458     20.249      0.043  0.000e+00
     20.179    28.6387   5.724823    35.2316     3.0067     0.0849          0    127.250 329.624262  1022.4447     20.067      0.006  0.000e+00
     20.016    28.6386   5.724816    35.2317     3.0121     0.0566          0    127.500 329.624265  1022.4441     19.905     -0.077  0.000e+00
     19.833    28.6386   5.724884    35.2322     3.0040     0.0528          0    127.750 329.624268  1022.4437     19.723     -0.208  0.000e+00
     19.735    28.6386   5.724953    35.2327     2.9870     0.0643          0    128.000 329.624271  1022.4437     19.626     -0.346  0.000e+00
     19.714    28.6386   5.724984    35.2329     2.9786     0.0604          0    128.250 329.624274  1022.4437     19.604     -0.440  0.000e+00
     19.822    28.6385   5.724984    35.2330     2.9584     0.0551          0    128.500 329.624277  1022.4443     19.712     -0.427  0.000e+00
     19.897    28.6385   5.724999    35.2330     2.9363     0.0536          0    128.750 329.624280  1022.4447     19.787     -0.333  0.000e+00
     19.930    28.6382   5.724953    35.2329     2.9239     0.0574          0    129.000 329.624282  1022.4448     19.819     -0.205  0.000e+00
     19.973    28.6379   5.724915    35.2329     2.9324     0.0559          0    129.250 329.624285  1022.4451     19.862     -0.058  0.000e+00
     20.006    28.6377   5.724854    35.2326     2.9366     0.0536          0    129.500 329.624288  1022.4450     19.895      0.063  0.000e+00
     20.016    28.6375   5.724823    35.2325     2.9369     0.0643          0    129.750 329.624291  1022.4451     19.906      0.145  0.000e+00
     20.060    28.6374   5.724854    35.2328     2.9442     0.0513          0    130.000 329.624294  1022.4455     19.949      0.177  0.000e+00
     20.060    28.6371   5.724877    35.2332     2.9569     0.0612          0    130.250 329.624297  1022.4459     19.949      0.161  0.000e+00
     20.092    28.6370   5.724854    35.2331     2.9551     0.0559          0    130.500 329.624300  1022.4460     19.981      0.125  0.000e+00
     20.135    28.6368   5.724854    35.2332     2.9554     0.0589          0    130.750 329.624303  1022.4464     20.024      0.111  0.000e+00
     20.135    28.6367   5.724854    35.2333     2.9444     0.0551          0    131.000 329.624306  1022.4464     20.024      0.102  0.000e+00
     20.168    28.6367   5.724854    35.2333     2.9354     0.0604          0    131.250 329.624308  1022.4466     20.056      0.096  0.000e+00
     20.135    28.6367   5.724846    35.2332     2.9467     0.0604          0    131.500 329.624311  1022.4464     20.024      0.080  0.000e+00
     20.135    28.6366   5.724823    35.2331     2.9512     0.0559          0    131.750 329.624314  1022.4464     20.023      0.064  0.000e+00
     20.146    28.6365   5.724823    35.2332     2.9541     0.0589          0    132.000 329.624317  1022.4465     20.034      0.046  0.000e+00
     20.146    28.6364   5.724823    35.2333     2.9519     0.0505          0    132.250 329.624320  1022.4466     20.034      0.034  0.000e+00
     20.168    28.6365   5.724854    35.2334     2.9423     0.0521          0    132.500 329.624323  1022.4468     20.056      0.021  0.000e+00
     20.103    28.6367   5.724877    35.2335     2.9468     0.0421          0    132.750 329.624326  1022.4464     19.991     -0.004  0.000e+00
     19.973    28.6366   5.724854    35.2334     2.9479     0.0429          0    133.000 329.624329  1022.4459     19.862     -0.051  0.000e+00
     19.735    28.6367   5.724823    35.2332     2.9408     0.0421          0    133.250 329.624332  1022.4447     19.626     -0.151  0.000e+00
     19.530    28.6366   5.724823    35.2333     2.9350     0.0475          0    133.500 329.624334  1022.4439     19.422     -0.267  0.000e+00
     19.378    28.6369   5.724823    35.2331     2.9326     0.0688          0    133.750 329.624337  1022.4430     19.271     -0.393  0.000e+00
     19.292    28.6370   5.724853    35.2333     2.9252     0.0673          0    134.000 329.624340  1022.4428     19.185     -0.491  0.000e+00
     19.216    28.6372   5.724846    35.2331     2.9356     0.0719          0    134.250 329.624343  1022.4422     19.109     -0.549  0.000e+00
     19.086    28.6375   5.724853    35.2330     2.9470     0.0749          0    134.500 329.624346  1022.4415     18.980     -0.580  0.000e+00
     18.870    28.6374   5.724823    35.2329     2.9512     0.0704          0    134.750 329.624349  1022.4405     18.765     -0.591  0.000e+00
     18.600    28.6373   5.724792    35.2329     2.9728     0.0574          0    135.000 329.624352  1022.4394     18.497     -0.609  0.000e+00
     18.351    28.6369   5.724754    35.2330     3.0020     0.0574          0    135.250 329.624355  1022.4385     18.249     -0.637  0.000e+00
     18.135    28.6367   5.724754    35.2332     3.0099     0.0589          0    135.500 329.624358  1022.4378     18.034     -0.693  0.000e+00
     17.929    28.6366   5.724723    35.2331     3.0195     0.0566          0    135.750 329.624361  1022.4369     17.830     -0.765  0.000e+00
     17.670    28.6368   5.724753    35.2332     3.0273     0.0383          0    136.000 329.624363  1022.4358     17.572     -0.851  0.000e+00
     17.400    28.6369   5.724753    35.2332     3.0480     0.0444          0    136.250 329.624366  1022.4346     17.303     -0.924  0.000e+00
     17.194    28.6369   5.724722    35.2331     3.0687     0.0467          0    136.500 329.624369  1022.4337     17.099     -0.951  0.000e+00
     17.075    28.6370   5.724692    35.2328     3.0976     0.0429          0    136.750 329.624372  1022.4329     16.981     -0.917  0.000e+00
     16.956    28.6368   5.724661    35.2328     3.1136     0.0345          0    137.000 329.624375  1022.4325     16.862     -0.854  0.000e+00
     16.794    28.6366   5.724631    35.2328     3.1210     0.0429          0    137.250 329.624378  1022.4318     16.701     -0.797  0.000e+00
     16.513    28.6363   5.724592    35.2328     3.1473     0.0459          0    137.500 329.624381  1022.4307     16.422     -0.776  0.000e+00
     16.243    28.6361   5.724562    35.2328     3.1671     0.0459          0    137.750 329.624384  1022.4297     16.153     -0.778  0.000e+00
     15.973    28.6359   5.724531    35.2329     3.1674     0.0742          0    138.000 329.624387  1022.4286     15.884     -0.794  0.000e+00
     15.756    28.6357   5.724538    35.2331     3.1705     0.0734          0    138.250 329.624389  1022.4279     15.669     -0.823  0.000e+00
     15.605    28.6359   5.724561    35.2332     3.1908     0.0734          0    138.500 329.624392  1022.4272     15.519     -0.855  0.000e+00
