ctd_kilwa/cnv/SBE19plus_01906740_2018_11_26_0054.cnv
* Sea-Bird SBE19plus  Data File:
* FileName = C:\Users\all user\Desktop\Mapping WWF\SBE19plus_01906740_2018_11_26_0054.hex
* Software version 2.6.3.104
* Temperature SN = 6740
* Conductivity SN = 6740
* System UpLoad Time = Nov 26 2018 19:56:46
* <ApplicationData>
* <Seaterm232>
# nquan = 13
# nvalues = 449                                   
# units = specified
# name 0 = prdM: Pressure, Strain Gauge [db]
# name 1 = tv290C: Temperature [ITS-90, deg C]
# name 2 = c0S/m: Conductivity [S/m]
# name 3 = sal00: Salinity, Practical [PSU]
# name 4 = sbeox0ML/L: Oxygen, SBE 43 [ml/l]
# name 5 = flECO-AFL: Fluorescence, WET Labs ECO-AFL/FL [mg/m^3]
# name 6 = nbf: Bottles Fired
# name 7 = timeS: Time, Elapsed [seconds]
# name 8 = timeJ: Julian Days
# name 9 = density00: Density [density, kg/m^3]
# name 10 = depSM: Depth [salt water, m], lat = 0.00
# name 11 = dz/dtM: Descent Rate [m/s]
# name 12 = flag:  0.000e+00
# span 0 =     -1.069,     10.672                 
# span 1 =    29.2633,    29.5989                 
# span 2 =   0.041198,   5.873571                 
# span 3 =     0.1826,    35.6062                 
# span 4 =     1.9216,     3.9485                 
# span 5 =    -0.4324,    48.6803                 
# span 6 =          0,          0                 
# span 7 =      0.000,    112.000                 
# span 8 = 328.587257, 328.588553                 
# span 9 =   995.9578,  1022.4029                 
# span 10 =     -1.063,     10.614                
# span 11 =     -0.697,      0.796                
# span 12 = 0.0000e+00, 0.0000e+00                
# interval = seconds: 0.25
# start_time = Nov 24 2018 14:05:39 [Instrument's time stamp, header]
# bad_flag = -9.990e-29
*END*
     -1.047    29.4112   0.041198     0.1826     3.9143     0.2550          0      0.000 328.587257   995.9578     -1.042      0.000  0.000e+00
     -1.058    29.4115   0.042885     0.1900     3.6500     0.2565          0      0.250 328.587260   995.9633     -1.052     -0.003  0.000e+00
     -1.037    29.4120   0.043414     0.1924     3.5695     0.2436          0      0.500 328.587263   995.9650     -1.031      0.001  0.000e+00
     -0.929    29.4123   0.044127     0.1956     3.3902     0.2466          0      0.750 328.587266   995.9678     -0.923      0.032  0.000e+00
     -0.842    29.4183   0.127417     0.5794     3.4868    -0.1761          0      1.000 328.587269   996.2542     -0.837      0.079  0.000e+00
     -0.766    29.4463   0.424828     2.0535     3.2828    -0.1684          0      1.250 328.587271   997.3482     -0.762      0.133  0.000e+00
     -0.701    29.4729   0.198720     0.9207     3.1396    -0.1730          0      1.500 328.587274   996.4941     -0.698      0.185  0.000e+00
     -0.680    29.4899   0.237657     1.1107     3.1963    -0.1807          0      1.750 328.587277   996.6312     -0.676      0.219  0.000e+00
     -0.647    29.5003   0.240748     1.1256     3.1313     0.4648          0      2.000 328.587280   996.6394     -0.644      0.238  0.000e+00
     -0.583    29.5062   0.318523     1.5119     3.1118     0.4656          0      2.250 328.587283   996.9267     -0.579      0.247  0.000e+00
     -0.528    29.5098   2.981651    16.7627     2.8453     0.4625          0      2.500 328.587286  1008.2712     -0.526      0.236  0.000e+00
     -0.507    29.5123   2.967990    16.6774     2.8449     0.4679          0      2.750 328.587289  1008.2071     -0.504      0.203  0.000e+00
     -0.485    29.5141   2.970528    16.6925     2.8717     0.0902          0      3.000 328.587292  1008.2178     -0.483      0.177  0.000e+00
     -0.496    29.5154   4.569907    26.8788     2.7557     0.0894          0      3.250 328.587295  1015.8095     -0.493      0.146  0.000e+00
     -0.528    29.5170   4.017896    23.2939     2.8855     0.0864          0      3.500 328.587297  1013.1333     -0.526      0.110  0.000e+00
     -0.572    29.5185   4.017066    23.2879     2.9072     0.0871          0      3.750 328.587300  1013.1281     -0.569      0.067  0.000e+00
     -0.582    29.5204   5.868236    35.5724     2.7221     0.0925          0      4.000 328.587303  1022.3162     -0.579      0.020  0.000e+00
     -0.539    29.5234   5.872413    35.5987     2.7222     0.0612          0      4.250 328.587306  1022.3351     -0.536     -0.011  0.000e+00
     -0.507    29.5254   5.869317    35.5760     2.7335     0.0665          0      4.500 328.587309  1022.3175     -0.504     -0.019  0.000e+00
     -0.420    29.5279   5.864423    35.5407     2.7446     0.0673          0      4.750 328.587312  1022.2905     -0.418      0.009  0.000e+00
     -0.388    29.5331   5.864623    35.5382     2.7362     0.0772          0      5.000 328.587315  1022.2871     -0.386      0.046  0.000e+00
     -0.366    29.5411   5.865434    35.5378     2.7512     0.0879          0      5.250 328.587318  1022.2841     -0.364      0.088  0.000e+00
     -0.344    29.5490   5.866375    35.5384     2.7452     0.0849          0      5.500 328.587321  1022.2820     -0.343      0.124  0.000e+00
     -0.366    29.5554   5.866993    35.5379     2.7461     0.0818          0      5.750 328.587323  1022.2793     -0.364      0.133  0.000e+00
     -0.355    29.5597   5.867108    35.5355     2.7671     0.0864          0      6.000 328.587326  1022.2761     -0.353      0.120  0.000e+00
     -0.344    29.5636   5.866707    35.5299     2.7778     0.1093          0      6.250 328.587329  1022.2706     -0.343      0.092  0.000e+00
     -0.312    29.5665   5.866676    35.5276     2.7812     0.1085          0      6.500 328.587332  1022.2681     -0.310      0.071  0.000e+00
     -0.279    29.5690   5.866606    35.5252     2.7597     0.1093          0      6.750 328.587335  1022.2656     -0.278      0.055  0.000e+00
     -0.258    29.5716   5.866645    35.5235     2.7336     0.1085          0      7.000 328.587338  1022.2636     -0.256      0.058  0.000e+00
     -0.247    29.5736   5.867054    35.5248     2.7078     0.0826          0      7.250 328.587341  1022.2639     -0.246      0.064  0.000e+00
     -0.258    29.5754   5.867270    35.5250     2.6920     0.0818          0      7.500 328.587344  1022.2634     -0.256      0.064  0.000e+00
     -0.258    29.5768   5.867085    35.5227     2.6901     0.0772          0      7.750 328.587347  1022.2611     -0.256      0.065  0.000e+00
     -0.269    29.5778   5.867340    35.5237     2.6760     0.0879          0      8.000 328.587350  1022.2615     -0.267      0.050  0.000e+00
     -0.258    29.5785   5.867818    35.5264     2.7075     0.0803          0      8.250 328.587352  1022.2634     -0.256      0.035  0.000e+00
     -0.160    29.5786   5.867934    35.5271     2.7146     0.0948          0      8.500 328.587355  1022.2643     -0.160      0.043  0.000e+00
     -0.139    29.5789   5.867309    35.5226     2.7278     0.0971          0      8.750 328.587358  1022.2609     -0.138      0.055  0.000e+00
     -0.128    29.5793   5.867656    35.5248     2.7266     0.1001          0      9.000 328.587361  1022.2624     -0.127      0.069  0.000e+00
     -0.106    29.5795   5.867772    35.5254     2.7448     0.0940          0      9.250 328.587364  1022.2629     -0.106      0.087  0.000e+00
     -0.139    29.5799   5.867401    35.5226     2.7551     0.1077          0      9.500 328.587367  1022.2605     -0.138      0.089  0.000e+00
     -0.160    29.5797   5.867008    35.5200     2.7438     0.1047          0      9.750 328.587370  1022.2586     -0.160      0.074  0.000e+00
     -0.150    29.5798   5.866799    35.5185     2.7329     0.1131          0     10.000 328.587373  1022.2575     -0.149      0.056  0.000e+00
     -0.117    29.5797   5.866807    35.5186     3.9271     0.1146          0     10.250 328.587376  1022.2577     -0.117      0.036  0.000e+00
     -0.085    29.5799   5.866830    35.5186     3.9485     0.1070          0     10.500 328.587378  1022.2578     -0.084      0.018  0.000e+00
     -0.096    29.5800   5.867170    35.5209     3.7178     0.1070          0     10.750 328.587381  1022.2594     -0.095      0.018  0.000e+00
     -0.096    29.5803   5.867116    35.5203     3.4986     0.1131          0     11.000 328.587384  1022.2589     -0.095      0.021  0.000e+00
     -0.128    29.5801   5.866938    35.5192     3.2617     0.1077          0     11.250 328.587387  1022.2580     -0.127      0.016  0.000e+00
     -0.139    29.5804   5.866830    35.5183     3.0342     0.0955          0     11.500 328.587390  1022.2571     -0.138      0.015  0.000e+00
     -0.139    29.5805   5.866977    35.5192     2.7888     0.0955          0     11.750 328.587393  1022.2578     -0.138      0.006  0.000e+00
     -0.096    29.5810   5.866961    35.5187     2.5456     0.0963          0     12.000 328.587396  1022.2574     -0.095      0.001  0.000e+00
     -0.096    29.5817   5.867077    35.5190     2.2922     0.0932          0     12.250 328.587399  1022.2574     -0.095     -0.005  0.000e+00
     -0.042    29.5821   5.867309    35.5202     2.3604     0.0963          0     12.500 328.587402  1022.2584     -0.041      0.011  0.000e+00
     -0.020    29.5831   5.867502    35.5208     2.4418     0.1215          0     12.750 328.587405  1022.2586     -0.020      0.038  0.000e+00
      0.002    29.5839   5.867571    35.5207     2.4972     0.1131          0     13.000 328.587407  1022.2584      0.002      0.063  0.000e+00
      0.002    29.5843   5.867818    35.5221     2.5186     0.1161          0     13.250 328.587410  1022.2593      0.002      0.082  0.000e+00
      0.002    29.5842   5.868166    35.5246     2.5160     0.1276          0     13.500 328.587413  1022.2612      0.002      0.084  0.000e+00
     -0.031    29.5842   5.868359    35.5259     2.5155     0.0932          0     13.750 328.587416  1022.2620     -0.031      0.064  0.000e+00
     -0.042    29.5845   5.868335    35.5255     2.5134     0.0910          0     14.000 328.587419  1022.2616     -0.041      0.035  0.000e+00
     -0.031    29.5850   5.868266    35.5247     2.4975     0.0955          0     14.250 328.587422  1022.2608     -0.031      0.016  0.000e+00
     -0.031    29.5851   5.868366    35.5253     2.4761     0.0932          0     14.500 328.587425  1022.2612     -0.031     -0.007  0.000e+00
     -0.063    29.5855   5.868521    35.5260     2.4744     0.0940          0     14.750 328.587428  1022.2615     -0.063     -0.025  0.000e+00
     -0.063    29.5856   5.868629    35.5267     2.4740     0.0925          0     15.000 328.587431  1022.2620     -0.063     -0.035  0.000e+00
     -0.096    29.5856   5.868745    35.5275     2.4757     0.1016          0     15.250 328.587433  1022.2625     -0.095     -0.043  0.000e+00
     -0.106    29.5859   5.868829    35.5278     2.4680     0.0994          0     15.500 328.587436  1022.2626     -0.106     -0.047  0.000e+00
     -0.096    29.5862   5.868868    35.5279     2.4633     0.1161          0     15.750 328.587439  1022.2625     -0.095     -0.041  0.000e+00
     -0.052    29.5867   5.868497    35.5250     2.4487     0.1093          0     16.000 328.587442  1022.2604     -0.052     -0.028  0.000e+00
     -0.041    29.5874   5.868266    35.5228     2.4511     0.1093          0     16.250 328.587445  1022.2586     -0.041     -0.014  0.000e+00
      0.002    29.5876   5.868675    35.5255     2.4450     0.1039          0     16.500 328.587448  1022.2607      0.002      0.014  0.000e+00
     -0.031    29.5871   5.870319    35.5371     2.4384     0.1032          0     16.750 328.587451  1022.2694     -0.031      0.032  0.000e+00
     -0.074    29.5864   5.871485    35.5456     2.4096     0.0902          0     17.000 328.587454  1022.2759     -0.074      0.028  0.000e+00
     -0.128    29.5865   5.871084    35.5428     2.4002     0.0902          0     17.250 328.587457  1022.2735     -0.127      0.010  0.000e+00
     -0.171    29.5865   5.869408    35.5314     2.3745     0.0940          0     17.500 328.587459  1022.2647     -0.170     -0.026  0.000e+00
     -0.139    29.5862   5.868436    35.5249     2.3663     0.0925          0     17.750 328.587462  1022.2601     -0.138     -0.052  0.000e+00
     -0.074    29.5860   5.868328    35.5243     2.3504     0.1116          0     18.000 328.587465  1022.2600     -0.074     -0.055  0.000e+00
     -0.020    29.5858   5.868629    35.5265     2.3125     0.1116          0     18.250 328.587468  1022.2620     -0.020     -0.030  0.000e+00
     -0.020    29.5851   5.869447    35.5326     2.3099     0.1055          0     18.500 328.587471  1022.2668     -0.020     -0.004  0.000e+00
     -0.063    29.5843   5.870451    35.5401     2.3052     0.1062          0     18.750 328.587474  1022.2725     -0.063      0.023  0.000e+00
     -0.139    29.5841   5.871038    35.5443     2.3108     0.1116          0     19.000 328.587477  1022.2754     -0.138      0.024  0.000e+00
     -0.225    29.5841   5.870852    35.5431     2.3090     0.1116          0     19.250 328.587480  1022.2741     -0.224     -0.006  0.000e+00
     -0.258    29.5840   5.869733    35.5355     2.3075     0.1100          0     19.500 328.587483  1022.2683     -0.256     -0.052  0.000e+00
     -0.247    29.5842   5.868961    35.5301     2.3050     0.1077          0     19.750 328.587486  1022.2642     -0.246     -0.101  0.000e+00
     -0.204    29.5841   5.868135    35.5245     2.3032     0.1207          0     20.000 328.587488  1022.2603     -0.203     -0.123  0.000e+00
     -0.107    29.5839   5.868065    35.5241     2.3165     0.1222          0     20.250 328.587491  1022.2605     -0.106     -0.092  0.000e+00
     -0.063    29.5838   5.868034    35.5240     2.3236     0.1207          0     20.500 328.587494  1022.2606     -0.063     -0.030  0.000e+00
      0.002    29.5832   5.868266    35.5259     2.3124     0.1192          0     20.750 328.587497  1022.2625      0.002      0.052  0.000e+00
      0.012    29.5829   5.869887    35.5372     2.3051     0.1116          0     21.000 328.587500  1022.2711      0.012      0.121  0.000e+00
     -0.063    29.5826   5.871262    35.5469     2.3004     0.1077          0     21.250 328.587503  1022.2781     -0.063      0.140  0.000e+00
     -0.161    29.5829   5.872613    35.5559     2.2944     0.1093          0     21.500 328.587506  1022.2844     -0.160      0.099  0.000e+00
     -0.269    29.5857   5.871771    35.5481     2.2975     0.1085          0     21.750 328.587509  1022.2772     -0.267      0.014  0.000e+00
     -0.301    29.5871   5.869362    35.5306     2.2919     0.1077          0     22.000 328.587512  1022.2634     -0.299     -0.076  0.000e+00
     -0.215    29.5875   5.868204    35.5224     2.2856     0.0940          0     22.250 328.587514  1022.2575     -0.213     -0.124  0.000e+00
     -0.128    29.5867   5.868034    35.5218     2.2769     0.0917          0     22.500 328.587517  1022.2577     -0.127     -0.116  0.000e+00
     -0.085    29.5858   5.869702    35.5339     2.2610     0.0925          0     22.750 328.587520  1022.2672     -0.084     -0.081  0.000e+00
     -0.074    29.5849   5.871748    35.5485     2.2583     0.0910          0     23.000 328.587523  1022.2786     -0.074     -0.019  0.000e+00
     -0.117    29.5842   5.872443    35.5538     2.2578     0.1047          0     23.250 328.587526  1022.2826     -0.117      0.039  0.000e+00
     -0.139    29.5842   5.870690    35.5419     2.2555     0.1108          0     23.500 328.587529  1022.2735     -0.138      0.075  0.000e+00
     -0.128    29.5839   5.869347    35.5329     2.2473     0.1154          0     23.750 328.587532  1022.2670     -0.127      0.086  0.000e+00
     -0.139    29.5838   5.868961    35.5303     2.2610     0.1123          0     24.000 328.587535  1022.2650     -0.138      0.057  0.000e+00
     -0.117    29.5837   5.870080    35.5381     2.2641     0.1245          0     24.250 328.587538  1022.2710     -0.117      0.014  0.000e+00
     -0.117    29.5830   5.870420    35.5408     2.2634     0.1161          0     24.500 328.587541  1022.2732     -0.117     -0.013  0.000e+00
     -0.052    29.5828   5.868567    35.5283     2.2655     0.1192          0     24.750 328.587543  1022.2642     -0.052      0.000  0.000e+00
      0.034    29.5828   5.867949    35.5241     2.2584     0.1146          0     25.000 328.587546  1022.2614      0.034      0.045  0.000e+00
      0.153    29.5827   5.867409    35.5204     2.2556     0.1276          0     25.250 328.587549  1022.2592      0.152      0.118  0.000e+00
      0.348    29.5829   5.867247    35.5191     2.2623     0.1047          0     25.500 328.587552  1022.2590      0.346      0.213  0.000e+00
      0.542    29.5830   5.867170    35.5184     2.3418     0.1032          0     25.750 328.587555  1022.2593      0.539      0.322  0.000e+00
      0.618    29.5828   5.868969    35.5309     2.2944     0.1093          0     26.000 328.587558  1022.2690      0.615      0.409  0.000e+00
      0.640    29.5829   5.870984    35.5445     2.2872     0.1077          0     26.250 328.587561  1022.2793      0.636      0.449  0.000e+00
      0.640    29.5829   5.871324    35.5469     2.2683     0.1245          0     26.500 328.587564  1022.2810      0.636      0.444  0.000e+00
      0.726    29.5831   5.870451    35.5407     2.2646     0.1245          0     26.750 328.587567  1022.2767      0.722      0.412  0.000e+00
      0.856    29.5833   5.868676    35.5284     2.3368     0.1207          0     27.000 328.587569  1022.2680      0.851      0.379  0.000e+00
      0.964    29.5832   5.868568    35.5277     2.3944     0.1184          0     27.250 328.587572  1022.2679      0.959      0.344  0.000e+00
      0.996    29.5829   5.869733    35.5359     2.3674     0.1306          0     27.500 328.587575  1022.2743      0.991      0.295  0.000e+00
