ctd_kilwa/cnv/SBE19plus_01906740_2018_11_26_0045.cnv
* Sea-Bird SBE19plus  Data File:
* FileName = C:\Users\all user\Desktop\Mapping WWF\SBE19plus_01906740_2018_11_26_0045.hex
* Software version 2.6.3.104
* Temperature SN = 6740
* Conductivity SN = 6740
* System UpLoad Time = Nov 26 2018 19:54:34
* <ApplicationData>
* <Seaterm232>
# nquan = 13
# nvalues = 566                                   
# units = specified
# name 0 = prdM: Pressure, Strain Gauge [db]
# name 1 = tv290C: Temperature [ITS-90, deg C]
# name 2 = c0S/m: Conductivity [S/m]
# name 3 = sal00: Salinity, Practical [PSU]
# name 4 = sbeox0ML/L: Oxygen, SBE 43 [ml/l]
# name 5 = flECO-AFL: Fluorescence, WET Labs ECO-AFL/FL [mg/m^3]
# name 6 = nbf: Bottles Fired
# name 7 = timeS: Time, Elapsed [seconds]
# name 8 = timeJ: Julian Days
# name 9 = density00: Density [density, kg/m^3]
# name 10 = depSM: Depth [salt water, m], lat = 0.00
# name 11 = dz/dtM: Descent Rate [m/s]
# name 12 = flag:  0.000e+00
# span 0 =     -1.026,      8.974                 
# span 1 =    28.3408,    29.4103                 
# span 2 =   0.518489,   5.829003                 
# span 3 =     2.5439,    35.7173                 
# span 4 =     2.0505,     3.5944                 
# span 5 =    -0.3187,    48.6940                 
# span 6 =          0,          0                 
# span 7 =      0.000,    141.250                 
# span 8 = 328.485174, 328.486808                 
# span 9 =   997.7495,  1022.6136                 
# span 10 =     -1.020,      8.925                
# span 11 =     -0.668,      0.465                
# span 12 = 0.0000e+00, 0.0000e+00                
# interval = seconds: 0.25
# start_time = Nov 24 2018 11:38:39 [Instrument's time stamp, header]
# bad_flag = -9.990e-29
*END*
[from data line 112]
      0.075    28.7287   5.762592    35.4326     2.3171     0.2718          0     28.000 328.485498  1022.4798      0.075     -0.005  0.000e+00
      0.064    28.7288   5.758809    35.4063     2.3194     0.2733          0     28.250 328.485501  1022.4600      0.064     -0.002  0.000e+00
      0.064    28.7285   5.757025    35.3941     2.3177     0.0788          0     28.500 328.485503  1022.4509      0.064      0.003  0.000e+00
      0.097    28.7272   5.756933    35.3945     2.3076     0.0803          0     28.750 328.485506  1022.4517      0.096      0.008  0.000e+00
      0.097    28.7261   5.757125    35.3966     2.3082     0.0803          0     29.000 328.485509  1022.4537      0.096      0.007  0.000e+00
      0.118    28.7258   5.756642    35.3935     2.3036     0.0810          0     29.250 328.485512  1022.4516      0.118      0.017  0.000e+00
      0.129    28.7253   5.759062    35.4106     2.2971     0.0818          0     29.500 328.485515  1022.4646      0.128      0.026  0.000e+00
      0.129    28.7257   5.761413    35.4266     2.2873    -0.0151          0     29.750 328.485518  1022.4765      0.129      0.032  0.000e+00
      0.119    28.7264   5.762883    35.4363     2.2764    -0.0174          0     30.000 328.485521  1022.4835      0.118      0.035  0.000e+00
      0.119    28.7276   5.763787    35.4417     2.2777    -0.0197          0     30.250 328.485524  1022.4872      0.118      0.032  0.000e+00
      0.086    28.7286   5.764614    35.4467     2.2656    -0.0143          0     30.500 328.485527  1022.4905      0.086      0.014  0.000e+00
      0.054    28.7296   5.765311    35.4508     2.2623    -0.0174          0     30.750 328.485530  1022.4931      0.054     -0.014  0.000e+00
      0.086    28.7303   5.765541    35.4519     2.2528    -0.0143          0     31.000 328.485532  1022.4938      0.086     -0.022  0.000e+00
      0.076    28.7308   5.766675    35.4594     2.2528    -0.0151          0     31.250 328.485535  1022.4992      0.075     -0.032  0.000e+00
      0.043    28.7313   5.767571    35.4652     2.2505    -0.0151          0     31.500 328.485538  1022.5033      0.043     -0.042  0.000e+00
      0.075    28.7315   5.768621    35.4723     2.2534    -0.0029          0     31.750 328.485541  1022.5087      0.075     -0.035  0.000e+00
      0.054    28.7321   5.769525    35.4782     2.2439    -0.0006          0     32.000 328.485544  1022.5128      0.054     -0.030  0.000e+00
      0.043    28.7325   5.770207    35.4826     2.2494    -0.0029          0     32.250 328.485547  1022.5160      0.043     -0.027  0.000e+00
      0.043    28.7328   5.770629    35.4853     2.2481    -0.0029          0     32.500 328.485550  1022.5179      0.043     -0.018  0.000e+00
      0.043    28.7329   5.767709    35.4650     2.2474     0.0170          0     32.750 328.485553  1022.5026      0.043     -0.015  0.000e+00
      0.043    28.7332   5.762400    35.4279     2.2540     0.0192          0     33.000 328.485556  1022.4747      0.043     -0.020  0.000e+00
      0.054    28.7328   5.761229    35.4201     2.2439     0.0200          0     33.250 328.485558  1022.4690      0.054     -0.011  0.000e+00
      0.054    28.7310   5.761688    35.4246     2.2324     0.0238          0     33.500 328.485561  1022.4730      0.054     -0.003  0.000e+00
      0.043    28.7302   5.761589    35.4245     2.2263     0.0162          0     33.750 328.485564  1022.4731      0.043     -0.007  0.000e+00
      0.075    28.7298   5.759261    35.4087     2.2197    -0.0281          0     34.000 328.485567  1022.4615      0.075      0.008  0.000e+00
      0.119    28.7285   5.758288    35.4029     2.2189    -0.0334          0     34.250 328.485570  1022.4577      0.118      0.027  0.000e+00
      0.162    28.7268   5.756681    35.3930     2.2126    -0.0273          0     34.500 328.485573  1022.4510      0.161      0.050  0.000e+00
      0.162    28.7249   5.755701    35.3876     2.2053    -0.0311          0     34.750 328.485576  1022.4476      0.161      0.066  0.000e+00
      0.119    28.7237   5.755219    35.3852     2.2089     0.0292          0     35.000 328.485579  1022.4460      0.118      0.061  0.000e+00
      0.086    28.7233   5.755731    35.3890     2.2086     0.0337          0     35.250 328.485582  1022.4489      0.086      0.043  0.000e+00
      0.075    28.7233   5.757676    35.4025     2.2077     0.0391          0     35.500 328.485584  1022.4590      0.075      0.023  0.000e+00
      0.086    28.7240   5.760877    35.4242     2.2049     0.0330          0     35.750 328.485587  1022.4751      0.086      0.004  0.000e+00
      0.119    28.7258   5.762531    35.4343     2.1981     0.1222          0     36.000 328.485590  1022.4822      0.118     -0.012  0.000e+00
      0.140    28.7273   5.763917    35.4428     2.1977     0.1215          0     36.250 328.485593  1022.4882      0.140     -0.016  0.000e+00
      0.130    28.7283   5.765112    35.4504     2.1951     0.1192          0     36.500 328.485596  1022.4935      0.129     -0.013  0.000e+00
      0.108    28.7288   5.765380    35.4518     2.1933     0.1161          0     36.750 328.485599  1022.4944      0.107     -0.002  0.000e+00
      0.097    28.7290   5.765503    35.4526     2.1870     0.0215          0     37.000 328.485602  1022.4948      0.096      0.009  0.000e+00
      0.076    28.7294   5.765893    35.4550     2.1750     0.0185          0     37.250 328.485605  1022.4964      0.075      0.005  0.000e+00
      0.108    28.7297   5.765633    35.4529     2.1782     0.0215          0     37.500 328.485608  1022.4949      0.107      0.001  0.000e+00
      0.140    28.7300   5.764829    35.4471     2.1716     0.0231          0     37.750 328.485611  1022.4906      0.140      0.001  0.000e+00
      0.162    28.7303   5.764147    35.4422     2.1686     0.0177          0     38.000 328.485613  1022.4868      0.161      0.007  0.000e+00
      0.151    28.7307   5.763090    35.4345     2.1648    -0.1547          0     38.250 328.485616  1022.4809      0.150      0.014  0.000e+00
      0.162    28.7311   5.762852    35.4326     2.1593    -0.1517          0     38.500 328.485619  1022.4794      0.161      0.030  0.000e+00
      0.140    28.7310   5.764668    35.4453     2.1602    -0.1524          0     38.750 328.485622  1022.4888      0.140      0.035  0.000e+00
      0.162    28.7311   5.766675    35.4591     2.1543    -0.1570          0     39.000 328.485625  1022.4993      0.161      0.038  0.000e+00
      0.173    28.7317   5.768606    35.4720     2.1380    -0.0029          0     39.250 328.485628  1022.5089      0.172      0.037  0.000e+00
      0.205    28.7320   5.769885    35.4807     2.1342    -0.0067          0     39.500 328.485631  1022.5154      0.204      0.032  0.000e+00
      0.184    28.7321   5.770176    35.4826     2.1433    -0.0097          0     39.750 328.485634  1022.5167      0.183      0.023  0.000e+00
      0.140    28.7319   5.769625    35.4790     2.1371     0.0017          0     40.000 328.485637  1022.5139      0.140      0.009  0.000e+00
      0.086    28.7323   5.769012    35.4744     2.1333     0.0368          0     40.250 328.485639  1022.5101      0.086     -0.013  0.000e+00
      0.054    28.7327   5.769364    35.4766     2.1335     0.0345          0     40.500 328.485642  1022.5115      0.053     -0.042  0.000e+00
      0.054    28.7330   5.770207    35.4822     2.1313     0.0383          0     40.750 328.485645  1022.5156      0.053     -0.061  0.000e+00
      0.075    28.7333   5.771096    35.4882     2.1264     0.0376          0     41.000 328.485648  1022.5200      0.075     -0.074  0.000e+00
      0.108    28.7336   5.771533    35.4910     2.1250     0.0589          0     41.250 328.485651  1022.5222      0.107     -0.066  0.000e+00
      0.129    28.7338   5.771862    35.4931     2.1200     0.0612          0     41.500 328.485654  1022.5238      0.129     -0.046  0.000e+00
      0.119    28.7336   5.771701    35.4921     2.1104     0.0566          0     41.750 328.485657  1022.5231      0.118     -0.015  0.000e+00
      0.129    28.7341   5.771410    35.4897     2.1116     0.0612          0     42.000 328.485660  1022.5212      0.129      0.017  0.000e+00
      0.118    28.7344   5.772054    35.4940     2.1086     0.0574          0     42.250 328.485663  1022.5242      0.118      0.036  0.000e+00
      0.162    28.7346   5.772085    35.4940     2.1041     0.0658          0     42.500 328.485666  1022.5244      0.161      0.050  0.000e+00
      0.162    28.7349   5.771533    35.4900     2.1101     0.0635          0     42.750 328.485668  1022.5212      0.161      0.047  0.000e+00
      0.151    28.7353   5.769946    35.4787     2.1089     0.0749          0     43.000 328.485671  1022.5126      0.150      0.035  0.000e+00
      0.108    28.7356   5.768230    35.4665     2.1116     0.0658          0     43.250 328.485674  1022.5031      0.107      0.012  0.000e+00
      0.054    28.7360   5.768261    35.4664     2.1078     0.0475          0     43.500 328.485677  1022.5027      0.053     -0.017  0.000e+00
     -0.011    28.7361   5.769602    35.4757     2.1177     0.0444          0     43.750 328.485680  1022.5093     -0.011     -0.052  0.000e+00
     -0.043    28.7363   5.769785    35.4768     2.1048     0.0421          0     44.000 328.485683  1022.5100     -0.043     -0.090  0.000e+00
     -0.076    28.7364   5.765571    35.4475     2.1024     0.0429          0     44.250 328.485686  1022.4878     -0.075     -0.122  0.000e+00
     -0.043    28.7362   5.763886    35.4360     2.0996    -0.1768          0     44.500 328.485689  1022.4793     -0.043     -0.136  0.000e+00
     -0.043    28.7355   5.763496    35.4338     2.0975    -0.1829          0     44.750 328.485692  1022.4779     -0.043     -0.124  0.000e+00
     -0.032    28.7350   5.761520    35.4205     2.1005    -0.1814          0     45.000 328.485694  1022.4682     -0.032     -0.096  0.000e+00
     -0.021    28.7348   5.758388    35.3990     2.0941    -0.1753          0     45.250 328.485697  1022.4521     -0.021     -0.056  0.000e+00
      0.033    28.7348   5.754989    35.3754     2.0894     0.0147          0     45.500 328.485700  1022.4346      0.033     -0.004  0.000e+00
      0.087    28.7355   5.752363    35.3566     2.0849     0.0192          0     45.750 328.485703  1022.4205      0.086      0.049  0.000e+00
      0.119    28.7366   5.750435    35.3424     2.0803     0.0200          0     46.000 328.485706  1022.4096      0.119      0.087  0.000e+00
      0.152    28.7373   5.749371    35.3345     2.0775     0.0131          0     46.250 328.485709  1022.4036      0.151      0.115  0.000e+00
      0.141    28.7379   5.749050    35.3318     2.0729     0.0238          0     46.500 328.485712  1022.4013      0.140      0.115  0.000e+00
      0.108    28.7380   5.749073    35.3319     2.0648    -0.0052          0     46.750 328.485715  1022.4012      0.108      0.104  0.000e+00
      0.065    28.7382   5.749853    35.3372     2.0659    -0.0044          0     47.000 328.485718  1022.4049      0.065      0.071  0.000e+00
      0.033    28.7387   5.750244    35.3395     2.0641    -0.0029          0     47.250 328.485720  1022.4064      0.032      0.025  0.000e+00
      0.022    28.7394   5.750596    35.3415     2.0590    -0.0067          0     47.500 328.485723  1022.4075      0.022     -0.024  0.000e+00
     -0.021    28.7399   5.750664    35.3416     2.0562    -0.0395          0     47.750 328.485726  1022.4073     -0.021     -0.069  0.000e+00
     -0.043    28.7404   5.751024    35.3437     2.0555    -0.0418          0     48.000 328.485729  1022.4086     -0.043     -0.099  0.000e+00
     -0.021    28.7407   5.751537    35.3470     2.0582    -0.0395          0     48.250 328.485732  1022.4111     -0.021     -0.103  0.000e+00
     -0.032    28.7409   5.751697    35.3480     2.0578    -0.0372          0     48.500 328.485735  1022.4117     -0.032     -0.090  0.000e+00
     -0.043    28.7409   5.752532    35.3538     2.0596     0.1177          0     48.750 328.485738  1022.4160     -0.043     -0.071  0.000e+00
     -0.022    28.7411   5.753481    35.3602     2.0648     0.1146          0     49.000 328.485741  1022.4209     -0.022     -0.046  0.000e+00
     -0.011    28.7413   5.753634    35.3611     2.0647     0.1146          0     49.250 328.485744  1022.4215     -0.011     -0.023  0.000e+00
      0.011    28.7417   5.753182    35.3577     2.0698     0.1222          0     49.500 328.485747  1022.4189      0.011      0.001  0.000e+00
      0.011    28.7418   5.752731    35.3545     2.0694     0.0345          0     49.750 328.485749  1022.4165      0.011      0.021  0.000e+00
     -0.000    28.7418   5.752922    35.3558     2.0770     0.0345          0     50.000 328.485752  1022.4174     -0.000      0.026  0.000e+00
      0.022    28.7416   5.753504    35.3600     2.0689     0.0246          0     50.250 328.485755  1022.4207      0.021      0.027  0.000e+00
      0.054    28.7418   5.753794    35.3619     2.0697     0.0330          0     50.500 328.485758  1022.4222      0.054      0.040  0.000e+00
      0.043    28.7416   5.754277    35.3653     2.0607     0.0292          0     50.750 328.485761  1022.4248      0.043      0.042  0.000e+00
      0.032    28.7418   5.754506    35.3668     2.0641     0.0116          0     51.000 328.485764  1022.4258      0.032      0.032  0.000e+00
     -0.011    28.7422   5.754315    35.3652     2.0591     0.0063          0     51.250 328.485767  1022.4243     -0.011      0.012  0.000e+00
     -0.043    28.7424   5.756152    35.3778     2.0552     0.0093          0     51.500 328.485770  1022.4335     -0.043     -0.013  0.000e+00
     -0.054    28.7427   5.758449    35.3935     2.0566     0.0017          0     51.750 328.485773  1022.4452     -0.054     -0.032  0.000e+00
      0.010    28.7431   5.760570    35.4079     2.0627     0.1055          0     52.000 328.485775  1022.4561      0.010     -0.029  0.000e+00
      0.086    28.7433   5.761749    35.4159     2.0578     0.1085          0     52.250 328.485778  1022.4624      0.086     -0.010  0.000e+00
      0.151    28.7434   5.761650    35.4151     2.0595     0.1093          0     52.500 328.485781  1022.4621      0.150      0.029  0.000e+00
      0.194    28.7439   5.761297    35.4123     2.0560     0.1077          0     52.750 328.485784  1022.4600      0.193      0.080  0.000e+00
      0.227    28.7444   5.761251    35.4116     2.0505     0.0681          0     53.000 328.485787  1022.4594      0.226      0.128  0.000e+00
      0.281    28.7451   5.760647    35.4068     2.0581     0.0765          0     53.250 328.485790  1022.4559      0.279      0.174  0.000e+00
      0.346    28.7458   5.759352    35.3973     2.0615     0.0673          0     53.500 328.485793  1022.4488      0.344      0.207  0.000e+00
      0.432    28.7459   5.757768    35.3862     2.0578     0.0696          0     53.750 328.485796  1022.4408      0.430      0.228  0.000e+00
      0.508    28.7455   5.755808    35.3729     2.0559     0.0826          0     54.000 328.485799  1022.4312      0.505      0.234  0.000e+00
      0.573    28.7445   5.754476    35.3644     2.0636     0.0818          0     54.250 328.485802  1022.4255      0.570      0.241  0.000e+00
      0.595    28.7435   5.753825    35.3606     2.0609     0.0818          0     54.500 328.485804  1022.4230      0.591      0.242  0.000e+00
      0.616    28.7426   5.753825    35.3613     2.0613     0.0864          0     54.750 328.485807  1022.4239      0.613      0.236  0.000e+00
      0.605    28.7422   5.755249    35.3715     2.0568     0.0841          0     55.000 328.485810  1022.4317      0.602      0.211  0.000e+00
      0.605    28.7425   5.754859    35.3685     2.0743     0.0315          0     55.250 328.485813  1022.4294      0.602      0.169  0.000e+00
