ctd_kilwa/cnv/SBE19plus_01906740_2018_11_26_0046.cnv
* Sea-Bird SBE19plus  Data File:
* FileName = C:\Users\all user\Desktop\Mapping WWF\SBE19plus_01906740_2018_11_26_0046.hex
* Software version 2.6.3.104
* Temperature SN = 6740
* Conductivity SN = 6740
* System UpLoad Time = Nov 26 2018 19:54:47
* <ApplicationData>
* <Seaterm232>
# nquan = 13
# nvalues = 550                                   
# units = specified
# name 0 = prdM: Pressure, Strain Gauge [db]
# name 1 = tv290C: Temperature [ITS-90, deg C]
# name 2 = c0S/m: Conductivity [S/m]
# name 3 = sal00: Salinity, Practical [PSU]
# name 4 = sbeox0ML/L: Oxygen, SBE 43 [ml/l]
# name 5 = flECO-AFL: Fluorescence, WET Labs ECO-AFL/FL [mg/m^3]
# name 6 = nbf: Bottles Fired
# name 7 = timeS: Time, Elapsed [seconds]
# name 8 = timeJ: Julian Days
# name 9 = density00: Density [density, kg/m^3]
# name 10 = depSM: Depth [salt water, m], lat = 0.00
# name 11 = dz/dtM: Descent Rate [m/s]
# name 12 = flag:  0.000e+00
# span 0 =     -1.022,      5.303                 
# span 1 =    28.3185,    30.7877                 
# span 2 =   0.351526,   5.780877                 
# span 3 =     1.6405,    35.5764                 
# span 4 =     2.1289,     6.1288                 
# span 5 =    -0.4446,    48.6879                 
# span 6 =          0,          0                 
# span 7 =      0.000,    137.250                 
# span 8 = 328.492361, 328.493950                 
# span 9 =   996.6764,  1022.6531                 
# span 10 =     -1.016,      5.274                
# span 11 =     -0.889,      0.437                
# span 12 = 0.0000e+00, 0.0000e+00                
# interval = seconds: 0.25
# start_time = Nov 24 2018 11:49:00 [Instrument's time stamp, header]
# bad_flag = -9.990e-29
*END*
[from data line 112]
     -0.178    29.0739   5.753467    35.1142     2.3862     0.0185          0     28.000 328.492685  1022.1243     -0.177      0.014  0.000e+00
     -0.167    29.0720   5.752464    35.1087     2.4074     0.0261          0     28.250 328.492688  1022.1209     -0.166      0.016  0.000e+00
     -0.135    29.0712   5.751852    35.1050     2.3989    -0.0014          0     28.500 328.492691  1022.1186     -0.134      0.019  0.000e+00
     -0.135    29.0745   5.751110    35.0975     2.3917    -0.0067          0     28.750 328.492694  1022.1118     -0.134      0.021  0.000e+00
     -0.146    29.0790   5.745846    35.0580     2.3931    -0.0067          0     29.000 328.492697  1022.0805     -0.145      0.017  0.000e+00
     -0.167    29.0818   5.741203    35.0241     2.4120    -0.0052          0     29.250 328.492700  1022.0541     -0.166      0.007  0.000e+00
     -0.156    29.0871   5.740592    35.0159     2.4145    -0.0029          0     29.500 328.492703  1022.0462     -0.156      0.007  0.000e+00
     -0.146    29.0933   5.744316    35.0370     2.4101    -0.0052          0     29.750 328.492705  1022.0600     -0.145      0.006  0.000e+00
     -0.135    29.0964   5.747811    35.0587     2.4099     0.0002          0     30.000 328.492708  1022.0753     -0.134      0.011  0.000e+00
     -0.124    29.0978   5.746526    35.0489     2.4140    -0.0036          0     30.250 328.492711  1022.0676     -0.123      0.009  0.000e+00
     -0.124    29.0989   5.745784    35.0430     2.3881    -0.0021          0     30.500 328.492714  1022.0628     -0.123      0.008  0.000e+00
     -0.113    29.0988   5.746802    35.0501     2.3597     0.0116          0     30.750 328.492717  1022.0681     -0.113      0.017  0.000e+00
     -0.124    29.0979   5.744010    35.0316     2.3597     0.0093          0     31.000 328.492720  1022.0545     -0.123      0.022  0.000e+00
     -0.113    29.0970   5.739498    35.0011     2.3551     0.0055          0     31.250 328.492723  1022.0320     -0.113      0.026  0.000e+00
     -0.124    29.0974   5.741234    35.0128     2.3760     0.0162          0     31.500 328.492726  1022.0405     -0.123      0.017  0.000e+00
     -0.167    29.0981   5.741394    35.0134     2.3793     0.0406          0     31.750 328.492729  1022.0406     -0.166     -0.002  0.000e+00
     -0.167    29.0985   5.743360    35.0267     2.3965     0.0376          0     32.000 328.492731  1022.0504     -0.166     -0.017  0.000e+00
     -0.167    29.0972   5.745555    35.0426     2.3800     0.0292          0     32.250 328.492734  1022.0628     -0.166     -0.027  0.000e+00
     -0.167    29.0957   5.748362    35.0630     2.3864     0.0223          0     32.500 328.492737  1022.0787     -0.166     -0.032  0.000e+00
     -0.167    29.0940   5.749717    35.0736     2.3832     0.0047          0     32.750 328.492740  1022.0872     -0.166     -0.033  0.000e+00
     -0.135    29.0931   5.749992    35.0762     2.3349     0.0040          0     33.000 328.492743  1022.0895     -0.134     -0.019  0.000e+00
     -0.135    29.0920   5.749135    35.0711     2.3345     0.0109          0     33.250 328.492746  1022.0861     -0.134     -0.008  0.000e+00
     -0.113    29.0910   5.743329    35.0319     2.3060     0.0131          0     33.500 328.492749  1022.0571     -0.112      0.014  0.000e+00
     -0.102    29.0904   5.741494    35.0197     2.3076     0.0086          0     33.750 328.492752  1022.0482     -0.102      0.035  0.000e+00
     -0.113    29.0904   5.738015    34.9958     2.3339    -0.0166          0     34.000 328.492755  1022.0302     -0.112      0.037  0.000e+00
     -0.135    29.0949   5.732955    34.9577     2.3578    -0.0143          0     34.250 328.492758  1022.0000     -0.134      0.030  0.000e+00
     -0.135    29.1029   5.729135    34.9256     2.3488    -0.0242          0     34.500 328.492760  1021.9732     -0.134      0.020  0.000e+00
     -0.156    29.1062   5.724544    34.8917     2.3423    -0.0197          0     34.750 328.492763  1021.9466     -0.155      0.003  0.000e+00
     -0.135    29.1074   5.722200    34.8747     2.3591     0.0726          0     35.000 328.492766  1021.9335     -0.134     -0.009  0.000e+00
     -0.167    29.1082   5.725896    34.8995     2.3589     0.0719          0     35.250 328.492769  1021.9517     -0.166     -0.022  0.000e+00
     -0.178    29.1072   5.736639    34.9741     2.3447     0.0696          0     35.500 328.492772  1022.0080     -0.177     -0.035  0.000e+00
     -0.124    29.1043   5.742495    35.0164     2.3208     0.0726          0     35.750 328.492775  1022.0410     -0.123     -0.023  0.000e+00
     -0.113    29.1020   5.741945    35.0143     2.3172    -0.0296          0     36.000 328.492778  1022.0402     -0.112     -0.004  0.000e+00
     -0.059    29.1018   5.736280    34.9755     2.2958    -0.0326          0     36.250 328.492781  1022.0114     -0.058      0.026  0.000e+00
     -0.080    29.1019   5.729104    34.9261     2.2808    -0.0334          0     36.500 328.492784  1021.9742     -0.080      0.040  0.000e+00
     -0.091    29.1010   5.724704    34.8966     2.3074    -0.0311          0     36.750 328.492786  1021.9523     -0.091      0.047  0.000e+00
     -0.113    29.1007   5.728753    34.9246     2.3127    -0.0654          0     37.000 328.492789  1021.9733     -0.112      0.038  0.000e+00
     -0.124    29.0989   5.734575    34.9660     2.3220    -0.0647          0     37.250 328.492792  1022.0049     -0.123      0.031  0.000e+00
     -0.113    29.0957   5.739559    35.0025     2.3409    -0.0670          0     37.500 328.492795  1022.0334     -0.112      0.015  0.000e+00
     -0.102    29.0938   5.741555    35.0176     2.3628    -0.0624          0     37.750 328.492798  1022.0455     -0.102     -0.005  0.000e+00
     -0.081    29.0937   5.737908    34.9926     2.3502    -0.0662          0     38.000 328.492801  1022.0268     -0.080     -0.007  0.000e+00
     -0.081    29.0928   5.725537    34.9082     2.3242    -0.0227          0     38.250 328.492804  1021.9638     -0.080     -0.007  0.000e+00
     -0.189    29.0910   5.710027    34.8030     2.3068    -0.0273          0     38.500 328.492807  1021.8850     -0.188     -0.021  0.000e+00
     -0.297    29.0890   5.711819    34.8169     2.3256    -0.0258          0     38.750 328.492810  1021.8955     -0.295     -0.062  0.000e+00
     -0.351    29.0876   5.709607    34.8027     2.3291    -0.0326          0     39.000 328.492813  1021.8852     -0.349     -0.107  0.000e+00
     -0.351    29.0865   5.708425    34.7954     2.3002    48.6879          0     39.250 328.492815  1021.8800     -0.349     -0.141  0.000e+00
     -0.319    29.0855   5.704535    34.7694     2.3071    48.6795          0     39.500 328.492818  1021.8610     -0.317     -0.155  0.000e+00
     -0.308    29.0848   5.705069    34.7736     2.3140    48.6726          0     39.750 328.492821  1021.8644     -0.306     -0.149  0.000e+00
     -0.276    29.0838   5.710286    34.8101     2.3141    48.6864          0     40.000 328.492824  1021.8923     -0.274     -0.118  0.000e+00
     -0.222    29.0834   5.726790    34.9238     2.3198    -0.4019          0     40.250 328.492827  1021.9780     -0.220     -0.054  0.000e+00
     -0.124    29.0828   5.736341    34.9899     2.2945    -0.4019          0     40.500 328.492830  1022.0283     -0.124      0.045  0.000e+00
     -0.070    29.0758   5.739017    35.0133     2.2712    -0.3989          0     40.750 328.492833  1022.0484     -0.070      0.126  0.000e+00
     -0.059    29.0576   5.727424    34.9469     2.2534    -0.3989          0     41.000 328.492836  1022.0047     -0.059      0.166  0.000e+00
     -0.092    29.0473   5.706511    34.8107     2.2566     0.0467          0     41.250 328.492839  1021.9058     -0.091      0.163  0.000e+00
     -0.146    29.0430   5.692242    34.7158     2.2782     0.0391          0     41.500 328.492841  1021.8357     -0.145      0.128  0.000e+00
     -0.189    29.0482   5.701113    34.7730     2.2965     0.0521          0     41.750 328.492844  1021.8767     -0.188      0.079  0.000e+00
     -0.178    29.0542   5.716269    34.8728     2.2947     0.0444          0     42.000 328.492847  1021.9497     -0.177      0.028  0.000e+00
     -0.178    29.0582   5.719826    34.8943     2.3023     0.0467          0     42.250 328.492850  1021.9645     -0.177     -0.021  0.000e+00
     -0.178    29.0575   5.717177    34.8766     2.3247    -0.1044          0     42.500 328.492853  1021.9514     -0.177     -0.058  0.000e+00
     -0.146    29.0558   5.718994    34.8903     2.3183    -0.0998          0     42.750 328.492856  1021.9624     -0.145     -0.058  0.000e+00
     -0.124    29.0549   5.721307    34.9069     2.3519    -0.0998          0     43.000 328.492859  1021.9753     -0.123     -0.032  0.000e+00
     -0.059    29.0537   5.723774    34.9247     2.3336    -0.1066          0     43.250 328.492862  1021.9893     -0.059      0.019  0.000e+00
     -0.005    29.0522   5.727432    34.9509     2.2986    -0.0334          0     43.500 328.492865  1022.0098     -0.005      0.073  0.000e+00
      0.049    29.0500   5.731198    34.9785     2.2875    -0.0387          0     43.750 328.492867  1022.0314      0.049      0.117  0.000e+00
      0.114    29.0449   5.734530    35.0051     2.2862    -0.0426          0     44.000 328.492870  1022.0534      0.113      0.152  0.000e+00
      0.135    29.0371   5.735249    35.0157     2.2947    -0.0387          0     44.250 328.492873  1022.0640      0.135      0.176  0.000e+00
      0.146    29.0310   5.735830    35.0242     2.3022     0.0147          0     44.500 328.492876  1022.0725      0.145      0.182  0.000e+00
      0.168    29.0244   5.738437    35.0470     2.2638     0.0063          0     44.750 328.492879  1022.0919      0.167      0.172  0.000e+00
      0.157    29.0143   5.729908    34.9957     2.3052     0.0101          0     45.000 328.492882  1022.0568      0.156      0.146  0.000e+00
      0.125    29.0077   5.723194    34.9543     2.3300     0.0040          0     45.250 328.492885  1022.0277      0.124      0.099  0.000e+00
      0.103    29.0037   5.720087    34.9358     2.3351     0.0086          0     45.500 328.492888  1022.0151      0.102      0.052  0.000e+00
      0.092    29.0031   5.717362    34.9175     2.3321     0.0101          0     45.750 328.492891  1022.0015      0.092      0.009  0.000e+00
      0.092    29.0068   5.716301    34.9075     2.3458     0.0047          0     46.000 328.492894  1021.9927      0.092     -0.023  0.000e+00
      0.114    29.0104   5.722721    34.9490     2.3056     0.0093          0     46.250 328.492896  1022.0228      0.113     -0.030  0.000e+00
      0.168    29.0115   5.728434    34.9876     2.3139     0.0047          0     46.500 328.492899  1022.0516      0.167     -0.016  0.000e+00
      0.179    29.0105   5.727731    34.9834     2.3070     0.0620          0     46.750 328.492902  1022.0489      0.178      0.003  0.000e+00
      0.222    29.0120   5.731872    35.0108     2.3195     0.0635          0     47.000 328.492905  1022.0691      0.221      0.038  0.000e+00
      0.287    29.0133   5.737306    35.0474     2.3400     0.0574          0     47.250 328.492908  1022.0964      0.285      0.084  0.000e+00
      0.309    29.0125   5.743300    35.0891     2.3491     0.0574          0     47.500 328.492911  1022.1281      0.307      0.115  0.000e+00
      0.384    28.9986   5.747263    35.1267     2.3236    -0.0174          0     47.750 328.492914  1022.1613      0.382      0.148  0.000e+00
      0.417    28.9613   5.747852    35.1582     2.2901    -0.0174          0     48.000 328.492917  1022.1976      0.415      0.167  0.000e+00
      0.439    28.9144   5.742178    35.1536     2.4005    -0.0197          0     48.250 328.492920  1022.2099      0.436      0.170  0.000e+00
      0.428    28.8807   5.727115    35.0745     2.5077    -0.0151          0     48.500 328.492922  1022.1616      0.425      0.154  0.000e+00
      0.417    28.8470   5.727765    35.1038     2.5454     0.0063          0     48.750 328.492925  1022.1949      0.415      0.132  0.000e+00
      0.417    28.8255   5.736797    35.1820     2.5515     0.0093          0     49.000 328.492928  1022.2608      0.415      0.097  0.000e+00
      0.439    28.8159   5.745300    35.2480     2.5394     0.0078          0     49.250 328.492931  1022.3136      0.436      0.067  0.000e+00
      0.449    28.8094   5.745109    35.2515     2.5342     0.0070          0     49.500 328.492934  1022.3185      0.447      0.047  0.000e+00
      0.482    28.8040   5.745882    35.2608     2.5148     0.0589          0     49.750 328.492937  1022.3274      0.479      0.032  0.000e+00
      0.471    28.8000   5.746303    35.2666     2.4665     0.0513          0     50.000 328.492940  1022.3331      0.469      0.028  0.000e+00
      0.504    28.7954   5.746616    35.2722     2.4007     0.0635          0     50.250 328.492943  1022.3389      0.501      0.037  0.000e+00
      0.558    28.7896   5.746081    35.2728     2.3510     0.0559          0     50.500 328.492946  1022.3416      0.555      0.062  0.000e+00
      0.558    28.7806   5.745240    35.2737     2.3124     0.0604          0     50.750 328.492948  1022.3452      0.555      0.076  0.000e+00
      0.590    28.7691   5.745722    35.2855     2.2945     0.0208          0     51.000 328.492951  1022.3581      0.587      0.086  0.000e+00
      0.612    28.7597   5.746280    35.2963     2.2954     0.0192          0     51.250 328.492954  1022.3694      0.608      0.090  0.000e+00
      0.655    28.7454   5.744307    35.2933     2.1543     0.0200          0     51.500 328.492957  1022.3721      0.651      0.100  0.000e+00
      0.698    28.7224   5.739567    35.2775     2.1289     0.0170          0     51.750 328.492960  1022.3680      0.694      0.111  0.000e+00
      0.709    28.6979   5.738986    35.2916     2.5094     0.0406          0     52.000 328.492963  1022.3868      0.705      0.119  0.000e+00
      0.698    28.6804   5.739277    35.3066     2.5837     0.0459          0     52.250 328.492966  1022.4039      0.694      0.105  0.000e+00
      0.665    28.6661   5.740730    35.3274     2.5954     0.0528          0     52.500 328.492969  1022.4241      0.662      0.078  0.000e+00
      0.687    28.6599   5.740539    35.3306     2.6015     0.0513          0     52.750 328.492972  1022.4287      0.683      0.065  0.000e+00
      0.687    28.6537   5.738345    35.3201     2.6238     0.0170          0     53.000 328.492975  1022.4228      0.683      0.042  0.000e+00
      0.741    28.6403   5.736701    35.3186     2.6015     0.0185          0     53.250 328.492977  1022.4264      0.737      0.037  0.000e+00
      0.752    28.6240   5.736128    35.3267     2.5656     0.0208          0     53.500 328.492980  1022.4380      0.748      0.031  0.000e+00
      0.763    28.6116   5.736771    35.3404     2.4758     0.0208          0     53.750 328.492983  1022.4524      0.758      0.033  0.000e+00
      0.784    28.6069   5.737642    35.3499     2.3743     0.0376          0     54.000 328.492986  1022.4612      0.780      0.048  0.000e+00
      0.795    28.6065   5.738346    35.3551     2.3589     0.0330          0     54.250 328.492989  1022.4652      0.791      0.064  0.000e+00
      0.806    28.6062   5.738865    35.3589     2.3476     0.0292          0     54.500 328.492992  1022.4683      0.801      0.073  0.000e+00
      0.795    28.6032   5.739309    35.3643     2.3251     0.0376          0     54.750 328.492995  1022.4733      0.791      0.062  0.000e+00
      0.806    28.5973   5.739638    35.3709     2.3260     0.0345          0     55.000 328.492998  1022.4802      0.801      0.052  0.000e+00
      0.806    28.5902   5.738927    35.3713     2.3356    -0.0067          0     55.250 328.493001  1022.4829      0.801      0.034  0.000e+00
