ctd_kilwa/cnv/SBE19plus_01906740_2018_11_26_0046.cnv
* Sea-Bird SBE19plus  Data File:
* FileName = C:\Users\all user\Desktop\Mapping WWF\SBE19plus_01906740_2018_11_26_0046.hex
* Software version 2.6.3.104
* Temperature SN = 6740
* Conductivity SN = 6740
* System UpLoad Time = Nov 26 2018 19:54:47
* <ApplicationData>
* <Seaterm232>
# nquan = 13
# nvalues = 550                                   
# units = specified
# name 0 = prdM: Pressure, Strain Gauge [db]
# name 1 = tv290C: Temperature [ITS-90, deg C]
# name 2 = c0S/m: Conductivity [S/m]
# name 3 = sal00: Salinity, Practical [PSU]
# name 4 = sbeox0ML/L: Oxygen, SBE 43 [ml/l]
# name 5 = flECO-AFL: Fluorescence, WET Labs ECO-AFL/FL [mg/m^3]
# name 6 = nbf: Bottles Fired
# name 7 = timeS: Time, Elapsed [seconds]
# name 8 = timeJ: Julian Days
# name 9 = density00: Density [density, kg/m^3]
# name 10 = depSM: Depth [salt water, m], lat = 0.00
# name 11 = dz/dtM: Descent Rate [m/s]
# name 12 = flag:  0.000e+00
# span 0 =     -1.022,      5.303                 
# span 1 =    28.3185,    30.7877                 
# span 2 =   0.351526,   5.780877                 
# span 3 =     1.6405,    35.5764                 
# span 4 =     2.1289,     6.1288                 
# span 5 =    -0.4446,    48.6879                 
# span 6 =          0,          0                 
# span 7 =      0.000,    137.250                 
# span 8 = 328.492361, 328.493950                 
# span 9 =   996.6764,  1022.6531                 
# span 10 =     -1.016,      5.274                
# span 11 =     -0.889,      0.437                
# span 12 = 0.0000e+00, 0.0000e+00                
# interval = seconds: 0.25
# start_time = Nov 24 2018 11:49:00 [Instrument's time stamp, header]
# bad_flag = -9.990e-29
*END*
[from data line 445]
      5.303    28.3404   5.691207    35.2238     2.2833     0.0353          0    111.250 328.493649  1022.4739      5.274      0.011  0.000e+00
      5.282    28.3404   5.691108    35.2231     2.3976     0.0673          0    111.500 328.493652  1022.4733      5.252      0.010  0.000e+00
      5.195    28.3407   5.691016    35.2223     2.6904     0.0734          0    111.750 328.493655  1022.4722      5.166     -0.015  0.000e+00
      5.044    28.3400   5.690978    35.2226     2.9242     0.0673          0    112.000 328.493657  1022.4720      5.016     -0.076  0.000e+00
      4.914    28.3400   5.691108    35.2235     3.0337     0.0719          0    112.250 328.493660  1022.4721      4.887     -0.156  0.000e+00
      4.849    28.3397   5.690788    35.2215     3.0295     0.0521          0    112.500 328.493663  1022.4704      4.822     -0.229  0.000e+00
      4.860    28.3393   5.690247    35.2180     2.9992     0.0459          0    112.750 328.493666  1022.4680      4.833     -0.265  0.000e+00
      4.838    28.3376   5.689965    35.2173     2.9377     0.0391          0    113.000 328.493669  1022.4679      4.812     -0.281  0.000e+00
      4.687    28.3354   5.690057    35.2197     2.9155     0.0459          0    113.250 328.493672  1022.4698      4.661     -0.311  0.000e+00
      4.471    28.3335   5.690125    35.2216     2.9087     0.0467          0    113.500 328.493675  1022.4709      4.446     -0.349  0.000e+00
      4.243    28.3324   5.690132    35.2225     2.9039     0.0330          0    113.750 328.493678  1022.4710      4.220     -0.399  0.000e+00
      4.103    28.3324   5.690155    35.2228     2.9557     0.0337          0    114.000 328.493681  1022.4706      4.080     -0.447  0.000e+00
      4.060    28.3321   5.690125    35.2228     2.9459     0.0315          0    114.250 328.493683  1022.4706      4.037     -0.484  0.000e+00
      3.941    28.3318   5.690026    35.2224     2.9497     0.0353          0    114.500 328.493686  1022.4698      3.919     -0.530  0.000e+00
      3.789    28.3317   5.689927    35.2218     2.9686     0.0513          0    114.750 328.493689  1022.4688      3.769     -0.573  0.000e+00
      3.660    28.3312   5.689866    35.2218     2.9449     0.0513          0    115.000 328.493692  1022.4684      3.640     -0.577  0.000e+00
      3.465    28.3305   5.689805    35.2219     2.8906     0.0459          0    115.250 328.493695  1022.4679      3.446     -0.559  0.000e+00
      3.195    28.3299   5.689774    35.2222     2.8615     0.0414          0    115.500 328.493698  1022.4671      3.178     -0.573  0.000e+00
      3.022    28.3294   5.689759    35.2225     2.8208     0.0353          0    115.750 328.493701  1022.4668      3.005     -0.605  0.000e+00
      2.817    28.3291   5.689835    35.2234     2.7720     0.0376          0    116.000 328.493704  1022.4666      2.801     -0.672  0.000e+00
      2.601    28.3290   5.689865    35.2237     2.7736     0.0337          0    116.250 328.493707  1022.4660      2.586     -0.747  0.000e+00
      2.406    28.3291   5.689926    35.2241     2.7136     0.0307          0    116.500 328.493709  1022.4654      2.393     -0.789  0.000e+00
      2.157    28.3290   5.690025    35.2249     2.6798     0.0185          0    116.750 328.493712  1022.4650      2.145     -0.827  0.000e+00
      1.887    28.3293   5.689994    35.2246     2.6574     0.0200          0    117.000 328.493715  1022.4635      1.876     -0.868  0.000e+00
      1.649    28.3295   5.689964    35.2243     2.6268     0.0139          0    117.250 328.493718  1022.4622      1.640     -0.889  0.000e+00
      1.476    28.3298   5.689963    35.2241     2.6088     0.0200          0    117.500 328.493721  1022.4612      1.468     -0.887  0.000e+00
      1.325    28.3297   5.689864    35.2236     2.5770     0.0147          0    117.750 328.493724  1022.4602      1.318     -0.882  0.000e+00
      1.119    28.3296   5.689788    35.2232     2.5641     0.0147          0    118.000 328.493727  1022.4590      1.113     -0.866  0.000e+00
      0.849    28.3293   5.689674    35.2227     2.5574     0.0246          0    118.250 328.493730  1022.4576      0.844     -0.863  0.000e+00
      0.611    28.3291   5.689643    35.2227     2.5670     0.0185          0    118.500 328.493733  1022.4567      0.608     -0.864  0.000e+00
      0.416    28.3286   5.689673    35.2233     2.5697     0.0246          0    118.750 328.493736  1022.4565      0.414     -0.850  0.000e+00
      0.222    28.3285   5.689673    35.2234     2.5982    -0.0021          0    119.000 328.493738  1022.4558      0.221     -0.838  0.000e+00
      0.027    28.3283   5.690054    35.2263     2.6195    -0.0044          0    119.250 328.493741  1022.4571      0.027     -0.838  0.000e+00
     -0.243    28.3290   5.691745    35.2377     2.7280    -0.0052          0    119.500 328.493744  1022.4643     -0.242     -0.866  0.000e+00
     -0.405    28.3324   5.692926    35.2434     2.7942    -0.0059          0    119.750 328.493747  1022.4668     -0.403     -0.869  0.000e+00
     -0.514    28.3423   5.699075    35.2790     2.8074    -0.4332          0    120.000 328.493750  1022.4899     -0.511     -0.826  0.000e+00
     -0.513    28.3761   5.719258    35.3946     2.7515    -0.4317          0    120.250 328.493753  1022.5656     -0.511     -0.729  0.000e+00
     -0.492    28.4339   5.743502    35.5204     2.6891    -0.4401          0    120.500 328.493756  1022.6412     -0.489     -0.607  0.000e+00
     -0.492    28.5249   5.761332    35.5764     2.6121    -0.4378          0    120.750 328.493759  1022.6531     -0.489     -0.475  0.000e+00
     -0.459    28.6444   5.769818    35.5459     2.4938    -0.1929          0    121.000 328.493762  1022.5907     -0.457     -0.326  0.000e+00
     -0.449    28.7546   5.771410    35.4745     2.4645    -0.1860          0    121.250 328.493764  1022.5004     -0.446     -0.180  0.000e+00
     -0.459    28.8354   5.756893    35.3140     2.4211    -0.1921          0    121.500 328.493767  1022.3528     -0.457     -0.058  0.000e+00
     -0.470    28.8726   5.762038    35.3219     2.3959    -0.1929          0    121.750 328.493770  1022.3464     -0.468      0.004  0.000e+00
     -0.492    28.8848   5.768579    35.3581     2.3992    -0.1913          0    122.000 328.493773  1022.3694     -0.489      0.022  0.000e+00
     -0.459    28.9115   5.771905    35.3613     2.4202    -0.4370          0    122.250 328.493776  1022.3630     -0.457      0.017  0.000e+00
     -0.448    28.9451   5.772410    35.3399     2.4208    -0.4332          0    122.500 328.493779  1022.3357     -0.446      0.012  0.000e+00
     -0.416    28.9760   5.771888    35.3134     2.4272    -0.4401          0    122.750 328.493782  1022.3057     -0.414      0.019  0.000e+00
     -0.394    28.9988   5.771497    35.2938     2.4265    -0.4355          0    123.000 328.493785  1022.2834     -0.392      0.026  0.000e+00
     -0.384    29.0147   5.771566    35.2826     2.4173    -0.3943          0    123.250 328.493788  1022.2697     -0.382      0.040  0.000e+00
     -0.384    29.0264   5.772018    35.2770     2.4116    -0.4050          0    123.500 328.493791  1022.2616     -0.382      0.053  0.000e+00
     -0.405    29.0365   5.771818    35.2681     2.4094    -0.4027          0    123.750 328.493793  1022.2515     -0.403      0.053  0.000e+00
     -0.394    29.0446   5.772462    35.2666     2.4019    -0.3958          0    124.000 328.493796  1022.2477     -0.392      0.048  0.000e+00
     -0.405    29.0519   5.772408    35.2609     2.3981    -0.4439          0    124.250 328.493799  1022.2408     -0.403      0.027  0.000e+00
     -0.416    29.0584   5.772791    35.2587     2.3935    -0.4446          0    124.500 328.493802  1022.2370     -0.414      0.009  0.000e+00
     -0.449    29.0644   5.772730    35.2539     2.3882    -0.4339          0    124.750 328.493805  1022.2313     -0.446     -0.017  0.000e+00
     -0.481    29.0693   5.771089    35.2390     2.3812    -0.4408          0    125.000 328.493808  1022.2183     -0.478     -0.040  0.000e+00
     -0.502    29.0712   5.771396    35.2397     2.3850    -0.1601          0    125.250 328.493811  1022.2181     -0.500     -0.058  0.000e+00
     -0.492    29.0716   5.773212    35.2519     2.3759    -0.1623          0    125.500 328.493814  1022.2271     -0.489     -0.063  0.000e+00
     -0.470    29.0743   5.772461    35.2447     2.3708    -0.1669          0    125.750 328.493817  1022.2209     -0.467     -0.054  0.000e+00
     -0.416    29.0782   5.774416    35.2553     2.3650    -0.1723          0    126.000 328.493819  1022.2278     -0.414     -0.032  0.000e+00
     -0.373    29.0820   5.775520    35.2601     2.3604    -0.1654          0    126.250 328.493822  1022.2303     -0.371      0.005  0.000e+00
     -0.330    29.0895   5.774837    35.2498     2.3561     0.1848          0    126.500 328.493825  1022.2203     -0.328      0.049  0.000e+00
     -0.286    29.0954   5.774086    35.2403     2.3576     0.1879          0    126.750 328.493828  1022.2113     -0.285      0.096  0.000e+00
     -0.286    29.0978   5.773603    35.2352     2.3554     0.1924          0    127.000 328.493831  1022.2068     -0.285      0.123  0.000e+00
     -0.319    29.0986   5.773634    35.2349     2.3596     0.1924          0    127.250 328.493834  1022.2061     -0.317      0.120  0.000e+00
     -0.362    29.0991   5.773741    35.2352     2.3547    -0.1791          0    127.500 328.493837  1022.2060     -0.360      0.088  0.000e+00
     -0.394    29.0997   5.773511    35.2332     2.3571    -0.1791          0    127.750 328.493840  1022.2041     -0.392      0.041  0.000e+00
     -0.394    29.1002   5.773703    35.2342     2.3568    -0.1784          0    128.000 328.493843  1022.2047     -0.392     -0.005  0.000e+00
     -0.340    29.1006   5.773603    35.2332     2.3574    -0.1768          0    128.250 328.493845  1022.2040     -0.338     -0.024  0.000e+00
     -0.243    29.1012   5.773212    35.2300     2.3524     0.2115          0    128.500 328.493848  1022.2019     -0.241     -0.007  0.000e+00
     -0.221    29.1014   5.772890    35.2276     2.3438     0.2161          0    128.750 328.493851  1022.2001     -0.220      0.021  0.000e+00
     -0.221    29.1009   5.772921    35.2282     2.3455     0.2176          0    129.000 328.493854  1022.2007     -0.220      0.056  0.000e+00
     -0.221    29.0999   5.772660    35.2272     2.3437     0.2176          0    129.250 328.493857  1022.2003     -0.220      0.087  0.000e+00
     -0.221    29.0988   5.772744    35.2286     2.3456     0.0833          0    129.500 328.493860  1022.2017     -0.220      0.103  0.000e+00
     -0.200    29.0981   5.771986    35.2238     2.3445     0.0803          0    129.750 328.493863  1022.1985     -0.198      0.104  0.000e+00
     -0.210    29.0972   5.771526    35.2213     2.3479     0.0803          0    130.000 328.493866  1022.1968     -0.209      0.080  0.000e+00
     -0.210    29.0952   5.771150    35.2202     2.3441     0.0734          0    130.250 328.493869  1022.1966     -0.209      0.044  0.000e+00
     -0.211    29.0926   5.771173    35.2223     2.3483     0.0795          0    130.500 328.493872  1022.1991     -0.209      0.014  0.000e+00
     -0.200    29.0905   5.771396    35.2254     2.3434     0.0139          0    130.750 328.493874  1022.2021     -0.199      0.010  0.000e+00
     -0.200    29.0888   5.771173    35.2251     2.3485     0.0070          0    131.000 328.493877  1022.2025     -0.199      0.011  0.000e+00
     -0.189    29.0878   5.771871    35.2306     2.3527     0.0063          0    131.250 328.493880  1022.2070     -0.188      0.013  0.000e+00
     -0.275    29.0872   5.772438    35.2350     2.3498     0.0063          0    131.500 328.493883  1022.2102     -0.274     -0.010  0.000e+00
     -0.351    29.0883   5.772147    35.2322     2.3553     0.0063          0    131.750 328.493886  1022.2074     -0.349     -0.050  0.000e+00
     -0.351    29.0893   5.773151    35.2384     2.3558     0.0055          0    132.000 328.493889  1022.2117     -0.349     -0.074  0.000e+00
     -0.373    29.0910   5.773381    35.2387     2.3542     0.0086          0    132.250 328.493892  1022.2112     -0.371     -0.097  0.000e+00
     -0.373    29.0932   5.773672    35.2391     2.3570     0.0047          0    132.500 328.493895  1022.2108     -0.371     -0.109  0.000e+00
     -0.351    29.0954   5.773764    35.2381     2.3790     0.2512          0    132.750 328.493898  1022.2094     -0.349     -0.104  0.000e+00
     -0.427    29.0976   5.773741    35.2364     2.3762     0.2497          0    133.000 328.493900  1022.2071     -0.425     -0.107  0.000e+00
     -0.567    29.0996   5.773380    35.2324     2.3492     0.2451          0    133.250 328.493903  1022.2029     -0.564     -0.133  0.000e+00
     -0.784    29.1007   5.773181    35.2303     2.3846     0.2504          0    133.500 328.493906  1022.2000     -0.779     -0.188  0.000e+00
     -0.968    29.1014   5.773020    35.2287     2.3918     0.5701          0    133.750 328.493909  1022.1978     -0.962     -0.281  0.000e+00
     -1.000    29.1020   5.772897    35.2275     2.4786     0.5670          0    134.000 328.493912  1022.1965     -0.995     -0.361  0.000e+00
     -1.000    29.1023   2.483799    13.8359     2.7698     0.5686          0    134.250 328.493915  1006.2197     -0.995     -0.399  0.000e+00
     -1.011    29.0995   0.994760     5.1316     2.9015     0.5640          0    134.500 328.493918   999.7452     -1.005     -0.403  0.000e+00
     -1.011    29.0907   1.042294     5.3968     2.9019     0.5640          0    134.750 328.493921   999.9453     -1.005     -0.365  0.000e+00
     -1.000    29.0758   1.090343     5.6668     2.8919    -0.2157          0    135.000 328.493924  1000.1509     -0.995     -0.274  0.000e+00
     -0.989    29.0593   1.045008     5.4154     2.8778    -0.2188          0    135.250 328.493927   999.9687     -0.984     -0.162  0.000e+00
     -0.979    29.0440   1.029672     5.3316     2.9091    -0.2180          0    135.500 328.493929   999.9110     -0.973     -0.057  0.000e+00
     -1.011    29.0261   0.979587     5.0551     3.0121    -0.2150          0    135.750 328.493932   999.7102     -1.006     -0.005  0.000e+00
     -0.989    29.0081   0.924497     4.7520     3.2395     0.3565          0    136.000 328.493935   999.4900     -0.984      0.006  0.000e+00
     -1.011    28.9893   1.345960     7.1251     3.2116     0.3610          0    136.250 328.493938  1001.2622     -1.006      0.003  0.000e+00
     -1.000    28.9686   1.188617     6.2328     3.1937     0.3549          0    136.500 328.493941  1000.6044     -0.995      0.003  0.000e+00
     -1.011    28.9478   1.231366     6.4778     3.1991     0.3610          0    136.750 328.493944  1000.7929     -1.005     -0.004  0.000e+00
     -1.022    28.9292   1.035416     5.3763     3.1691    -0.2249          0    137.000 328.493947   999.9784     -1.016     -0.013  0.000e+00
     -1.000    28.9130   0.949225     4.8982     3.0922    -0.2280          0    137.250 328.493950   999.6273     -0.995     -0.012  0.000e+00
