ctd_kilwa/cnv/SBE19plus_01906740_2018_11_26_0058.cnv
* Sea-Bird SBE19plus  Data File:
* FileName = C:\Users\all user\Desktop\Mapping WWF\SBE19plus_01906740_2018_11_26_0058.hex
* Software version 2.6.3.104
* Temperature SN = 6740
* Conductivity SN = 6740
* System UpLoad Time = Nov 26 2018 19:58:02
* <ApplicationData>
* <Seaterm232>
# nquan = 13
# nvalues = 1111                                  
# units = specified
# name 0 = prdM: Pressure, Strain Gauge [db]
# name 1 = tv290C: Temperature [ITS-90, deg C]
# name 2 = c0S/m: Conductivity [S/m]
# name 3 = sal00: Salinity, Practical [PSU]
# name 4 = sbeox0ML/L: Oxygen, SBE 43 [ml/l]
# name 5 = flECO-AFL: Fluorescence, WET Labs ECO-AFL/FL [mg/m^3]
# name 6 = nbf: Bottles Fired
# name 7 = timeS: Time, Elapsed [seconds]
# name 8 = timeJ: Julian Days
# name 9 = density00: Density [density, kg/m^3]
# name 10 = depSM: Depth [salt water, m], lat = 0.00
# name 11 = dz/dtM: Descent Rate [m/s]
# name 12 = flag:  0.000e+00
# span 0 =     -0.995,     26.537                 
# span 1 =    27.1049,    30.8670                 
# span 2 =   0.363797,   5.841752                 
# span 3 =     1.7906,    36.0040                 
# span 4 =     1.8903,     3.4239                 
# span 5 =    -0.4393,    48.6856                 
# span 6 =          0,          0                 
# span 7 =      0.000,    277.500                 
# span 8 = 329.431910, 329.435122                 
# span 9 =   997.0982,  1022.9403                 
# span 10 =     -0.990,     26.390                
# span 11 =     -0.589,      0.734                
# span 12 = 0.0000e+00, 0.0000e+00                
# interval = seconds: 0.25
# start_time = Nov 25 2018 10:21:57 [Instrument's time stamp, header]
# bad_flag = -9.990e-29
*END*
[from data line 667]
     17.696    27.3702   5.582487    35.1817     2.5824     0.1161          0    166.750 329.433840  1022.8117     17.598      0.405  0.000e+00
     17.826    27.3589   5.581429    35.1827     2.5906     0.1184          0    167.000 329.433843  1022.8167     17.727      0.401  0.000e+00
     17.988    27.3509   5.580871    35.1847     2.5839     0.1161          0    167.250 329.433845  1022.8214     17.889      0.422  0.000e+00
     18.107    27.3462   5.580622    35.1864     2.5822     0.1146          0    167.500 329.433848  1022.8248     18.007      0.446  0.000e+00
     18.204    27.3448   5.580841    35.1890     2.5741     0.1169          0    167.750 329.433851  1022.8275     18.104      0.462  0.000e+00
     18.280    27.3438   5.580901    35.1902     2.5656     0.1192          0    168.000 329.433854  1022.8291     18.179      0.464  0.000e+00
     18.345    27.3392   5.580312    35.1894     2.5568     0.1245          0    168.250 329.433857  1022.8303     18.243      0.447  0.000e+00
     18.421    27.3310   5.578915    35.1856     2.5515     0.1161          0    168.500 329.433860  1022.8304     18.319      0.424  0.000e+00
     18.496    27.3246   5.578258    35.1858     2.5397     0.1177          0    168.750 329.433863  1022.8330     18.394      0.391  0.000e+00
     18.529    27.3207   5.578145    35.1879     2.5378     0.1131          0    169.000 329.433866  1022.8359     18.426      0.340  0.000e+00
     18.572    27.3187   5.578228    35.1900     2.5319     0.1161          0    169.250 329.433869  1022.8383     18.469      0.288  0.000e+00
     18.605    27.3170   5.578138    35.1906     2.5296     0.1177          0    169.500 329.433872  1022.8395     18.501      0.249  0.000e+00
     18.583    27.3151   5.577919    35.1905     2.5279     0.1138          0    169.750 329.433874  1022.8399     18.480      0.203  0.000e+00
     18.572    27.3106   5.577300    35.1895     2.5235     0.1344          0    170.000 329.433877  1022.8405     18.469      0.155  0.000e+00
     18.507    27.3052   5.576522    35.1881     2.5192     0.1390          0    170.250 329.433880  1022.8410     18.405      0.090  0.000e+00
     18.475    27.2992   5.575593    35.1860     2.5158     0.1383          0    170.500 329.433883  1022.8412     18.372      0.023  0.000e+00
     18.496    27.2943   5.575216    35.1870     2.5361     0.1398          0    170.750 329.433886  1022.8436     18.394     -0.022  0.000e+00
     18.486    27.2930   5.575427    35.1895     2.5535     0.1360          0    171.000 329.433889  1022.8458     18.383     -0.049  0.000e+00
     18.507    27.2957   5.575994    35.1915     2.5442     0.1375          0    171.250 329.433892  1022.8466     18.405     -0.059  0.000e+00
     18.529    27.2995   5.576582    35.1928     2.5336     0.1329          0    171.500 329.433895  1022.8465     18.426     -0.048  0.000e+00
     18.572    27.3035   5.577051    35.1931     2.5280     0.1375          0    171.750 329.433898  1022.8455     18.469     -0.011  0.000e+00
     18.637    27.3072   5.577420    35.1929     2.5201     0.1146          0    172.000 329.433900  1022.8445     18.534      0.038  0.000e+00
     18.723    27.3120   5.577798    35.1920     2.5149     0.1146          0    172.250 329.433903  1022.8426     18.620      0.103  0.000e+00
     18.842    27.3171   5.578289    35.1916     2.4994     0.1207          0    172.500 329.433906  1022.8412     18.738      0.168  0.000e+00
     18.929    27.3210   5.578568    35.1906     2.4943     0.1161          0    172.750 329.433909  1022.8396     18.824      0.223  0.000e+00
     18.972    27.3237   5.578636    35.1890     2.4862     0.1138          0    173.000 329.433912  1022.8377     18.867      0.266  0.000e+00
     18.993    27.3256   5.578727    35.1882     2.4748     0.1138          0    173.250 329.433915  1022.8366     18.888      0.279  0.000e+00
     19.037    27.3268   5.578787    35.1877     2.4754     0.1123          0    173.500 329.433918  1022.8360     18.931      0.278  0.000e+00
     19.047    27.3276   5.578817    35.1873     2.4659     0.1169          0    173.750 329.433921  1022.8355     18.942      0.251  0.000e+00
     19.091    27.3283   5.578848    35.1870     2.4552     0.1200          0    174.000 329.433924  1022.8352     18.985      0.216  0.000e+00
     19.112    27.3290   5.578916    35.1869     2.4573     0.1360          0    174.250 329.433927  1022.8350     19.006      0.174  0.000e+00
     19.145    27.3293   5.578946    35.1869     2.4633     0.1390          0    174.500 329.433929  1022.8351     19.038      0.137  0.000e+00
     19.220    27.3291   5.578848    35.1864     2.4704     0.1421          0    174.750 329.433932  1022.8350     19.114      0.132  0.000e+00
     19.263    27.3284   5.578727    35.1860     2.4788     0.1459          0    175.000 329.433935  1022.8351     19.157      0.142  0.000e+00
     19.339    27.3286   5.578727    35.1858     2.4808     0.1444          0    175.250 329.433938  1022.8353     19.232      0.164  0.000e+00
     19.415    27.3306   5.579082    35.1868     2.4925     0.1291          0    175.500 329.433941  1022.8357     19.307      0.189  0.000e+00
     19.480    27.3334   5.579475    35.1875     2.4723     0.1261          0    175.750 329.433944  1022.8356     19.372      0.218  0.000e+00
     19.545    27.3329   5.579225    35.1861     2.4713     0.1383          0    176.000 329.433947  1022.8350     19.436      0.239  0.000e+00
     19.642    27.3305   5.578636    35.1837     2.4647     0.1344          0    176.250 329.433950  1022.8343     19.533      0.266  0.000e+00
     19.696    27.3281   5.578229    35.1826     2.4573     0.1398          0    176.500 329.433953  1022.8345     19.587      0.278  0.000e+00
     19.750    27.3245   5.577761    35.1820     2.4560     0.1383          0    176.750 329.433955  1022.8355     19.641      0.277  0.000e+00
     19.804    27.3197   5.577202    35.1816     2.4543     0.1459          0    177.000 329.433958  1022.8369     19.694      0.275  0.000e+00
     19.880    27.3134   5.576402    35.1806     2.4593     0.1367          0    177.250 329.433961  1022.8386     19.769      0.268  0.000e+00
     19.988    27.3077   5.575994    35.1820     2.4468     0.1238          0    177.500 329.433964  1022.8419     19.877      0.275  0.000e+00
     20.096    27.3037   5.575753    35.1832     2.4505     0.1161          0    177.750 329.433967  1022.8446     19.984      0.292  0.000e+00
     20.269    27.3000   5.575496    35.1841     2.4396     0.1154          0    178.000 329.433970  1022.8472     20.156      0.331  0.000e+00
     20.377    27.2967   5.575277    35.1851     2.4497     0.1161          0    178.250 329.433973  1022.8494     20.264      0.369  0.000e+00
     20.517    27.2895   5.574349    35.1838     2.4526     0.0917          0    178.500 329.433976  1022.8514     20.404      0.421  0.000e+00
     20.615    27.2760   5.572145    35.1783     2.4489     0.0910          0    178.750 329.433979  1022.8520     20.500      0.458  0.000e+00
     20.755    27.2610   5.570288    35.1764     2.4463     0.0978          0    179.000 329.433981  1022.8561     20.640      0.490  0.000e+00
     20.885    27.2488   5.569421    35.1794     2.4441     0.0864          0    179.250 329.433984  1022.8628     20.769      0.507  0.000e+00
     21.004    27.2410   5.569112    35.1830     2.4457     0.1161          0    179.500 329.433987  1022.8685     20.887      0.509  0.000e+00
     21.144    27.2392   5.569421    35.1866     2.4497     0.1161          0    179.750 329.433990  1022.8724     21.027      0.510  0.000e+00
     21.231    27.2395   5.569670    35.1881     2.4312     0.1230          0    180.000 329.433993  1022.8738     21.113      0.493  0.000e+00
     21.371    27.2380   5.569572    35.1885     2.4276     0.1222          0    180.250 329.433996  1022.8752     21.253      0.495  0.000e+00
     21.544    27.2351   5.568954    35.1862     2.4330     0.1299          0    180.500 329.433999  1022.8751     21.425      0.506  0.000e+00
     21.674    27.2331   5.568674    35.1857     2.4246     0.1360          0    180.750 329.434002  1022.8759     21.554      0.520  0.000e+00
     21.879    27.2334   5.568863    35.1868     2.4167     0.1306          0    181.000 329.434005  1022.8775     21.758      0.545  0.000e+00
     22.074    27.2320   5.568644    35.1862     2.4112     0.1268          0    181.250 329.434008  1022.8784     21.951      0.584  0.000e+00
     22.247    27.2300   5.568245    35.1848     2.4132     0.1261          0    181.500 329.434010  1022.8787     22.123      0.624  0.000e+00
     22.452    27.2272   5.567905    35.1845     2.4191     0.1306          0    181.750 329.434013  1022.8803     22.328      0.668  0.000e+00
     22.625    27.2251   5.567747    35.1849     2.4084     0.1253          0    182.000 329.434016  1022.8820     22.500      0.708  0.000e+00
     22.809    27.2233   5.567657    35.1855     2.4143     0.1322          0    182.250 329.434019  1022.8838     22.682      0.728  0.000e+00
     22.971    27.2199   5.567249    35.1851     2.4188     0.1276          0    182.500 329.434022  1022.8853     22.844      0.732  0.000e+00
     23.144    27.2153   5.566661    35.1844     2.4379     0.1322          0    182.750 329.434025  1022.8870     23.016      0.734  0.000e+00
     23.317    27.2102   5.566140    35.1845     2.4382     0.1261          0    183.000 329.434028  1022.8894     23.188      0.718  0.000e+00
     23.457    27.2054   5.565763    35.1854     2.4355     0.1329          0    183.250 329.434031  1022.8923     23.327      0.698  0.000e+00
     23.587    27.1990   5.565002    35.1847     2.4268     0.1245          0    183.500 329.434034  1022.8943     23.456      0.673  0.000e+00
     23.695    27.1935   5.564436    35.1848     2.4231     0.1245          0    183.750 329.434036  1022.8967     23.564      0.633  0.000e+00
     23.771    27.1896   5.564187    35.1860     2.4186     0.1299          0    184.000 329.434039  1022.8991     23.639      0.586  0.000e+00
     23.814    27.1867   5.564066    35.1873     2.4051     0.1329          0    184.250 329.434042  1022.9013     23.682      0.520  0.000e+00
     23.846    27.1841   5.563908    35.1881     2.4053     0.1352          0    184.500 329.434045  1022.9028     23.714      0.444  0.000e+00
     23.901    27.1813   5.563720    35.1889     2.4042     0.1673          0    184.750 329.434048  1022.9045     23.768      0.367  0.000e+00
     23.944    27.1790   5.563599    35.1897     2.3873     0.1619          0    185.000 329.434051  1022.9061     23.811      0.298  0.000e+00
     23.965    27.1770   5.563554    35.1910     2.3879     0.1550          0    185.250 329.434054  1022.9078     23.832      0.239  0.000e+00
     23.987    27.1759   5.563441    35.1909     2.3924     0.1596          0    185.500 329.434057  1022.9082     23.854      0.189  0.000e+00
     23.965    27.1751   5.563380    35.1911     2.3937     0.1604          0    185.750 329.434060  1022.9085     23.832      0.142  0.000e+00
     23.933    27.1743   5.563260    35.1909     2.3876     0.1352          0    186.000 329.434062  1022.9084     23.800      0.096  0.000e+00
     23.890    27.1741   5.563169    35.1904     2.3881     0.1215          0    186.250 329.434065  1022.9080     23.757      0.049  0.000e+00
     23.900    27.1737   5.563131    35.1905     2.3909     0.1360          0    186.500 329.434068  1022.9082     23.768      0.011  0.000e+00
     23.879    27.1731   5.563071    35.1905     2.3857     0.1276          0    186.750 329.434071  1022.9083     23.746     -0.028  0.000e+00
     23.846    27.1732   5.563101    35.1906     2.3787     0.1421          0    187.000 329.434074  1022.9082     23.714     -0.060  0.000e+00
     23.879    27.1740   5.563229    35.1909     2.3785     0.1390          0    187.250 329.434077  1022.9084     23.746     -0.065  0.000e+00
     23.943    27.1744   5.563260    35.1908     2.3715     0.1367          0    187.500 329.434080  1022.9084     23.811     -0.041  0.000e+00
     24.084    27.1753   5.563199    35.1897     2.3691     0.1390          0    187.750 329.434083  1022.9078     23.950      0.029  0.000e+00
     24.225    27.1764   5.563260    35.1892     2.3702     0.1421          0    188.000 329.434086  1022.9077     24.090      0.122  0.000e+00
     24.333    27.1768   5.563320    35.1893     2.3724     0.1436          0    188.250 329.434089  1022.9082     24.198      0.217  0.000e+00
     24.419    27.1762   5.562920    35.1869     2.3609     0.1482          0    188.500 329.434091  1022.9069     24.284      0.293  0.000e+00
     24.527    27.1751   5.562679    35.1860     2.3591     0.1512          0    188.750 329.434094  1022.9070     24.391      0.367  0.000e+00
     24.657    27.1746   5.562642    35.1860     2.3665     0.1329          0    189.000 329.434097  1022.9078     24.520      0.426  0.000e+00
     24.776    27.1749   5.562732    35.1864     2.3554     0.1352          0    189.250 329.434100  1022.9085     24.638      0.454  0.000e+00
     24.906    27.1749   5.562702    35.1862     2.3665     0.1314          0    189.500 329.434103  1022.9089     24.767      0.466  0.000e+00
     25.014    27.1743   5.562544    35.1854     2.3650     0.1383          0    189.750 329.434106  1022.9089     24.875      0.459  0.000e+00
     25.143    27.1735   5.562423    35.1852     2.3813     0.1398          0    190.000 329.434109  1022.9096     25.004      0.463  0.000e+00
     25.273    27.1723   5.562174    35.1843     2.3850     0.1314          0    190.250 329.434112  1022.9099     25.133      0.477  0.000e+00
     25.435    27.1701   5.561812    35.1833     2.3906     0.1390          0    190.500 329.434115  1022.9105     25.294      0.501  0.000e+00
     25.543    27.1675   5.561526    35.1831     2.3975     0.1406          0    190.750 329.434117  1022.9117     25.401      0.509  0.000e+00
     25.662    27.1656   5.561337    35.1833     2.3955     0.1322          0    191.000 329.434120  1022.9129     25.520      0.509  0.000e+00
     25.781    27.1648   5.561436    35.1845     2.3953     0.1375          0    191.250 329.434123  1022.9146     25.638      0.509  0.000e+00
     25.889    27.1659   5.561586    35.1848     2.3873     0.1390          0    191.500 329.434126  1022.9149     25.745      0.503  0.000e+00
     25.997    27.1670   5.561775    35.1852     2.3798     0.1283          0    191.750 329.434129  1022.9154     25.853      0.494  0.000e+00
     26.062    27.1670   5.561775    35.1852     2.3604     0.1306          0    192.000 329.434132  1022.9156     25.917      0.466  0.000e+00
     26.127    27.1655   5.561458    35.1840     2.3636     0.1520          0    192.250 329.434135  1022.9155     25.982      0.429  0.000e+00
     26.246    27.1658   5.561466    35.1839     2.3670     0.1451          0    192.500 329.434138  1022.9158     26.100      0.400  0.000e+00
     26.300    27.1665   5.561685    35.1848     2.3678     0.1505          0    192.750 329.434141  1022.9165     26.154      0.376  0.000e+00
     26.386    27.1600   5.560599    35.1820     2.3692     0.1482          0    193.000 329.434144  1022.9168     26.240      0.353  0.000e+00
     26.451    27.1468   5.558616    35.1778     2.3709     0.1459          0    193.250 329.434146  1022.9182     26.304      0.331  0.000e+00
     26.505    27.1353   5.557598    35.1792     2.3842     0.1497          0    193.500 329.434149  1022.9232     26.358      0.310  0.000e+00
     26.516    27.1264   5.556829    35.1805     2.3704     0.1489          0    193.750 329.434152  1022.9270     26.368      0.279  0.000e+00
     26.483    27.1193   5.556558    35.1839     2.3814     0.1459          0    194.000 329.434155  1022.9317     26.336      0.235  0.000e+00
