ctd_kilwa/cnv/SBE19plus_01906740_2018_11_26_0065.cnv
* Sea-Bird SBE19plus  Data File:
* FileName = C:\Users\all user\Desktop\Mapping WWF\SBE19plus_01906740_2018_11_26_0065.hex
* Software version 2.6.3.104
* Temperature SN = 6740
* Conductivity SN = 6740
* System UpLoad Time = Nov 26 2018 19:59:18
* <ApplicationData>
* <Seaterm232>
# nquan = 13
# nvalues = 741                                   
# units = specified
# name 0 = prdM: Pressure, Strain Gauge [db]
# name 1 = tv290C: Temperature [ITS-90, deg C]
# name 2 = c0S/m: Conductivity [S/m]
# name 3 = sal00: Salinity, Practical [PSU]
# name 4 = sbeox0ML/L: Oxygen, SBE 43 [ml/l]
# name 5 = flECO-AFL: Fluorescence, WET Labs ECO-AFL/FL [mg/m^3]
# name 6 = nbf: Bottles Fired
# name 7 = timeS: Time, Elapsed [seconds]
# name 8 = timeJ: Julian Days
# name 9 = density00: Density [density, kg/m^3]
# name 10 = depSM: Depth [salt water, m], lat = 0.00
# name 11 = dz/dtM: Descent Rate [m/s]
# name 12 = flag:  0.000e+00
# span 0 =     -1.020,     12.097                 
# span 1 =    28.3508,    29.2306                 
# span 2 =   0.409949,   5.897660                 
# span 3 =     2.0085,    36.1716                 
# span 4 =     2.1840,     3.7931                 
# span 5 =    -0.4385,    48.6856                 
# span 6 =          0,          0                 
# span 7 =      0.000,    185.000                 
# span 8 = 329.570833, 329.572975                 
# span 9 =   997.5415,  1022.9456                 
# span 10 =     -1.015,     12.030                
# span 11 =     -0.993,      0.351                
# span 12 = 0.0000e+00, 0.0000e+00                
# interval = seconds: 0.25
# start_time = Nov 25 2018 13:42:00 [Instrument's time stamp, header]
# bad_flag = -9.990e-29
*END*
[from data line 112]
      3.042    28.8465   5.806250    35.6463     2.3662     0.0620          0     28.000 329.571157  1022.6138      3.025      0.206  0.000e+00
      3.074    28.8469   5.812829    35.6916     2.3684     0.0574          0     28.250 329.571160  1022.6478      3.057      0.210  0.000e+00
      3.161    28.8431   5.803277    35.6282     2.3591     0.0437          0     28.500 329.571163  1022.6019      3.143      0.220  0.000e+00
      3.236    28.8371   5.792672    35.5592     2.3592     0.0452          0     28.750 329.571166  1022.5523      3.219      0.241  0.000e+00
      3.323    28.8235   5.792449    35.5678     2.3582     0.0475          0     29.000 329.571169  1022.5637      3.305      0.267  0.000e+00
      3.366    28.8074   5.795052    35.5979     2.3480     0.0528          0     29.250 329.571172  1022.5918      3.348      0.274  0.000e+00
      3.410    28.8007   5.792765    35.5870     2.3446     0.0414          0     29.500 329.571175  1022.5861      3.391      0.262  0.000e+00
      3.464    28.7954   5.789349    35.5673     2.3490     0.0475          0     29.750 329.571178  1022.5732      3.444      0.253  0.000e+00
      3.582    28.7804   5.780565    35.5176     2.3462     0.0459          0     30.000 329.571181  1022.5414      3.563      0.264  0.000e+00
      3.669    28.7520   5.774424    35.4962     2.3455     0.0482          0     30.250 329.571183  1022.5352      3.649      0.279  0.000e+00
      3.755    28.7207   5.775590    35.5276     2.3498     0.0475          0     30.500 329.571186  1022.5696      3.735      0.286  0.000e+00
      3.820    28.6956   5.782063    35.5913     2.3426     0.0772          0     30.750 329.571189  1022.6261      3.799      0.294  0.000e+00
      3.863    28.6860   5.790357    35.6561     2.3376     0.0688          0     31.000 329.571192  1022.6782      3.842      0.295  0.000e+00
      3.885    28.6825   5.798472    35.7151     2.3332     0.0726          0     31.250 329.571195  1022.7237      3.864      0.288  0.000e+00
      3.928    28.6772   5.803342    35.7529     2.3233     0.0719          0     31.500 329.571198  1022.7542      3.907      0.270  0.000e+00
      3.972    28.6686   5.806054    35.7782     2.3186     0.0742          0     31.750 329.571201  1022.7762      3.950      0.241  0.000e+00
      4.004    28.6592   5.806861    35.7909     2.3147     0.0665          0     32.000 329.571204  1022.7890      3.982      0.200  0.000e+00
      4.069    28.6515   5.805040    35.7841     2.3068     0.0757          0     32.250 329.571207  1022.7867      4.046      0.181  0.000e+00
      4.134    28.6486   5.796192    35.7247     2.2986     0.0734          0     32.500 329.571209  1022.7433      4.111      0.175  0.000e+00
      4.220    28.6472   5.781749    35.6253     2.3024     0.0711          0     32.750 329.571212  1022.6694      4.197      0.190  0.000e+00
      4.296    28.6359   5.769951    35.5517     2.3000     0.0673          0     33.000 329.571215  1022.6182      4.272      0.216  0.000e+00
      4.415    28.6100   5.761884    35.5150     2.2971     0.0681          0     33.250 329.571218  1022.5998      4.390      0.256  0.000e+00
      4.469    28.5773   5.759427    35.5224     2.3021     0.0734          0     33.500 329.571221  1022.6164      4.444      0.282  0.000e+00
      4.479    28.5538   5.762942    35.5644     2.3024     0.0719          0     33.750 329.571224  1022.6558      4.455      0.285  0.000e+00
      4.577    28.5426   5.763211    35.5747     2.3018     0.0704          0     34.000 329.571227  1022.6677      4.551      0.292  0.000e+00
      4.652    28.5362   5.760232    35.5588     2.3017     0.0749          0     34.250 329.571230  1022.6581      4.627      0.290  0.000e+00
      4.739    28.5249   5.759359    35.5611     2.2990     0.0688          0     34.500 329.571233  1022.6640      4.713      0.290  0.000e+00
      4.804    28.5122   5.757499    35.5577     2.2919     0.0726          0     34.750 329.571236  1022.6659      4.777      0.283  0.000e+00
      4.869    28.5024   5.757843    35.5674     2.3048     0.0467          0     35.000 329.571238  1022.6767      4.842      0.278  0.000e+00
      4.923    28.4944   5.756450    35.5636     2.2974     0.0452          0     35.250 329.571241  1022.6768      4.896      0.270  0.000e+00
      5.009    28.4872   5.753993    35.5519     2.3001     0.0437          0     35.500 329.571244  1022.6707      4.982      0.282  0.000e+00
      5.052    28.4789   5.752340    35.5466     2.2994     0.0444          0     35.750 329.571247  1022.6697      5.025      0.284  0.000e+00
      5.107    28.4684   5.751284    35.5471     2.2987     0.0498          0     36.000 329.571250  1022.6738      5.078      0.265  0.000e+00
      5.128    28.4583   5.750925    35.5522     2.3017     0.0528          0     36.250 329.571253  1022.6810      5.100      0.243  0.000e+00
      5.182    28.4495   5.751086    35.5599     2.2988     0.0574          0     36.500 329.571256  1022.6899      5.154      0.223  0.000e+00
      5.215    28.4421   5.756161    35.6008     2.3000     0.0543          0     36.750 329.571259  1022.7233      5.186      0.206  0.000e+00
      5.269    28.4397   5.759460    35.6257     2.3084     0.0650          0     37.000 329.571262  1022.7430      5.240      0.193  0.000e+00
      5.355    28.4415   5.755028    35.5934     2.3087     0.0620          0     37.250 329.571264  1022.7185      5.326      0.194  0.000e+00
      5.431    28.4410   5.752188    35.5739     2.3043     0.0719          0     37.500 329.571267  1022.7044      5.401      0.200  0.000e+00
      5.496    28.4358   5.751125    35.5704     2.3087     0.0749          0     37.750 329.571270  1022.7038      5.466      0.219  0.000e+00
      5.539    28.4297   5.753551    35.5919     2.3111     0.0726          0     38.000 329.571273  1022.7221      5.509      0.231  0.000e+00
      5.615    28.4264   5.752992    35.5904     2.3084     0.0734          0     38.250 329.571276  1022.7224      5.584      0.249  0.000e+00
      5.669    28.4252   5.751217    35.5789     2.3167     0.0765          0     38.500 329.571279  1022.7144      5.638      0.255  0.000e+00
      5.734    28.4227   5.749541    35.5691     2.3101     0.0734          0     38.750 329.571282  1022.7081      5.702      0.260  0.000e+00
      5.788    28.4185   5.745915    35.5469     2.3094     0.0742          0     39.000 329.571285  1022.6930      5.756      0.254  0.000e+00
      5.896    28.4142   5.742091    35.5234     2.3069     0.0704          0     39.250 329.571288  1022.6773      5.863      0.256  0.000e+00
      5.917    28.4095   5.739094    35.5061     2.3043     0.0749          0     39.500 329.571291  1022.6659      5.885      0.251  0.000e+00
      5.993    28.4052   5.738994    35.5086     2.2966     0.0765          0     39.750 329.571293  1022.6695      5.960      0.254  0.000e+00
      6.025    28.4020   5.742726    35.5370     2.2819     0.0711          0     40.000 329.571296  1022.6920      5.992      0.249  0.000e+00
      6.080    28.4031   5.743315    35.5403     2.2875     0.0658          0     40.250 329.571299  1022.6944      6.046      0.239  0.000e+00
      6.144    28.4077   5.741701    35.5255     2.2847     0.0734          0     40.500 329.571302  1022.6820      6.111      0.234  0.000e+00
      6.209    28.4118   5.742603    35.5288     2.2821     0.0681          0     40.750 329.571305  1022.6834      6.175      0.230  0.000e+00
      6.253    28.4144   5.746443    35.5535     2.2836     0.0696          0     41.000 329.571308  1022.7014      6.218      0.223  0.000e+00
      6.307    28.4169   5.750008    35.5766     2.2864     0.0994          0     41.250 329.571311  1022.7181      6.272      0.213  0.000e+00
      6.404    28.4204   5.746443    35.5490     2.2858     0.0994          0     41.500 329.571314  1022.6966      6.369      0.231  0.000e+00
      6.490    28.4225   5.742642    35.5209     2.2849     0.0887          0     41.750 329.571317  1022.6752      6.455      0.246  0.000e+00
      6.534    28.4200   5.740256    35.5061     2.2878     0.0932          0     42.000 329.571319  1022.6651      6.498      0.259  0.000e+00
      6.577    28.4147   5.743376    35.5318     2.2799     0.0902          0     42.250 329.571322  1022.6863      6.541      0.258  0.000e+00
      6.620    28.4117   5.748922    35.5728     2.2741     0.0589          0     42.500 329.571325  1022.7183      6.584      0.250  0.000e+00
      6.685    28.4128   5.750835    35.5852     2.2717     0.0620          0     42.750 329.571328  1022.7276      6.648      0.245  0.000e+00
      6.707    28.4153   5.751187    35.5858     2.2620     0.0604          0     43.000 329.571331  1022.7273      6.670      0.231  0.000e+00
      6.728    28.4171   5.754937    35.6107     2.2541     0.0521          0     43.250 329.571334  1022.7455      6.691      0.205  0.000e+00
      6.750    28.4189   5.758367    35.6332     2.2511     0.0536          0     43.500 329.571337  1022.7619      6.713      0.170  0.000e+00
      6.804    28.4210   5.762050    35.6573     2.2413     0.0551          0     43.750 329.571340  1022.7796      6.766      0.153  0.000e+00
      6.869    28.4230   5.760564    35.6455     2.2406     0.0589          0     44.000 329.571343  1022.7703      6.831      0.155  0.000e+00
      6.944    28.4249   5.753643    35.5957     2.2390     0.0612          0     44.250 329.571345  1022.7325      6.906      0.167  0.000e+00
      6.988    28.4248   5.750200    35.5717     2.2387     0.0925          0     44.500 329.571348  1022.7147      6.949      0.177  0.000e+00
      7.042    28.4218   5.748218    35.5602     2.2347     0.0788          0     44.750 329.571351  1022.7073      7.003      0.188  0.000e+00
      7.117    28.4175   5.745671    35.5456     2.2365     0.0780          0     45.000 329.571354  1022.6981      7.078      0.213  0.000e+00
      7.171    28.4124   5.740899    35.5161     2.2332     0.0856          0     45.250 329.571357  1022.6778      7.132      0.231  0.000e+00
      7.236    28.4065   5.737145    35.4943     2.2272     0.0803          0     45.500 329.571360  1022.6637      7.196      0.243  0.000e+00
      7.301    28.4010   5.734523    35.4801     2.2270     0.0643          0     45.750 329.571363  1022.6551      7.261      0.245  0.000e+00
      7.312    28.3972   5.732850    35.4713     2.2166     0.0704          0     46.000 329.571366  1022.6498      7.272      0.231  0.000e+00
      7.344    28.3940   5.732720    35.4728     2.2106     0.0749          0     46.250 329.571369  1022.6521      7.304      0.214  0.000e+00
      7.377    28.3916   5.733591    35.4806     2.2094     0.0704          0     46.500 329.571372  1022.6589      7.336      0.199  0.000e+00
      7.453    28.3914   5.732942    35.4762     2.1997     0.0749          0     46.750 329.571374  1022.6560      7.412      0.190  0.000e+00
      7.507    28.3913   5.731887    35.4689     2.1931     0.0643          0     47.000 329.571377  1022.6508      7.465      0.182  0.000e+00
      7.561    28.3896   5.731116    35.4649     2.1987     0.0749          0     47.250 329.571380  1022.6485      7.519      0.182  0.000e+00
      7.647    28.3874   5.729190    35.4530     2.1942     0.0726          0     47.500 329.571383  1022.6407      7.605      0.195  0.000e+00
      7.723    28.3848   5.725554    35.4295     2.1963     0.0788          0     47.750 329.571386  1022.6242      7.680      0.217  0.000e+00
      7.766    28.3816   5.724081    35.4217     2.1938     0.0742          0     48.000 329.571389  1022.6196      7.723      0.240  0.000e+00
      7.820    28.3792   5.723768    35.4212     2.1946     0.0726          0     48.250 329.571392  1022.6202      7.777      0.250  0.000e+00
      7.852    28.3787   5.724432    35.4263     2.1934     0.0696          0     48.500 329.571395  1022.6244      7.809      0.246  0.000e+00
      7.906    28.3785   5.723729    35.4215     2.1840     0.0665          0     48.750 329.571398  1022.6211      7.863      0.233  0.000e+00
      7.960    28.3779   5.723088    35.4175     2.1906     0.0742          0     49.000 329.571400  1022.6185      7.917      0.224  0.000e+00
      8.004    28.3768   5.722477    35.4140     2.1886     0.0704          0     49.250 329.571403  1022.6164      7.960      0.211  0.000e+00
      8.069    28.3758   5.721546    35.4082     2.1912     0.0719          0     49.500 329.571406  1022.6127      8.024      0.200  0.000e+00
      8.133    28.3745   5.720294    35.4004     2.1923     0.0734          0     49.750 329.571409  1022.6075      8.089      0.202  0.000e+00
      8.177    28.3734   5.719591    35.3964     2.1953     0.0681          0     50.000 329.571412  1022.6050      8.132      0.207  0.000e+00
      8.220    28.3723   5.719492    35.3965     2.1932     0.0620          0     50.250 329.571415  1022.6057      8.175      0.209  0.000e+00
      8.263    28.3715   5.720202    35.4020     2.1955     0.0704          0     50.500 329.571418  1022.6103      8.218      0.210  0.000e+00
      8.263    28.3713   5.721095    35.4084     2.1956     0.0688          0     50.750 329.571421  1022.6151      8.218      0.192  0.000e+00
      8.285    28.3721   5.721882    35.4133     2.1937     0.0696          0     51.000 329.571424  1022.6186      8.239      0.170  0.000e+00
      8.317    28.3736   5.723890    35.4261     2.1896     0.0673          0     51.250 329.571427  1022.6279      8.271      0.150  0.000e+00
      8.371    28.3759   5.724302    35.4273     2.2015     0.0719          0     51.500 329.571429  1022.6283      8.325      0.135  0.000e+00
      8.425    28.3789   5.723569    35.4200     2.2032     0.0772          0     51.750 329.571432  1022.6220      8.379      0.131  0.000e+00
      8.523    28.3807   5.720584    35.3977     2.2026     0.0772          0     52.000 329.571435  1022.6051      8.476      0.151  0.000e+00
      8.620    28.3800   5.715203    35.3606     2.2128     0.0749          0     52.250 329.571438  1022.5779      8.572      0.186  0.000e+00
      8.728    28.3776   5.713043    35.3474     2.2170     0.0665          0     52.500 329.571441  1022.5692      8.680      0.234  0.000e+00
      8.804    28.3756   5.712318    35.3438     2.2138     0.0711          0     52.750 329.571444  1022.5674      8.755      0.283  0.000e+00
      8.858    28.3747   5.712189    35.3435     2.2213     0.0795          0     53.000 329.571447  1022.5678      8.809      0.311  0.000e+00
      8.901    28.3744   5.712799    35.3480     2.2181     0.0849          0     53.250 329.571450  1022.5714      8.852      0.317  0.000e+00
      8.955    28.3759   5.713440    35.3513     2.2169     0.0871          0     53.500 329.571453  1022.5737      8.906      0.308  0.000e+00
      8.987    28.3762   5.713310    35.3502     2.2192     0.0818          0     53.750 329.571455  1022.5728      8.938      0.283  0.000e+00
      9.085    28.3748   5.712883    35.3482     2.2233     0.0887          0     54.000 329.571458  1022.5722      9.035      0.260  0.000e+00
      9.150    28.3721   5.712158    35.3452     2.2300     0.0795          0     54.250 329.571461  1022.5711      9.099      0.244  0.000e+00
      9.182    28.3699   5.711838    35.3446     2.2374     0.0864          0     54.500 329.571464  1022.5715      9.131      0.226  0.000e+00
      9.225    28.3686   5.711647    35.3442     2.2427     0.0879          0     54.750 329.571467  1022.5718      9.174      0.219  0.000e+00
      9.312    28.3674   5.709984    35.3335     2.2431     0.0833          0     55.000 329.571470  1022.5646      9.260      0.227  0.000e+00
      9.398    28.3657   5.708733    35.3260     2.2376     0.0871          0     55.250 329.571473  1022.5599      9.346      0.242  0.000e+00
