ctd_kilwa/cnv/SBE19plus_01906740_2018_11_26_0048.cnv
* Sea-Bird SBE19plus  Data File:
* FileName = C:\Users\all user\Desktop\Mapping WWF\SBE19plus_01906740_2018_11_26_0048.hex
* Software version 2.6.3.104
* Temperature SN = 6740
* Conductivity SN = 6740
* System UpLoad Time = Nov 26 2018 19:55:32
* <ApplicationData>
* <Seaterm232>
# nquan = 13
# nvalues = 889                                   
# units = specified
# name 0 = prdM: Pressure, Strain Gauge [db]
# name 1 = tv290C: Temperature [ITS-90, deg C]
# name 2 = c0S/m: Conductivity [S/m]
# name 3 = sal00: Salinity, Practical [PSU]
# name 4 = sbeox0ML/L: Oxygen, SBE 43 [ml/l]
# name 5 = flECO-AFL: Fluorescence, WET Labs ECO-AFL/FL [mg/m^3]
# name 6 = nbf: Bottles Fired
# name 7 = timeS: Time, Elapsed [seconds]
# name 8 = timeJ: Julian Days
# name 9 = density00: Density [density, kg/m^3]
# name 10 = depSM: Depth [salt water, m], lat = 0.00
# name 11 = dz/dtM: Descent Rate [m/s]
# name 12 = flag:  0.000e+00
# span 0 =     -1.078,     19.637                 
# span 1 =    28.3005,    33.3317                 
# span 2 =   0.568840,   6.077631                 
# span 3 =     2.8349,    36.8871                 
# span 4 =     2.1090,     2.9552                 
# span 5 =    -0.4462,    48.6818                 
# span 6 =          0,          0                 
# span 7 =      0.000,    222.000                 
# span 8 = 328.518183, 328.520752                 
# span 9 =   997.5139,  1023.2491                 
# span 10 =     -1.072,     19.529                
# span 11 =     -0.666,      0.288                
# span 12 = 0.0000e+00, 0.0000e+00                
# interval = seconds: 0.25
# start_time = Nov 24 2018 12:26:11 [Instrument's time stamp, header]
# bad_flag = -9.990e-29
*END*
[from data line 334]
      9.843    28.3796   5.698768    35.2460     2.4525     0.0444          0     83.500 328.519149  1022.4970      9.789      0.164  0.000e+00
      9.908    28.3788   5.698669    35.2459     2.4626     0.0406          0     83.750 328.519152  1022.4976      9.853      0.176  0.000e+00
      9.962    28.3775   5.698539    35.2459     2.4685     0.0620          0     84.000 328.519155  1022.4982      9.907      0.181  0.000e+00
      9.994    28.3762   5.698448    35.2462     2.4634     0.0604          0     84.250 328.519158  1022.4990      9.939      0.181  0.000e+00
     10.027    28.3751   5.698219    35.2454     2.4609     0.0635          0     84.500 328.519161  1022.4989      9.971      0.180  0.000e+00
     10.048    28.3749   5.698158    35.2452     2.4768     0.0559          0     84.750 328.519164  1022.4989      9.993      0.174  0.000e+00
     10.070    28.3742   5.698097    35.2452     2.4738     0.0398          0     85.000 328.519167  1022.4992     10.014      0.163  0.000e+00
     10.081    28.3736   5.697922    35.2444     2.4772     0.0391          0     85.250 328.519170  1022.4989     10.025      0.146  0.000e+00
     10.102    28.3730   5.697747    35.2437     2.4813     0.0467          0     85.500 328.519172  1022.4987     10.046      0.122  0.000e+00
     10.135    28.3728   5.697708    35.2436     2.4709     0.0490          0     85.750 328.519175  1022.4988     10.079      0.103  0.000e+00
     10.145    28.3732   5.697747    35.2436     2.4782     0.0719          0     86.000 328.519178  1022.4987     10.089      0.089  0.000e+00
     10.189    28.3736   5.697838    35.2438     2.4718     0.0658          0     86.250 328.519181  1022.4989     10.132      0.089  0.000e+00
     10.253    28.3735   5.697678    35.2428     2.4718     0.0681          0     86.500 328.519184  1022.4985     10.197      0.102  0.000e+00
     10.329    28.3720   5.697709    35.2441     2.4696     0.0688          0     86.750 328.519187  1022.5003     10.272      0.129  0.000e+00
     10.362    28.3701   5.697236    35.2422     2.4728     0.0696          0     87.000 328.519190  1022.4996     10.304      0.151  0.000e+00
     10.437    28.3681   5.697030    35.2423     2.4720     0.0704          0     87.250 328.519193  1022.5006     10.380      0.180  0.000e+00
     10.481    28.3664   5.696756    35.2416     2.4742     0.0696          0     87.500 328.519196  1022.5009     10.423      0.200  0.000e+00
     10.502    28.3654   5.696756    35.2423     2.4738     0.0688          0     87.750 328.519198  1022.5018     10.444      0.205  0.000e+00
     10.545    28.3645   5.696787    35.2432     2.4706     0.0681          0     88.000 328.519201  1022.5029     10.487      0.207  0.000e+00
     10.556    28.3639   5.696596    35.2423     2.4812     0.0490          0     88.250 328.519204  1022.5025     10.498      0.187  0.000e+00
     10.578    28.3634   5.696566    35.2424     2.4804     0.0482          0     88.500 328.519207  1022.5029     10.519      0.161  0.000e+00
     10.621    28.3630   5.696497    35.2422     2.4821     0.0459          0     88.750 328.519210  1022.5030     10.562      0.141  0.000e+00
     10.686    28.3628   5.696444    35.2421     2.4814     0.0452          0     89.000 328.519213  1022.5033     10.627      0.140  0.000e+00
     10.729    28.3629   5.696337    35.2412     2.4829     0.0643          0     89.250 328.519216  1022.5028     10.670      0.137  0.000e+00
     10.740    28.3624   5.696215    35.2408     2.4753     0.0536          0     89.500 328.519219  1022.5027     10.681      0.138  0.000e+00
     10.783    28.3615   5.696177    35.2411     2.4848     0.0528          0     89.750 328.519222  1022.5034     10.724      0.144  0.000e+00
     10.805    28.3606   5.696177    35.2418     2.4842     0.0574          0     90.000 328.519225  1022.5043     10.745      0.143  0.000e+00
     10.805    28.3601   5.696086    35.2415     2.4901     0.0459          0     90.250 328.519227  1022.5042     10.745      0.137  0.000e+00
     10.837    28.3600   5.695956    35.2407     2.4880     0.0444          0     90.500 328.519230  1022.5038     10.777      0.126  0.000e+00
     10.859    28.3604   5.696055    35.2411     2.4866     0.0490          0     90.750 328.519233  1022.5040     10.799      0.108  0.000e+00
     10.881    28.3609   5.696048    35.2406     2.4858     0.0437          0     91.000 328.519236  1022.5037     10.820      0.092  0.000e+00
     10.935    28.3599   5.695926    35.2405     2.4828     0.0574          0     91.250 328.519239  1022.5041     10.874      0.095  0.000e+00
     10.989    28.3582   5.695545    35.2391     2.4816     0.0582          0     91.500 328.519242  1022.5038     10.928      0.110  0.000e+00
     11.054    28.3572   5.695385    35.2387     2.4820     0.0559          0     91.750 328.519245  1022.5042     10.993      0.129  0.000e+00
     11.086    28.3559   5.695354    35.2395     2.4898     0.0559          0     92.000 328.519248  1022.5053     11.025      0.150  0.000e+00
     11.140    28.3540   5.695095    35.2390     2.4943     0.0543          0     92.250 328.519251  1022.5058     11.079      0.172  0.000e+00
     11.183    28.3521   5.694745    35.2380     2.4998     0.0574          0     92.500 328.519253  1022.5059     11.122      0.184  0.000e+00
     11.227    28.3504   5.694616    35.2384     2.5046     0.0582          0     92.750 328.519256  1022.5069     11.165      0.192  0.000e+00
     11.248    28.3493   5.694524    35.2385     2.5041     0.0604          0     93.000 328.519259  1022.5075     11.186      0.188  0.000e+00
     11.259    28.3486   5.694577    35.2394     2.5044     0.0597          0     93.250 328.519262  1022.5084     11.197      0.168  0.000e+00
     11.259    28.3489   5.694616    35.2395     2.5220     0.0681          0     93.500 328.519265  1022.5083     11.197      0.141  0.000e+00
     11.281    28.3491   5.694616    35.2393     2.5084     0.0688          0     93.750 328.519268  1022.5082     11.218      0.115  0.000e+00
     11.324    28.3490   5.694555    35.2389     2.5080     0.0643          0     94.000 328.519271  1022.5082     11.261      0.104  0.000e+00
     11.367    28.3483   5.694494    35.2390     2.5168     0.0688          0     94.250 328.519274  1022.5087     11.304      0.097  0.000e+00
     11.454    28.3465   5.694204    35.2384     2.5205     0.0559          0     94.500 328.519277  1022.5091     11.390      0.112  0.000e+00
     11.529    28.3444   5.693953    35.2381     2.5217     0.0597          0     94.750 328.519280  1022.5100     11.466      0.140  0.000e+00
     11.648    28.3420   5.693473    35.2366     2.5241     0.0559          0     95.000 328.519282  1022.5101     11.584      0.192  0.000e+00
     11.691    28.3397   5.693260    35.2367     2.5228     0.0566          0     95.250 328.519285  1022.5112     11.627      0.235  0.000e+00
     11.680    28.3374   5.692993    35.2366     2.5158     0.0620          0     95.500 328.519288  1022.5118     11.616      0.249  0.000e+00
     11.702    28.3354   5.692932    35.2377     2.5257     0.0627          0     95.750 328.519291  1022.5133     11.637      0.240  0.000e+00
     11.767    28.3338   5.692833    35.2381     2.5254     0.0521          0     96.000 328.519294  1022.5145     11.702      0.226  0.000e+00
     11.799    28.3325   5.692772    35.2386     2.5254     0.0521          0     96.250 328.519297  1022.5154     11.734      0.203  0.000e+00
     11.843    28.3321   5.692704    35.2385     2.5334     0.0536          0     96.500 328.519300  1022.5157     11.777      0.174  0.000e+00
     11.875    28.3318   5.692673    35.2385     2.5344     0.0597          0     96.750 328.519303  1022.5159     11.810      0.151  0.000e+00
     11.886    28.3316   5.692643    35.2384     2.5372     0.0673          0     97.000 328.519306  1022.5160     11.820      0.128  0.000e+00
     11.908    28.3312   5.692612    35.2385     2.5255     0.0589          0     97.250 328.519308  1022.5163     11.842      0.127  0.000e+00
     11.951    28.3309   5.692582    35.2385     2.5193     0.0574          0     97.500 328.519311  1022.5165     11.885      0.134  0.000e+00
     11.994    28.3312   5.692582    35.2383     2.5226     0.0505          0     97.750 328.519314  1022.5164     11.928      0.132  0.000e+00
     12.027    28.3315   5.692544    35.2378     2.5164     0.0482          0     98.000 328.519317  1022.5161     11.960      0.125  0.000e+00
     12.037    28.3324   5.692513    35.2369     2.5137     0.0444          0     98.250 328.519320  1022.5152     11.971      0.120  0.000e+00
     12.059    28.3327   5.692582    35.2371     2.5197     0.0414          0     98.500 328.519323  1022.5153     11.992      0.115  0.000e+00
     12.134    28.3327   5.692582    35.2371     2.5149     0.0467          0     98.750 328.519326  1022.5156     12.067      0.126  0.000e+00
     12.145    28.3329   5.692582    35.2369     2.5122     0.0459          0     99.000 328.519329  1022.5155     12.078      0.132  0.000e+00
     12.189    28.3334   5.692514    35.2361     2.5173     0.0437          0     99.250 328.519332  1022.5149     12.121      0.135  0.000e+00
     12.221    28.3336   5.692521    35.2359     2.5143     0.0459          0     99.500 328.519334  1022.5149     12.153      0.133  0.000e+00
     12.264    28.3334   5.692483    35.2358     2.5198     0.0559          0     99.750 328.519337  1022.5150     12.197      0.137  0.000e+00
     12.297    28.3332   5.692483    35.2360     2.5251     0.0543          0    100.000 328.519340  1022.5153     12.229      0.143  0.000e+00
     12.361    28.3330   5.692422    35.2357     2.5229     0.0582          0    100.250 328.519343  1022.5154     12.293      0.156  0.000e+00
     12.394    28.3327   5.692392    35.2357     2.5233     0.0582          0    100.500 328.519346  1022.5157     12.326      0.160  0.000e+00
     12.426    28.3328   5.692354    35.2353     2.5334     0.0551          0    100.750 328.519349  1022.5155     12.358      0.156  0.000e+00
     12.426    28.3330   5.692323    35.2349     2.5526     0.0673          0    101.000 328.519352  1022.5152     12.358      0.152  0.000e+00
     12.459    28.3328   5.692323    35.2351     2.5578     0.0665          0    101.250 328.519355  1022.5155     12.390      0.141  0.000e+00
     12.491    28.3321   5.692217    35.2349     2.5528     0.0719          0    101.500 328.519358  1022.5158     12.422      0.133  0.000e+00
     12.535    28.3316   5.692163    35.2349     2.5535     0.0719          0    101.750 328.519361  1022.5161     12.465      0.126  0.000e+00
     12.578    28.3318   5.692163    35.2347     2.5496     0.0482          0    102.000 328.519363  1022.5161     12.508      0.125  0.000e+00
     12.654    28.3320   5.692163    35.2346     2.5473     0.0421          0    102.250 328.519366  1022.5162     12.584      0.133  0.000e+00
     12.708    28.3318   5.692133    35.2345     2.5399     0.0429          0    102.500 328.519369  1022.5165     12.637      0.154  0.000e+00
     12.773    28.3321   5.692163    35.2345     2.5352     0.0475          0    102.750 328.519372  1022.5166     12.702      0.180  0.000e+00
     12.816    28.3321   5.692133    35.2342     2.5331     0.0368          0    103.000 328.519375  1022.5166     12.745      0.203  0.000e+00
     12.870    28.3322   5.692232    35.2348     2.5445     0.0330          0    103.250 328.519378  1022.5173     12.799      0.215  0.000e+00
     12.924    28.3322   5.692164    35.2343     2.5424     0.0292          0    103.500 328.519381  1022.5171     12.853      0.222  0.000e+00
     12.978    28.3320   5.692156    35.2344     2.5474     0.0345          0    103.750 328.519384  1022.5175     12.906      0.224  0.000e+00
     13.021    28.3321   5.692072    35.2337     2.5526     0.0574          0    104.000 328.519387  1022.5172     12.949      0.219  0.000e+00
     13.065    28.3316   5.692004    35.2336     2.5607     0.0635          0    104.250 328.519389  1022.5174     12.992      0.207  0.000e+00
     13.119    28.3306   5.691752    35.2326     2.5646     0.0543          0    104.500 328.519392  1022.5172     13.046      0.203  0.000e+00
     13.194    28.3298   5.691722    35.2329     2.5725     0.0582          0    104.750 328.519395  1022.5180     13.121      0.205  0.000e+00
     13.216    28.3291   5.691684    35.2332     2.5726     0.0582          0    105.000 328.519398  1022.5185     13.143      0.203  0.000e+00
     13.237    28.3289   5.691752    35.2338     2.5515     0.0398          0    105.250 328.519401  1022.5191     13.164      0.192  0.000e+00
     13.259    28.3289   5.691684    35.2333     2.5411     0.0459          0    105.500 328.519404  1022.5189     13.186      0.176  0.000e+00
     13.270    28.3289   5.691699    35.2334     2.5367     0.0406          0    105.750 328.519407  1022.5190     13.197      0.155  0.000e+00
     13.313    28.3292   5.691783    35.2338     2.5373     0.0444          0    106.000 328.519410  1022.5193     13.240      0.140  0.000e+00
     13.335    28.3289   5.691684    35.2333     2.5338     0.0734          0    106.250 328.519413  1022.5192     13.261      0.124  0.000e+00
     13.324    28.3286   5.691623    35.2331     2.5321     0.0696          0    106.500 328.519416  1022.5191     13.250      0.098  0.000e+00
     13.356    28.3283   5.691592    35.2331     2.5393     0.0673          0    106.750 328.519418  1022.5193     13.283      0.081  0.000e+00
     13.378    28.3285   5.691532    35.2325     2.5500     0.0742          0    107.000 328.519421  1022.5189     13.304      0.080  0.000e+00
     13.421    28.3285   5.691493    35.2322     2.5526     0.0604          0    107.250 328.519424  1022.5189     13.347      0.085  0.000e+00
     13.465    28.3284   5.691402    35.2316     2.5501     0.0604          0    107.500 328.519427  1022.5187     13.390      0.095  0.000e+00
     13.486    28.3281   5.691372    35.2316     2.5478     0.0559          0    107.750 328.519430  1022.5189     13.412      0.103  0.000e+00
     13.508    28.3277   5.691326    35.2316     2.5434     0.0574          0    108.000 328.519433  1022.5190     13.433      0.105  0.000e+00
     13.529    28.3276   5.691303    35.2315     2.5456     0.0437          0    108.250 328.519436  1022.5191     13.455      0.112  0.000e+00
     13.594    28.3277   5.691334    35.2316     2.5414     0.0444          0    108.500 328.519439  1022.5194     13.519      0.128  0.000e+00
     13.627    28.3275   5.691402    35.2323     2.5456     0.0406          0    108.750 328.519442  1022.5201     13.551      0.133  0.000e+00
     13.627    28.3279   5.691463    35.2324     2.5446     0.0521          0    109.000 328.519444  1022.5201     13.551      0.128  0.000e+00
     13.648    28.3278   5.691433    35.2322     2.5461     0.0459          0    109.250 328.519447  1022.5201     13.573      0.117  0.000e+00
     13.681    28.3273   5.691334    35.2320     2.5501     0.0444          0    109.500 328.519450  1022.5202     13.605      0.112  0.000e+00
     13.778    28.3267   5.691181    35.2313     2.5398     0.0459          0    109.750 328.519453  1022.5203     13.702      0.130  0.000e+00
     13.875    28.3260   5.691082    35.2311     2.5423     0.0475          0    110.000 328.519456  1022.5208     13.799      0.161  0.000e+00
     13.951    28.3251   5.691022    35.2313     2.5454     0.0444          0    110.250 328.519459  1022.5216     13.874      0.192  0.000e+00
     13.994    28.3246   5.690953    35.2312     2.5430     0.0726          0    110.500 328.519462  1022.5219     13.917      0.213  0.000e+00
     14.037    28.3237   5.690923    35.2316     2.5497     0.0719          0    110.750 328.519465  1022.5227     13.960      0.236  0.000e+00
