ctd_kilwa/cnv/SBE19plus_01906740_2018_11_26_0060.cnv
* Sea-Bird SBE19plus  Data File:
* FileName = C:\Users\all user\Desktop\Mapping WWF\SBE19plus_01906740_2018_11_26_0060.hex
* Software version 2.6.3.104
* Temperature SN = 6740
* Conductivity SN = 6740
* System UpLoad Time = Nov 26 2018 19:58:24
* <ApplicationData>
* <Seaterm232>
# nquan = 13
# nvalues = 506                                   
# units = specified
# name 0 = prdM: Pressure, Strain Gauge [db]
# name 1 = tv290C: Temperature [ITS-90, deg C]
# name 2 = c0S/m: Conductivity [S/m]
# name 3 = sal00: Salinity, Practical [PSU]
# name 4 = sbeox0ML/L: Oxygen, SBE 43 [ml/l]
# name 5 = flECO-AFL: Fluorescence, WET Labs ECO-AFL/FL [mg/m^3]
# name 6 = nbf: Bottles Fired
# name 7 = timeS: Time, Elapsed [seconds]
# name 8 = timeJ: Julian Days
# name 9 = density00: Density [density, kg/m^3]
# name 10 = depSM: Depth [salt water, m], lat = 0.00
# name 11 = dz/dtM: Descent Rate [m/s]
# name 12 = flag:  0.000e+00
# span 0 =     -1.046,      5.691                 
# span 1 =    27.8572,    31.7879                 
# span 2 =   0.255480,   5.943279                 
# span 3 =     1.2351,    36.0917                 
# span 4 =     2.2197,     3.9009                 
# span 5 =    -0.0319,     3.4808                 
# span 6 =          0,          0                 
# span 7 =      0.000,    126.250                 
# span 8 = 329.491308, 329.492769                 
# span 9 =   996.1701,  1023.1974                 
# span 10 =     -1.040,      5.660                
# span 11 =     -0.592,      0.476                
# span 12 = 0.0000e+00, 0.0000e+00                
# interval = seconds: 0.25
# start_time = Nov 25 2018 11:47:29 [Instrument's time stamp, header]
# bad_flag = -9.990e-29
*END*
[from data line 334]
      4.340    27.8748   5.637689    35.1968     2.7769     2.3867          0     83.500 329.492274  1022.6021      4.316     -0.210  0.000e+00
      4.156    27.8739   5.637401    35.1955     2.7862     2.3821          0     83.750 329.492277  1022.6007      4.133     -0.104  0.000e+00
      3.896    27.8730   5.637180    35.1947     2.7914     2.3867          0     84.000 329.492280  1022.5993      3.875     -0.114  0.000e+00
      3.626    27.8725   5.636960    35.1936     2.7886     2.3966          0     84.250 329.492283  1022.5974      3.606     -0.231  0.000e+00
      3.485    27.8723   5.636740    35.1922     2.7889     2.3997          0     84.500 329.492286  1022.5959      3.466     -0.384  0.000e+00
      3.475    27.8722   5.636808    35.1928     2.7919     2.3943          0     84.750 329.492289  1022.5963      3.455     -0.491  0.000e+00
      3.496    27.8722   5.636869    35.1932     2.7905     2.3531          0     85.000 329.492292  1022.5967      3.477     -0.535  0.000e+00
      3.518    27.8711   5.636960    35.1947     2.8010     2.3508          0     85.250 329.492295  1022.5983      3.499     -0.509  0.000e+00
      3.507    27.8695   5.636680    35.1939     2.7872     2.3569          0     85.500 329.492297  1022.5981      3.488     -0.413  0.000e+00
      3.366    27.8682   5.636399    35.1930     2.7878     2.3638          0     85.750 329.492300  1022.5973      3.348     -0.302  0.000e+00
      3.129    27.8672   5.636300    35.1931     2.7957     2.3569          0     86.000 329.492303  1022.5966      3.111     -0.251  0.000e+00
      2.837    27.8664   5.635921    35.1911     2.7853     2.3745          0     86.250 329.492306  1022.5941      2.821     -0.296  0.000e+00
      2.685    27.8668   5.635769    35.1898     2.7688     2.3691          0     86.500 329.492309  1022.5924      2.670     -0.400  0.000e+00
      2.674    27.8666   5.635959    35.1912     2.7631     2.3653          0     86.750 329.492312  1022.5935      2.660     -0.492  0.000e+00
      2.631    27.8664   5.636019    35.1918     2.7531     2.3729          0     87.000 329.492315  1022.5938      2.617     -0.544  0.000e+00
      2.642    27.8665   5.635921    35.1911     2.7409     2.4164          0     87.250 329.492318  1022.5933      2.627     -0.531  0.000e+00
      2.609    27.8658   5.635860    35.1912     2.7416     2.4149          0     87.500 329.492321  1022.5934      2.595     -0.461  0.000e+00
      2.490    27.8651   5.635701    35.1906     2.7403     2.4271          0     87.750 329.492323  1022.5928      2.477     -0.367  0.000e+00
      2.188    27.8647   5.635579    35.1902     2.7358     2.4248          0     88.000 329.492326  1022.5912      2.176     -0.332  0.000e+00
      1.939    27.8636   5.635549    35.1908     2.7271     2.3729          0     88.250 329.492329  1022.5910      1.928     -0.365  0.000e+00
      1.820    27.8629   5.635549    35.1914     2.7217     2.3699          0     88.500 329.492332  1022.5912      1.810     -0.447  0.000e+00
      1.744    27.8631   5.635640    35.1919     2.7245     2.3707          0     88.750 329.492335  1022.5911      1.735     -0.532  0.000e+00
      1.723    27.8637   5.635639    35.1915     2.7228     2.3722          0     89.000 329.492338  1022.5905      1.713     -0.564  0.000e+00
      1.744    27.8644   5.635579    35.1905     2.7221     2.3745          0     89.250 329.492341  1022.5897      1.735     -0.541  0.000e+00
      1.842    27.8638   5.635260    35.1887     2.7157     2.3729          0     89.500 329.492344  1022.5889      1.831     -0.429  0.000e+00
      1.896    27.8626   5.635169    35.1890     2.7257     2.3783          0     89.750 329.492347  1022.5898      1.885     -0.260  0.000e+00
      1.939    27.8611   5.635010    35.1889     2.7252     2.3699          0     90.000 329.492350  1022.5904      1.928     -0.072  0.000e+00
      1.939    27.8602   5.634980    35.1894     2.7205     2.3638          0     90.250 329.492352  1022.5911      1.928      0.052  0.000e+00
      1.896    27.8591   5.634980    35.1902     2.7229     2.3882          0     90.500 329.492355  1022.5918      1.885      0.098  0.000e+00
      1.712    27.8583   5.634919    35.1904     2.7200     2.3752          0     90.750 329.492358  1022.5915      1.702      0.058  0.000e+00
      1.388    27.8574   5.634919    35.1912     2.7143     2.3829          0     91.000 329.492361  1022.5909      1.380     -0.086  0.000e+00
      1.106    27.8572   5.634759    35.1904     2.7176     2.3768          0     91.250 329.492364  1022.5892      1.100     -0.288  0.000e+00
      0.987    27.8574   5.634820    35.1907     2.7052     2.3852          0     91.500 329.492367  1022.5889      0.982     -0.474  0.000e+00
      0.998    27.8583   5.634888    35.1904     2.6947     2.3798          0     91.750 329.492370  1022.5884      0.993     -0.574  0.000e+00
      1.031    27.8596   5.635070    35.1908     2.7067     2.3829          0     92.000 329.492373  1022.5884      1.025     -0.592  0.000e+00
      1.074    27.8603   5.635139    35.1907     2.7078     2.3752          0     92.250 329.492376  1022.5882      1.068     -0.525  0.000e+00
      1.128    27.8607   5.635192    35.1907     2.6980     2.3966          0     92.500 329.492378  1022.5884      1.122     -0.387  0.000e+00
      1.171    27.8609   5.635169    35.1904     2.6940     2.3951          0     92.750 329.492381  1022.5883      1.165     -0.197  0.000e+00
      1.171    27.8610   5.635169    35.1903     2.6909     2.3913          0     93.000 329.492384  1022.5882      1.165     -0.021  0.000e+00
      1.128    27.8627   5.635480    35.1913     2.6937     2.3958          0     93.250 329.492387  1022.5882      1.122      0.072  0.000e+00
      1.085    27.8661   5.635920    35.1918     2.6968     2.3844          0     93.500 329.492390  1022.5873      1.079      0.077  0.000e+00
      1.009    27.8691   5.636147    35.1912     2.6917     2.3943          0     93.750 329.492393  1022.5855      1.004      0.024  0.000e+00
      0.890    27.8713   5.636079    35.1891     2.6843     2.3958          0     94.000 329.492396  1022.5827      0.885     -0.059  0.000e+00
      0.685    27.8717   5.635919    35.1877     2.6823     2.3913          0     94.250 329.492399  1022.5807      0.681     -0.179  0.000e+00
      0.458    27.8713   5.635699    35.1865     2.6735     2.3913          0     94.500 329.492402  1022.5789      0.455     -0.321  0.000e+00
      0.242    27.8709   5.635699    35.1870     2.6711     2.4126          0     94.750 329.492405  1022.5785      0.240     -0.463  0.000e+00
      0.144    27.8710   5.635699    35.1869     2.6641     2.3981          0     95.000 329.492407  1022.5780      0.143     -0.556  0.000e+00
      0.122    27.8727   5.635987    35.1877     2.6647     2.4088          0     95.250 329.492410  1022.5779      0.122     -0.588  0.000e+00
      0.166    27.8757   5.636427    35.1885     2.6653     2.4042          0     95.500 329.492413  1022.5777      0.165     -0.551  0.000e+00
      0.274    27.8799   5.637087    35.1899     2.6722     2.3913          0     95.750 329.492416  1022.5779      0.272     -0.437  0.000e+00
      0.371    27.8860   5.637967    35.1915     2.6741     2.3935          0     96.000 329.492419  1022.5775      0.369     -0.268  0.000e+00
      0.425    27.8977   5.639477    35.1934     2.6655     2.3966          0     96.250 329.492422  1022.5753      0.423     -0.081  0.000e+00
      0.479    27.9137   5.641184    35.1934     2.6686     2.3997          0     96.500 329.492425  1022.5703      0.477      0.083  0.000e+00
      0.447    27.9327   5.643513    35.1956     2.6780     2.4050          0     96.750 329.492428  1022.5657      0.444      0.176  0.000e+00
      0.317    27.9553   5.646572    35.2002     2.6711     2.4096          0     97.000 329.492431  1022.5612      0.315      0.163  0.000e+00
      0.166    27.9765   5.648082    35.1950     2.6621     2.4058          0     97.250 329.492433  1022.5497      0.165      0.072  0.000e+00
     -0.040    27.9907   5.648462    35.1871     2.6598     2.4111          0     97.500 329.492436  1022.5383     -0.040     -0.082  0.000e+00
     -0.202    27.9972   5.648112    35.1799     2.6461     2.4019          0     97.750 329.492439  1022.5300     -0.201     -0.255  0.000e+00
     -0.224    27.9990   5.647611    35.1750     2.6394     2.3913          0     98.000 329.492442  1022.5256     -0.223     -0.372  0.000e+00
     -0.170    27.9987   5.647232    35.1725     2.6784     2.3897          0     98.250 329.492445  1022.5241     -0.169     -0.410  0.000e+00
     -0.126    27.9965   5.646920    35.1720     2.6997     2.3943          0     98.500 329.492448  1022.5246     -0.126     -0.381  0.000e+00
     -0.159    27.9950   5.646852    35.1726     2.7026     2.3943          0     98.750 329.492451  1022.5254     -0.158     -0.307  0.000e+00
     -0.289    27.9971   5.647611    35.1765     2.7400     2.3813          0     99.000 329.492454  1022.5271     -0.287     -0.236  0.000e+00
     -0.429    28.0012   5.648431    35.1791     2.8435     2.3882          0     99.250 329.492457  1022.5271     -0.427     -0.196  0.000e+00
     -0.526    28.0069   5.649160    35.1801     2.8649     2.3913          0     99.500 329.492459  1022.5256     -0.524     -0.183  0.000e+00
     -0.581    28.0113   5.649380    35.1783     2.8345     2.3859          0     99.750 329.492462  1022.5226     -0.577     -0.207  0.000e+00
     -0.602    28.0139   5.649410    35.1766     2.8070     2.4752          0    100.000 329.492465  1022.5203     -0.599     -0.254  0.000e+00
     -0.613    28.0142   5.649251    35.1752     2.7551     2.4759          0    100.250 329.492468  1022.5192     -0.610     -0.285  0.000e+00
     -0.624    28.0139   5.649160    35.1748     2.7067     2.4790          0    100.500 329.492471  1022.5189     -0.620     -0.275  0.000e+00
     -0.602    28.0120   5.648871    35.1742     2.6568     2.4752          0    100.750 329.492474  1022.5192     -0.599     -0.215  0.000e+00
     -0.505    28.0085   5.648370    35.1733     2.6128     2.1479          0    101.000 329.492477  1022.5200     -0.502     -0.107  0.000e+00
     -0.407    28.0052   5.648180    35.1744     2.5919     2.1608          0    101.250 329.492480  1022.5224     -0.405      0.006  0.000e+00
     -0.343    28.0043   5.648431    35.1768     2.6053     2.1540          0    101.500 329.492483  1022.5247     -0.341      0.097  0.000e+00
     -0.310    28.0079   5.649350    35.1806     2.6092     2.1540          0    101.750 329.492486  1022.5265     -0.308      0.159  0.000e+00
     -0.364    28.0160   5.650731    35.1843     2.6203     2.1402          0    102.000 329.492488  1022.5264     -0.362      0.175  0.000e+00
     -0.440    28.0277   5.652281    35.1864     2.6292     2.3691          0    102.250 329.492491  1022.5239     -0.437      0.148  0.000e+00
     -0.472    28.0375   5.652979    35.1840     2.6400     2.3729          0    102.500 329.492494  1022.5187     -0.470      0.098  0.000e+00
     -0.526    28.0440   5.653169    35.1805     2.6452     2.3798          0    102.750 329.492497  1022.5137     -0.524      0.021  0.000e+00
     -0.494    28.0478   5.653230    35.1780     2.6316     2.3691          0    103.000 329.492500  1022.5108     -0.491     -0.047  0.000e+00
     -0.418    28.0498   5.653100    35.1756     2.6282     2.3836          0    103.250 329.492503  1022.5086     -0.416     -0.069  0.000e+00
     -0.364    28.0500   5.652911    35.1741     2.6452     2.3783          0    103.500 329.492506  1022.5076     -0.362     -0.051  0.000e+00
     -0.299    28.0496   5.652797    35.1736     2.6642     2.3836          0    103.750 329.492509  1022.5077     -0.298      0.004  0.000e+00
     -0.321    28.0497   5.652979    35.1748     2.6294     2.3783          0    104.000 329.492512  1022.5084     -0.319      0.061  0.000e+00
     -0.429    28.0527   5.653738    35.1779     2.6242     2.4546          0    104.250 329.492514  1022.5093     -0.427      0.072  0.000e+00
     -0.591    28.0557   5.653989    35.1775     2.7563     2.4515          0    104.500 329.492517  1022.5074     -0.588      0.019  0.000e+00
     -0.656    28.0579   5.654148    35.1770     2.7936     2.4645          0    104.750 329.492520  1022.5060     -0.653     -0.053  0.000e+00
     -0.721    28.0594   5.654050    35.1752     2.7665     2.4614          0    105.000 329.492523  1022.5038     -0.717     -0.147  0.000e+00
     -0.732    28.0593   5.653928    35.1744     2.7213     1.8854          0    105.250 329.492526  1022.5032     -0.728     -0.221  0.000e+00
     -0.732    28.0574   5.653639    35.1738     2.6926     1.8808          0    105.500 329.492529  1022.5034     -0.728     -0.253  0.000e+00
     -0.732    28.0551   5.653260    35.1729     2.7559     1.8862          0    105.750 329.492532  1022.5035     -0.728     -0.247  0.000e+00
     -0.754    28.0531   5.653009    35.1726     2.7207     1.8801          0    106.000 329.492535  1022.5038     -0.750     -0.200  0.000e+00
     -0.786    28.0516   5.653100    35.1744     2.6763     1.8793          0    106.250 329.492538  1022.5056     -0.782     -0.138  0.000e+00
     -0.905    28.0510   5.653168    35.1753     2.6409     3.4808          0    106.500 329.492541  1022.5059     -0.900     -0.114  0.000e+00
     -0.948    28.0512   5.653260    35.1759     2.6235     3.4792          0    106.750 329.492543  1022.5061     -0.943     -0.123  0.000e+00
     -0.959    28.0518   5.653389    35.1763     2.6132     3.4746          0    107.000 329.492546  1022.5062     -0.954     -0.133  0.000e+00
     -1.013    28.0525   5.653510    35.1766     2.6000     3.4777          0    107.250 329.492549  1022.5059     -1.007     -0.159  0.000e+00
     -1.013    28.0531   5.653548    35.1764     2.5821     0.6540          0    107.500 329.492552  1022.5056     -1.007     -0.169  0.000e+00
     -1.024    28.0540   4.344584    26.1940     2.6856     0.6502          0    107.750 329.492555  1015.7669     -1.018     -0.163  0.000e+00
     -1.024    28.0534   1.019543     5.3842     3.0138     0.6456          0    108.000 329.492558  1000.2427     -1.018     -0.138  0.000e+00
     -1.035    28.0504   1.123884     5.9801     3.0301     0.6479          0    108.250 329.492561  1000.6880     -1.029     -0.104  0.000e+00
     -1.024    28.0473   0.937008     4.9176     3.0614     1.9945          0    108.500 329.492564   999.8966     -1.018     -0.058  0.000e+00
     -1.035    28.0439   1.310547     7.0594     3.0469     1.9938          0    108.750 329.492567  1001.4944     -1.029     -0.040  0.000e+00
     -1.024    28.0408   1.083368     5.7493     3.3296     1.9968          0    109.000 329.492569  1000.5187     -1.018     -0.024  0.000e+00
     -1.035    28.0381   1.248375     6.6993     3.3617     1.9976          0    109.250 329.492572  1001.2277     -1.029     -0.009  0.000e+00
     -1.035    28.0357   0.999561     5.2727     3.4106     1.0561          0    109.500 329.492575  1000.1647     -1.029     -0.008  0.000e+00
     -1.024    28.0327   1.726346     9.5167     3.2506     1.0561          0    109.750 329.492578  1003.3287     -1.018     -0.002  0.000e+00
     -1.035    28.0294   1.029625     5.4442     3.2600     1.0675          0    110.000 329.492581  1000.2945     -1.029     -0.002  0.000e+00
     -1.035    28.0258   0.839311     4.3713     3.2055     1.0569          0    110.250 329.492584   999.4952     -1.029     -0.001  0.000e+00
     -1.035    28.0226   1.211982     6.4908     3.0922     1.0607          0    110.500 329.492587  1001.0769     -1.029     -0.004  0.000e+00
     -1.035    28.0202   0.937348     4.9223     3.0554     1.4505          0    110.750 329.492590   999.9079     -1.029     -0.002  0.000e+00
