ctd_kilwa/cnv/SBE19plus_01906740_2018_11_26_0045.cnv
* Sea-Bird SBE19plus  Data File:
* FileName = C:\Users\all user\Desktop\Mapping WWF\SBE19plus_01906740_2018_11_26_0045.hex
* Software version 2.6.3.104
* Temperature SN = 6740
* Conductivity SN = 6740
* System UpLoad Time = Nov 26 2018 19:54:34
* <ApplicationData>
* <Seaterm232>
# nquan = 13
# nvalues = 566                                   
# units = specified
# name 0 = prdM: Pressure, Strain Gauge [db]
# name 1 = tv290C: Temperature [ITS-90, deg C]
# name 2 = c0S/m: Conductivity [S/m]
# name 3 = sal00: Salinity, Practical [PSU]
# name 4 = sbeox0ML/L: Oxygen, SBE 43 [ml/l]
# name 5 = flECO-AFL: Fluorescence, WET Labs ECO-AFL/FL [mg/m^3]
# name 6 = nbf: Bottles Fired
# name 7 = timeS: Time, Elapsed [seconds]
# name 8 = timeJ: Julian Days
# name 9 = density00: Density [density, kg/m^3]
# name 10 = depSM: Depth [salt water, m], lat = 0.00
# name 11 = dz/dtM: Descent Rate [m/s]
# name 12 = flag:  0.000e+00
# span 0 =     -1.026,      8.974                 
# span 1 =    28.3408,    29.4103                 
# span 2 =   0.518489,   5.829003                 
# span 3 =     2.5439,    35.7173                 
# span 4 =     2.0505,     3.5944                 
# span 5 =    -0.3187,    48.6940                 
# span 6 =          0,          0                 
# span 7 =      0.000,    141.250                 
# span 8 = 328.485174, 328.486808                 
# span 9 =   997.7495,  1022.6136                 
# span 10 =     -1.020,      8.925                
# span 11 =     -0.668,      0.465                
# span 12 = 0.0000e+00, 0.0000e+00                
# interval = seconds: 0.25
# start_time = Nov 24 2018 11:38:39 [Instrument's time stamp, header]
# bad_flag = -9.990e-29
*END*
     -1.007    29.3295   0.958773     4.9092     3.0093     0.1009          0      0.000 328.485174   999.5104     -1.002 -8.421e-16  0.000e+00
     -0.964    29.3432   0.764752     3.8509     3.1447     0.1016          0      0.250 328.485177   998.7183     -0.959      0.012  0.000e+00
     -0.888    29.3590   0.582835     2.8798     3.2990     0.0963          0      0.500 328.485179   997.9902     -0.884      0.040  0.000e+00
     -0.802    29.3277   0.518489     2.5439     3.3412     0.0994          0      0.750 328.485182   997.7495     -0.798      0.084  0.000e+00
     -0.759    29.3457   0.610484     3.0265     3.2738     1.7740          0      1.000 328.485185   998.1042     -0.754      0.126  0.000e+00
     -0.748    29.4037   0.698203     3.4891     3.1727     1.7786          0      1.250 328.485188   998.4316     -0.744      0.154  0.000e+00
     -0.737    29.4103   0.706114     3.5309     3.1062     1.7778          0      1.500 328.485191   998.4608     -0.733      0.168  0.000e+00
     -0.672    29.3743   2.310225    12.7113     3.5145     1.7809          0      1.750 328.485194  1005.3002     -0.668      0.181  0.000e+00
     -0.607    29.3140   1.200532     6.2558     3.5944     0.8799          0      2.000 328.485197  1000.5190     -0.604      0.189  0.000e+00
     -0.542    29.2626   2.977033    16.8194     3.2590     0.8791          0      2.250 328.485200  1008.3915     -0.539      0.188  0.000e+00
     -0.531    29.2197   3.201603    18.2362     3.1993     0.8814          0      2.500 328.485203  1009.4599     -0.528      0.172  0.000e+00
     -0.531    29.1694   3.059453    17.3653     3.1582     0.8745          0      2.750 328.485205  1008.8273     -0.528      0.154  0.000e+00
     -0.542    29.1308   5.300455    31.9819     2.9336    -0.1684          0      3.000 328.485208  1019.7543     -0.539      0.137  0.000e+00
     -0.521    29.0922   5.795766    35.3920     2.8161    -0.1623          0      3.250 328.485211  1022.3253     -0.518      0.123  0.000e+00
     -0.434    29.0405   5.793480    35.4145     2.6810    -0.1639          0      3.500 328.485214  1022.3600     -0.432      0.121  0.000e+00
     -0.391    28.9952   5.828556    35.6903     2.5462    -0.1646          0      3.750 328.485217  1022.5825     -0.389      0.112  0.000e+00
     -0.358    28.9632   5.829003    35.7173     2.5866    -0.1631          0      4.000 328.485220  1022.6136     -0.356      0.110  0.000e+00
     -0.315    28.9497   5.805002    35.5615     2.7039    48.6650          0      4.250 328.485223  1022.5013     -0.313      0.121  0.000e+00
     -0.099    28.9344   5.763430    35.2857     2.7528    48.6810          0      4.500 328.485226  1022.3001     -0.098      0.192  0.000e+00
      0.193    28.8947   5.751679    35.2338     2.6972    48.6749          0      4.750 328.485229  1022.2757      0.192      0.314  0.000e+00
      0.291    28.8527   5.763111    35.3439     2.6640    48.6864          0      5.000 328.485231  1022.3728      0.289      0.415  0.000e+00
      0.280    28.8277   5.774651    35.4423     2.6556    -0.1044          0      5.250 328.485234  1022.4550      0.278      0.453  0.000e+00
      0.237    28.8372   5.779458    35.4686     2.6605    -0.1013          0      5.500 328.485237  1022.4714      0.235      0.433  0.000e+00
      0.204    28.8606   5.777372    35.4367     2.6412    -0.1059          0      5.750 328.485240  1022.4395      0.203      0.383  0.000e+00
      0.150    28.8742   5.767737    35.3600     2.6326    -0.1028          0      6.000 328.485243  1022.3771      0.149      0.290  0.000e+00
      0.096    28.8709   5.760514    35.3125     2.6462     0.3763          0      6.250 328.485246  1022.3423      0.096      0.157  0.000e+00
      0.064    28.8541   5.756671    35.2984     2.6710     0.3855          0      6.500 328.485249  1022.3372      0.063      0.000  0.000e+00
      0.075    28.8363   5.759910    35.3340     2.7957     0.3824          0      6.750 328.485252  1022.3699      0.074     -0.107  0.000e+00
      0.010    28.8228   5.757996    35.3308     2.7877     0.3855          0      7.000 328.485255  1022.3717      0.010     -0.146  0.000e+00
     -0.055    28.8129   5.756120    35.3252     2.7713    -0.0082          0      7.250 328.485258  1022.3705     -0.055     -0.158  0.000e+00
     -0.044    28.8068   5.758187    35.3440     2.8026     0.0017          0      7.500 328.485260  1022.3867     -0.044     -0.147  0.000e+00
     -0.012    28.8032   5.758670    35.3500     2.8092    -0.0059          0      7.750 328.485263  1022.3926     -0.012     -0.120  0.000e+00
     -0.012    28.8009   5.757736    35.3452     2.7977    -0.0113          0      8.000 328.485266  1022.3898     -0.012     -0.088  0.000e+00
     -0.012    28.7994   5.758999    35.3551     2.7872    -0.0067          0      8.250 328.485269  1022.3977     -0.012     -0.059  0.000e+00
      0.021    28.7998   5.755829    35.3329     2.7807    -0.0586          0      8.500 328.485272  1022.3810      0.020     -0.029  0.000e+00
      0.042    28.8006   5.753166    35.3138     2.7499    -0.0532          0      8.750 328.485275  1022.3665      0.042      0.002  0.000e+00
      0.031    28.8020   5.753051    35.3120     2.7482    -0.0571          0      9.000 328.485278  1022.3646      0.031      0.034  0.000e+00
      0.021    28.8009   5.752048    35.3059     2.7441    -0.0502          0      9.250 328.485281  1022.3603      0.020      0.045  0.000e+00
      0.010    28.7966   5.750885    35.3010     2.7308    -0.2272          0      9.500 328.485284  1022.3580      0.010      0.030  0.000e+00
      0.010    28.7906   5.750281    35.3013     2.7384    -0.2302          0      9.750 328.485286  1022.3603      0.010      0.015  0.000e+00
     -0.023    28.7855   5.750373    35.3057     2.7048    -0.2257          0     10.000 328.485289  1022.3652     -0.023     -0.001  0.000e+00
     -0.012    28.7812   5.750174    35.3075     2.6828    -0.2302          0     10.250 328.485292  1022.3680     -0.012     -0.014  0.000e+00
     -0.066    28.7780   5.749302    35.3039     2.6602     0.0589          0     10.500 328.485295  1022.3661     -0.066     -0.042  0.000e+00
     -0.088    28.7743   5.749103    35.3052     2.6432     0.0597          0     10.750 328.485298  1022.3682     -0.087     -0.061  0.000e+00
     -0.055    28.7707   5.749302    35.3093     2.6316     0.0475          0     11.000 328.485301  1022.3727     -0.055     -0.056  0.000e+00
     -0.044    28.7670   5.749141    35.3110     2.6184     0.0604          0     11.250 328.485304  1022.3752     -0.044     -0.046  0.000e+00
     -0.066    28.7643   5.748338    35.3074     2.6070     0.4763          0     11.500 328.485307  1022.3733     -0.066     -0.040  0.000e+00
     -0.066    28.7618   5.747818    35.3056     2.5996     0.4755          0     11.750 328.485310  1022.3728     -0.066     -0.032  0.000e+00
     -0.088    28.7589   5.747550    35.3059     2.6041     0.4778          0     12.000 328.485313  1022.3739     -0.087     -0.025  0.000e+00
     -0.088    28.7569   5.747856    35.3095     2.5994     0.4808          0     12.250 328.485315  1022.3772     -0.087     -0.022  0.000e+00
     -0.098    28.7549   5.747948    35.3116     2.5854     0.4824          0     12.500 328.485318  1022.3795     -0.098     -0.014  0.000e+00
     -0.044    28.7534   5.748499    35.3165     2.5701     0.1535          0     12.750 328.485321  1022.3839     -0.044     -0.004  0.000e+00
     -0.001    28.7526   5.749784    35.3260     2.5640     0.1482          0     13.000 328.485324  1022.3914     -0.001      0.009  0.000e+00
      0.010    28.7518   5.750756    35.3334     2.5563     0.1505          0     13.250 328.485327  1022.3973      0.010      0.030  0.000e+00
      0.031    28.7510   5.750825    35.3345     2.5468     0.1520          0     13.500 328.485330  1022.3985      0.031      0.056  0.000e+00
      0.064    28.7501   5.750113    35.3302     2.5393     0.2146          0     13.750 328.485333  1022.3957      0.064      0.078  0.000e+00
      0.086    28.7496   5.750595    35.3339     2.5302     0.2153          0     14.000 328.485336  1022.3988      0.085      0.097  0.000e+00
      0.032    28.7497   5.751889    35.3428     2.5246     0.2115          0     14.250 328.485339  1022.4052      0.031      0.085  0.000e+00
      0.042    28.7495   5.752730    35.3488     2.5257     0.2123          0     14.500 328.485341  1022.4098      0.042      0.068  0.000e+00
     -0.001    28.7490   5.753634    35.3554     2.5232    -0.0227          0     14.750 328.485344  1022.4148     -0.001      0.027  0.000e+00
     -0.023    28.7476   5.752241    35.3468     2.5134    -0.0227          0     15.000 328.485347  1022.4087     -0.022     -0.009  0.000e+00
     -0.044    28.7459   5.750243    35.3342     2.5084    -0.0273          0     15.250 328.485350  1022.3997     -0.044     -0.037  0.000e+00
      0.032    28.7443   5.749723    35.3318     2.5066    -0.0288          0     15.500 328.485353  1022.3987      0.031     -0.038  0.000e+00
      0.053    28.7428   5.749823    35.3336     2.5106     0.0566          0     15.750 328.485356  1022.4006      0.053     -0.028  0.000e+00
      0.086    28.7417   5.749953    35.3353     2.5074     0.0597          0     16.000 328.485359  1022.4024      0.085      0.000  0.000e+00
      0.107    28.7411   5.750251    35.3378     2.5032     0.0574          0     16.250 328.485362  1022.4046      0.107      0.040  0.000e+00
      0.107    28.7405   5.750565    35.3404     2.4894     0.0650          0     16.500 328.485365  1022.4068      0.107      0.060  0.000e+00
      0.097    28.7405   5.751047    35.3438     2.4937     0.0658          0     16.750 328.485367  1022.4092      0.096      0.076  0.000e+00
      0.107    28.7404   5.751078    35.3440     2.4790     0.0246          0     17.000 328.485370  1022.4095      0.107      0.076  0.000e+00
      0.086    28.7404   5.751307    35.3456     2.4780     0.0215          0     17.250 328.485373  1022.4106      0.085      0.057  0.000e+00
      0.042    28.7404   5.751407    35.3463     2.4710     0.0208          0     17.500 328.485376  1022.4110      0.042      0.012  0.000e+00
      0.032    28.7404   5.751567    35.3475     2.4402     0.0147          0     17.750 328.485379  1022.4118      0.031     -0.017  0.000e+00
     -0.001    28.7405   5.750986    35.3434     2.4392     0.1314          0     18.000 328.485382  1022.4085     -0.001     -0.048  0.000e+00
      0.010    28.7406   5.749723    35.3345     2.4322     0.1276          0     18.250 328.485385  1022.4019      0.010     -0.061  0.000e+00
     -0.011    28.7401   5.749111    35.3307     2.4318     0.1314          0     18.500 328.485388  1022.3991     -0.011     -0.067  0.000e+00
      0.021    28.7402   5.749211    35.3313     2.4280     0.1337          0     18.750 328.485391  1022.3996      0.021     -0.057  0.000e+00
      0.043    28.7405   5.749662    35.3342     2.4236    -0.1936          0     19.000 328.485394  1022.4018      0.042     -0.039  0.000e+00
      0.075    28.7410   5.750068    35.3366     2.4262    -0.1875          0     19.250 328.485396  1022.4036      0.075     -0.005  0.000e+00
      0.054    28.7413   5.749884    35.3351     2.4274    -0.1929          0     19.500 328.485399  1022.4023      0.053      0.018  0.000e+00
      0.075    28.7415   5.749723    35.3339     2.4313    -0.1875          0     19.750 328.485402  1022.4014      0.075      0.035  0.000e+00
      0.065    28.7419   5.749432    35.3315     2.4275    -0.0303          0     20.000 328.485405  1022.3994      0.064      0.043  0.000e+00
      0.075    28.7419   5.749142    35.3295     2.4225    -0.0296          0     20.250 328.485408  1022.3980      0.075      0.040  0.000e+00
      0.064    28.7422   5.748943    35.3279     2.4145    -0.0242          0     20.500 328.485411  1022.3966      0.064      0.034  0.000e+00
      0.086    28.7417   5.749012    35.3288     2.4079    -0.0273          0     20.750 328.485414  1022.3975      0.086      0.022  0.000e+00
      0.064    28.7413   5.749142    35.3300     2.3966    -0.0342          0     21.000 328.485417  1022.3985      0.064      0.009  0.000e+00
      0.053    28.7407   5.749341    35.3318     2.3925     0.1375          0     21.250 328.485420  1022.4000      0.053     -0.002  0.000e+00
      0.086    28.7399   5.749471    35.3333     2.3990     0.1406          0     21.500 328.485422  1022.4015      0.085      0.005  0.000e+00
      0.075    28.7393   5.749853    35.3364     2.3992     0.1413          0     21.750 328.485425  1022.4040      0.075      0.001  0.000e+00
      0.108    28.7388   5.750244    35.3394     2.3941     0.1421          0     22.000 328.485428  1022.4066      0.107      0.012  0.000e+00
      0.075    28.7387   5.751567    35.3487     2.4037     0.3122          0     22.250 328.485431  1022.4134      0.075      0.009  0.000e+00
      0.075    28.7384   5.751215    35.3465     2.3948     0.3137          0     22.500 328.485434  1022.4119      0.075      0.008  0.000e+00
      0.075    28.7372   5.751598    35.3500     2.3912     0.3130          0     22.750 328.485437  1022.4149      0.075      0.004  0.000e+00
      0.075    28.7362   5.751828    35.3524     2.3896     0.3160          0     23.000 328.485440  1022.4170      0.075      0.006  0.000e+00
      0.053    28.7361   5.751919    35.3531     2.3911    -0.0845          0     23.250 328.485443  1022.4175      0.053     -0.004  0.000e+00
      0.053    28.7360   5.751338    35.3491     2.3853    -0.0754          0     23.500 328.485446  1022.4145      0.053     -0.017  0.000e+00
      0.075    28.7350   5.750190    35.3420     2.3806    -0.0784          0     23.750 328.485448  1022.4096      0.075     -0.014  0.000e+00
      0.086    28.7328   5.751468    35.3524     2.3785    -0.0830          0     24.000 328.485451  1022.4183      0.085     -0.010  0.000e+00
      0.118    28.7321   5.758970    35.4050     2.3806    -0.1410          0     24.250 328.485454  1022.4581      0.118      0.012  0.000e+00
      0.107    28.7322   5.763496    35.4363     2.3797    -0.1341          0     24.500 328.485457  1022.4815      0.107      0.020  0.000e+00
      0.086    28.7323   5.764369    35.4422     2.3826    -0.1387          0     24.750 328.485460  1022.4859      0.086      0.020  0.000e+00
      0.075    28.7318   5.762623    35.4305     2.3786    -0.1395          0     25.000 328.485463  1022.4772      0.075      0.017  0.000e+00
      0.075    28.7317   5.760685    35.4172     2.3711    -0.1395          0     25.250 328.485466  1022.4672      0.075      0.013  0.000e+00
      0.075    28.7319   5.758097    35.3991     2.3676     0.1764          0     25.500 328.485469  1022.4536      0.075      0.002  0.000e+00
      0.086    28.7317   5.756275    35.3866     2.3646     0.1764          0     25.750 328.485472  1022.4443      0.085     -0.007  0.000e+00
      0.097    28.7311   5.755410    35.3810     2.3581     0.1772          0     26.000 328.485475  1022.4404      0.096     -0.009  0.000e+00
      0.097    28.7296   5.758227    35.4017     2.3482     0.1734          0     26.250 328.485477  1022.4564      0.096     -0.008  0.000e+00
      0.064    28.7291   5.762944    35.4347     2.3355    -0.0700          0     26.500 328.485480  1022.4812      0.064     -0.006  0.000e+00
      0.053    28.7298   5.762592    35.4318     2.3322    -0.0685          0     26.750 328.485483  1022.4787      0.053     -0.007  0.000e+00
      0.075    28.7302   5.756933    35.3923     2.3312    -0.0654          0     27.000 328.485486  1022.4490      0.075     -0.005  0.000e+00
      0.075    28.7292   5.757347    35.3959     2.3263    -0.0639          0     27.250 328.485489  1022.4520      0.075     -0.007  0.000e+00
      0.075    28.7282   5.760455    35.4182     2.3269     0.2786          0     27.500 328.485492  1022.4691      0.075     -0.008  0.000e+00
