ctd_kilwa/cnv/SBE19plus_01906740_2018_11_26_0042.cnv
* Sea-Bird SBE19plus  Data File:
* FileName = C:\Users\all user\Desktop\Mapping WWF\SBE19plus_01906740_2018_11_26_0042.hex
* Software version 2.6.3.104
* Temperature SN = 6740
* Conductivity SN = 6740
* System UpLoad Time = Nov 26 2018 19:53:55
* <ApplicationData>
* <Seaterm232>
# nquan = 13
# nvalues = 638                                   
# units = specified
# name 0 = prdM: Pressure, Strain Gauge [db]
# name 1 = tv290C: Temperature [ITS-90, deg C]
# name 2 = c0S/m: Conductivity [S/m]
# name 3 = sal00: Salinity, Practical [PSU]
# name 4 = sbeox0ML/L: Oxygen, SBE 43 [ml/l]
# name 5 = flECO-AFL: Fluorescence, WET Labs ECO-AFL/FL [mg/m^3]
# name 6 = nbf: Bottles Fired
# name 7 = timeS: Time, Elapsed [seconds]
# name 8 = timeJ: Julian Days
# name 9 = density00: Density [density, kg/m^3]
# name 10 = depSM: Depth [salt water, m], lat = 0.00
# name 11 = dz/dtM: Descent Rate [m/s]
# name 12 = flag:  0.000e+00
# span 0 =     -0.995,     10.132                 
# span 1 =    28.0181,    30.3932                 
# span 2 =   0.046871,   5.848048                 
# span 3 =     0.2041,    36.0265                 
# span 4 =     2.0577,     5.2200                 
# span 5 =    -0.4378,    48.6887                 
# span 6 =          0,          0                 
# span 7 =      0.000,    159.250                 
# span 8 = 328.451852, 328.453695                 
# span 9 =   995.6895,  1022.9986                 
# span 10 =     -0.990,     10.076                
# span 11 =     -0.700,      0.528                
# span 12 = 0.0000e+00, 0.0000e+00                
# interval = seconds: 0.25
# start_time = Nov 24 2018 10:50:40 [Instrument's time stamp, header]
# bad_flag = -9.990e-29
*END*
[from data line 112]
      0.109    28.3969   5.781414    35.8128     2.2595     0.0032          0     28.000 328.452176  1022.8758      0.108     -0.002  0.000e+00
      0.109    28.3996   5.769562    35.7280     2.2861    -0.0075          0     28.250 328.452179  1022.8111      0.108     -0.016  0.000e+00
      0.130    28.4007   5.763310    35.6835     2.2839     0.0101          0     28.500 328.452182  1022.7774      0.130     -0.019  0.000e+00
      0.152    28.3987   5.764122    35.6906     2.2873     0.0086          0     28.750 328.452185  1022.7835      0.151     -0.015  0.000e+00
      0.163    28.3962   5.775564    35.7724     2.2905     0.0116          0     29.000 328.452187  1022.8459      0.162     -0.006  0.000e+00
      0.141    28.4003   5.786032    35.8425     2.2839     0.0116          0     29.250 328.452190  1022.8972      0.141     -0.003  0.000e+00
      0.141    28.4058   5.791795    35.8786     2.2674     0.0086          0     29.500 328.452193  1022.9225      0.141      0.004  0.000e+00
      0.120    28.4076   5.789746    35.8629     2.2569    -0.0250          0     29.750 328.452196  1022.9100      0.119      0.007  0.000e+00
      0.109    28.4074   5.776637    35.7714     2.2600    -0.0296          0     30.000 328.452199  1022.8412      0.108      0.003  0.000e+00
      0.120    28.4057   5.766336    35.7008     2.2413    -0.0342          0     30.250 328.452202  1022.7888      0.119     -0.007  0.000e+00
      0.141    28.4017   5.763019    35.6806     2.2391    -0.0288          0     30.500 328.452205  1022.7750      0.141     -0.012  0.000e+00
      0.163    28.3960   5.767033    35.7130     2.2319    -0.0052          0     30.750 328.452208  1022.8012      0.162     -0.006  0.000e+00
      0.195    28.3948   5.775924    35.7760     2.2167    -0.0082          0     31.000 328.452211  1022.8492      0.194      0.013  0.000e+00
      0.163    28.3988   5.784974    35.8362     2.2053    -0.0082          0     31.250 328.452214  1022.8930      0.162      0.025  0.000e+00
      0.141    28.4025   5.792379    35.8852     2.2108    -0.0052          0     31.500 328.452216  1022.9285      0.141      0.023  0.000e+00
      0.174    28.4037   5.796878    35.9157     2.1952    -0.0197          0     31.750 328.452219  1022.9512      0.173      0.030  0.000e+00
      0.174    28.4035   5.799727    35.9358     2.1918    -0.0197          0     32.000 328.452222  1022.9664      0.173      0.028  0.000e+00
      0.152    28.4034   5.801808    35.9504     2.1888    -0.0181          0     32.250 328.452225  1022.9773      0.151      0.013  0.000e+00
      0.141    28.4041   5.802753    35.9565     2.1745    -0.0151          0     32.500 328.452228  1022.9816      0.141     -0.004  0.000e+00
      0.131    28.4056   5.801962    35.9499     2.1881    -0.0311          0     32.750 328.452231  1022.9761      0.130     -0.019  0.000e+00
      0.141    28.4086   5.796494    35.9093     2.1887    -0.0265          0     33.000 328.452234  1022.9446      0.141     -0.022  0.000e+00
      0.131    28.4124   5.782588    35.8093     2.2029    -0.0296          0     33.250 328.452237  1022.8681      0.130     -0.017  0.000e+00
      0.152    28.4139   5.776061    35.7625     2.2002    -0.0311          0     33.500 328.452240  1022.8325      0.151     -0.012  0.000e+00
      0.152    28.4124   5.776445    35.7663     2.2000    -0.0326          0     33.750 328.452242  1022.8359      0.151     -0.013  0.000e+00
      0.163    28.4108   5.780570    35.7964     2.1925     0.0185          0     34.000 328.452245  1022.8591      0.162     -0.001  0.000e+00
      0.163    28.4115   5.788242    35.8495     2.1995     0.0223          0     34.250 328.452248  1022.8988      0.162      0.011  0.000e+00
      0.153    28.4156   5.797254    35.9093     2.1880     0.0200          0     34.500 328.452251  1022.9424      0.152      0.014  0.000e+00
      0.163    28.4198   5.803314    35.9485     2.1803     0.0238          0     34.750 328.452254  1022.9705      0.162      0.016  0.000e+00
      0.174    28.4220   5.805795    35.9642     2.1718     0.0101          0     35.000 328.452257  1022.9816      0.173      0.016  0.000e+00
      0.174    28.4233   5.806987    35.9715     2.1546     0.0101          0     35.250 328.452260  1022.9867      0.173      0.017  0.000e+00
      0.164    28.4253   5.806126    35.9639     2.1553     0.0109          0     35.500 328.452263  1022.9803      0.163      0.009  0.000e+00
      0.174    28.4280   5.805173    35.9553     2.1549     0.0078          0     35.750 328.452266  1022.9729      0.173      0.009  0.000e+00
      0.142    28.4311   5.804067    35.9451     2.1469     0.0337          0     36.000 328.452269  1022.9641      0.141     -0.001  0.000e+00
      0.153    28.4350   5.802791    35.9333     2.1627     0.0391          0     36.250 328.452271  1022.9540      0.152     -0.004  0.000e+00
      0.153    28.4388   5.802745    35.9301     2.1638     0.0322          0     36.500 328.452274  1022.9503      0.152     -0.006  0.000e+00
      0.164    28.4421   5.802200    35.9237     2.1474     0.0315          0     36.750 328.452277  1022.9445      0.163     -0.009  0.000e+00
      0.164    28.4456   5.802199    35.9211     2.1473     0.0116          0     37.000 328.452280  1022.9414      0.163     -0.008  0.000e+00
      0.142    28.4483   5.803813    35.9303     2.1590     0.0101          0     37.250 328.452283  1022.9473      0.141     -0.009  0.000e+00
      0.142    28.4506   5.804719    35.9349     2.1355     0.0078          0     37.500 328.452286  1022.9500      0.141     -0.009  0.000e+00
      0.120    28.4532   5.806348    35.9444     2.1489     0.0070          0     37.750 328.452289  1022.9561      0.120     -0.015  0.000e+00
      0.131    28.4557   5.809845    35.9668     2.1464     0.0131          0     38.000 328.452292  1022.9722      0.130     -0.012  0.000e+00
      0.131    28.4585   5.807301    35.9470     2.1461    -0.0342          0     38.250 328.452295  1022.9564      0.130     -0.017  0.000e+00
      0.153    28.4609   5.795218    35.8608     2.1535    -0.0273          0     38.500 328.452297  1022.8909      0.152     -0.012  0.000e+00
      0.164    28.4607   5.791887    35.8377     2.1673    -0.0242          0     38.750 328.452300  1022.8736      0.163     -0.004  0.000e+00
      0.196    28.4574   5.791695    35.8388     2.1517    -0.0265          0     39.000 328.452303  1022.8757      0.195      0.015  0.000e+00
      0.185    28.4538   5.794405    35.8605     2.1467    -0.0090          0     39.250 328.452306  1022.8931      0.184      0.029  0.000e+00
      0.153    28.4522   5.800325    35.9030     2.1288    -0.0029          0     39.500 328.452309  1022.9255      0.152      0.027  0.000e+00
      0.174    28.4539   5.803014    35.9205     2.1119    -0.0067          0     39.750 328.452312  1022.9382      0.173      0.029  0.000e+00
      0.174    28.4571   5.801185    35.9053     2.1142     0.0009          0     40.000 328.452315  1022.9257      0.173      0.021  0.000e+00
      0.152    28.4595   5.800824    35.9010     2.0976    -0.0029          0     40.250 328.452318  1022.9216      0.151      0.008  0.000e+00
      0.163    28.4604   5.802821    35.9143     2.0915    -0.0029          0     40.500 328.452321  1022.9313      0.162     -0.003  0.000e+00
      0.152    28.4615   5.806187    35.9369     2.0865    -0.0097          0     40.750 328.452323  1022.9479      0.151     -0.013  0.000e+00
      0.163    28.4635   5.809660    35.9596     2.0968    -0.0059          0     41.000 328.452326  1022.9644      0.162     -0.015  0.000e+00
      0.152    28.4664   5.812074    35.9743     2.1090     0.0101          0     41.250 328.452329  1022.9744      0.151     -0.010  0.000e+00
      0.120    28.4692   5.813219    35.9802     2.1112     0.0093          0     41.500 328.452332  1022.9777      0.119     -0.015  0.000e+00
      0.098    28.4724   5.813212    35.9777     2.1160     0.0109          0     41.750 328.452335  1022.9748      0.098     -0.031  0.000e+00
      0.098    28.4749   5.813842    35.9802     2.1095     0.0063          0     42.000 328.452338  1022.9758      0.098     -0.037  0.000e+00
      0.109    28.4776   5.814565    35.9832     2.1209     0.0170          0     42.250 328.452341  1022.9772      0.109     -0.035  0.000e+00
      0.109    28.4803   5.814442    35.9803     2.1304    -0.0342          0     42.500 328.452344  1022.9742      0.109     -0.035  0.000e+00
      0.120    28.4825   5.813942    35.9751     2.1324    -0.0311          0     42.750 328.452347  1022.9695      0.119     -0.027  0.000e+00
      0.098    28.4851   5.812696    35.9645     2.1289    -0.0326          0     43.000 328.452350  1022.9606      0.098     -0.024  0.000e+00
      0.099    28.4872   5.812681    35.9627     2.1187    -0.0296          0     43.250 328.452352  1022.9586      0.098     -0.015  0.000e+00
      0.109    28.4891   5.813903    35.9698     2.1169    -0.0044          0     43.500 328.452355  1022.9633      0.109     -0.002  0.000e+00
      0.099    28.4909   5.816517    35.9867     2.1193    -0.0036          0     43.750 328.452358  1022.9754      0.098      0.000  0.000e+00
      0.120    28.4925   5.819348    36.0053     2.1148    -0.0014          0     44.000 328.452361  1022.9889      0.120      0.002  0.000e+00
      0.142    28.4944   5.821509    36.0189     2.1115    -0.0067          0     44.250 328.452364  1022.9986      0.141      0.009  0.000e+00
      0.153    28.4960   5.821155    36.0152     2.1143     0.0215          0     44.500 328.452367  1022.9953      0.152      0.019  0.000e+00
      0.153    28.4978   5.819048    35.9991     2.1245     0.0231          0     44.750 328.452370  1022.9827      0.152      0.026  0.000e+00
      0.153    28.4997   5.817640    35.9879     2.1162     0.0139          0     45.000 328.452373  1022.9736      0.152      0.034  0.000e+00
      0.153    28.5017   5.816171    35.9761     2.1107     0.0200          0     45.250 328.452376  1022.9640      0.152      0.033  0.000e+00
      0.142    28.5034   5.815871    35.9727     2.1236    -0.0029          0     45.500 328.452378  1022.9609      0.141      0.025  0.000e+00
      0.164    28.5051   5.816563    35.9763     2.1277    -0.0067          0     45.750 328.452381  1022.9631      0.163      0.023  0.000e+00
      0.153    28.5065   5.816394    35.9740     2.1229    -0.0052          0     46.000 328.452384  1022.9609      0.152      0.012  0.000e+00
      0.142    28.5080   5.815118    35.9639     2.1215    -0.0082          0     46.250 328.452387  1022.9528      0.141      0.001  0.000e+00
      0.131    28.5092   5.813811    35.9539     2.1150    -0.0052          0     46.500 328.452390  1022.9448      0.130     -0.007  0.000e+00
      0.120    28.5100   5.815479    35.9650     2.1346     0.0162          0     46.750 328.452393  1022.9528      0.120     -0.014  0.000e+00
      0.077    28.5109   5.817840    35.9808     2.1541     0.0223          0     47.000 328.452396  1022.9642      0.077     -0.030  0.000e+00
      0.088    28.5119   5.821055    36.0025     2.1613     0.0192          0     47.250 328.452399  1022.9802      0.087     -0.038  0.000e+00
      0.099    28.5140   5.823609    36.0187     2.1450     0.0261          0     47.500 328.452402  1022.9918      0.098     -0.038  0.000e+00
      0.153    28.5157   5.824925    36.0265     2.1472    -0.0220          0     47.750 328.452405  1022.9973      0.152     -0.025  0.000e+00
      0.163    28.5176   5.824309    36.0208     2.1560    -0.0136          0     48.000 328.452407  1022.9924      0.162     -0.002  0.000e+00
      0.174    28.5192   5.820916    35.9959     2.1304    -0.0189          0     48.250 328.452410  1022.9732      0.173      0.021  0.000e+00
      0.185    28.5212   5.817340    35.9695     2.1381    -0.0227          0     48.500 328.452413  1022.9527      0.184      0.041  0.000e+00
      0.185    28.5224   5.817478    35.9695     2.1290    -0.0433          0     48.750 328.452416  1022.9524      0.184      0.055  0.000e+00
      0.228    28.5231   5.820593    35.9907     2.1165    -0.0342          0     49.000 328.452419  1022.9682      0.227      0.073  0.000e+00
      0.228    28.5243   5.823047    36.0069     2.1252    -0.0426          0     49.250 328.452422  1022.9800      0.227      0.069  0.000e+00
      0.228    28.5259   5.823809    36.0110     2.1255    -0.0380          0     49.500 328.452425  1022.9826      0.227      0.059  0.000e+00
      0.228    28.5277   5.822032    35.9972     2.1310    -0.0044          0     49.750 328.452428  1022.9717      0.227      0.043  0.000e+00
      0.174    28.5294   5.819232    35.9765     2.1258    -0.0021          0     50.000 328.452431  1022.9552      0.173      0.022  0.000e+00
      0.142    28.5310   5.817932    35.9661     2.1270    -0.0082          0     50.250 328.452433  1022.9468      0.141     -0.005  0.000e+00
      0.175    28.5317   5.818785    35.9715     2.1135    -0.0036          0     50.500 328.452436  1022.9508      0.174     -0.019  0.000e+00
      0.142    28.5326   5.819970    35.9791     2.0970    -0.0021          0     50.750 328.452439  1022.9560      0.141     -0.037  0.000e+00
      0.121    28.5336   5.821116    35.9864     2.1104    -0.0052          0     51.000 328.452442  1022.9611      0.120     -0.059  0.000e+00
      0.121    28.5354   5.822001    35.9912     2.1079    -0.0021          0     51.250 328.452445  1022.9641      0.120     -0.062  0.000e+00
      0.099    28.5369   5.823478    36.0004     2.0685    -0.0021          0     51.500 328.452448  1022.9704      0.098     -0.063  0.000e+00
      0.088    28.5385   5.824001    36.0028     2.0577    -0.0014          0     51.750 328.452451  1022.9716      0.088     -0.059  0.000e+00
      0.067    28.5403   5.822001    35.9875     2.0585    -0.0181          0     52.000 328.452454  1022.9594      0.066     -0.051  0.000e+00
      0.088    28.5418   5.808637    35.8931     2.0686    -0.0136          0     52.250 328.452457  1022.8881      0.088     -0.045  0.000e+00
      0.088    28.5403   5.802920    35.8544     2.0731    -0.0181          0     52.500 328.452459  1022.8595      0.088     -0.043  0.000e+00
      0.088    28.5349   5.802551    35.8559     2.0692    -0.0174          0     52.750 328.452462  1022.8624      0.088     -0.027  0.000e+00
      0.099    28.5299   5.803765    35.8682     2.0711    -0.0166          0     53.000 328.452465  1022.8734      0.098     -0.014  0.000e+00
      0.088    28.5269   5.804587    35.8762     2.0931    -0.0151          0     53.250 328.452468  1022.8803      0.088     -0.007  0.000e+00
      0.099    28.5258   5.806639    35.8913     2.0921    -0.0212          0     53.500 328.452471  1022.8921      0.098      0.004  0.000e+00
      0.088    28.5259   5.808898    35.9070     2.0876    -0.0212          0     53.750 328.452474  1022.9038      0.088      0.007  0.000e+00
      0.088    28.5276   5.811073    35.9209     2.0922    -0.0303          0     54.000 328.452477  1022.9137      0.087      0.007  0.000e+00
      0.120    28.5298   5.811127    35.9196     2.0951    -0.0258          0     54.250 328.452480  1022.9122      0.120      0.009  0.000e+00
      0.098    28.5315   5.810012    35.9105     2.1096    -0.0296          0     54.500 328.452483  1022.9046      0.098      0.008  0.000e+00
     -0.021    28.5323   5.802651    35.8586     2.1037    -0.0311          0     54.750 328.452486  1022.8648     -0.020     -0.026  0.000e+00
     -0.215    28.5299   5.803050    35.8633     2.0963    -0.0311          0     55.000 328.452488  1022.8684     -0.214     -0.103  0.000e+00
     -0.323    28.5256   5.819739    35.9830     2.1688    -0.0815          0     55.250 328.452491  1022.9593     -0.322     -0.186  0.000e+00
