ctd_kilwa/cnv/SBE19plus_01906740_2018_11_26_0055.cnv
* Sea-Bird SBE19plus  Data File:
* FileName = C:\Users\all user\Desktop\Mapping WWF\SBE19plus_01906740_2018_11_26_0055.hex
* Software version 2.6.3.104
* Temperature SN = 6740
* Conductivity SN = 6740
* System UpLoad Time = Nov 26 2018 19:56:55
* <ApplicationData>
* <Seaterm232>
# nquan = 13
# nvalues = 289                                   
# units = specified
# name 0 = prdM: Pressure, Strain Gauge [db]
# name 1 = tv290C: Temperature [ITS-90, deg C]
# name 2 = c0S/m: Conductivity [S/m]
# name 3 = sal00: Salinity, Practical [PSU]
# name 4 = sbeox0ML/L: Oxygen, SBE 43 [ml/l]
# name 5 = flECO-AFL: Fluorescence, WET Labs ECO-AFL/FL [mg/m^3]
# name 6 = nbf: Bottles Fired
# name 7 = timeS: Time, Elapsed [seconds]
# name 8 = timeJ: Julian Days
# name 9 = density00: Density [density, kg/m^3]
# name 10 = depSM: Depth [salt water, m], lat = 0.00
# name 11 = dz/dtM: Descent Rate [m/s]
# name 12 = flag:  0.000e+00
# span 0 =     -1.056,      4.144                 
# span 1 =    30.0208,    30.9284                 
# span 2 =   0.204966,   6.043442                 
# span 3 =     0.9283,    35.8509                 
# span 4 =     2.0650,     4.0625                 
# span 5 =    -0.0311,    48.6871                 
# span 6 =          0,          0                 
# span 7 =      0.000,     72.000                 
# span 8 = 328.599294, 328.600127                 
# span 9 =   996.1282,  1022.1223                 
# span 10 =     -1.050,      4.121                
# span 11 =     -0.479,      0.423                
# span 12 = 0.0000e+00, 0.0000e+00                
# interval = seconds: 0.25
# start_time = Nov 24 2018 14:22:59 [Instrument's time stamp, header]
# bad_flag = -9.990e-29
*END*
     -1.048    30.0208   1.204871     6.1907     3.2096     0.6685          0      0.000 328.599294  1000.2521     -1.042      0.000  0.000e+00
     -1.037    30.1823   0.765801     3.7916     3.2492     0.6563          0      0.250 328.599297   998.4186     -1.031      0.003  0.000e+00
     -1.048    30.3797   0.759318     3.7424     3.2642     0.6616          0      0.500 328.599300   998.3210     -1.042      0.002  0.000e+00
     -1.048    30.5066   1.235851     6.3006     3.1793     0.6693          0      0.750 328.599303  1000.1826     -1.042      0.001  0.000e+00
     -0.961    30.5732   0.935879     4.6647     3.8887     0.2153          0      1.000 328.599306   998.9469     -0.956      0.024  0.000e+00
     -0.831    30.6248   0.956186     4.7686     4.0625     0.2054          0      1.250 328.599308   999.0086     -0.827      0.075  0.000e+00
     -0.777    30.6889   1.013403     5.0694     3.8738     0.2092          0      1.500 328.599311   999.2123     -0.773      0.126  0.000e+00
     -0.723    30.8054   0.959826     4.7708     3.6918     0.2062          0      1.750 328.599314   998.9541     -0.719      0.174  0.000e+00
     -0.669    30.9120   0.856431     4.2124     3.5287    48.6688          0      2.000 328.599317   998.5061     -0.665      0.214  0.000e+00
     -0.593    30.9284   3.323495    18.3517     3.1094    48.6764          0      2.250 328.599320  1008.9931     -0.590      0.250  0.000e+00
     -0.539    30.9037   3.264825    18.0041     2.9791    48.6703          0      2.500 328.599323  1008.7433     -0.536      0.273  0.000e+00
     -0.528    30.8622   3.566125    19.8612     2.8214    48.6795          0      2.750 328.599326  1010.1368     -0.525      0.262  0.000e+00
     -0.539    30.8280   3.745636    20.9833     2.6706     0.1993          0      3.000 328.599329  1010.9822     -0.536      0.213  0.000e+00
     -0.539    30.8063   3.700336    20.7120     2.6934     0.1863          0      3.250 328.599332  1010.7877     -0.536      0.160  0.000e+00
     -0.517    30.7892   5.532533    32.4304     2.6042     0.1833          0      3.500 328.599334  1019.5294     -0.515      0.128  0.000e+00
     -0.431    30.7704   6.043442    35.8372     2.5958     0.1909          0      3.750 328.599337  1022.0862     -0.428      0.116  0.000e+00
     -0.366    30.7501   6.035805    35.8010     2.6269     0.1932          0      4.000 328.599340  1022.0664     -0.364      0.116  0.000e+00
     -0.312    30.7313   6.032632    35.7934     2.6457     0.1123          0      4.250 328.599343  1022.0675     -0.310      0.124  0.000e+00
     -0.279    30.7184   6.032039    35.7989     2.6600     0.1245          0      4.500 328.599346  1022.0762     -0.278      0.143  0.000e+00
     -0.290    30.7107   6.033594    35.8150     2.6669     0.1131          0      4.750 328.599349  1022.0909     -0.289      0.156  0.000e+00
     -0.312    30.7052   6.038346    35.8509     2.6822     0.1161          0      5.000 328.599352  1022.1197     -0.310      0.150  0.000e+00
     -0.377    30.7017   6.037322    35.8466     2.6872     0.1894          0      5.250 328.599355  1022.1173     -0.375      0.109  0.000e+00
     -0.409    30.6994   6.031773    35.8111     2.6936     0.1863          0      5.500 328.599358  1022.0914     -0.407      0.048  0.000e+00
     -0.398    30.6992   6.029469    35.7958     2.6965     0.1947          0      5.750 328.599361  1022.0801     -0.396     -0.011  0.000e+00
     -0.355    30.6992   6.029344    35.7950     2.7002     0.1886          0      6.000 328.599363  1022.0796     -0.353     -0.037  0.000e+00
     -0.268    30.6994   6.029531    35.7960     2.7088     0.1436          0      6.250 328.599366  1022.0807     -0.267     -0.024  0.000e+00
     -0.225    30.7019   6.029992    35.7973     2.6965     0.1444          0      6.500 328.599369  1022.0810     -0.224      0.012  0.000e+00
     -0.171    30.7049   6.030422    35.7979     2.7040     0.1390          0      6.750 328.599372  1022.0806     -0.170      0.067  0.000e+00
     -0.171    30.7079   6.030164    35.7940     2.7117     0.1421          0      7.000 328.599375  1022.0767     -0.170      0.112  0.000e+00
     -0.225    30.7098   6.029828    35.7904     2.7125     0.1383          0      7.250 328.599378  1022.0730     -0.224      0.127  0.000e+00
     -0.257    30.7113   6.029531    35.7873     2.7057     0.1398          0      7.500 328.599381  1022.0701     -0.256      0.106  0.000e+00
     -0.279    30.7114   6.029070    35.7841     2.7094     0.1467          0      7.750 328.599384  1022.0676     -0.277      0.061  0.000e+00
     -0.268    30.7109   6.028906    35.7834     2.6953     0.1390          0      8.000 328.599387  1022.0673     -0.267      0.013  0.000e+00
     -0.257    30.7100   6.029000    35.7847     2.6975     0.1428          0      8.250 328.599389  1022.0686     -0.256     -0.026  0.000e+00
     -0.236    30.7090   6.029203    35.7868     2.6984     0.1497          0      8.500 328.599392  1022.0706     -0.234     -0.037  0.000e+00
     -0.182    30.7084   6.029203    35.7872     2.7095     0.1497          0      8.750 328.599395  1022.0713     -0.181     -0.021  0.000e+00
     -0.149    30.7086   6.029000    35.7857     2.7093     0.1497          0      9.000 328.599398  1022.0703     -0.148      0.019  0.000e+00
     -0.084    30.7088   6.028774    35.7840     2.7125     0.1543          0      9.250 328.599401  1022.0693     -0.084      0.074  0.000e+00
     -0.030    30.7082   6.028516    35.7827     2.7132     0.1482          0      9.500 328.599404  1022.0687     -0.030      0.120  0.000e+00
     -0.041    30.7074   6.028703    35.7846     2.7282     0.1497          0      9.750 328.599407  1022.0703     -0.041      0.140  0.000e+00
     -0.117    30.7077   6.028641    35.7839     2.7436     0.1489          0     10.000 328.599410  1022.0694     -0.116      0.118  0.000e+00
     -0.192    30.7072   6.028406    35.7828     2.7637     0.1543          0     10.250 328.599413  1022.0684     -0.191      0.068  0.000e+00
     -0.268    30.7072   6.028961    35.7865     2.8098     0.1604          0     10.500 328.599416  1022.0709     -0.267     -0.004  0.000e+00
     -0.246    30.7080   6.029336    35.7884     3.5743     0.1657          0     10.750 328.599418  1022.0721     -0.245     -0.061  0.000e+00
     -0.192    30.7088   6.029726    35.7905     3.4840     0.1612          0     11.000 328.599421  1022.0736     -0.191     -0.086  0.000e+00
     -0.127    30.7108   6.029961    35.7905     3.3120     0.1619          0     11.250 328.599424  1022.0732     -0.127     -0.081  0.000e+00
     -0.073    30.7126   6.029859    35.7885     3.1850     0.1528          0     11.500 328.599427  1022.0713     -0.073     -0.042  0.000e+00
     -0.073    30.7141   6.029680    35.7862     3.0468     0.1505          0     11.750 328.599430  1022.0691     -0.073      0.014  0.000e+00
     -0.052    30.7145   6.029601    35.7854     2.8844     0.1550          0     12.000 328.599433  1022.0684     -0.051      0.075  0.000e+00
     -0.084    30.7149   6.029531    35.7846     2.7374     0.1489          0     12.250 328.599436  1022.0675     -0.084      0.103  0.000e+00
     -0.117    30.7148   6.029695    35.7858     2.5874     0.1489          0     12.500 328.599439  1022.0683     -0.116      0.095  0.000e+00
     -0.149    30.7145   6.029531    35.7849     2.4344     0.1695          0     12.750 328.599442  1022.0677     -0.148      0.048  0.000e+00
     -0.138    30.7149   6.029375    35.7836     2.4934     0.1619          0     13.000 328.599444  1022.0665     -0.137      0.004  0.000e+00
     -0.149    30.7150   6.029234    35.7825     2.5376     0.1703          0     13.250 328.599447  1022.0657     -0.148     -0.033  0.000e+00
     -0.117    30.7150   6.029133    35.7819     2.5426     0.1665          0     13.500 328.599450  1022.0653     -0.116     -0.043  0.000e+00
     -0.073    30.7150   6.028969    35.7807     2.5281     0.1726          0     13.750 328.599453  1022.0647     -0.073     -0.023  0.000e+00
     -0.041    30.7147   6.028727    35.7793     2.5179     0.1726          0     14.000 328.599456  1022.0639     -0.041      0.005  0.000e+00
     -0.030    30.7143   6.028375    35.7773     2.5050     0.1749          0     14.250 328.599459  1022.0625     -0.030      0.041  0.000e+00
     -0.052    30.7137   6.028016    35.7754     2.5103     0.1848          0     14.500 328.599462  1022.0612     -0.051      0.059  0.000e+00
     -0.073    30.7130   6.027719    35.7739     2.4902     0.1604          0     14.750 328.599465  1022.0602     -0.073      0.058  0.000e+00
     -0.095    30.7130   6.027555    35.7728     2.4771     0.1627          0     15.000 328.599468  1022.0593     -0.094      0.038  0.000e+00
     -0.095    30.7134   6.027594    35.7727     2.4845     0.1642          0     15.250 328.599470  1022.0591     -0.094      0.018  0.000e+00
     -0.084    30.7138   6.027555    35.7722     2.4816     0.1650          0     15.500 328.599473  1022.0587     -0.084     -0.006  0.000e+00
     -0.084    30.7138   6.027422    35.7713     2.4752     0.1665          0     15.750 328.599476  1022.0580     -0.084     -0.023  0.000e+00
     -0.030    30.7137   6.027352    35.7709     2.4786     0.1619          0     16.000 328.599479  1022.0580     -0.030     -0.014  0.000e+00
      0.002    30.7134   6.027383    35.7713     2.4588     0.1688          0     16.250 328.599482  1022.0584      0.002      0.012  0.000e+00
      0.024    30.7132   6.027391    35.7715     2.4614     0.1695          0     16.500 328.599485  1022.0588      0.024      0.045  0.000e+00
      0.013    30.7126   6.026860    35.7684     2.4462     0.1634          0     16.750 328.599488  1022.0566      0.013      0.063  0.000e+00
     -0.030    30.7107   6.025017    35.7574     2.4378     0.1612          0     17.000 328.599491  1022.0489     -0.030      0.059  0.000e+00
     -0.149    30.7083   6.024556    35.7561     2.4491     0.1619          0     17.250 328.599494  1022.0482     -0.148      0.013  0.000e+00
     -0.214    30.7039   6.024127    35.7565     2.4903     0.1688          0     17.500 328.599497  1022.0498     -0.213     -0.047  0.000e+00
     -0.322    30.6944   6.024751    35.7677     2.5165     0.1581          0     17.750 328.599499  1022.0610     -0.320     -0.124  0.000e+00
     -0.300    30.6894   6.025868    35.7788     2.4626     0.1406          0     18.000 328.599502  1022.0711     -0.299     -0.179  0.000e+00
     -0.117    30.6904   6.027555    35.7894     2.4884     0.1421          0     18.250 328.599505  1022.0795     -0.116     -0.154  0.000e+00
      0.024    30.6955   6.028313    35.7907     2.4442     0.1352          0     18.500 328.599508  1022.0793      0.024     -0.074  0.000e+00
      0.078    30.7014   6.025376    35.7666     2.4036     0.1436          0     18.750 328.599511  1022.0594      0.078      0.027  0.000e+00
      0.056    30.7054   6.024353    35.7569     2.3776     0.1398          0     19.000 328.599514  1022.0507      0.056      0.114  0.000e+00
     -0.041    30.7069   6.023830    35.7523     2.3571     0.1413          0     19.250 328.599517  1022.0463     -0.041      0.158  0.000e+00
     -0.160    30.7044   6.023400    35.7512     2.3785     0.1406          0     19.500 328.599520  1022.0459     -0.159      0.131  0.000e+00
     -0.246    30.6963   6.023447    35.7575     2.4290     0.1406          0     19.750 328.599523  1022.0530     -0.245      0.061  0.000e+00
     -0.257    30.6858   6.023830    35.7678     2.4478     0.1520          0     20.000 328.599525  1022.0643     -0.256     -0.047  0.000e+00
     -0.203    30.6791   6.024752    35.7788     2.4063     0.1528          0     20.250 328.599528  1022.0752     -0.202     -0.137  0.000e+00
     -0.127    30.6778   6.025447    35.7844     2.4301     0.1505          0     20.500 328.599531  1022.0801     -0.127     -0.152  0.000e+00
     -0.008    30.6827   6.026290    35.7865     2.4200     0.1505          0     20.750 328.599534  1022.0805     -0.008     -0.088  0.000e+00
      0.078    30.6886   6.025017    35.7736     2.3936     0.1520          0     21.000 328.599537  1022.0692      0.078      0.020  0.000e+00
      0.078    30.6929   6.023627    35.7611     2.3637     0.1421          0     21.250 328.599540  1022.0583      0.078      0.120  0.000e+00
      0.057    30.6972   6.023205    35.7552     2.3409     0.1436          0     21.500 328.599543  1022.0523      0.056      0.180  0.000e+00
     -0.030    30.6988   6.022706    35.7507     2.3392     0.1383          0     21.750 328.599546  1022.0480     -0.030      0.172  0.000e+00
     -0.095    30.6930   6.022347    35.7525     2.3774     0.1436          0     22.000 328.599549  1022.0511     -0.095      0.108  0.000e+00
     -0.149    30.6853   6.022152    35.7569     2.4469     0.1642          0     22.250 328.599552  1022.0568     -0.148      0.017  0.000e+00
     -0.181    30.6789   6.023003    35.7673     2.4178     0.1612          0     22.500 328.599554  1022.0667     -0.180     -0.073  0.000e+00
     -0.138    30.6770   6.024354    35.7777     2.4062     0.1634          0     22.750 328.599557  1022.0753     -0.138     -0.127  0.000e+00
     -0.008    30.6778   6.025463    35.7845     2.4064     0.1642          0     23.000 328.599560  1022.0807     -0.008     -0.106  0.000e+00
      0.078    30.6816   6.025377    35.7812     2.3911     0.1360          0     23.250 328.599563  1022.0773      0.078     -0.033  0.000e+00
      0.121    30.6856   6.024486    35.7722     2.3766     0.1360          0     23.500 328.599566  1022.0693      0.121      0.051  0.000e+00
      0.121    30.6885   6.023299    35.7622     2.3721     0.1406          0     23.750 328.599569  1022.0608      0.121      0.125  0.000e+00
      0.100    30.6912   6.022776    35.7566     2.3701     0.1390          0     24.000 328.599572  1022.0556      0.099      0.161  0.000e+00
      0.111    30.6941   6.022276    35.7512     2.3494     0.1779          0     24.250 328.599575  1022.0506      0.110      0.169  0.000e+00
      0.143    30.6958   6.022745    35.7531     2.3485     0.1734          0     24.500 328.599578  1022.0515      0.142      0.154  0.000e+00
      0.175    30.6965   6.022183    35.7487     2.3419     0.1734          0     24.750 328.599580  1022.0482      0.174      0.117  0.000e+00
      0.197    30.6965   6.021722    35.7456     2.3408     0.1772          0     25.000 328.599583  1022.0460      0.196      0.076  0.000e+00
      0.186    30.6958   6.021355    35.7437     2.3439     0.1741          0     25.250 328.599586  1022.0447      0.185      0.054  0.000e+00
      0.186    30.6935   6.021488    35.7463     2.3274     0.1695          0     25.500 328.599589  1022.0475      0.185      0.048  0.000e+00
      0.197    30.6916   6.022378    35.7536     2.3205     0.1772          0     25.750 328.599592  1022.0536      0.196      0.051  0.000e+00
      0.251    30.6909   6.023299    35.7603     2.3264     0.1764          0     26.000 328.599595  1022.0591      0.250      0.064  0.000e+00
      0.338    30.6906   6.023612    35.7626     2.3285     0.1741          0     26.250 328.599598  1022.0613      0.336      0.084  0.000e+00
      0.359    30.6910   6.023729    35.7631     2.3128     0.1589          0     26.500 328.599601  1022.0616      0.357      0.098  0.000e+00
      0.381    30.6913   6.022706    35.7560     2.3104     0.1489          0     26.750 328.599604  1022.0563      0.379      0.112  0.000e+00
      0.359    30.6910   6.021754    35.7499     2.2960     0.1459          0     27.000 328.599606  1022.0517      0.357      0.115  0.000e+00
      0.327    30.6916   6.021558    35.7481     2.3007     0.1535          0     27.250 328.599609  1022.0500      0.325      0.104  0.000e+00
      0.349    30.6926   6.022964    35.7568     2.3052     0.1825          0     27.500 328.599612  1022.0563      0.347      0.087  0.000e+00
