ctd_kilwa/cnv/SBE19plus_01906740_2018_11_26_0043.cnv
* Sea-Bird SBE19plus  Data File:
* FileName = C:\Users\all user\Desktop\Mapping WWF\SBE19plus_01906740_2018_11_26_0043.hex
* Software version 2.6.3.104
* Temperature SN = 6740
* Conductivity SN = 6740
* System UpLoad Time = Nov 26 2018 19:54:10
* <ApplicationData>
* <Seaterm232>
# nquan = 13
# nvalues = 660                                   
# units = specified
# name 0 = prdM: Pressure, Strain Gauge [db]
# name 1 = tv290C: Temperature [ITS-90, deg C]
# name 2 = c0S/m: Conductivity [S/m]
# name 3 = sal00: Salinity, Practical [PSU]
# name 4 = sbeox0ML/L: Oxygen, SBE 43 [ml/l]
# name 5 = flECO-AFL: Fluorescence, WET Labs ECO-AFL/FL [mg/m^3]
# name 6 = nbf: Bottles Fired
# name 7 = timeS: Time, Elapsed [seconds]
# name 8 = timeJ: Julian Days
# name 9 = density00: Density [density, kg/m^3]
# name 10 = depSM: Depth [salt water, m], lat = 0.00
# name 11 = dz/dtM: Descent Rate [m/s]
# name 12 = flag:  0.000e+00
# span 0 =     -1.035,     11.605                 
# span 1 =    28.0513,    30.0803                 
# span 2 =   0.506388,   5.875906                 
# span 3 =     2.5049,    36.0227                 
# span 4 =     2.2959,     4.5320                 
# span 5 =    -0.4416,    48.6841                 
# span 6 =          0,          0                 
# span 7 =      0.000,    164.750                 
# span 8 = 328.464491, 328.466398                 
# span 9 =   997.8606,  1022.8333                 
# span 10 =     -1.030,     11.541                
# span 11 =     -0.708,      0.530                
# span 12 = 0.0000e+00, 0.0000e+00                
# interval = seconds: 0.25
# start_time = Nov 24 2018 11:08:52 [Instrument's time stamp, header]
# bad_flag = -9.990e-29
*END*
[from data line 223]
      0.123    28.3585   5.717435    35.3948     2.3083     0.0246          0     55.750 328.465136  1022.5743      0.122      0.117  0.000e+00
      0.123    28.3464   5.721542    35.4326     2.3464     0.0200          0     56.000 328.465139  1022.6067      0.122      0.143  0.000e+00
      0.112    28.3719   5.720129    35.4036     2.3742     0.0261          0     56.250 328.465142  1022.5765      0.112      0.138  0.000e+00
      0.134    28.4229   5.713991    35.3227     2.3524     0.0231          0     56.500 328.465145  1022.4989      0.133      0.120  0.000e+00
      0.155    28.4457   5.710710    35.2829     2.3725     0.0269          0     56.750 328.465148  1022.4615      0.155      0.093  0.000e+00
      0.220    28.4414   5.706492    35.2567     2.3911     0.0238          0     57.000 328.465150  1022.4435      0.219      0.073  0.000e+00
      0.264    28.4244   5.704601    35.2561     2.3707     0.0452          0     57.250 328.465153  1022.4488      0.262      0.076  0.000e+00
      0.318    28.3994   5.703580    35.2676     2.3674     0.0429          0     57.500 328.465156  1022.4660      0.316      0.096  0.000e+00
      0.339    28.3676   5.702589    35.2844     2.3832     0.0444          0     57.750 328.465159  1022.4892      0.338      0.123  0.000e+00
      0.361    28.3392   5.708142    35.3443     2.3992     0.0437          0     58.000 328.465162  1022.5437      0.359      0.141  0.000e+00
      0.383    28.3183   5.709340    35.3683     2.3966     0.0612          0     58.250 328.465165  1022.5687      0.381      0.149  0.000e+00
      0.404    28.3023   5.703132    35.3369     2.3923     0.0620          0     58.500 328.465168  1022.5505      0.402      0.141  0.000e+00
      0.426    28.2910   5.703071    35.3449     2.3961     0.0543          0     58.750 328.465171  1022.5603      0.424      0.128  0.000e+00
      0.404    28.2828   5.701730    35.3417     2.3766     0.0566          0     59.000 328.465174  1022.5605      0.402      0.096  0.000e+00
      0.394    28.2765   5.699145    35.3283     2.3803     0.0627          0     59.250 328.465177  1022.5525      0.391      0.066  0.000e+00
      0.394    28.2688   5.694809    35.3038     2.3853     0.0215          0     59.500 328.465179  1022.5366      0.391      0.040  0.000e+00
      0.404    28.2595   5.693278    35.3000     2.4606     0.0200          0     59.750 328.465182  1022.5369      0.402      0.025  0.000e+00
      0.404    28.2525   5.693712    35.3083     2.4880     0.0200          0     60.000 328.465185  1022.5454      0.402      0.012  0.000e+00
      0.415    28.2473   5.681497    35.2268     2.5156     0.0177          0     60.250 328.465188  1022.4859      0.413      0.005  0.000e+00
      0.448    28.2360   5.676353    35.1993     2.4881     0.0238          0     60.500 328.465191  1022.4691      0.445      0.010  0.000e+00
      0.469    28.2202   5.675425    35.2045     2.4910     0.0246          0     60.750 328.465194  1022.4783      0.467      0.024  0.000e+00
      0.534    28.2089   5.675273    35.2119     2.4646     0.0162          0     61.000 328.465197  1022.4878      0.531      0.058  0.000e+00
      0.577    28.2026   5.674854    35.2137     2.4190     0.0231          0     61.250 328.465200  1022.4914      0.574      0.089  0.000e+00
      0.653    28.1988   5.674954    35.2171     2.4511     0.0292          0     61.500 328.465203  1022.4955      0.650      0.125  0.000e+00
      0.718    28.1969   5.674824    35.2177     2.4754     0.0330          0     61.750 328.465205  1022.4969      0.714      0.161  0.000e+00
      0.740    28.1959   5.674604    35.2168     2.4600     0.0383          0     62.000 328.465208  1022.4967      0.736      0.185  0.000e+00
      0.729    28.1946   5.674383    35.2163     2.4362     0.0391          0     62.250 328.465211  1022.4967      0.725      0.183  0.000e+00
      0.729    28.1934   5.674383    35.2172     2.5264     0.0200          0     62.500 328.465214  1022.4977      0.725      0.164  0.000e+00
      0.686    28.1928   5.674604    35.2192     2.5371     0.0215          0     62.750 328.465217  1022.4992      0.682      0.123  0.000e+00
      0.686    28.1937   5.674839    35.2202     2.5273     0.0170          0     63.000 328.465220  1022.4997      0.682      0.073  0.000e+00
      0.729    28.1954   5.674733    35.2181     2.5066     0.0185          0     63.250 328.465223  1022.4977      0.725      0.042  0.000e+00
      0.837    28.1961   5.674383    35.2151     2.5100     0.0215          0     63.500 328.465226  1022.4957      0.833      0.041  0.000e+00
      0.902    28.1952   5.674003    35.2131     2.5457     0.0238          0     63.750 328.465229  1022.4948      0.897      0.066  0.000e+00
      0.946    28.1927   5.673972    35.2148     2.5555     0.0177          0     64.000 328.465231  1022.4970      0.940      0.107  0.000e+00
      1.043    28.1911   5.673782    35.2146     2.5974     0.0215          0     64.250 328.465234  1022.4978      1.037      0.166  0.000e+00
      1.097    28.1894   5.673014    35.2105     2.6080     0.0253          0     64.500 328.465237  1022.4956      1.091      0.215  0.000e+00
      1.151    28.1862   5.673273    35.2147     2.6288     0.0688          0     64.750 328.465240  1022.5000      1.144      0.255  0.000e+00
      1.183    28.1844   5.672413    35.2100     2.6415     0.0704          0     65.000 328.465243  1022.4972      1.177      0.261  0.000e+00
      1.194    28.1811   5.672284    35.2115     2.6807     0.0711          0     65.250 328.465246  1022.4995      1.188      0.236  0.000e+00
      1.227    28.1784   5.672322    35.2138     2.6847     0.0711          0     65.500 328.465249  1022.5022      1.220      0.201  0.000e+00
      1.194    28.1771   5.672383    35.2152     2.6858     0.0253          0     65.750 328.465252  1022.5036      1.188      0.160  0.000e+00
      1.205    28.1768   5.672489    35.2162     2.6633     0.0231          0     66.000 328.465255  1022.5044      1.198      0.120  0.000e+00
      1.205    28.1775   5.672512    35.2158     2.6600     0.0192          0     66.250 328.465258  1022.5039      1.198      0.074  0.000e+00
      1.259    28.1778   5.672193    35.2133     2.6688     0.0177          0     66.500 328.465260  1022.5022      1.252      0.057  0.000e+00
      1.334    28.1769   5.671972    35.2124     2.6781     0.0307          0     66.750 328.465263  1022.5021      1.327      0.064  0.000e+00
      1.453    28.1756   5.671873    35.2127     2.6834     0.0315          0     67.000 328.465266  1022.5032      1.445      0.105  0.000e+00
      1.507    28.1746   5.671782    35.2128     2.6823     0.0315          0     67.250 328.465269  1022.5039      1.499      0.151  0.000e+00
      1.561    28.1732   5.671364    35.2109     2.6896     0.0360          0     67.500 328.465272  1022.5032      1.553      0.194  0.000e+00
      1.572    28.1714   5.671364    35.2122     2.6988     0.0345          0     67.750 328.465275  1022.5048      1.564      0.225  0.000e+00
      1.626    28.1701   5.671334    35.2130     2.7014     0.0498          0     68.000 328.465278  1022.5060      1.617      0.238  0.000e+00
      1.680    28.1693   5.671273    35.2131     2.6955     0.0475          0     68.250 328.465281  1022.5066      1.671      0.239  0.000e+00
      1.800    28.1689   5.671212    35.2129     2.7090     0.0490          0     68.500 328.465284  1022.5071      1.790      0.241  0.000e+00
      1.918    28.1684   5.671144    35.2128     2.7556     0.0498          0     68.750 328.465286  1022.5077      1.908      0.252  0.000e+00
      2.048    28.1679   5.671144    35.2131     2.7889     0.0444          0     69.000 328.465289  1022.5087      2.037      0.280  0.000e+00
      2.156    28.1675   5.671182    35.2136     2.8467     0.0490          0     69.250 328.465292  1022.5096      2.144      0.328  0.000e+00
      2.178    28.1673   5.671052    35.2129     2.8928     0.0444          0     69.500 328.465295  1022.5092      2.166      0.353  0.000e+00
      2.145    28.1668   5.671052    35.2133     2.8406     0.0429          0     69.750 328.465298  1022.5096      2.134      0.343  0.000e+00
      2.081    28.1666   5.671273    35.2150     2.7950     0.0284          0     70.000 328.465301  1022.5107      2.069      0.280  0.000e+00
      2.027    28.1674   5.671592    35.2166     2.7763     0.0315          0     70.250 328.465304  1022.5114      2.015      0.187  0.000e+00
      2.037    28.1692   5.671714    35.2162     2.7388     0.0284          0     70.500 328.465307  1022.5105      2.026      0.089  0.000e+00
      2.113    28.1713   5.671714    35.2145     2.7038     0.0368          0     70.750 328.465310  1022.5089      2.102      0.026  0.000e+00
      2.178    28.1720   5.671433    35.2120     2.6735     0.0574          0     71.000 328.465312  1022.5071      2.166     -0.001  0.000e+00
      2.275    28.1716   5.671212    35.2108     2.6589     0.0528          0     71.250 328.465315  1022.5066      2.263      0.025  0.000e+00
      2.394    28.1700   5.670984    35.2104     2.6635     0.0559          0     71.500 328.465318  1022.5074      2.381      0.102  0.000e+00
      2.448    28.1684   5.670954    35.2113     2.6925     0.0620          0     71.750 328.465321  1022.5088      2.435      0.186  0.000e+00
      2.513    28.1672   5.670923    35.2120     2.7001     0.0665          0     72.000 328.465324  1022.5101      2.499      0.258  0.000e+00
      2.546    28.1664   5.670984    35.2130     2.7045     0.0406          0     72.250 328.465327  1022.5112      2.532      0.293  0.000e+00
      2.535    28.1662   5.670954    35.2130     2.7223     0.0505          0     72.500 328.465330  1022.5112      2.521      0.275  0.000e+00
      2.535    28.1660   5.670999    35.2134     2.7424     0.0437          0     72.750 328.465333  1022.5116      2.521      0.228  0.000e+00
      2.481    28.1661   5.671083    35.2139     2.7284     0.0475          0     73.000 328.465336  1022.5117      2.467      0.158  0.000e+00
      2.459    28.1666   5.671243    35.2147     2.7509     0.0559          0     73.250 328.465339  1022.5121      2.446      0.079  0.000e+00
      2.448    28.1676   5.671243    35.2139     2.7763     0.0551          0     73.500 328.465341  1022.5111      2.435      0.012  0.000e+00
      2.448    28.1684   5.671304    35.2138     2.8132     0.0681          0     73.750 328.465344  1022.5107      2.435     -0.028  0.000e+00
      2.481    28.1690   5.671364    35.2137     2.7907     0.0582          0     74.000 328.465347  1022.5106      2.467     -0.045  0.000e+00
      2.545    28.1696   5.671243    35.2124     2.7896     0.0650          0     74.250 328.465350  1022.5097      2.531     -0.025  0.000e+00
      2.675    28.1693   5.670954    35.2106     2.8069     0.0574          0     74.500 328.465353  1022.5090      2.660      0.039  0.000e+00
      2.805    28.1683   5.670924    35.2111     2.8078     0.0597          0     74.750 328.465356  1022.5102      2.789      0.125  0.000e+00
      2.881    28.1672   5.670954    35.2121     2.7747     0.0513          0     75.000 328.465359  1022.5117      2.865      0.213  0.000e+00
      2.946    28.1666   5.670863    35.2119     2.7443     0.0391          0     75.250 328.465362  1022.5120      2.929      0.277  0.000e+00
      3.043    28.1660   5.670832    35.2121     2.8017     0.0360          0     75.500 328.465365  1022.5128      3.026      0.329  0.000e+00
      3.108    28.1655   5.670863    35.2127     2.7912     0.0299          0     75.750 328.465367  1022.5136      3.091      0.355  0.000e+00
      3.162    28.1651   5.670696    35.2118     2.8288     0.0376          0     76.000 328.465370  1022.5133      3.145      0.353  0.000e+00
      3.248    28.1644   5.670673    35.2121     2.8571     0.0330          0     76.250 328.465373  1022.5142      3.231      0.336  0.000e+00
      3.335    28.1639   5.670642    35.2122     2.8816     0.0589          0     76.500 328.465376  1022.5148      3.317      0.313  0.000e+00
      3.389    28.1637   5.670643    35.2123     2.9437     0.0582          0     76.750 328.465379  1022.5152      3.370      0.295  0.000e+00
      3.410    28.1635   5.670604    35.2122     2.9477     0.0620          0     77.000 328.465382  1022.5153      3.392      0.278  0.000e+00
      3.411    28.1633   5.670605    35.2124     2.9118     0.0589          0     77.250 328.465385  1022.5154      3.392      0.247  0.000e+00
      3.421    28.1632   5.670605    35.2125     2.8599     0.0536          0     77.500 328.465388  1022.5156      3.402      0.204  0.000e+00
      3.421    28.1633   5.670703    35.2131     2.8272     0.0559          0     77.750 328.465391  1022.5161      3.402      0.162  0.000e+00
      3.465    28.1634   5.670703    35.2130     2.7845     0.0566          0     78.000 328.465394  1022.5161      3.445      0.128  0.000e+00
      3.551    28.1638   5.670643    35.2122     2.7626     0.0589          0     78.250 328.465396  1022.5158      3.531      0.112  0.000e+00
      3.659    28.1637   5.670673    35.2125     2.8124     0.0261          0     78.500 328.465399  1022.5164      3.639      0.127  0.000e+00
      3.713    28.1635   5.670643    35.2124     2.8110     0.0200          0     78.750 328.465402  1022.5167      3.693      0.158  0.000e+00
      3.746    28.1633   5.670704    35.2129     2.8035     0.0246          0     79.000 328.465405  1022.5173      3.725      0.190  0.000e+00
      3.800    28.1635   5.670635    35.2123     2.8124     0.0177          0     79.250 328.465408  1022.5170      3.779      0.221  0.000e+00
      3.843    28.1633   5.670483    35.2114     2.8493     0.0414          0     79.500 328.465411  1022.5165      3.822      0.236  0.000e+00
      3.886    28.1626   5.670574    35.2126     2.8066     0.0482          0     79.750 328.465414  1022.5179      3.865      0.239  0.000e+00
      3.897    28.1624   5.670544    35.2125     2.7723     0.0459          0     80.000 328.465417  1022.5179      3.876      0.213  0.000e+00
      3.864    28.1627   5.670574    35.2125     2.7674     0.0490          0     80.250 328.465420  1022.5177      3.843      0.161  0.000e+00
      3.875    28.1626   5.670605    35.2128     2.7877     0.0398          0     80.500 328.465422  1022.5180      3.854      0.114  0.000e+00
      3.908    28.1629   5.670605    35.2126     2.7509     0.0582          0     80.750 328.465425  1022.5179      3.886      0.090  0.000e+00
      3.930    28.1629   5.670574    35.2124     2.7340     0.0574          0     81.000 328.465428  1022.5178      3.908      0.074  0.000e+00
      3.940    28.1627   5.670544    35.2123     2.7531     0.0589          0     81.250 328.465431  1022.5179      3.919      0.056  0.000e+00
      3.994    28.1630   5.670605    35.2125     2.7469     0.0643          0     81.500 328.465434  1022.5181      3.972      0.058  0.000e+00
      4.027    28.1631   5.670514    35.2118     2.7807     0.0444          0     81.750 328.465437  1022.5177      4.005      0.071  0.000e+00
      4.113    28.1627   5.670354    35.2109     2.7444     0.0444          0     82.000 328.465440  1022.5176      4.090      0.108  0.000e+00
      4.210    28.1619   5.670354    35.2115     2.7441     0.0482          0     82.250 328.465443  1022.5187      4.187      0.160  0.000e+00
      4.319    28.1612   5.670293    35.2115     2.7579     0.0505          0     82.500 328.465446  1022.5194      4.295      0.209  0.000e+00
      4.459    28.1606   5.669997    35.2098     2.7788     0.0368          0     82.750 328.465448  1022.5189      4.435      0.269  0.000e+00
      4.610    28.1592   5.669883    35.2101     2.8137     0.0292          0     83.000 328.465451  1022.5202      4.585      0.341  0.000e+00
