ctd_kilwa/cnv/SBE19plus_01906740_2018_11_26_0059.cnv
* Sea-Bird SBE19plus  Data File:
* FileName = C:\Users\all user\Desktop\Mapping WWF\SBE19plus_01906740_2018_11_26_0059.hex
* Software version 2.6.3.104
* Temperature SN = 6740
* Conductivity SN = 6740
* System UpLoad Time = Nov 26 2018 19:58:12
* <ApplicationData>
* <Seaterm232>
# nquan = 13
# nvalues = 357                                   
# units = specified
# name 0 = prdM: Pressure, Strain Gauge [db]
# name 1 = tv290C: Temperature [ITS-90, deg C]
# name 2 = c0S/m: Conductivity [S/m]
# name 3 = sal00: Salinity, Practical [PSU]
# name 4 = sbeox0ML/L: Oxygen, SBE 43 [ml/l]
# name 5 = flECO-AFL: Fluorescence, WET Labs ECO-AFL/FL [mg/m^3]
# name 6 = nbf: Bottles Fired
# name 7 = timeS: Time, Elapsed [seconds]
# name 8 = timeJ: Julian Days
# name 9 = density00: Density [density, kg/m^3]
# name 10 = depSM: Depth [salt water, m], lat = 0.00
# name 11 = dz/dtM: Descent Rate [m/s]
# name 12 = flag:  0.000e+00
# span 0 =     -1.032,      3.034                 
# span 1 =    27.9392,    28.8351                 
# span 2 =   0.816374,   5.757471                 
# span 3 =     4.2468,    35.7816                 
# span 4 =     2.5504,     3.7466                 
# span 5 =    -0.3340,    48.6894                 
# span 6 =          0,          0                 
# span 7 =      0.000,     89.000                 
# span 8 = 329.470417, 329.471447                 
# span 9 =   999.4134,  1022.9104                 
# span 10 =     -1.026,      3.017                
# span 11 =     -0.453,      0.411                
# span 12 = 0.0000e+00, 0.0000e+00                
# interval = seconds: 0.25
# start_time = Nov 25 2018 11:17:24 [Instrument's time stamp, header]
# bad_flag = -9.990e-29
*END*
[from data line 112]
      0.006    28.0304   5.694173    35.4783     2.6658     0.0521          0     28.000 329.470741  1022.7445      0.005     -0.009  0.000e+00
      0.027    28.0340   5.694524    35.4781     2.6474     0.0528          0     28.250 329.470744  1022.7432      0.027     -0.013  0.000e+00
      0.027    28.0368   5.695004    35.4793     2.6558     0.0459          0     28.500 329.470747  1022.7432      0.027     -0.014  0.000e+00
      0.027    28.0396   5.694394    35.4729     2.6579     0.0345          0     28.750 329.470749  1022.7375      0.027     -0.014  0.000e+00
      0.070    28.0417   5.690570    35.4445     2.6295     0.0414          0     29.000 329.470752  1022.7156      0.070     -0.000  0.000e+00
      0.059    28.0426   5.687097    35.4194     2.6271     0.0360          0     29.250 329.470755  1022.6964      0.059      0.017  0.000e+00
      0.059    28.0421   5.688688    35.4310     2.6271     0.0452          0     29.500 329.470758  1022.7053      0.059      0.030  0.000e+00
      0.070    28.0410   5.692863    35.4611     2.6260    -0.0914          0     29.750 329.470761  1022.7283      0.070      0.041  0.000e+00
      0.038    28.0427   5.694303    35.4699     2.6170    -0.0967          0     30.000 329.470764  1022.7342      0.038      0.024  0.000e+00
      0.027    28.0453   5.692992    35.4588     2.6033    -0.0937          0     30.250 329.470767  1022.7250      0.027      0.007  0.000e+00
      0.016    28.0469   5.690318    35.4388     2.5968    -0.0990          0     30.500 329.470770  1022.7094      0.016     -0.007  0.000e+00
      0.016    28.0458   5.689618    35.4348     2.5876    -0.0929          0     30.750 329.470773  1022.7067      0.016     -0.019  0.000e+00
      0.049    28.0424   5.690044    35.4403     2.5928    -0.0929          0     31.000 329.470775  1022.7121      0.048     -0.023  0.000e+00
      0.059    28.0396   5.690219    35.4436     2.6028    -0.0921          0     31.250 329.470778  1022.7155      0.059     -0.011  0.000e+00
      0.081    28.0377   5.690189    35.4448     2.5888    -0.0914          0     31.500 329.470781  1022.7172      0.081      0.004  0.000e+00
      0.103    28.0363   5.691911    35.4579     2.6014     0.0284          0     31.750 329.470784  1022.7276      0.102      0.024  0.000e+00
      0.124    28.0361   5.695164    35.4809     2.5939     0.0330          0     32.000 329.470787  1022.7450      0.124      0.050  0.000e+00
      0.103    28.0386   5.696436    35.4880     2.5876     0.0284          0     32.250 329.470790  1022.7495      0.102      0.056  0.000e+00
      0.103    28.0423   5.696116    35.4830     2.5897     0.0368          0     32.500 329.470793  1022.7445      0.102      0.053  0.000e+00
      0.049    28.0452   5.691461    35.4481     2.5702     0.0482          0     32.750 329.470796  1022.7171      0.048      0.028  0.000e+00
      0.049    28.0439   5.686335    35.4131     2.5693     0.0452          0     33.000 329.470799  1022.6912      0.048      0.001  0.000e+00
      0.049    28.0380   5.683183    35.3954     2.5610     0.0452          0     33.250 329.470802  1022.6798      0.048     -0.018  0.000e+00
      0.060    28.0312   5.682772    35.3976     2.5540     0.0490          0     33.500 329.470804  1022.6837      0.059     -0.030  0.000e+00
      0.070    28.0274   5.684204    35.4105     2.5504     0.0444          0     33.750 329.470807  1022.6947      0.070     -0.032  0.000e+00
      0.071    28.0281   5.683062    35.4020     2.5535     0.0139          0     34.000 329.470810  1022.6881      0.070     -0.027  0.000e+00
      0.092    28.0292   5.681531    35.3904     2.5705     0.0215          0     34.250 329.470813  1022.6791      0.092     -0.006  0.000e+00
      0.146    28.0257   5.680991    35.3893     2.5808     0.0177          0     34.500 329.470816  1022.6796      0.145      0.025  0.000e+00
      0.179    28.0214   5.682103    35.4003     2.5767     0.0276          0     34.750 329.470819  1022.6894      0.178      0.061  0.000e+00
      0.211    28.0196   5.680420    35.3898     2.5762    -0.0166          0     35.000 329.470822  1022.6823      0.210      0.082  0.000e+00
      0.265    28.0183   5.678008    35.3738     2.5697    -0.0174          0     35.250 329.470825  1022.6709      0.264      0.107  0.000e+00
      0.265    28.0161   5.672735    35.3385     2.5885    -0.0250          0     35.500 329.470828  1022.6451      0.264      0.118  0.000e+00
      0.341    28.0123   5.661315    35.2611     2.6805    -0.0136          0     35.750 329.470830  1022.5884      0.339      0.138  0.000e+00
      0.427    28.0094   5.668644    35.3147     2.6737     0.0337          0     36.000 329.470833  1022.6301      0.425      0.167  0.000e+00
      0.438    28.0096   5.677590    35.3774     2.6277     0.0368          0     36.250 329.470836  1022.6772      0.436      0.174  0.000e+00
      0.503    28.0042   5.664013    35.2860     2.6836     0.0383          0     36.500 329.470839  1022.6105      0.500      0.181  0.000e+00
      0.557    27.9989   5.661771    35.2742     2.7255     0.0276          0     36.750 329.470842  1022.6036      0.554      0.193  0.000e+00
      0.611    27.9938   5.668423    35.3248     2.6905    -0.0067          0     37.000 329.470845  1022.6436      0.608      0.203  0.000e+00
      0.600    27.9894   5.675399    35.3771     2.6344    -0.0143          0     37.250 329.470848  1022.6843      0.597      0.193  0.000e+00
      0.600    27.9869   5.673307    35.3643     2.5939    -0.0006          0     37.500 329.470851  1022.6755      0.597      0.174  0.000e+00
      0.633    27.9878   5.665762    35.3106     2.5717    -0.0067          0     37.750 329.470854  1022.6350      0.629      0.141  0.000e+00
      0.676    27.9878   5.664363    35.3008     2.5703    -0.0113          0     38.000 329.470856  1022.6277      0.672      0.121  0.000e+00
      0.709    27.9867   5.663862    35.2980     2.5650     0.0055          0     38.250 329.470859  1022.6262      0.705      0.116  0.000e+00
      0.730    27.9836   5.662912    35.2937     2.5765     0.0047          0     38.500 329.470862  1022.6240      0.726      0.102  0.000e+00
      0.784    27.9801   5.663892    35.3032     2.5957     0.0063          0     38.750 329.470865  1022.6325      0.780      0.104  0.000e+00
      0.817    27.9780   5.663223    35.3001     2.6556     0.0047          0     39.000 329.470868  1022.6310      0.812      0.114  0.000e+00
      0.828    27.9756   5.663634    35.3048     2.6788    -0.0029          0     39.250 329.470871  1022.6354      0.823      0.128  0.000e+00
      0.849    27.9736   5.661893    35.2940     2.6989    -0.0097          0     39.500 329.470874  1022.6280      0.845      0.129  0.000e+00
      0.882    27.9702   5.668546    35.3432     2.6842    -0.0113          0     39.750 329.470877  1022.6663      0.877      0.123  0.000e+00
      0.871    27.9690   5.668166    35.3415     2.6815    -0.0029          0     40.000 329.470880  1022.6654      0.866      0.105  0.000e+00
      0.860    27.9679   5.663513    35.3096     2.6724     0.0376          0     40.250 329.470883  1022.6417      0.855      0.084  0.000e+00
      0.882    27.9677   5.659492    35.2815     2.6525     0.0322          0     40.500 329.470885  1022.6207      0.877      0.066  0.000e+00
      0.892    27.9655   5.657281    35.2676     2.6490     0.0246          0     40.750 329.470888  1022.6110      0.888      0.048  0.000e+00
      0.957    27.9614   5.653452    35.2438     2.6584     0.0391          0     41.000 329.470891  1022.5947      0.952      0.053  0.000e+00
      1.001    27.9589   5.655161    35.2577     2.6465     0.0383          0     41.250 329.470894  1022.6061      0.995      0.070  0.000e+00
      1.076    27.9607   5.653391    35.2438     2.6666     0.0459          0     41.500 329.470897  1022.5955      1.070      0.098  0.000e+00
      1.087    27.9585   5.653103    35.2435     2.7070     0.0406          0     41.750 329.470900  1022.5960      1.081      0.120  0.000e+00
      1.152    27.9581   5.658292    35.2802     2.7348     0.0482          0     42.000 329.470903  1022.6240      1.146      0.154  0.000e+00
      1.163    27.9577   5.660632    35.2969     2.7370     0.0383          0     42.250 329.470906  1022.6368      1.156      0.169  0.000e+00
      1.184    27.9555   5.655192    35.2603     2.7447    -0.0097          0     42.500 329.470909  1022.6101      1.178      0.167  0.000e+00
      1.217    27.9535   5.661012    35.3028     2.7218    -0.0113          0     42.750 329.470911  1022.6428      1.210      0.159  0.000e+00
      1.185    27.9529   5.656901    35.2743     2.6974    -0.0113          0     43.000 329.470914  1022.6214      1.178      0.123  0.000e+00
      1.206    27.9536   5.653931    35.2529     2.7090    -0.0067          0     43.250 329.470917  1022.6052      1.200      0.096  0.000e+00
      1.282    27.9520   5.649693    35.2243     2.7147    -0.0342          0     43.500 329.470920  1022.5845      1.275      0.087  0.000e+00
      1.390    27.9501   5.647264    35.2086     2.7528    -0.0342          0     43.750 329.470923  1022.5738      1.382      0.113  0.000e+00
      1.531    27.9497   5.645024    35.1931     2.8042    -0.0303          0     44.000 329.470926  1022.5629      1.522      0.159  0.000e+00
      1.693    27.9460   5.644994    35.1956     2.9206    -0.0334          0     44.250 329.470929  1022.5667      1.684      0.240  0.000e+00
      1.790    27.9420   5.649504    35.2303     3.0292    -0.0052          0     44.500 329.470932  1022.5945      1.780      0.315  0.000e+00
      1.855    27.9392   5.652094    35.2506     3.0293    -0.0029          0     44.750 329.470935  1022.6110      1.845      0.373  0.000e+00
      1.909    27.9395   5.651592    35.2469     3.0665    -0.0082          0     45.000 329.470937  1022.6083      1.899      0.411  0.000e+00
      1.952    27.9409   5.654441    35.2658     2.9773    -0.0052          0     45.250 329.470940  1022.6222      1.942      0.404  0.000e+00
      1.952    27.9422   5.655413    35.2717     2.9087    -0.0029          0     45.500 329.470943  1022.6262      1.942      0.353  0.000e+00
      2.007    27.9460   5.652192    35.2461     2.8520     0.0002          0     45.750 329.470946  1022.6060      1.995      0.291  0.000e+00
      2.071    27.9488   5.649572    35.2256     2.8086     0.0055          0     46.000 329.470949  1022.5899      2.060      0.235  0.000e+00
      2.115    27.9484   5.649663    35.2266     2.7533     0.0093          0     46.250 329.470952  1022.5910      2.103      0.192  0.000e+00
      2.169    27.9467   5.647704    35.2140     2.7242     0.0040          0     46.500 329.470955  1022.5823      2.157      0.178  0.000e+00
      2.190    27.9451   5.647674    35.2150     2.7389     0.0086          0     46.750 329.470958  1022.5837      2.178      0.171  0.000e+00
      2.255    27.9447   5.648874    35.2237     2.7485     0.0162          0     47.000 329.470961  1022.5907      2.243      0.176  0.000e+00
      2.288    27.9447   5.653294    35.2548     2.7622     0.0070          0     47.250 329.470964  1022.6142      2.275      0.181  0.000e+00
      2.298    27.9432   5.654464    35.2641     2.7638     0.0124          0     47.500 329.470966  1022.6217      2.286      0.178  0.000e+00
      2.298    27.9426   5.654274    35.2632     2.7740    -0.0044          0     47.750 329.470969  1022.6212      2.286      0.152  0.000e+00
      2.320    27.9472   5.655664    35.2696     2.7791    -0.0128          0     48.000 329.470972  1022.6246      2.307      0.127  0.000e+00
      2.320    27.9528   5.656742    35.2729     2.7731    -0.0067          0     48.250 329.470975  1022.6253      2.307      0.102  0.000e+00
      2.331    27.9580   5.656492    35.2673     2.7861    -0.0052          0     48.500 329.470978  1022.6193      2.318      0.078  0.000e+00
      2.342    27.9610   5.657244    35.2703     2.8178     0.0116          0     48.750 329.470981  1022.6207      2.329      0.061  0.000e+00
      2.352    27.9635   5.655823    35.2585     2.8293     0.0246          0     49.000 329.470984  1022.6111      2.339      0.042  0.000e+00
      2.342    27.9640   5.655732    35.2574     2.8335     0.0147          0     49.250 329.470987  1022.6100      2.329      0.032  0.000e+00
      2.353    27.9632   5.652914    35.2383     2.8385     0.0200          0     49.500 329.470990  1022.5960      2.340      0.029  0.000e+00
      2.450    27.9605   5.648054    35.2061     2.8390     0.0215          0     49.750 329.470992  1022.5731      2.436      0.051  0.000e+00
      2.525    27.9581   5.646763    35.1988     2.8633     0.0192          0     50.000 329.470995  1022.5686      2.512      0.084  0.000e+00
      2.623    27.9565   5.645943    35.1942     2.8561     0.0162          0     50.250 329.470998  1022.5662      2.608      0.134  0.000e+00
      2.677    27.9530   5.652033    35.2396     2.8130     0.0177          0     50.500 329.471001  1022.6017      2.662      0.179  0.000e+00
      2.720    27.9494   5.652823    35.2478     2.7942     0.0147          0     50.750 329.471004  1022.6092      2.705      0.215  0.000e+00
      2.763    27.9479   5.651714    35.2412     2.7856    -0.0174          0     51.000 329.471007  1022.6049      2.748      0.240  0.000e+00
      2.796    27.9482   5.654373    35.2596     2.7532    -0.0166          0     51.250 329.471010  1022.6188      2.780      0.249  0.000e+00
      2.796    27.9492   5.655352    35.2657     2.7541    -0.0204          0     51.500 329.471013  1022.6231      2.780      0.226  0.000e+00
      2.774    27.9569   5.655747    35.2628     2.7573    -0.0242          0     51.750 329.471016  1022.6183      2.759      0.169  0.000e+00
      2.763    27.9655   5.655983    35.2580     2.7457     0.0231          0     52.000 329.471019  1022.6118      2.748      0.115  0.000e+00
      2.763    27.9758   5.656552    35.2542     2.7847     0.0231          0     52.250 329.471021  1022.6056      2.748      0.064  0.000e+00
      2.774    27.9858   5.657122    35.2507     2.8220     0.0192          0     52.500 329.471024  1022.5997      2.759      0.033  0.000e+00
      2.774    27.9938   5.657243    35.2456     2.8160     0.0200          0     52.750 329.471027  1022.5933      2.759      0.010  0.000e+00
      2.785    28.0024   5.657372    35.2401     2.8092     0.0505          0     53.000 329.471030  1022.5863      2.770     -0.002  0.000e+00
      2.796    28.0111   5.656772    35.2293     2.8045     0.0574          0     53.250 329.471033  1022.5755      2.781     -0.001  0.000e+00
      2.807    28.0226   5.657471    35.2257     2.7865     0.0498          0     53.500 329.471036  1022.5690      2.791      0.011  0.000e+00
      2.828    28.0385   5.658511    35.2211     2.8026     0.0559          0     53.750 329.471039  1022.5604      2.813      0.028  0.000e+00
      2.818    28.0503   5.659013    35.2157     2.8222     0.0475          0     54.000 329.471042  1022.5525      2.802      0.033  0.000e+00
      2.839    28.0542   5.658260    35.2075     2.8238     0.0528          0     54.250 329.471045  1022.5452      2.824      0.038  0.000e+00
      2.818    28.0547   5.657561    35.2023     2.8234     0.0566          0     54.500 329.471047  1022.5410      2.802      0.031  0.000e+00
      2.828    28.0537   5.657782    35.2046     2.8084     0.0658          0     54.750 329.471050  1022.5430      2.813      0.027  0.000e+00
      2.839    28.0526   5.658450    35.2100     2.7854     0.0521          0     55.000 329.471053  1022.5475      2.823      0.023  0.000e+00
      2.828    28.0514   5.659621    35.2192     2.7642     0.0513          0     55.250 329.471056  1022.5548      2.813      0.015  0.000e+00
