ctd_kilwa/cnv/SBE19plus_01906740_2018_11_26_0053.cnv
* Sea-Bird SBE19plus  Data File:
* FileName = C:\Users\all user\Desktop\Mapping WWF\SBE19plus_01906740_2018_11_26_0053.hex
* Software version 2.6.3.104
* Temperature SN = 6740
* Conductivity SN = 6740
* System UpLoad Time = Nov 26 2018 19:56:35
* <ApplicationData>
* <Seaterm232>
# nquan = 13
# nvalues = 520                                   
# units = specified
# name 0 = prdM: Pressure, Strain Gauge [db]
# name 1 = tv290C: Temperature [ITS-90, deg C]
# name 2 = c0S/m: Conductivity [S/m]
# name 3 = sal00: Salinity, Practical [PSU]
# name 4 = sbeox0ML/L: Oxygen, SBE 43 [ml/l]
# name 5 = flECO-AFL: Fluorescence, WET Labs ECO-AFL/FL [mg/m^3]
# name 6 = nbf: Bottles Fired
# name 7 = timeS: Time, Elapsed [seconds]
# name 8 = timeJ: Julian Days
# name 9 = density00: Density [density, kg/m^3]
# name 10 = depSM: Depth [salt water, m], lat = 0.00
# name 11 = dz/dtM: Descent Rate [m/s]
# name 12 = flag:  0.000e+00
# span 0 =     -1.021,     15.131                 
# span 1 =    28.2482,    33.4601                 
# span 2 =   0.608889,   6.292060                 
# span 3 =     2.9972,    36.7680                 
# span 4 =     2.0834,     3.8061                 
# span 5 =    -0.4393,    48.6871                 
# span 6 =          0,          0                 
# span 7 =      0.000,    129.750                 
# span 8 = 328.581632, 328.583134                 
# span 9 =   997.9782,  1022.8448                 
# span 10 =     -1.015,     15.047                
# span 11 =     -0.504,      0.938                
# span 12 = 0.0000e+00, 0.0000e+00                
# interval = seconds: 0.25
# start_time = Nov 24 2018 13:57:33 [Instrument's time stamp, header]
# bad_flag = -9.990e-29
*END*
[from data line 223]
     12.504    29.6601   5.878821    35.5376     2.3495     0.1619          0     55.750 328.582277  1022.2986     12.435      0.889  0.000e+00
     12.763    29.6350   5.876597    35.5409     2.3354     0.1673          0     56.000 328.582280  1022.3107     12.693      0.892  0.000e+00
     12.969    29.5968   5.872581    35.5417     2.3146     0.1772          0     56.250 328.582283  1022.3251     12.897      0.891  0.000e+00
     13.207    29.5485   5.867031    35.5393     2.3364     0.1833          0     56.500 328.582286  1022.3407     13.134      0.898  0.000e+00
     13.412    29.4917   5.859640    35.5307     2.3400     0.1749          0     56.750 328.582289  1022.3544     13.338      0.901  0.000e+00
     13.650    29.4306   5.851604    35.5208     2.4099     0.1756          0     57.000 328.582292  1022.3687     13.574      0.910  0.000e+00
     13.866    29.3533   5.843174    35.5202     2.4360     0.2245          0     57.250 328.582295  1022.3952     13.789      0.910  0.000e+00
     14.104    29.2281   5.830992    35.5293     2.4221     0.2245          0     57.500 328.582297  1022.4452     14.026      0.905  0.000e+00
     14.342    29.0704   5.808965    35.4947     2.4602     0.2306          0     57.750 328.582300  1022.4733     14.263      0.907  0.000e+00
     14.601    28.9248   5.783038    35.4239     2.4767     0.2252          0     58.000 328.582303  1022.4700     14.521      0.915  0.000e+00
     14.861    28.8067   5.762568    35.3700     2.4637     0.2436          0     58.250 328.582306  1022.4701     14.779      0.938  0.000e+00
     15.023    28.6995   5.756712    35.4092     2.4521     0.2809          0     58.500 328.582309  1022.5359     14.940      0.933  0.000e+00
     15.055    28.5941   5.757250    35.4916     2.4469     0.2848          0     58.750 328.582312  1022.6329     14.972      0.879  0.000e+00
     15.077    28.5101   5.766067    35.6158     2.4306     0.2840          0     59.000 328.582315  1022.7543     14.994      0.776  0.000e+00
     15.066    28.4653   5.769216    35.6715     2.4543     0.2878          0     59.250 328.582318  1022.8110     14.983      0.638  0.000e+00
     15.077    28.4410   5.770060    35.6957     2.4498     0.2260          0     59.500 328.582321  1022.8372     14.994      0.481  0.000e+00
     15.088    28.4267   5.769056    35.6995     2.4530     0.2291          0     59.750 328.582323  1022.8448     15.004      0.325  0.000e+00
     15.099    28.4153   5.766428    35.6897     2.4775     0.2237          0     60.000 328.582326  1022.8413     15.015      0.186  0.000e+00
     15.088    28.4018   5.745515    35.5539     2.5042     0.2222          0     60.250 328.582329  1022.7436     15.004      0.080  0.000e+00
     15.088    28.3844   5.729576    35.4558     2.5824     0.2779          0     60.500 328.582332  1022.6756     15.004      0.028  0.000e+00
     15.098    28.3743   5.721084    35.4040     2.5450     0.2748          0     60.750 328.582335  1022.6401     15.015      0.018  0.000e+00
     15.109    28.3583   5.713444    35.3626     2.5411     0.2764          0     61.000 328.582338  1022.6143     15.026      0.016  0.000e+00
     15.088    28.3391   5.708867    35.3451     2.5819     0.2840          0     61.250 328.582341  1022.6074     15.004      0.013  0.000e+00
     15.109    28.3233   5.705793    35.3354     2.5902     0.2718          0     61.500 328.582344  1022.6054     15.026      0.011  0.000e+00
     15.120    28.3112   5.704642    35.3364     2.5664     0.2680          0     61.750 328.582347  1022.6102     15.036      0.012  0.000e+00
     15.131    28.3020   5.703620    35.3362     2.6244     0.2672          0     62.000 328.582350  1022.6131     15.047      0.017  0.000e+00
     15.131    28.2960   5.704520    35.3469     2.7238     0.2588          0     62.250 328.582352  1022.6232     15.047      0.023  0.000e+00
     15.120    28.2937   5.705512    35.3556     2.9414     0.2603          0     62.500 328.582355  1022.6304     15.036      0.020  0.000e+00
     15.120    28.2940   5.705412    35.3546     3.0813     0.2497          0     62.750 328.582358  1022.6295     15.037      0.015  0.000e+00
     15.088    28.2944   5.705603    35.3557     3.2995     0.2481          0     63.000 328.582361  1022.6301     15.004      0.003  0.000e+00
     15.098    28.2909   5.704131    35.3480     3.5068     0.2504          0     63.250 328.582364  1022.6255     15.015     -0.002  0.000e+00
     15.088    28.2861   5.702629    35.3411     3.4985     0.2497          0     63.500 328.582367  1022.6219     15.004     -0.017  0.000e+00
     15.099    28.2807   5.701799    35.3393     3.5028     0.2565          0     63.750 328.582370  1022.6223     15.015     -0.021  0.000e+00
     15.110    28.2755   5.700686    35.3354     3.4681     0.2489          0     64.000 328.582373  1022.6212     15.026     -0.018  0.000e+00
     15.099    28.2699   5.700106    35.3356     3.4414     0.2420          0     64.250 328.582376  1022.6231     15.015     -0.014  0.000e+00
     15.077    28.2639   5.698963    35.3321     3.3622     0.2519          0     64.500 328.582378  1022.6224     14.994     -0.013  0.000e+00
     15.066    28.2595   5.698574    35.3327     3.2541     0.2580          0     64.750 328.582381  1022.6242     14.983     -0.015  0.000e+00
     15.056    28.2565   5.698422    35.3339     3.1406     0.2558          0     65.000 328.582384  1022.6261     14.972     -0.016  0.000e+00
     15.045    28.2540   5.698262    35.3346     3.0781     0.2603          0     65.250 328.582387  1022.6273     14.962     -0.027  0.000e+00
     15.056    28.2514   5.698003    35.3348     3.1629     0.2657          0     65.500 328.582390  1022.6284     14.973     -0.029  0.000e+00
     15.045    28.2491   5.697553    35.3333     3.1053     0.2649          0     65.750 328.582393  1022.6280     14.962     -0.034  0.000e+00
     15.002    28.2482   5.697782    35.3357     3.1055     0.2664          0     66.000 328.582396  1022.6299     14.919     -0.044  0.000e+00
     14.958    28.2490   5.697736    35.3347     3.2367     0.2664          0     66.250 328.582399  1022.6287     14.876     -0.055  0.000e+00
     14.872    28.2512   5.697812    35.3336     3.3312     0.2664          0     66.500 328.582402  1022.6268     14.790     -0.083  0.000e+00
     14.753    28.2528   5.697172    35.3280     3.3510     0.2626          0     66.750 328.582405  1022.6216     14.672     -0.135  0.000e+00
     14.580    28.2542   5.697241    35.3275     3.3640     0.2626          0     67.000 328.582407  1022.6199     14.500     -0.215  0.000e+00
     14.505    28.2566   5.696852    35.3230     3.3510     0.2619          0     67.250 328.582410  1022.6155     14.424     -0.287  0.000e+00
     14.450    28.2616   5.697400    35.3231     3.3502     0.2634          0     67.500 328.582413  1022.6137     14.370     -0.339  0.000e+00
     14.418    28.2668   5.698543    35.3272     3.3591     0.2619          0     67.750 328.582416  1022.6149     14.338     -0.358  0.000e+00
     14.407    28.2688   5.698452    35.3251     3.3075     0.2550          0     68.000 328.582419  1022.6126     14.327     -0.340  0.000e+00
     14.440    28.2683   5.697957    35.3220     3.2566     0.2481          0     68.250 328.582422  1022.6106     14.360     -0.285  0.000e+00
     14.494    28.2657   5.697400    35.3201     3.2303     0.2512          0     68.500 328.582425  1022.6102     14.413     -0.193  0.000e+00
     14.494    28.2633   5.697553    35.3229     3.2559     0.2535          0     68.750 328.582428  1022.6131     14.414     -0.098  0.000e+00
     14.494    28.2616   5.696951    35.3200     3.2487     0.2489          0     69.000 328.582431  1022.6115     14.413     -0.018  0.000e+00
     14.375    28.2598   5.696501    35.3182     3.2736     0.2504          0     69.250 328.582433  1022.6102     14.295     -0.010  0.000e+00
     14.202    28.2587   5.696440    35.3186     3.2289     0.2481          0     69.500 328.582436  1022.6102     14.123     -0.060  0.000e+00
     14.050    28.2586   5.696341    35.3180     3.2051     0.2512          0     69.750 328.582439  1022.6091     13.972     -0.148  0.000e+00
     13.996    28.2602   5.696173    35.3157     3.2071     0.2603          0     70.000 328.582442  1022.6066     13.919     -0.234  0.000e+00
     13.996    28.2637   5.696760    35.3172     3.1986     0.2573          0     70.250 328.582445  1022.6066     13.919     -0.296  0.000e+00
     13.931    28.2684   5.697651    35.3199     3.1711     0.2603          0     70.500 328.582448  1022.6068     13.854     -0.337  0.000e+00
     13.888    28.2738   5.698261    35.3202     3.1616     0.2619          0     70.750 328.582451  1022.6050     13.811     -0.338  0.000e+00
     13.823    28.2793   5.698383    35.3170     3.1588     0.2603          0     71.000 328.582454  1022.6005     13.747     -0.316  0.000e+00
     13.856    28.2852   5.699663    35.3214     3.1629     0.2008          0     71.250 328.582457  1022.6021     13.779     -0.240  0.000e+00
     13.877    28.2943   5.701287    35.3260     3.2117     0.1993          0     71.500 328.582459  1022.6026     13.801     -0.156  0.000e+00
     13.856    28.3080   5.703238    35.3294     3.2609     0.2054          0     71.750 328.582462  1022.6006     13.779     -0.102  0.000e+00
     13.748    28.3274   5.705937    35.3337     3.2351     0.2069          0     72.000 328.582465  1022.5969     13.672     -0.104  0.000e+00
     13.596    28.3550   5.710910    35.3479     3.2411     0.2123          0     72.250 328.582468  1022.5979     13.521     -0.144  0.000e+00
     13.510    28.3882   5.716609    35.3629     3.2404     0.2107          0     72.500 328.582471  1022.5978     13.435     -0.181  0.000e+00
     13.477    28.4214   5.720105    35.3625     3.2339     0.2123          0     72.750 328.582474  1022.5864     13.403     -0.215  0.000e+00
     13.456    28.4527   5.722540    35.3561     3.1902     0.2123          0     73.000 328.582477  1022.5711     13.381     -0.240  0.000e+00
     13.369    28.4804   5.724952    35.3523     3.1455     0.2336          0     73.250 328.582480  1022.5587     13.295     -0.280  0.000e+00
     13.218    28.5009   5.726976    35.3511     3.1365     0.2420          0     73.500 328.582483  1022.5504     13.145     -0.320  0.000e+00
     13.185    28.5169   5.728160    35.3474     3.1309     0.2374          0     73.750 328.582486  1022.5422     13.113     -0.319  0.000e+00
     13.185    28.5307   5.729313    35.3451     3.1354     0.2336          0     74.000 328.582488  1022.5359     13.113     -0.278  0.000e+00
     13.175    28.5470   5.731406    35.3475     3.1349     0.2008          0     74.250 328.582491  1022.5323     13.102     -0.232  0.000e+00
     13.077    28.5709   5.735265    35.3566     3.1178     0.2046          0     74.500 328.582494  1022.5307     13.005     -0.224  0.000e+00
     13.023    28.6093   5.743001    35.3818     3.1243     0.1993          0     74.750 328.582497  1022.5367     12.951     -0.225  0.000e+00
     12.991    28.6493   5.748569    35.3906     3.1224     0.2024          0     75.000 328.582500  1022.5299     12.919     -0.213  0.000e+00
     13.023    28.6842   5.750833    35.3803     3.1298     0.2031          0     75.250 328.582503  1022.5107     12.951     -0.166  0.000e+00
     13.013    28.7154   5.753282    35.3741     3.1514     0.2115          0     75.500 328.582506  1022.4957     12.941     -0.123  0.000e+00
     12.883    28.7430   5.756902    35.3787     3.1413     0.2100          0     75.750 328.582509  1022.4893     12.812     -0.141  0.000e+00
     12.688    28.7708   5.760461    35.3828     3.1440     0.2123          0     76.000 328.582512  1022.4823     12.618     -0.200  0.000e+00
     12.591    28.8020   5.764895    35.3903     3.1675     0.2115          0     76.250 328.582514  1022.4771     12.522     -0.251  0.000e+00
     12.526    28.8358   5.769338    35.3959     3.1642     0.1917          0     76.500 328.582517  1022.4698     12.457     -0.283  0.000e+00
     12.537    28.8681   5.772503    35.3938     3.1895     0.1894          0     76.750 328.582520  1022.4575     12.468     -0.302  0.000e+00
     12.548    28.9022   5.777025    35.3998     3.1942     0.1840          0     77.000 328.582523  1022.4506     12.479     -0.300  0.000e+00
     12.515    28.9389   5.781733    35.4050     3.1912     0.1863          0     77.250 328.582526  1022.4422     12.446     -0.285  0.000e+00
     12.386    28.9769   5.786719    35.4113     3.0183     0.1665          0     77.500 328.582529  1022.4337     12.317     -0.263  0.000e+00
     12.310    29.0109   5.790524    35.4123     2.9432     0.1650          0     77.750 328.582532  1022.4227     12.242     -0.222  0.000e+00
     12.288    29.0465   5.794692    35.4147     2.9342     0.1665          0     78.000 328.582535  1022.4125     12.220     -0.183  0.000e+00
     12.310    29.0786   5.798438    35.4167     2.9450     0.1657          0     78.250 328.582538  1022.4033     12.242     -0.164  0.000e+00
     12.202    29.1143   5.804022    35.4288     2.9335     0.1375          0     78.500 328.582541  1022.3999     12.134     -0.180  0.000e+00
     12.094    29.1598   5.811575    35.4470     2.9547     0.1367          0     78.750 328.582543  1022.3979     12.027     -0.221  0.000e+00
     11.899    29.1995   5.815411    35.4441     2.9483     0.1459          0     79.000 328.582546  1022.3815     11.833     -0.282  0.000e+00
     11.791    29.2288   5.817141    35.4343     2.9556     0.1421          0     79.250 328.582549  1022.3639     11.726     -0.325  0.000e+00
     11.823    29.2558   5.820094    35.4346     2.9382     0.1360          0     79.500 328.582552  1022.3551     11.758     -0.320  0.000e+00
     11.856    29.2894   5.825178    35.4447     2.9828     0.1695          0     79.750 328.582555  1022.3515     11.790     -0.304  0.000e+00
     11.856    29.3317   5.831551    35.4570     2.9611     0.1604          0     80.000 328.582558  1022.3465     11.790     -0.277  0.000e+00
     11.780    29.3834   5.839774    35.4752     2.9599     0.1665          0     80.250 328.582561  1022.3424     11.715     -0.247  0.000e+00
     11.661    29.4366   5.846785    35.4840     2.9461     0.1665          0     80.500 328.582564  1022.3305     11.597     -0.208  0.000e+00
     11.607    29.4808   5.851078    35.4807     2.9718     0.1901          0     80.750 328.582567  1022.3128     11.543     -0.177  0.000e+00
     11.585    29.5132   5.853167    35.4711     2.9777     0.1886          0     81.000 328.582569  1022.2945     11.521     -0.147  0.000e+00
     11.639    29.5356   5.854146    35.4612     3.0171     0.1917          0     81.250 328.582572  1022.2798     11.575     -0.134  0.000e+00
     11.639    29.5521   5.854817    35.4537     3.0498     0.1894          0     81.500 328.582575  1022.2686     11.575     -0.140  0.000e+00
     11.521    29.5630   5.855503    35.4504     3.0156     0.1375          0     81.750 328.582578  1022.2618     11.457     -0.156  0.000e+00
     11.337    29.5723   5.856721    35.4519     2.9365     0.1367          0     82.000 328.582581  1022.2590     11.274     -0.191  0.000e+00
     11.207    29.5800   5.858047    35.4553     2.9863     0.1360          0     82.250 328.582584  1022.2585     11.145     -0.226  0.000e+00
     11.142    29.5865   5.859698    35.4618     2.9902     0.1413          0     82.500 328.582587  1022.2608     11.081     -0.259  0.000e+00
     11.067    29.5951   5.860755    35.4627     2.9946     0.1390          0     82.750 328.582590  1022.2583     11.006     -0.310  0.000e+00
     10.959    29.6060   5.862977    35.4699     3.0034     0.1360          0     83.000 328.582593  1022.2595     10.898     -0.369  0.000e+00
