ctd_kilwa/cnv/SBE19plus_01906740_2018_11_26_0054.cnv
* Sea-Bird SBE19plus  Data File:
* FileName = C:\Users\all user\Desktop\Mapping WWF\SBE19plus_01906740_2018_11_26_0054.hex
* Software version 2.6.3.104
* Temperature SN = 6740
* Conductivity SN = 6740
* System UpLoad Time = Nov 26 2018 19:56:46
* <ApplicationData>
* <Seaterm232>
# nquan = 13
# nvalues = 449                                   
# units = specified
# name 0 = prdM: Pressure, Strain Gauge [db]
# name 1 = tv290C: Temperature [ITS-90, deg C]
# name 2 = c0S/m: Conductivity [S/m]
# name 3 = sal00: Salinity, Practical [PSU]
# name 4 = sbeox0ML/L: Oxygen, SBE 43 [ml/l]
# name 5 = flECO-AFL: Fluorescence, WET Labs ECO-AFL/FL [mg/m^3]
# name 6 = nbf: Bottles Fired
# name 7 = timeS: Time, Elapsed [seconds]
# name 8 = timeJ: Julian Days
# name 9 = density00: Density [density, kg/m^3]
# name 10 = depSM: Depth [salt water, m], lat = 0.00
# name 11 = dz/dtM: Descent Rate [m/s]
# name 12 = flag:  0.000e+00
# span 0 =     -1.069,     10.672                 
# span 1 =    29.2633,    29.5989                 
# span 2 =   0.041198,   5.873571                 
# span 3 =     0.1826,    35.6062                 
# span 4 =     1.9216,     3.9485                 
# span 5 =    -0.4324,    48.6803                 
# span 6 =          0,          0                 
# span 7 =      0.000,    112.000                 
# span 8 = 328.587257, 328.588553                 
# span 9 =   995.9578,  1022.4029                 
# span 10 =     -1.063,     10.614                
# span 11 =     -0.697,      0.796                
# span 12 = 0.0000e+00, 0.0000e+00                
# interval = seconds: 0.25
# start_time = Nov 24 2018 14:05:39 [Instrument's time stamp, header]
# bad_flag = -9.990e-29
*END*
[from data line 112]
      0.975    29.5827   5.871324    35.5469     2.4040     0.1329          0     28.000 328.587581  1022.2826      0.969      0.221  0.000e+00
      1.029    29.5825   5.871115    35.5456     2.3631     0.1276          0     28.250 328.587584  1022.2819      1.023      0.210  0.000e+00
      1.148    29.5833   5.869957    35.5371     2.7266     0.0910          0     28.500 328.587587  1022.2757      1.142      0.211  0.000e+00
      1.213    29.5835   5.870127    35.5381     2.6054     0.0978          0     28.750 328.587590  1022.2768      1.206      0.195  0.000e+00
      1.202    29.5832   5.870784    35.5428     2.5388     0.0902          0     29.000 328.587593  1022.2803      1.195      0.167  0.000e+00
      1.213    29.5829   5.871486    35.5478     2.5085     0.0955          0     29.250 328.587595  1022.2842      1.206      0.154  0.000e+00
      1.202    29.5825   5.872081    35.5522     2.4824     0.0910          0     29.500 328.587598  1022.2876      1.195      0.149  0.000e+00
      1.245    29.5825   5.872475    35.5549     2.5034     0.0978          0     29.750 328.587601  1022.2898      1.238      0.151  0.000e+00
      1.278    29.5846   5.872675    35.5547     2.4928     0.0963          0     30.000 328.587604  1022.2891      1.271      0.131  0.000e+00
      1.299    29.5880   5.872536    35.5512     2.5158     0.0971          0     30.250 328.587607  1022.2854      1.292      0.102  0.000e+00
      1.353    29.5902   5.872614    35.5501     2.4858     0.0978          0     30.500 328.587610  1022.2840      1.346      0.084  0.000e+00
      1.396    29.5917   5.872953    35.5513     2.5363     0.1245          0     30.750 328.587613  1022.2846      1.389      0.096  0.000e+00
      1.407    29.5934   5.873239    35.5520     2.5463     0.1230          0     31.000 328.587616  1022.2846      1.400      0.115  0.000e+00
      1.451    29.5947   5.873363    35.5519     2.5504     0.1276          0     31.250 328.587619  1022.2843      1.443      0.130  0.000e+00
      1.472    29.5958   5.873440    35.5515     2.5548     0.1146          0     31.500 328.587622  1022.2837      1.464      0.137  0.000e+00
      1.483    29.5968   5.873463    35.5510     2.5519     0.1085          0     31.750 328.587624  1022.2831      1.475      0.126  0.000e+00
      1.483    29.5974   5.873571    35.5513     2.5058     0.1070          0     32.000 328.587627  1022.2831      1.475      0.111  0.000e+00
      1.472    29.5976   5.873494    35.5506     2.4575     0.1070          0     32.250 328.587630  1022.2825      1.464      0.088  0.000e+00
      1.494    29.5977   5.873270    35.5490     2.4413     0.1032          0     32.500 328.587633  1022.2813      1.486      0.065  0.000e+00
      1.494    29.5969   5.872853    35.5468     2.4194     0.1421          0     32.750 328.587636  1022.2799      1.486      0.047  0.000e+00
      1.537    29.5960   5.871849    35.5405     2.3563     0.1375          0     33.000 328.587639  1022.2757      1.529      0.045  0.000e+00
      1.613    29.5951   5.871262    35.5372     2.3623     0.1360          0     33.250 328.587642  1022.2738      1.604      0.058  0.000e+00
      1.678    29.5942   5.871085    35.5366     2.4252     0.1360          0     33.500 328.587645  1022.2740      1.668      0.089  0.000e+00
      1.710    29.5929   5.871262    35.5388     2.3873     0.1428          0     33.750 328.587648  1022.2762      1.701      0.121  0.000e+00
      1.818    29.5912   5.871116    35.5390     2.5259     0.1222          0     34.000 328.587650  1022.2773      1.808      0.169  0.000e+00
      1.894    29.5901   5.870954    35.5387     2.5051     0.1169          0     34.250 328.587653  1022.2778      1.883      0.215  0.000e+00
      1.948    29.5889   5.871008    35.5399     2.4926     0.1192          0     34.500 328.587656  1022.2794      1.937      0.245  0.000e+00
      2.023    29.5883   5.871054    35.5407     2.6600     0.1192          0     34.750 328.587659  1022.2805      2.012      0.270  0.000e+00
      2.012    29.5873   5.870907    35.5404     2.6403     0.1253          0     35.000 328.587662  1022.2805      2.001      0.257  0.000e+00
      2.045    29.5867   5.871155    35.5425     2.6073     0.1261          0     35.250 328.587665  1022.2825      2.034      0.233  0.000e+00
      2.067    29.5861   5.871834    35.5476     2.5247     0.1207          0     35.500 328.587668  1022.2866      2.055      0.205  0.000e+00
      2.142    29.5858   5.872182    35.5502     2.5296     0.1169          0     35.750 328.587671  1022.2890      2.130      0.189  0.000e+00
      2.218    29.5853   5.871896    35.5486     2.4474     0.1421          0     36.000 328.587674  1022.2883      2.206      0.174  0.000e+00
      2.283    29.5853   5.871718    35.5473     2.3875     0.1436          0     36.250 328.587677  1022.2876      2.270      0.177  0.000e+00
      2.250    29.5852   5.871672    35.5471     2.3179     0.1451          0     36.500 328.587679  1022.2873      2.238      0.166  0.000e+00
      2.196    29.5847   5.872182    35.5510     2.2357     0.1428          0     36.750 328.587682  1022.2902      2.184      0.135  0.000e+00
      2.175    29.5844   5.872599    35.5541     2.2424     0.1283          0     37.000 328.587685  1022.2925      2.163      0.107  0.000e+00
      2.121    29.5843   5.872112    35.5508     2.2068     0.1291          0     37.250 328.587688  1022.2899      2.109      0.051  0.000e+00
      2.185    29.5841   5.871070    35.5438     2.1915     0.1283          0     37.500 328.587691  1022.2850      2.173      0.016  0.000e+00
      2.261    29.5840   5.870854    35.5424     2.2247     0.1291          0     37.750 328.587694  1022.2843      2.249     -0.001  0.000e+00
      2.326    29.5837   5.870529    35.5404     2.2360     0.1261          0     38.000 328.587697  1022.2832      2.313      0.011  0.000e+00
      2.402    29.5831   5.870360    35.5396     2.3566     0.1200          0     38.250 328.587700  1022.2830      2.388      0.056  0.000e+00
      2.445    29.5828   5.870499    35.5408     2.5323     0.1222          0     38.500 328.587703  1022.2842      2.431      0.123  0.000e+00
      2.380    29.5824   5.870452    35.5408     2.5807     0.1238          0     38.750 328.587705  1022.2841      2.367      0.150  0.000e+00
      2.283    29.5819   5.871116    35.5457     2.5622     0.1230          0     39.000 328.587708  1022.2875      2.270      0.125  0.000e+00
      2.239    29.5815   5.871456    35.5484     2.5488     0.1070          0     39.250 328.587711  1022.2895      2.227      0.075  0.000e+00
      2.218    29.5813   5.870591    35.5426     2.5211     0.1039          0     39.500 328.587714  1022.2851      2.206     -0.003  0.000e+00
      2.283    29.5812   5.869410    35.5346     2.3684     0.1077          0     39.750 328.587717  1022.2794      2.270     -0.048  0.000e+00
      2.402    29.5816   5.868167    35.5258     2.2001     0.1016          0     40.000 328.587720  1022.2732      2.388     -0.043  0.000e+00
      2.521    29.5823   5.867627    35.5215     2.1930     0.1230          0     40.250 328.587723  1022.2703      2.507      0.006  0.000e+00
      2.629    29.5828   5.867804    35.5223     2.1594     0.1215          0     40.500 328.587726  1022.2711      2.614      0.096  0.000e+00
      2.650    29.5831   5.867982    35.5233     2.1607     0.1230          0     40.750 328.587729  1022.2719      2.636      0.191  0.000e+00
      2.629    29.5836   5.868206    35.5245     2.1675     0.1230          0     41.000 328.587731  1022.2726      2.614      0.245  0.000e+00
      2.596    29.5840   5.868870    35.5288     2.1945     0.1200          0     41.250 328.587734  1022.2755      2.582      0.241  0.000e+00
      2.585    29.5842   5.869232    35.5311     2.2124     0.1192          0     41.500 328.587737  1022.2771      2.571      0.200  0.000e+00
      2.618    29.5845   5.868900    35.5286     2.2460     0.1207          0     41.750 328.587740  1022.2753      2.603      0.136  0.000e+00
      2.693    29.5848   5.868530    35.5258     2.2516     0.1230          0     42.000 328.587743  1022.2734      2.678      0.088  0.000e+00
      2.780    29.5853   5.868267    35.5236     2.2645     0.1161          0     42.250 328.587746  1022.2719      2.765      0.075  0.000e+00
      2.823    29.5858   5.868136    35.5223     2.2737     0.1344          0     42.500 328.587749  1022.2710      2.808      0.088  0.000e+00
      2.855    29.5859   5.868237    35.5229     2.2615     0.1322          0     42.750 328.587752  1022.2715      2.840      0.125  0.000e+00
      2.899    29.5860   5.868491    35.5246     2.2879     0.1276          0     43.000 328.587755  1022.2729      2.883      0.166  0.000e+00
      2.920    29.5858   5.868499    35.5248     2.2942     0.1344          0     43.250 328.587758  1022.2732      2.904      0.190  0.000e+00
      2.931    29.5855   5.868522    35.5252     2.2939     0.1428          0     43.500 328.587760  1022.2737      2.915      0.185  0.000e+00
      2.931    29.5854   5.868700    35.5265     2.3185     0.1406          0     43.750 328.587763  1022.2747      2.915      0.155  0.000e+00
      2.942    29.5853   5.868746    35.5268     2.2492     0.1421          0     44.000 328.587766  1022.2751      2.926      0.115  0.000e+00
      3.050    29.5852   5.868437    35.5248     2.2788     0.1428          0     44.250 328.587769  1022.2740      3.033      0.108  0.000e+00
      3.126    29.5851   5.868206    35.5233     2.3122     0.1383          0     44.500 328.587772  1022.2732      3.109      0.126  0.000e+00
      3.180    29.5846   5.868167    35.5234     2.2384     0.1352          0     44.750 328.587775  1022.2737      3.162      0.150  0.000e+00
      3.223    29.5843   5.868360    35.5249     2.4245     0.1390          0     45.000 328.587778  1022.2751      3.205      0.172  0.000e+00
      3.234    29.5838   5.868206    35.5242     2.4000     0.1398          0     45.250 328.587781  1022.2748      3.216      0.187  0.000e+00
      3.158    29.5835   5.868391    35.5257     2.4029     0.1322          0     45.500 328.587784  1022.2758      3.141      0.167  0.000e+00
      3.126    29.5830   5.868499    35.5268     2.3757     0.1306          0     45.750 328.587786  1022.2765      3.109      0.126  0.000e+00
      3.147    29.5827   5.868584    35.5276     2.3826     0.1360          0     46.000 328.587789  1022.2773      3.130      0.078  0.000e+00
      3.180    29.5825   5.868631    35.5280     2.3039     0.1329          0     46.250 328.587792  1022.2779      3.162      0.027  0.000e+00
      3.266    29.5824   5.868716    35.5287     2.3720     0.1360          0     46.500 328.587795  1022.2788      3.248      0.020  0.000e+00
      3.331    29.5819   5.868530    35.5278     2.4223     0.1344          0     46.750 328.587798  1022.2785      3.313      0.041  0.000e+00
      3.331    29.5816   5.868530    35.5280     2.3649     0.1291          0     47.000 328.587801  1022.2788      3.313      0.066  0.000e+00
      3.299    29.5809   5.868553    35.5287     2.3572     0.1337          0     47.250 328.587804  1022.2794      3.281      0.087  0.000e+00
      3.299    29.5808   5.868731    35.5300     2.3421     0.1352          0     47.500 328.587807  1022.2804      3.281      0.107  0.000e+00
      3.277    29.5802   5.868746    35.5305     2.2806     0.1383          0     47.750 328.587810  1022.2810      3.259      0.091  0.000e+00
      3.277    29.5802   5.868831    35.5311     2.1421     0.1375          0     48.000 328.587812  1022.2814      3.259      0.056  0.000e+00
      3.353    29.5799   5.868839    35.5314     2.1462     0.1413          0     48.250 328.587815  1022.2820      3.334      0.039  0.000e+00
      3.364    29.5797   5.868669    35.5304     2.1017     0.1482          0     48.500 328.587818  1022.2814      3.345      0.022  0.000e+00
      3.396    29.5794   5.868808    35.5315     2.0860     0.1360          0     48.750 328.587821  1022.2825      3.378      0.030  0.000e+00
      3.493    29.5794   5.868770    35.5312     2.0907     0.1383          0     49.000 328.587824  1022.2827      3.474      0.076  0.000e+00
      3.601    29.5791   5.868523    35.5297     2.1548     0.1245          0     49.250 328.587827  1022.2822      3.582      0.141  0.000e+00
      3.645    29.5787   5.868268    35.5282     2.2141     0.1276          0     49.500 328.587830  1022.2813      3.624      0.189  0.000e+00
      3.677    29.5781   5.868237    35.5284     2.1318     0.1520          0     49.750 328.587833  1022.2818      3.657      0.222  0.000e+00
      3.699    29.5773   5.868237    35.5290     2.2198     0.1550          0     50.000 328.587836  1022.2826      3.678      0.228  0.000e+00
      3.699    29.5764   5.868206    35.5295     2.2312     0.1550          0     50.250 328.587839  1022.2833      3.678      0.207  0.000e+00
      3.677    29.5754   5.868531    35.5325     2.2243     0.1520          0     50.500 328.587841  1022.2858      3.657      0.177  0.000e+00
      3.699    29.5747   5.868731    35.5344     2.2054     0.1581          0     50.750 328.587844  1022.2875      3.678      0.134  0.000e+00
      3.764    29.5743   5.868747    35.5347     2.2157     0.1573          0     51.000 328.587847  1022.2882      3.743      0.097  0.000e+00
      3.807    29.5742   5.868569    35.5335     2.1745     0.1550          0     51.250 328.587850  1022.2875      3.786      0.080  0.000e+00
      3.904    29.5737   5.868330    35.5323     2.1878     0.1467          0     51.500 328.587853  1022.2871      3.883      0.104  0.000e+00
      3.969    29.5731   5.868238    35.5321     2.5398     0.1528          0     51.750 328.587856  1022.2875      3.947      0.139  0.000e+00
      3.947    29.5728   5.868045    35.5310     2.4890     0.1543          0     52.000 328.587859  1022.2867      3.926      0.158  0.000e+00
      3.915    29.5724   5.868137    35.5319     2.4492     0.1512          0     52.250 328.587862  1022.2874      3.894      0.157  0.000e+00
      3.904    29.5721   5.868330    35.5335     2.4270     0.1528          0     52.500 328.587865  1022.2886      3.883      0.139  0.000e+00
      3.958    29.5715   5.868631    35.5360     2.3918     0.1550          0     52.750 328.587867  1022.2909      3.936      0.115  0.000e+00
      3.991    29.5713   5.868809    35.5373     2.3175     0.1406          0     53.000 328.587870  1022.2921      3.969      0.087  0.000e+00
      4.012    29.5711   5.868670    35.5365     2.3020     0.1428          0     53.250 328.587873  1022.2917      3.990      0.068  0.000e+00
      4.056    29.5708   5.868492    35.5355     2.2331     0.1459          0     53.500 328.587876  1022.2912      4.033      0.058  0.000e+00
      4.121    29.5706   5.868500    35.5357     2.1243     0.1390          0     53.750 328.587879  1022.2917      4.098      0.081  0.000e+00
      4.110    29.5702   5.868423    35.5355     2.1242     0.1573          0     54.000 328.587882  1022.2917      4.087      0.108  0.000e+00
      4.175    29.5699   5.868400    35.5355     1.9905     0.1573          0     54.250 328.587885  1022.2920      4.152      0.136  0.000e+00
      4.218    29.5693   5.868361    35.5356     2.0631     0.1505          0     54.500 328.587888  1022.2925      4.195      0.150  0.000e+00
      4.218    29.5688   5.868168    35.5347     2.0334     0.1520          0     54.750 328.587891  1022.2920      4.195      0.140  0.000e+00
      4.185    29.5683   5.868238    35.5356     2.0592     0.1543          0     55.000 328.587894  1022.2927      4.162      0.118  0.000e+00
      4.164    29.5671   5.868423    35.5377     2.0636     0.1558          0     55.250 328.587896  1022.2946      4.141      0.086  0.000e+00
