ctd_kilwa/cnv/SBE19plus_01906740_2018_11_26_0055.cnv
* Sea-Bird SBE19plus  Data File:
* FileName = C:\Users\all user\Desktop\Mapping WWF\SBE19plus_01906740_2018_11_26_0055.hex
* Software version 2.6.3.104
* Temperature SN = 6740
* Conductivity SN = 6740
* System UpLoad Time = Nov 26 2018 19:56:55
* <ApplicationData>
* <Seaterm232>
# nquan = 13
# nvalues = 289                                   
# units = specified
# name 0 = prdM: Pressure, Strain Gauge [db]
# name 1 = tv290C: Temperature [ITS-90, deg C]
# name 2 = c0S/m: Conductivity [S/m]
# name 3 = sal00: Salinity, Practical [PSU]
# name 4 = sbeox0ML/L: Oxygen, SBE 43 [ml/l]
# name 5 = flECO-AFL: Fluorescence, WET Labs ECO-AFL/FL [mg/m^3]
# name 6 = nbf: Bottles Fired
# name 7 = timeS: Time, Elapsed [seconds]
# name 8 = timeJ: Julian Days
# name 9 = density00: Density [density, kg/m^3]
# name 10 = depSM: Depth [salt water, m], lat = 0.00
# name 11 = dz/dtM: Descent Rate [m/s]
# name 12 = flag:  0.000e+00
# span 0 =     -1.056,      4.144                 
# span 1 =    30.0208,    30.9284                 
# span 2 =   0.204966,   6.043442                 
# span 3 =     0.9283,    35.8509                 
# span 4 =     2.0650,     4.0625                 
# span 5 =    -0.0311,    48.6871                 
# span 6 =          0,          0                 
# span 7 =      0.000,     72.000                 
# span 8 = 328.599294, 328.600127                 
# span 9 =   996.1282,  1022.1223                 
# span 10 =     -1.050,      4.121                
# span 11 =     -0.479,      0.423                
# span 12 = 0.0000e+00, 0.0000e+00                
# interval = seconds: 0.25
# start_time = Nov 24 2018 14:22:59 [Instrument's time stamp, header]
# bad_flag = -9.990e-29
*END*
[from data line 112]
      0.511    30.6946   6.023339    35.7578     2.3065     0.1779          0     28.000 328.599618  1022.0571      0.508      0.082  0.000e+00
      0.576    30.6957   6.022706    35.7528     2.3048     0.1741          0     28.250 328.599621  1022.0532      0.572      0.099  0.000e+00
      0.597    30.6957   6.022042    35.7483     2.3110     0.1642          0     28.500 328.599624  1022.0499      0.594      0.129  0.000e+00
      0.586    30.6960   6.021558    35.7448     2.2910     0.1619          0     28.750 328.599627  1022.0472      0.583      0.146  0.000e+00
      0.586    30.6964   6.022316    35.7496     2.2846     0.1650          0     29.000 328.599630  1022.0506      0.583      0.156  0.000e+00
      0.673    30.6972   6.024221    35.7618     2.2919     0.1688          0     29.250 328.599633  1022.0599      0.669      0.167  0.000e+00
      0.792    30.6986   6.025400    35.7687     2.2906     0.1604          0     29.500 328.599635  1022.0650      0.788      0.179  0.000e+00
      0.879    30.6995   6.025377    35.7678     2.3308     0.1947          0     29.750 328.599638  1022.0644      0.874      0.190  0.000e+00
      0.922    30.6988   6.024190    35.7603     2.3852     0.1840          0     30.000 328.599641  1022.0593      0.917      0.202  0.000e+00
      0.879    30.6977   6.023073    35.7537     2.3467     0.1901          0     30.250 328.599644  1022.0545      0.874      0.198  0.000e+00
      0.792    30.6981   6.022183    35.7474     2.3222     0.1932          0     30.500 328.599647  1022.0492      0.788      0.169  0.000e+00
      0.749    30.6995   6.022417    35.7480     2.3068     0.1627          0     30.750 328.599650  1022.0490      0.745      0.121  0.000e+00
      0.814    30.7006   6.023667    35.7555     2.2922     0.1627          0     31.000 328.599653  1022.0546      0.809      0.076  0.000e+00
      0.922    30.7010   6.023862    35.7565     2.2703     0.1627          0     31.250 328.599656  1022.0556      0.917      0.045  0.000e+00
      0.987    30.7008   6.023503    35.7542     2.2453     0.1634          0     31.500 328.599659  1022.0543      0.981      0.037  0.000e+00
      0.997    30.7003   6.022995    35.7512     2.2136     0.1634          0     31.750 328.599661  1022.0523      0.992      0.052  0.000e+00
      1.008    30.6996   6.022214    35.7465     2.2156     0.1650          0     32.000 328.599664  1022.0489      1.003      0.084  0.000e+00
      0.976    30.6995   6.021621    35.7426     2.2198     0.1619          0     32.250 328.599667  1022.0459      0.970      0.114  0.000e+00
      0.987    30.6996   6.021559    35.7421     2.2390     0.1642          0     32.500 328.599670  1022.0456      0.981      0.128  0.000e+00
      0.998    30.6999   6.021754    35.7431     2.2444     0.1535          0     32.750 328.599673  1022.0463      0.992      0.110  0.000e+00
      1.062    30.6992   6.021598    35.7426     2.2575     0.1444          0     33.000 328.599676  1022.0465      1.057      0.080  0.000e+00
      1.116    30.6980   6.021293    35.7414     2.2784     0.1512          0     33.250 328.599679  1022.0462      1.110      0.066  0.000e+00
      1.116    30.6971   6.020895    35.7395     2.3450     0.1535          0     33.500 328.599682  1022.0450      1.110      0.067  0.000e+00
      1.095    30.6958   6.020669    35.7389     2.3605     0.1505          0     33.750 328.599685  1022.0450      1.089      0.071  0.000e+00
      1.116    30.6938   6.020739    35.7408     2.3224     0.1703          0     34.000 328.599688  1022.0472      1.110      0.078  0.000e+00
      1.214    30.6915   6.021692    35.7488     2.2907     0.1718          0     34.250 328.599690  1022.0544      1.207      0.106  0.000e+00
      1.300    30.6904   6.022347    35.7540     2.2748     0.1741          0     34.500 328.599693  1022.0591      1.293      0.133  0.000e+00
      1.430    30.6897   6.023042    35.7591     2.2747     0.1779          0     34.750 328.599696  1022.0637      1.422      0.176  0.000e+00
      1.527    30.6905   6.023238    35.7599     2.2800     0.1650          0     35.000 328.599699  1022.0644      1.519      0.219  0.000e+00
      1.560    30.6915   6.022543    35.7544     2.3020     0.1665          0     35.250 328.599702  1022.0601      1.551      0.257  0.000e+00
      1.581    30.6914   6.021817    35.7496     2.3167     0.1604          0     35.500 328.599705  1022.0566      1.572      0.286  0.000e+00
      1.592    30.6914   6.021294    35.7461     2.3431     0.1703          0     35.750 328.599708  1022.0540      1.583      0.287  0.000e+00
      1.592    30.6919   6.021325    35.7460     2.3217     0.1749          0     36.000 328.599711  1022.0538      1.583      0.249  0.000e+00
      1.657    30.6923   6.022176    35.7514     2.3016     0.1749          0     36.250 328.599714  1022.0580      1.648      0.202  0.000e+00
      1.798    30.6928   6.023800    35.7618     2.2899     0.1795          0     36.500 328.599716  1022.0662      1.788      0.189  0.000e+00
      1.895    30.6951   6.024917    35.7677     2.2868     0.1764          0     36.750 328.599719  1022.0702      1.884      0.192  0.000e+00
      1.992    30.6972   6.025151    35.7677     2.2464     0.1650          0     37.000 328.599722  1022.0699      1.981      0.224  0.000e+00
      2.100    30.6966   6.025057    35.7674     2.2437     0.1634          0     37.250 328.599725  1022.0703      2.089      0.280  0.000e+00
      2.176    30.6964   6.024917    35.7666     2.2607     0.1627          0     37.500 328.599728  1022.0701      2.164      0.330  0.000e+00
      2.273    30.6968   6.025182    35.7681     2.2741     0.1612          0     37.750 328.599731  1022.0715      2.261      0.371  0.000e+00
      2.360    30.6979   6.025378    35.7685     2.3299     0.1680          0     38.000 328.599734  1022.0718      2.347      0.392  0.000e+00
      2.403    30.6993   6.025190    35.7662     2.4383     0.1764          0     38.250 328.599737  1022.0698      2.390      0.374  0.000e+00
      2.371    30.7002   6.024394    35.7603     2.5533     0.1749          0     38.500 328.599740  1022.0649      2.358      0.315  0.000e+00
      2.349    30.7003   6.023699    35.7556     2.5313     0.1726          0     38.750 328.599742  1022.0613      2.336      0.249  0.000e+00
      2.349    30.6996   6.023207    35.7527     2.4320     0.1787          0     39.000 328.599745  1022.0594      2.336      0.180  0.000e+00
      2.360    30.6985   6.022676    35.7500     2.3337     0.1734          0     39.250 328.599748  1022.0578      2.347      0.115  0.000e+00
      2.436    30.6969   6.022449    35.7497     2.2661     0.1825          0     39.500 328.599751  1022.0584      2.422      0.082  0.000e+00
      2.566    30.6959   6.023269    35.7558     2.2472     0.1756          0     39.750 328.599754  1022.0639      2.551      0.086  0.000e+00
      2.706    30.6971   6.024917    35.7660     2.2357     0.1749          0     40.000 328.599757  1022.0717      2.691      0.134  0.000e+00
      2.847    30.6990   6.025409    35.7678     2.2817     0.1840          0     40.250 328.599760  1022.0730      2.831      0.220  0.000e+00
      2.955    30.6995   6.025464    35.7678     2.2771     0.1863          0     40.500 328.599763  1022.0732      2.938      0.316  0.000e+00
      3.063    30.6994   6.025511    35.7681     2.3206     0.1917          0     40.750 328.599766  1022.0740      3.046      0.394  0.000e+00
      3.063    30.7000   6.025378    35.7668     2.3511     0.1818          0     41.000 328.599769  1022.0728      3.046      0.419  0.000e+00
      3.106    30.6999   6.024855    35.7633     2.3519     0.1421          0     41.250 328.599771  1022.0704      3.089      0.407  0.000e+00
      3.149    30.6989   6.024129    35.7592     2.3457     0.1451          0     41.500 328.599774  1022.0679      3.132      0.360  0.000e+00
      3.225    30.6980   6.023957    35.7587     2.4157     0.1428          0     41.750 328.599777  1022.0681      3.207      0.306  0.000e+00
      3.268    30.6986   6.024191    35.7598     2.3347     0.1322          0     42.000 328.599780  1022.0690      3.250      0.254  0.000e+00
      3.430    30.6995   6.026300    35.7732     2.2705     0.1436          0     42.250 328.599783  1022.0794      3.411      0.246  0.000e+00
      3.603    30.7005   6.027721    35.7820     2.2441     0.1406          0     42.500 328.599786  1022.0863      3.583      0.282  0.000e+00
      3.733    30.7011   6.028104    35.7841     2.2656     0.1482          0     42.750 328.599789  1022.0882      3.713      0.338  0.000e+00
      3.820    30.7006   6.027948    35.7834     2.3305     0.1390          0     43.000 328.599792  1022.0883      3.799      0.401  0.000e+00
      3.852    30.6999   6.027620    35.7816     2.3537     0.1390          0     43.250 328.599795  1022.0873      3.831      0.423  0.000e+00
      3.766    30.6996   6.027229    35.7793     2.4302     0.1612          0     43.500 328.599797  1022.0853      3.745      0.384  0.000e+00
      3.658    30.6993   6.026800    35.7767     2.3982     0.1650          0     43.750 328.599800  1022.0830      3.638      0.286  0.000e+00
      3.550    30.6988   6.026292    35.7737     2.3736     0.1665          0     44.000 328.599803  1022.0805      3.530      0.150  0.000e+00
      3.517    30.6980   6.025909    35.7717     2.3123     0.1665          0     44.250 328.599806  1022.0791      3.498     -0.001  0.000e+00
      3.625    30.6977   6.027190    35.7805     2.2416     0.1688          0     44.500 328.599809  1022.0862      3.605     -0.086  0.000e+00
      3.831    30.6977   6.029768    35.7977     2.2223     0.1619          0     44.750 328.599812  1022.1000      3.810     -0.072  0.000e+00
      4.047    30.6964   6.030167    35.8012     2.2504     0.1634          0     45.000 328.599815  1022.1041      4.025      0.028  0.000e+00
      4.144    30.6927   6.028612    35.7935     2.5115     0.1634          0     45.250 328.599818  1022.1000      4.121      0.162  0.000e+00
      4.123    30.6888   6.028081    35.7928     2.4678     0.1749          0     45.500 328.599821  1022.1007      4.100      0.280  0.000e+00
      4.134    30.6867   6.027027    35.7873     2.4384     0.1764          0     45.750 328.599823  1022.0974      4.111      0.353  0.000e+00
      4.080    30.6852   6.027652    35.7926     2.4094     0.1718          0     46.000 328.599826  1022.1016      4.057      0.352  0.000e+00
      3.961    30.6834   6.027597    35.7936     2.3779     0.1726          0     46.250 328.599829  1022.1025      3.939      0.255  0.000e+00
      3.907    30.6820   6.028050    35.7977     2.3185     0.1802          0     46.500 328.599832  1022.1058      3.885      0.105  0.000e+00
      3.971    30.6810   6.028480    35.8012     2.2588     0.1360          0     46.750 328.599835  1022.1091      3.949     -0.018  0.000e+00
      4.101    30.6794   6.029503    35.8092     2.2714     0.1322          0     47.000 328.599838  1022.1162      4.078     -0.061  0.000e+00
      4.112    30.6779   6.030097    35.8143     2.2544     0.1337          0     47.250 328.599841  1022.1205      4.089     -0.046  0.000e+00
      4.047    30.6737   6.028964    35.8099     2.2634     0.1337          0     47.500 328.599844  1022.1184      4.025     -0.021  0.000e+00
      3.993    30.6698   6.028878    35.8122     2.2690     0.1634          0     47.750 328.599847  1022.1213      3.971     -0.011  0.000e+00
      3.906    30.6676   6.028777    35.8131     2.2602     0.1604          0     48.000 328.599850  1022.1223      3.885     -0.012  0.000e+00
      3.701    30.6664   6.028706    35.8136     2.2619     0.1650          0     48.250 328.599852  1022.1223      3.681     -0.070  0.000e+00
      3.539    30.6656   6.027902    35.8088     2.2601     0.1642          0     48.500 328.599855  1022.1182      3.519     -0.186  0.000e+00
      3.485    30.6652   6.027652    35.8074     2.2390     0.1276          0     48.750 328.599858  1022.1172      3.466     -0.306  0.000e+00
      3.463    30.6652   6.027355    35.8055     2.2217     0.1367          0     49.000 328.599861  1022.1156      3.444     -0.383  0.000e+00
      3.463    30.6659   6.027230    35.8041     2.2217     0.1322          0     49.250 328.599864  1022.1143      3.444     -0.382  0.000e+00
      3.366    30.6666   6.027425    35.8049     2.2178     0.1291          0     49.500 328.599867  1022.1143      3.347     -0.361  0.000e+00
      3.236    30.6668   6.027113    35.8027     2.2276     0.1612          0     49.750 328.599870  1022.1120      3.218     -0.347  0.000e+00
      3.193    30.6671   6.026863    35.8008     2.2257     0.1619          0     50.000 328.599873  1022.1103      3.175     -0.308  0.000e+00
      3.236    30.6680   6.026831    35.8000     2.2220     0.1612          0     50.250 328.599876  1022.1095      3.218     -0.233  0.000e+00
      3.204    30.6686   6.026761    35.7991     2.2150     0.1627          0     50.500 328.599878  1022.1085      3.186     -0.190  0.000e+00
      3.074    30.6683   6.026870    35.8001     2.2068     0.1558          0     50.750 328.599881  1022.1088      3.057     -0.203  0.000e+00
      2.944    30.6682   6.026339    35.7966     2.2191     0.1756          0     51.000 328.599884  1022.1057      2.928     -0.238  0.000e+00
      2.901    30.6681   6.026464    35.7975     2.2214     0.1749          0     51.250 328.599887  1022.1062      2.885     -0.255  0.000e+00
      2.804    30.6681   6.026534    35.7980     2.2091     0.1718          0     51.500 328.599890  1022.1062      2.788     -0.261  0.000e+00
      2.663    30.6675   6.026730    35.7998     2.2062     0.1734          0     51.750 328.599893  1022.1071      2.649     -0.293  0.000e+00
      2.620    30.6672   6.026292    35.7971     2.2104     0.1848          0     52.000 328.599896  1022.1050      2.606     -0.332  0.000e+00
      2.620    30.6671   6.026370    35.7977     2.2124     0.1894          0     52.250 328.599899  1022.1055      2.606     -0.345  0.000e+00
      2.534    30.6666   6.026698    35.8003     2.2012     0.1901          0     52.500 328.599902  1022.1073      2.520     -0.329  0.000e+00
      2.415    30.6664   6.026534    35.7994     2.2068     0.1894          0     52.750 328.599905  1022.1062      2.401     -0.308  0.000e+00
      2.382    30.6662   6.026050    35.7963     2.1999     0.1734          0     53.000 328.599907  1022.1038      2.369     -0.286  0.000e+00
      2.328    30.6658   6.025972    35.7960     2.1918     0.1840          0     53.250 328.599910  1022.1035      2.315     -0.276  0.000e+00
      2.188    30.6656   6.026300    35.7984     2.1803     0.1772          0     53.500 328.599913  1022.1047      2.176     -0.277  0.000e+00
      2.058    30.6653   6.025644    35.7943     2.1785     0.1718          0     53.750 328.599916  1022.1012      2.046     -0.297  0.000e+00
      1.993    30.6651   6.025542    35.7938     2.1614     0.1604          0     54.000 328.599919  1022.1006      1.982     -0.332  0.000e+00
      1.885    30.6647   6.026018    35.7973     2.1665     0.1673          0     54.250 328.599922  1022.1029      1.875     -0.365  0.000e+00
      1.777    30.6641   6.025909    35.7970     2.1681     0.1718          0     54.500 328.599925  1022.1024      1.767     -0.378  0.000e+00
      1.723    30.6637   6.025706    35.7960     2.1523     0.1634          0     54.750 328.599928  1022.1016      1.713     -0.378  0.000e+00
      1.679    30.6636   6.025870    35.7972     2.1526     0.1604          0     55.000 328.599931  1022.1023      1.670     -0.375  0.000e+00
      1.517    30.6631   6.026081    35.7990     2.1546     0.1756          0     55.250 328.599933  1022.1032      1.509     -0.377  0.000e+00
