ctd_kilwa/cnv/SBE19plus_01906740_2018_11_26_0071.cnv
* Sea-Bird SBE19plus  Data File:
* FileName = C:\Users\all user\Desktop\Mapping WWF\SBE19plus_01906740_2018_11_26_0071.hex
* Software version 2.6.3.104
* Temperature SN = 6740
* Conductivity SN = 6740
* System UpLoad Time = Nov 26 2018 20:00:43
* <ApplicationData>
* <Seaterm232>
# nquan = 13
# nvalues = 468                                   
# units = specified
# name 0 = prdM: Pressure, Strain Gauge [db]
# name 1 = tv290C: Temperature [ITS-90, deg C]
# name 2 = c0S/m: Conductivity [S/m]
# name 3 = sal00: Salinity, Practical [PSU]
# name 4 = sbeox0ML/L: Oxygen, SBE 43 [ml/l]
# name 5 = flECO-AFL: Fluorescence, WET Labs ECO-AFL/FL [mg/m^3]
# name 6 = nbf: Bottles Fired
# name 7 = timeS: Time, Elapsed [seconds]
# name 8 = timeJ: Julian Days
# name 9 = density00: Density [density, kg/m^3]
# name 10 = depSM: Depth [salt water, m], lat = 0.00
# name 11 = dz/dtM: Descent Rate [m/s]
# name 12 = flag:  0.000e+00
# span 0 =     -1.092,     16.046                 
# span 1 =    28.6931,    29.6065                 
# span 2 =   0.115410,   5.764272                 
# span 3 =     0.5236,    35.3567                 
# span 4 =     2.5710,     5.7530                 
# span 5 =    -0.4362,    48.6772                 
# span 6 =          0,          0                 
# span 7 =      0.000,    116.750                 
# span 8 = 329.635949, 329.637300                 
# span 9 =   996.2368,  1022.4958                 
# span 10 =     -1.086,     15.957                
# span 11 =     -1.106,      0.503                
# span 12 = 0.0000e+00, 0.0000e+00                
# interval = seconds: 0.25
# start_time = Nov 25 2018 15:15:46 [Instrument's time stamp, header]
# bad_flag = -9.990e-29
*END*
[from data line 445]
     -0.506    29.2295   2.914636    16.4438     3.5964     0.0307          0    111.250 329.637237  1008.1226     -0.503      0.052  0.000e+00
     -0.549    29.2276   2.906404    16.3934     3.5699     0.0429          0    111.500 329.637240  1008.0855     -0.546     -0.028  0.000e+00
     -0.560    29.2259   2.878164    16.2192     3.8285     0.0444          0    111.750 329.637242  1007.9563     -0.557     -0.084  0.000e+00
     -0.603    29.2238   2.884242    16.2575     4.0209     0.0475          0    112.000 329.637245  1007.9853     -0.600     -0.125  0.000e+00
     -0.636    29.2214   0.886879     4.5249     4.4952     0.0421          0    112.250 329.637248   999.2585     -0.632     -0.144  0.000e+00
     -0.755    29.2178   0.314057     1.4982     4.4996    -0.4339          0    112.500 329.637251   997.0016     -0.751     -0.167  0.000e+00
     -0.874    29.2125   0.233137     1.0945     4.9133    -0.4339          0    112.750 329.637254   996.7008     -0.869     -0.193  0.000e+00
     -0.928    29.2009   0.213479     0.9980     4.7025    -0.4309          0    113.000 329.637257   996.6318     -0.923     -0.224  0.000e+00
     -0.917    29.1916   0.210025     0.9812     4.4810    -0.4317          0    113.250 329.637260   996.6220     -0.912     -0.237  0.000e+00
     -0.949    29.1838   0.204141     0.9526     4.2673    -0.4362          0    113.500 329.637263   996.6027     -0.944     -0.237  0.000e+00
     -1.036    29.1801   0.195445     0.9101     4.0357    -0.1211          0    113.750 329.637266   996.5717     -1.030     -0.245  0.000e+00
     -1.079    29.1766   0.825761     4.1951     3.8133    -0.1158          0    114.000 329.637269   999.0243     -1.073     -0.236  0.000e+00
     -1.068    29.1708   1.009094     5.2036     3.6959    -0.1158          0    114.250 329.637271   999.7771     -1.062     -0.203  0.000e+00
     -1.057    29.1604   1.356790     7.1619     3.5988    -0.1112          0    114.500 329.637274  1001.2376     -1.051     -0.148  0.000e+00
     -1.079    29.1459   0.899585     4.6017     3.5843    48.6703          0    114.750 329.637277   999.3364     -1.073     -0.109  0.000e+00
     -1.057    29.1380   0.576741     2.8605     3.6902    48.6734          0    115.000 329.637280   998.0411     -1.052     -0.083  0.000e+00
     -1.057    29.1347   0.477172     2.3380     5.1369    48.6696          0    115.250 329.637283   997.6522     -1.051     -0.063  0.000e+00
     -1.068    29.1332   0.433082     2.1092     5.2492    48.6711          0    115.500 329.637286   997.4818     -1.062     -0.034  0.000e+00
     -1.068    29.1324   0.340530     1.6349     5.0597     0.0719          0    115.750 329.637289   997.1277     -1.062     -0.005  0.000e+00
     -1.047    29.1319   0.314334     1.5022     4.8751     0.0704          0    116.000 329.637292   997.0288     -1.041      0.009  0.000e+00
     -1.068    29.1316   0.318852     1.5251     4.6444     0.0681          0    116.250 329.637295   997.0459     -1.062      0.003  0.000e+00
     -1.068    29.1313   0.314588     1.5035     4.6960     0.0772          0    116.500 329.637297   997.0299     -1.062     -0.000  0.000e+00
     -1.057    29.1311   0.290897     1.3842     4.4921    -0.0258          0    116.750 329.637300   996.9408     -1.052      0.004  0.000e+00
