ctd_kilwa/cnv/SBE19plus_01906740_2018_11_26_0069.cnv
* Sea-Bird SBE19plus  Data File:
* FileName = C:\Users\all user\Desktop\Mapping WWF\SBE19plus_01906740_2018_11_26_0069.hex
* Software version 2.6.3.104
* Temperature SN = 6740
* Conductivity SN = 6740
* System UpLoad Time = Nov 26 2018 20:00:16
* <ApplicationData>
* <Seaterm232>
# nquan = 13
# nvalues = 843                                   
# units = specified
# name 0 = prdM: Pressure, Strain Gauge [db]
# name 1 = tv290C: Temperature [ITS-90, deg C]
# name 2 = c0S/m: Conductivity [S/m]
# name 3 = sal00: Salinity, Practical [PSU]
# name 4 = sbeox0ML/L: Oxygen, SBE 43 [ml/l]
# name 5 = flECO-AFL: Fluorescence, WET Labs ECO-AFL/FL [mg/m^3]
# name 6 = nbf: Bottles Fired
# name 7 = timeS: Time, Elapsed [seconds]
# name 8 = timeJ: Julian Days
# name 9 = density00: Density [density, kg/m^3]
# name 10 = depSM: Depth [salt water, m], lat = 0.00
# name 11 = dz/dtM: Descent Rate [m/s]
# name 12 = flag:  0.000e+00
# span 0 =     -1.097,     14.335                 
# span 1 =    28.6160,    34.0135                 
# span 2 =   0.475386,   5.898959                 
# span 3 =     2.3390,    36.0365                 
# span 4 =     2.0895,     3.6335                 
# span 5 =    -0.4393,    48.6909                 
# span 6 =          0,          0                 
# span 7 =      0.000,    210.500                 
# span 8 = 329.609745, 329.612182                 
# span 9 =   996.5411,  1022.8420                 
# span 10 =     -1.091,     14.255                
# span 11 =     -0.927,      0.924                
# span 12 = 0.0000e+00, 0.0000e+00                
# interval = seconds: 0.25
# start_time = Nov 25 2018 14:38:02 [Instrument's time stamp, header]
# bad_flag = -9.990e-29
*END*
     -1.065    33.0514   0.688626     3.1985     2.9896     0.3488          0      0.000 329.609745   997.0613     -1.059 4.2106e-16  0.000e+00
     -1.054    33.1537   0.723477     3.3652     2.9783     0.3435          0      0.250 329.609748   997.1510     -1.048      0.003  0.000e+00
     -1.065    33.1535   0.726889     3.3822     2.9623     0.3519          0      0.500 329.609751   997.1636     -1.059      0.002  0.000e+00
     -1.065    33.1318   0.644514     2.9756     2.9714     0.3511          0      0.750 329.609754   996.8694     -1.059      0.001  0.000e+00
     -1.065    33.1185   0.919260     4.3524     2.9385    -0.4286          0      1.000 329.609757   997.8940     -1.059      0.001  0.000e+00
     -1.065    33.1220   0.777566     3.6373     2.9638    -0.4393          0      1.250 329.609760   997.3631     -1.059      0.000  0.000e+00
     -1.054    33.1434   0.688660     3.1930     2.9554    -0.4362          0      1.500 329.609763   997.0268     -1.048      0.002  0.000e+00
     -1.054    33.1940   0.684774     3.1707     3.0543    -0.4378          0      1.750 329.609766   996.9934     -1.048      0.004  0.000e+00
     -1.097    33.2417   0.565401     2.5824     3.1164    48.6764          0      2.000 329.609769   996.5411     -1.091     -0.007  0.000e+00
     -1.065    33.2729   0.851652     3.9981     3.0492    48.6764          0      2.250 329.609771   997.5802     -1.059     -0.007  0.000e+00
     -1.065    33.2936   1.007669     4.7873     2.9951    48.6879          0      2.500 329.609774   998.1576     -1.059     -0.004  0.000e+00
     -1.054    33.4439   0.979792     4.6317     2.9442    48.6848          0      2.750 329.609777   997.9922     -1.048      0.000  0.000e+00
     -1.054    33.7589   0.629364     2.8664     2.9924    -0.4347          0      3.000 329.609780   996.5790     -1.048      0.003  0.000e+00
     -0.946    34.0135   1.164949     5.5191     3.3611    -0.4248          0      3.250 329.609783   998.4564     -0.940      0.034  0.000e+00
     -0.838    33.1991   0.950492     4.5043     3.3304    -0.4294          0      3.500 329.609786   997.9807     -0.833      0.086  0.000e+00
     -0.675    31.7494   1.190380     5.9030     3.2626    -0.4362          0      3.750 329.609789   999.4937     -0.672      0.169  0.000e+00
     -0.621    30.9717   0.854076     4.1950     3.3351    -0.4309          0      4.000 329.609792   998.4746     -0.618      0.242  0.000e+00
     -0.567    30.5598   0.921044     4.5865     3.3996     2.0128          0      4.250 329.609795   998.8948     -0.564      0.286  0.000e+00
     -0.535    30.2573   0.747434     3.6888     3.3958     2.0105          0      4.500 329.609797   998.3212     -0.532      0.314  0.000e+00
     -0.513    30.0205   1.800847     9.5642     3.1637     2.0067          0      4.750 329.609800  1002.7606     -0.510      0.313  0.000e+00
     -0.513    29.8377   3.638480    20.7344     2.8648     2.0067          0      5.000 329.609803  1011.1221     -0.510      0.278  0.000e+00
     -0.502    29.6916   3.210793    18.1172     2.8291    48.6803          0      5.250 329.609806  1009.2212     -0.499      0.211  0.000e+00
     -0.502    29.5858   3.586007    20.5100     2.8199    48.6772          0      5.500 329.609809  1011.0364     -0.499      0.142  0.000e+00
     -0.470    29.5210   3.798788    21.8890     2.8070    48.6795          0      5.750 329.609812  1012.0849     -0.467      0.089  0.000e+00
     -0.416    29.4809   5.508447    33.1526     2.6361    48.6780          0      6.000 329.609815  1020.5154     -0.413      0.079  0.000e+00
     -0.361    29.4355   5.898959    35.8459     2.5859    -0.2577          0      6.250 329.609818  1022.5511     -0.359      0.085  0.000e+00
     -0.340    29.3896   5.876563    35.7264     2.6182    -0.2524          0      6.500 329.609821  1022.4771     -0.338      0.098  0.000e+00
     -0.329    29.3523   5.868363    35.6979     2.6625    -0.2463          0      6.750 329.609823  1022.4683     -0.327      0.108  0.000e+00
     -0.307    29.3196   5.860260    35.6667     2.6776    -0.2486          0      7.000 329.609826  1022.4560     -0.306      0.118  0.000e+00
     -0.329    29.2814   5.842628    35.5740     2.7045    -0.4362          0      7.250 329.609829  1022.3992     -0.327      0.109  0.000e+00
     -0.361    29.2358   5.848964    35.6514     2.7087    -0.4317          0      7.500 329.609832  1022.4725     -0.359      0.082  0.000e+00
     -0.404    29.2017   5.855433    35.7214     2.7089    -0.4370          0      7.750 329.609835  1022.5364     -0.402      0.035  0.000e+00
     -0.415    29.1765   5.861111    35.7793     2.7100    -0.4339          0      8.000 329.609838  1022.5883     -0.413     -0.011  0.000e+00
     -0.404    29.1605   5.859499    35.7802     2.6984    -0.4332          0      8.250 329.609841  1022.5944     -0.402     -0.040  0.000e+00
     -0.350    29.1425   5.833326    35.6133     2.7077    -0.0349          0      8.500 329.609844  1022.4754     -0.348     -0.037  0.000e+00
     -0.296    29.1299   5.817628    35.5145     2.7130    -0.0273          0      8.750 329.609847  1022.4057     -0.295     -0.014  0.000e+00
     -0.253    29.1227   5.815929    35.5081     2.7338    -0.0372          0      9.000 329.609850  1022.4034     -0.252      0.023  0.000e+00
     -0.253    29.1114   5.820605    35.5487     2.7317    -0.0242          0      9.250 329.609852  1022.4377     -0.252      0.061  0.000e+00
     -0.264    29.0994   5.810101    35.4853     2.7362     0.0734          0      9.500 329.609855  1022.3941     -0.262      0.085  0.000e+00
     -0.296    29.0929   5.810055    35.4898     2.7170     0.0788          0      9.750 329.609858  1022.3995     -0.294      0.086  0.000e+00
     -0.329    29.0851   5.811670    35.5068     2.7221     0.0719          0     10.000 329.609861  1022.4147     -0.327      0.059  0.000e+00
     -0.361    29.0818   5.811931    35.5111     2.7386     0.0749          0     10.250 329.609864  1022.4189     -0.359      0.015  0.000e+00
     -0.339    29.0812   5.816383    35.5422     2.7198    -0.1143          0     10.500 329.609867  1022.4426     -0.338     -0.023  0.000e+00
     -0.307    29.0808   5.819206    35.5619     2.7202    -0.1158          0     10.750 329.609870  1022.4577     -0.305     -0.039  0.000e+00
     -0.274    29.0812   5.832265    35.6517     2.7352    -0.1181          0     11.000 329.609873  1022.5251     -0.273     -0.031  0.000e+00
     -0.285    29.0830   5.829632    35.6322     2.7238    -0.1158          0     11.250 329.609876  1022.5098     -0.284     -0.013  0.000e+00
     -0.328    29.0787   5.826946    35.6168     2.7420     0.1367          0     11.500 329.609878  1022.4995     -0.327     -0.004  0.000e+00
     -0.361    29.0729   5.813577    35.5290     2.7367     0.1367          0     11.750 329.609881  1022.4353     -0.359     -0.003  0.000e+00
     -0.372    29.0688   5.808173    35.4948     2.7312     0.1413          0     12.000 329.609884  1022.4110     -0.370     -0.009  0.000e+00
     -0.350    29.0729   5.803432    35.4590     2.7079     0.1337          0     12.250 329.609887  1022.3829     -0.348     -0.014  0.000e+00
     -0.296    29.0791   5.799376    35.4265     2.7128     0.1261          0     12.500 329.609890  1022.3565     -0.294     -0.015  0.000e+00
     -0.242    29.0804   5.803140    35.4514     2.7332    -0.0250          0     12.750 329.609893  1022.3751     -0.241      0.001  0.000e+00
     -0.231    29.0777   5.795959    35.4039     2.6695    -0.0326          0     13.000 329.609896  1022.3404     -0.230      0.025  0.000e+00
     -0.253    29.0737   5.798432    35.4240     2.6218    -0.0242          0     13.250 329.609899  1022.3567     -0.251      0.049  0.000e+00
     -0.307    29.0678   5.801865    35.4520     2.5828    -0.0265          0     13.500 329.609902  1022.3795     -0.305      0.053  0.000e+00
     -0.339    29.0629   5.800167    35.4440     2.5384     0.0093          0     13.750 329.609905  1022.3750     -0.337      0.036  0.000e+00
     -0.361    29.0592   5.796458    35.4211     2.5226     0.0002          0     14.000 329.609907  1022.3589     -0.359      0.003  0.000e+00
     -0.383    29.0591   5.793510    35.4009     2.5047     0.0101          0     14.250 329.609910  1022.3437     -0.380     -0.040  0.000e+00
     -0.350    29.0611   5.794193    35.4041     2.4982     0.0131          0     14.500 329.609913  1022.3456     -0.348     -0.066  0.000e+00
     -0.296    29.0621   5.796996    35.4227     2.4856     0.0154          0     14.750 329.609916  1022.3595     -0.294     -0.059  0.000e+00
     -0.220    29.0596   5.800943    35.4517     2.4909     0.0231          0     15.000 329.609919  1022.3824     -0.219     -0.014  0.000e+00
     -0.199    29.0583   5.802349    35.4624     2.5040     0.0177          0     15.250 329.609922  1022.3909     -0.198      0.038  0.000e+00
     -0.177    29.0570   5.801996    35.4609     2.5229     0.0116          0     15.500 329.609925  1022.3903     -0.176      0.087  0.000e+00
     -0.188    29.0594   5.802480    35.4624     2.5275    -0.0303          0     15.750 329.609928  1022.3906     -0.187      0.110  0.000e+00
     -0.209    29.0613   5.814646    35.5449     2.5083    -0.0258          0     16.000 329.609931  1022.4518     -0.208      0.109  0.000e+00
     -0.199    29.0641   5.836585    35.6942     2.5025    -0.0303          0     16.250 329.609933  1022.5631     -0.198      0.095  0.000e+00
     -0.231    29.0665   5.827408    35.6291     2.5095    -0.0250          0     16.500 329.609936  1022.5133     -0.230      0.053  0.000e+00
     -0.274    29.0686   5.820644    35.5809     2.5001    -0.0281          0     16.750 329.609939  1022.4762     -0.273      0.002  0.000e+00
     -0.274    29.0689   5.812224    35.5226     2.5055     0.0017          0     17.000 329.609942  1022.4323     -0.273     -0.037  0.000e+00
     -0.285    29.0635   5.806375    35.4863     2.4966    -0.0067          0     17.250 329.609945  1022.4068     -0.283     -0.055  0.000e+00
     -0.253    29.0585   5.804477    35.4769     2.4890    -0.0006          0     17.500 329.609948  1022.4015     -0.251     -0.053  0.000e+00
     -0.166    29.0590   5.805368    35.4826     2.4883    -0.0067          0     17.750 329.609951  1022.4060     -0.165     -0.017  0.000e+00
     -0.123    29.0637   5.819429    35.5761     2.4913    -0.0014          0     18.000 329.609954  1022.4749     -0.122      0.026  0.000e+00
     -0.112    29.0727   5.850247    35.7820     2.4899     0.0009          0     18.250 329.609957  1022.6265     -0.111      0.061  0.000e+00
     -0.123    29.0773   5.860265    35.8477     2.4797    -0.0082          0     18.500 329.609959  1022.6743     -0.122      0.089  0.000e+00
     -0.188    29.1175   5.860596    35.8199     2.4769     0.0002          0     18.750 329.609962  1022.6396     -0.187      0.085  0.000e+00
     -0.231    29.1896   5.851509    35.7034     2.4768     0.0162          0     19.000 329.609965  1022.5277     -0.230      0.052  0.000e+00
     -0.285    29.2294   5.833186    35.5477     2.4699     0.0177          0     19.250 329.609968  1022.3972     -0.283      0.001  0.000e+00
     -0.220    29.2345   5.821264    35.4619     2.4708     0.0215          0     19.500 329.609971  1022.3313     -0.219     -0.035  0.000e+00
     -0.177    29.2378   5.825465    35.4884     2.4532     0.0246          0     19.750 329.609974  1022.3502     -0.176     -0.053  0.000e+00
     -0.155    29.2305   5.841019    35.6007     2.4655     0.0086          0     20.000 329.609977  1022.4371     -0.154     -0.041  0.000e+00
     -0.155    29.2252   5.854847    35.6997     2.4389     0.0002          0     20.250 329.609980  1022.5133     -0.154     -0.016  0.000e+00
     -0.155    29.2125   5.850383    35.6785     2.4242     0.0185          0     20.500 329.609983  1022.5016     -0.154      0.015  0.000e+00
     -0.177    29.1971   5.832755    35.5686     2.4243     0.0162          0     20.750 329.609986  1022.4242     -0.176      0.040  0.000e+00
     -0.177    29.1772   5.824250    35.5250     2.4139     0.0101          0     21.000 329.609988  1022.3981     -0.176      0.046  0.000e+00
     -0.101    29.1559   5.820089    35.5121     2.4271     0.0086          0     21.250 329.609991  1022.3959     -0.101      0.058  0.000e+00
     -0.069    29.1398   5.820889    35.5295     2.4356     0.0063          0     21.500 329.609994  1022.4145     -0.068      0.051  0.000e+00
     -0.058    29.1290   5.823436    35.5551     2.4343     0.0086          0     21.750 329.609997  1022.4375     -0.057      0.055  0.000e+00
     -0.036    29.1189   5.822090    35.5533     2.4229     0.0101          0     22.000 329.610000  1022.4396     -0.036      0.068  0.000e+00
      0.007    29.1090   5.813630    35.5024     2.4385    -0.0281          0     22.250 329.610003  1022.4048      0.007      0.090  0.000e+00
      0.083    29.0973   5.803140    35.4388     2.4202    -0.0326          0     22.500 329.610006  1022.3613      0.082      0.122  0.000e+00
      0.158    29.0893   5.804646    35.4551     2.4155    -0.0319          0     22.750 329.610009  1022.3766      0.158      0.158  0.000e+00
      0.202    29.0862   5.818906    35.5557     2.4018    -0.0326          0     23.000 329.610012  1022.4533      0.200      0.177  0.000e+00
      0.256    29.0919   5.841122    35.7046     2.3970     0.0109          0     23.250 329.610014  1022.5635      0.254      0.186  0.000e+00
      0.288    29.0938   5.853354    35.7875     2.3927     0.0131          0     23.500 329.610017  1022.6253      0.286      0.200  0.000e+00
      0.299    29.0879   5.840066    35.7003     2.4144     0.0063          0     23.750 329.610020  1022.5618      0.297      0.201  0.000e+00
      0.321    29.0853   5.823914    35.5908     2.3887     0.0086          0     24.000 329.610023  1022.4806      0.319      0.187  0.000e+00
      0.375    29.0819   5.816414    35.5417     2.4008     0.0040          0     24.250 329.610026  1022.4450      0.373      0.170  0.000e+00
      0.440    29.0764   5.814123    35.5299     2.3944    -0.0014          0     24.500 329.610029  1022.4383      0.437      0.157  0.000e+00
      0.526    29.0718   5.809833    35.5037     2.3966     0.0017          0     24.750 329.610032  1022.4205      0.523      0.164  0.000e+00
      0.613    29.0666   5.805130    35.4752     2.4219     0.0002          0     25.000 329.610035  1022.4012      0.609      0.189  0.000e+00
      0.677    29.0669   5.827108    35.6265     2.4105    -0.0075          0     25.250 329.610038  1022.5150      0.674      0.216  0.000e+00
      0.688    29.0737   5.844158    35.7390     2.4139     0.0017          0     25.500 329.610041  1022.5973      0.684      0.231  0.000e+00
      0.667    29.0681   5.853092    35.8049     2.3907    -0.0014          0     25.750 329.610043  1022.6486      0.663      0.223  0.000e+00
      0.645    29.0883   5.849607    35.7657     2.3966    -0.0059          0     26.000 329.610046  1022.6123      0.641      0.188  0.000e+00
      0.667    29.1219   5.836114    35.6475     2.3949    -0.0052          0     26.250 329.610049  1022.5123      0.663      0.143  0.000e+00
      0.742    29.1299   5.831841    35.6121     2.3771    -0.0143          0     26.500 329.610052  1022.4834      0.738      0.112  0.000e+00
      0.818    29.1285   5.844974    35.7037     2.3707    -0.0181          0     26.750 329.610055  1022.5529      0.814      0.100  0.000e+00
      0.872    29.1294   5.858212    35.7942     2.3662    -0.0113          0     27.000 329.610058  1022.6209      0.867      0.105  0.000e+00
      0.894    29.1270   5.862857    35.8280     2.3592    -0.0197          0     27.250 329.610061  1022.6471      0.889      0.121  0.000e+00
      0.894    29.1271   5.867812    35.8621     2.3515     0.0002          0     27.500 329.610064  1022.6727      0.889      0.141  0.000e+00
