ctd_kilwa/cnv/SBE19plus_01906740_2018_11_26_0056.cnv
* Sea-Bird SBE19plus  Data File:
* FileName = C:\Users\all user\Desktop\Mapping WWF\SBE19plus_01906740_2018_11_26_0056.hex
* Software version 2.6.3.104
* Temperature SN = 6740
* Conductivity SN = 6740
* System UpLoad Time = Nov 26 2018 19:57:16
* <ApplicationData>
* <Seaterm232>
# nquan = 13
# nvalues = 999                                   
# units = specified
# name 0 = prdM: Pressure, Strain Gauge [db]
# name 1 = tv290C: Temperature [ITS-90, deg C]
# name 2 = c0S/m: Conductivity [S/m]
# name 3 = sal00: Salinity, Practical [PSU]
# name 4 = sbeox0ML/L: Oxygen, SBE 43 [ml/l]
# name 5 = flECO-AFL: Fluorescence, WET Labs ECO-AFL/FL [mg/m^3]
# name 6 = nbf: Bottles Fired
# name 7 = timeS: Time, Elapsed [seconds]
# name 8 = timeJ: Julian Days
# name 9 = density00: Density [density, kg/m^3]
# name 10 = depSM: Depth [salt water, m], lat = 0.00
# name 11 = dz/dtM: Descent Rate [m/s]
# name 12 = flag:  0.000e+00
# span 0 =     -1.029,     22.990                 
# span 1 =    27.8328,    29.2240                 
# span 2 =   0.020785,   5.700068                 
# span 3 =     0.0941,    35.3507                 
# span 4 =     2.0963,     3.6943                 
# span 5 =    -0.1211,    48.6810                 
# span 6 =          0,          0                 
# span 7 =      0.000,    249.500                 
# span 8 = 329.372963, 329.375851                 
# span 9 =   995.9476,  1022.7062                 
# span 10 =     -1.023,     22.862                
# span 11 =     -0.683,      0.420                
# span 12 = 0.0000e+00, 0.0000e+00                
# interval = seconds: 0.25
# start_time = Nov 25 2018 08:57:04 [Instrument's time stamp, header]
# bad_flag = -9.990e-29
*END*
[from data line 223]
      0.636    28.2487   5.695221    35.3217     2.1676     0.0215          0     55.750 329.373608  1022.5577      0.632      0.089  0.000e+00
      0.647    28.2476   5.695000    35.3209     2.1620     0.0223          0     56.000 329.373611  1022.5575      0.643      0.119  0.000e+00
      0.679    28.2462   5.695473    35.3252     2.1518     0.0147          0     56.250 329.373614  1022.5614      0.675      0.145  0.000e+00
      0.701    28.2453   5.695892    35.3288     2.1549     0.0124          0     56.500 329.373617  1022.5644      0.697      0.154  0.000e+00
      0.776    28.2458   5.695602    35.3264     2.1424     0.0246          0     56.750 329.373620  1022.5628      0.772      0.159  0.000e+00
      0.766    28.2462   5.695061    35.3223     2.1423     0.0147          0     57.000 329.373623  1022.5595      0.761      0.146  0.000e+00
      0.787    28.2455   5.695191    35.3237     2.1429     0.0200          0     57.250 329.373626  1022.5609      0.783      0.133  0.000e+00
      0.787    28.2445   5.694932    35.3227     2.1353     0.0200          0     57.500 329.373628  1022.5605      0.783      0.113  0.000e+00
      0.787    28.2434   5.695252    35.3258     2.1267     0.0154          0     57.750 329.373631  1022.5632      0.783      0.087  0.000e+00
      0.830    28.2433   5.695442    35.3272     2.1284     0.0177          0     58.000 329.373634  1022.5644      0.826      0.083  0.000e+00
      0.863    28.2434   5.695602    35.3282     2.1229     0.0261          0     58.250 329.373637  1022.5653      0.858      0.078  0.000e+00
      0.927    28.2437   5.695557    35.3276     2.1350     0.0154          0     58.500 329.373640  1022.5651      0.922      0.086  0.000e+00
      0.960    28.2438   5.694962    35.3234     2.1530     0.0162          0     58.750 329.373643  1022.5620      0.955      0.094  0.000e+00
      0.981    28.2433   5.694711    35.3220     2.1365     0.0284          0     59.000 329.373646  1022.5612      0.976      0.116  0.000e+00
      0.960    28.2425   5.694300    35.3197     2.1292     0.0231          0     59.250 329.373649  1022.5596      0.955      0.114  0.000e+00
      0.992    28.2414   5.694612    35.3227     2.1212     0.0078          0     59.500 329.373652  1022.5624      0.987      0.116  0.000e+00
      1.036    28.2409   5.694932    35.3253     2.1145     0.0093          0     59.750 329.373655  1022.5647      1.030      0.115  0.000e+00
      1.068    28.2412   5.694810    35.3242     2.1119     0.0063          0     60.000 329.373657  1022.5639      1.062      0.107  0.000e+00
      1.122    28.2415   5.694262    35.3201     2.1068     0.0124          0     60.250 329.373660  1022.5610      1.116      0.108  0.000e+00
      1.187    28.2412   5.693408    35.3144     2.0967     0.0086          0     60.500 329.373663  1022.5570      1.180      0.118  0.000e+00
      1.219    28.2399   5.692509    35.3091     2.0963     0.0093          0     60.750 329.373666  1022.5536      1.213      0.137  0.000e+00
      1.241    28.2374   5.692189    35.3087     2.0973     0.0055          0     61.000 329.373669  1022.5542      1.234      0.153  0.000e+00
      1.284    28.2351   5.692189    35.3104     2.0989     0.0101          0     61.250 329.373672  1022.5565      1.277      0.169  0.000e+00
      1.328    28.2340   5.691679    35.3076     2.0986     0.0330          0     61.500 329.373675  1022.5549      1.320      0.169  0.000e+00
      1.360    28.2330   5.691108    35.3044     2.1075     0.0292          0     61.750 329.373678  1022.5529      1.353      0.164  0.000e+00
      1.382    28.2318   5.690856    35.3036     2.1129     0.0337          0     62.000 329.373681  1022.5528      1.374      0.154  0.000e+00
      1.393    28.2304   5.690788    35.3041     2.1153     0.0292          0     62.250 329.373683  1022.5537      1.385      0.136  0.000e+00
      1.393    28.2293   5.690788    35.3049     2.1118     0.0284          0     62.500 329.373686  1022.5547      1.385      0.113  0.000e+00
      1.447    28.2286   5.690529    35.3036     2.1114     0.0360          0     62.750 329.373689  1022.5542      1.439      0.109  0.000e+00
      1.501    28.2284   5.689836    35.2989     2.1138     0.0299          0     63.000 329.373692  1022.5509      1.493      0.113  0.000e+00
      1.533    28.2270   5.689036    35.2944     2.1164     0.0398          0     63.250 329.373695  1022.5481      1.525      0.113  0.000e+00
      1.566    28.2251   5.688244    35.2902     2.1240     0.0353          0     63.500 329.373698  1022.5458      1.557      0.118  0.000e+00
      1.587    28.2230   5.687734    35.2882     2.1263     0.0337          0     63.750 329.373701  1022.5451      1.579      0.123  0.000e+00
      1.642    28.2212   5.687163    35.2855     2.1347     0.0315          0     64.000 329.373704  1022.5439      1.633      0.137  0.000e+00
      1.685    28.2192   5.686744    35.2841     2.1459     0.0330          0     64.250 329.373707  1022.5436      1.676      0.151  0.000e+00
      1.706    28.2170   5.686554    35.2844     2.1542     0.0330          0     64.500 329.373709  1022.5447      1.697      0.154  0.000e+00
      1.717    28.2151   5.686363    35.2845     2.1651     0.0131          0     64.750 329.373712  1022.5454      1.708      0.138  0.000e+00
      1.760    28.2135   5.686181    35.2844     2.1620     0.0162          0     65.000 329.373715  1022.5460      1.751      0.131  0.000e+00
      1.836    28.2119   5.686044    35.2846     2.1723     0.0154          0     65.250 329.373718  1022.5470      1.826      0.141  0.000e+00
      1.847    28.2104   5.685252    35.2802     2.1864     0.0231          0     65.500 329.373721  1022.5443      1.837      0.143  0.000e+00
      1.858    28.2091   5.680578    35.2485     2.2036     0.0101          0     65.750 329.373724  1022.5209      1.847      0.137  0.000e+00
      1.868    28.2071   5.677526    35.2286     2.2074     0.0116          0     66.000 329.373727  1022.5066      1.858      0.122  0.000e+00
      1.901    28.2056   5.676065    35.2195     2.2125     0.0116          0     66.250 329.373730  1022.5005      1.890      0.114  0.000e+00
      1.976    28.2019   5.675304    35.2169     2.2102     0.0086          0     66.500 329.373733  1022.5001      1.966      0.125  0.000e+00
      2.009    28.1973   5.674795    35.2168     2.2142     0.0200          0     66.750 329.373736  1022.5016      1.998      0.131  0.000e+00
      2.041    28.1932   5.674544    35.2181     2.2222     0.0185          0     67.000 329.373738  1022.5040      2.030      0.130  0.000e+00
      2.052    28.1891   5.674125    35.2182     2.2258     0.0162          0     67.250 329.373741  1022.5055      2.041      0.124  0.000e+00
      2.063    28.1862   5.673973    35.2193     2.2384     0.0177          0     67.500 329.373744  1022.5074      2.052      0.127  0.000e+00
      2.095    28.1836   5.673745    35.2196     2.2489     0.0131          0     67.750 329.373747  1022.5086      2.084      0.127  0.000e+00
      2.160    28.1817   5.673623    35.2202     2.2626     0.0429          0     68.000 329.373750  1022.5099      2.148      0.131  0.000e+00
      2.214    28.1803   5.673585    35.2209     2.2740     0.0498          0     68.250 329.373753  1022.5112      2.202      0.133  0.000e+00
      2.247    28.1795   5.673433    35.2204     2.2940     0.0398          0     68.500 329.373756  1022.5112      2.234      0.132  0.000e+00
      2.247    28.1789   5.673365    35.2204     2.3111     0.0459          0     68.750 329.373759  1022.5113      2.234      0.132  0.000e+00
      2.268    28.1784   5.673205    35.2197     2.3331     0.0177          0     69.000 329.373762  1022.5111      2.256      0.132  0.000e+00
      2.312    28.1777   5.673114    35.2195     2.3522     0.0200          0     69.250 329.373764  1022.5114      2.299      0.136  0.000e+00
      2.366    28.1771   5.673053    35.2195     2.3697     0.0231          0     69.500 329.373767  1022.5118      2.353      0.141  0.000e+00
      2.409    28.1769   5.672984    35.2192     2.3978     0.0185          0     69.750 329.373770  1022.5118      2.396      0.139  0.000e+00
      2.452    28.1764   5.672924    35.2191     2.4128     0.0292          0     70.000 329.373773  1022.5121      2.439      0.137  0.000e+00
      2.463    28.1762   5.672893    35.2191     2.4319     0.0360          0     70.250 329.373776  1022.5122      2.449      0.136  0.000e+00
      2.485    28.1755   5.672764    35.2187     2.4515     0.0307          0     70.500 329.373779  1022.5122      2.471      0.138  0.000e+00
      2.528    28.1750   5.672673    35.2184     2.4708     0.0330          0     70.750 329.373782  1022.5124      2.514      0.144  0.000e+00
      2.593    28.1747   5.672612    35.2182     2.4738     0.0047          0     71.000 329.373785  1022.5126      2.578      0.149  0.000e+00
      2.614    28.1746   5.672635    35.2184     2.4903     0.0078          0     71.250 329.373788  1022.5129      2.600      0.144  0.000e+00
      2.658    28.1744   5.672574    35.2181     2.4971     0.0032          0     71.500 329.373791  1022.5129      2.643      0.142  0.000e+00
      2.690    28.1743   5.672543    35.2180     2.5082     0.0063          0     71.750 329.373793  1022.5130      2.675      0.143  0.000e+00
      2.701    28.1742   5.672414    35.2172     2.5157     0.0032          0     72.000 329.373796  1022.5124      2.686      0.141  0.000e+00
      2.766    28.1739   5.672384    35.2171     2.5202     0.0185          0     72.250 329.373799  1022.5128      2.751      0.150  0.000e+00
      2.777    28.1737   5.672323    35.2169     2.5284     0.0162          0     72.500 329.373802  1022.5127      2.761      0.145  0.000e+00
      2.841    28.1732   5.672285    35.2169     2.5297     0.0162          0     72.750 329.373805  1022.5132      2.826      0.143  0.000e+00
      2.906    28.1727   5.672133    35.2162     2.5362     0.0215          0     73.000 329.373808  1022.5131      2.890      0.150  0.000e+00
      2.939    28.1725   5.672163    35.2166     2.5428     0.0093          0     73.250 329.373811  1022.5136      2.922      0.161  0.000e+00
      2.982    28.1724   5.672064    35.2159     2.5385     0.0070          0     73.500 329.373814  1022.5133      2.965      0.169  0.000e+00
      3.014    28.1729   5.672163    35.2163     2.5430     0.0063          0     73.750 329.373817  1022.5135      2.998      0.174  0.000e+00
      3.047    28.1738   5.672285    35.2164     2.5406     0.0124          0     74.000 329.373819  1022.5135      3.030      0.176  0.000e+00
      3.090    28.1748   5.672460    35.2169     2.5437     0.0215          0     74.250 329.373822  1022.5137      3.073      0.168  0.000e+00
      3.133    28.1760   5.672574    35.2168     2.5487     0.0208          0     74.500 329.373825  1022.5134      3.116      0.168  0.000e+00
      3.144    28.1769   5.672635    35.2165     2.5527     0.0231          0     74.750 329.373828  1022.5130      3.127      0.151  0.000e+00
      3.122    28.1776   5.672635    35.2160     2.5637     0.0215          0     75.000 329.373831  1022.5123      3.105      0.124  0.000e+00
      3.155    28.1782   5.672635    35.2156     2.5681     0.0231          0     75.250 329.373834  1022.5119      3.137      0.109  0.000e+00
      3.198    28.1788   5.672703    35.2156     2.5742     0.0223          0     75.500 329.373837  1022.5119      3.180      0.099  0.000e+00
      3.241    28.1793   5.672703    35.2152     2.5814     0.0238          0     75.750 329.373840  1022.5116      3.223      0.099  0.000e+00
      3.295    28.1801   5.672764    35.2150     2.5765     0.0177          0     76.000 329.373843  1022.5114      3.277      0.106  0.000e+00
      3.273    28.1805   5.672734    35.2145     2.5806     0.0231          0     76.250 329.373845  1022.5108      3.255      0.099  0.000e+00
      3.273    28.1807   5.672635    35.2137     2.5747     0.0330          0     76.500 329.373848  1022.5101      3.255      0.092  0.000e+00
      3.252    28.1805   5.672574    35.2134     2.5743     0.0360          0     76.750 329.373851  1022.5099      3.234      0.081  0.000e+00
      3.230    28.1803   5.672544    35.2133     2.5750     0.0353          0     77.000 329.373854  1022.5098      3.212      0.060  0.000e+00
      3.209    28.1802   5.672544    35.2134     2.5741     0.0353          0     77.250 329.373857  1022.5098      3.191      0.021  0.000e+00
      3.252    28.1804   5.672643    35.2139     2.5721     0.0231          0     77.500 329.373860  1022.5103      3.234     -0.002  0.000e+00
      3.284    28.1811   5.672764    35.2143     2.5778     0.0215          0     77.750 329.373863  1022.5105      3.266     -0.009  0.000e+00
      3.328    28.1821   5.672863    35.2142     2.5793     0.0253          0     78.000 329.373866  1022.5103      3.309      0.005  0.000e+00
      3.382    28.1828   5.672924    35.2141     2.5856     0.0215          0     78.250 329.373869  1022.5103      3.363      0.045  0.000e+00
      3.403    28.1828   5.672863    35.2136     2.5859     0.0040          0     78.500 329.373872  1022.5099      3.385      0.079  0.000e+00
      3.425    28.1827   5.672673    35.2124     2.5893     0.0101          0     78.750 329.373874  1022.5092      3.406      0.109  0.000e+00
      3.425    28.1823   5.672574    35.2120     2.5925     0.0063          0     79.000 329.373877  1022.5090      3.406      0.122  0.000e+00
      3.447    28.1819   5.672544    35.2121     2.5921     0.0131          0     79.250 329.373880  1022.5093      3.428      0.122  0.000e+00
      3.446    28.1818   5.672513    35.2120     2.5959    -0.0036          0     79.500 329.373883  1022.5092      3.428      0.100  0.000e+00
      3.446    28.1819   5.672475    35.2116     2.5926    -0.0067          0     79.750 329.373886  1022.5089      3.427      0.077  0.000e+00
      3.468    28.1817   5.672384    35.2111     2.5939    -0.0021          0     80.000 329.373889  1022.5087      3.449      0.058  0.000e+00
      3.479    28.1822   5.672285    35.2101     2.5945    -0.0082          0     80.250 329.373892  1022.5078      3.460      0.043  0.000e+00
      3.490    28.1825   5.672255    35.2096     2.6009    -0.0036          0     80.500 329.373895  1022.5074      3.470      0.040  0.000e+00
      3.479    28.1821   5.672125    35.2090     2.6053     0.0437          0     80.750 329.373898  1022.5071      3.460      0.033  0.000e+00
      3.511    28.1816   5.672095    35.2092     2.6058     0.0467          0     81.000 329.373900  1022.5075      3.492      0.037  0.000e+00
      3.533    28.1811   5.672133    35.2098     2.6038     0.0444          0     81.250 329.373903  1022.5082      3.514      0.042  0.000e+00
      3.565    28.1808   5.672133    35.2100     2.6039     0.0490          0     81.500 329.373906  1022.5086      3.546      0.055  0.000e+00
      3.565    28.1802   5.672133    35.2104     2.6000     0.0200          0     81.750 329.373909  1022.5091      3.546      0.060  0.000e+00
      3.533    28.1796   5.672224    35.2115     2.6003     0.0200          0     82.000 329.373912  1022.5100      3.514      0.048  0.000e+00
      3.555    28.1790   5.672194    35.2117     2.6066     0.0246          0     82.250 329.373915  1022.5104      3.535      0.044  0.000e+00
      3.566    28.1788   5.672224    35.2122     2.6064     0.0162          0     82.500 329.373918  1022.5109      3.546      0.040  0.000e+00
      3.576    28.1789   5.672255    35.2122     2.6098     0.0093          0     82.750 329.373921  1022.5109      3.557      0.038  0.000e+00
      3.587    28.1789   5.672255    35.2122     2.6088     0.0109          0     83.000 329.373924  1022.5110      3.568      0.028  0.000e+00
