ctd_kilwa/cnv/SBE19plus_01906740_2018_11_26_0062.cnv
* Sea-Bird SBE19plus  Data File:
* FileName = C:\Users\all user\Desktop\Mapping WWF\SBE19plus_01906740_2018_11_26_0062.hex
* Software version 2.6.3.104
* Temperature SN = 6740
* Conductivity SN = 6740
* System UpLoad Time = Nov 26 2018 19:58:45
* <ApplicationData>
* <Seaterm232>
# nquan = 13
# nvalues = 427                                   
# units = specified
# name 0 = prdM: Pressure, Strain Gauge [db]
# name 1 = tv290C: Temperature [ITS-90, deg C]
# name 2 = c0S/m: Conductivity [S/m]
# name 3 = sal00: Salinity, Practical [PSU]
# name 4 = sbeox0ML/L: Oxygen, SBE 43 [ml/l]
# name 5 = flECO-AFL: Fluorescence, WET Labs ECO-AFL/FL [mg/m^3]
# name 6 = nbf: Bottles Fired
# name 7 = timeS: Time, Elapsed [seconds]
# name 8 = timeJ: Julian Days
# name 9 = density00: Density [density, kg/m^3]
# name 10 = depSM: Depth [salt water, m], lat = 0.00
# name 11 = dz/dtM: Descent Rate [m/s]
# name 12 = flag:  0.000e+00
# span 0 =     -1.028,      5.298                 
# span 1 =    27.8196,    32.9541                 
# span 2 =   0.476446,   5.880626                 
# span 3 =     2.3568,    36.3361                 
# span 4 =     2.6052,     4.0108                 
# span 5 =    -0.4576,     2.1380                 
# span 6 =          0,          0                 
# span 7 =      0.000,    106.500                 
# span 8 = 329.519259, 329.520492                 
# span 9 =   997.8057,  1023.1979                 
# span 10 =     -1.022,      5.269                
# span 11 =     -0.446,      0.490                
# span 12 = 0.0000e+00, 0.0000e+00                
# interval = seconds: 0.25
# start_time = Nov 25 2018 12:27:44 [Instrument's time stamp, header]
# bad_flag = -9.990e-29
*END*
[from data line 223]
      0.713    28.3001   5.781255    35.8849     2.6696     0.0170          0     55.750 329.519905  1022.9646      0.709     -0.105  0.000e+00
      0.745    28.2902   5.768951    35.8062     2.6748     0.0215          0     56.000 329.519907  1022.9088      0.741     -0.082  0.000e+00
      0.789    28.2755   5.762448    35.7718     2.6729     0.0063          0     56.250 329.519910  1022.8879      0.784     -0.043  0.000e+00
      0.832    28.2617   5.757264    35.7460     2.6747     0.0025          0     56.500 329.519913  1022.8733      0.827      0.012  0.000e+00
      0.897    28.2478   5.754386    35.7363     2.6756     0.0101          0     56.750 329.519916  1022.8709      0.892      0.071  0.000e+00
      0.875    28.2336   5.754417    35.7473     2.6746     0.0086          0     57.000 329.519919  1022.8837      0.870      0.111  0.000e+00
      0.864    28.2215   5.756009    35.7676     2.6783     0.0078          0     57.250 329.519922  1022.9029      0.860      0.121  0.000e+00
      0.821    28.2131   5.756553    35.7778     2.6844     0.0162          0     57.500 329.519925  1022.9132      0.817      0.092  0.000e+00
      0.832    28.2068   5.756874    35.7848     2.6843     0.0200          0     57.750 329.519928  1022.9206      0.827      0.060  0.000e+00
      0.799    28.2003   5.755841    35.7825     2.6881     0.0192          0     58.000 329.519931  1022.9208      0.795      0.019  0.000e+00
      0.778    28.1913   5.752374    35.7650     2.6913    -0.0082          0     58.250 329.519933  1022.9105      0.773     -0.022  0.000e+00
      0.789    28.1772   5.748059    35.7454     2.6946    -0.0120          0     58.500 329.519936  1022.9005      0.784     -0.048  0.000e+00
      0.778    28.1621   5.746384    35.7451     2.6968    -0.0097          0     58.750 329.519939  1022.9052      0.774     -0.062  0.000e+00
      0.832    28.1507   5.745022    35.7442     2.7039    -0.0097          0     59.000 329.519942  1022.9085      0.827     -0.037  0.000e+00
      0.853    28.1411   5.736168    35.6893     2.7129    -0.0075          0     59.250 329.519945  1022.8704      0.849     -0.009  0.000e+00
      0.897    28.1279   5.730559    35.6599     2.7199     0.0231          0     59.500 329.519948  1022.8529      0.892      0.029  0.000e+00
      0.962    28.1155   5.720844    35.6011     2.7617     0.0177          0     59.750 329.519951  1022.8130      0.956      0.067  0.000e+00
      1.037    28.1021   5.710526    35.5388     2.8717     0.0162          0     60.000 329.519954  1022.7708      1.032      0.120  0.000e+00
      1.145    28.0878   5.690189    35.4068     2.9348     0.0131          0     60.250 329.519957  1022.6767      1.139      0.177  0.000e+00
      1.210    28.0731   5.675816    35.3170     2.9594     0.0025          0     60.500 329.519959  1022.6143      1.204      0.221  0.000e+00
      1.329    28.0616   5.669054    35.2782     2.9817     0.0063          0     60.750 329.519962  1022.5894      1.322      0.271  0.000e+00
      1.394    28.0410   5.664872    35.2642     3.0362     0.0147          0     61.000 329.519965  1022.5859      1.387      0.299  0.000e+00
      1.492    28.0110   5.661293    35.2615     3.0602     0.0055          0     61.250 329.519968  1022.5941      1.483      0.330  0.000e+00
      1.524    27.9836   5.657532    35.2556     3.0224     0.0246          0     61.500 329.519971  1022.5988      1.516      0.333  0.000e+00
      1.600    27.9573   5.655792    35.2631     2.9943     0.0200          0     61.750 329.519974  1022.6134      1.591      0.326  0.000e+00
      1.611    27.9296   5.651592    35.2543     2.8975     0.0276          0     62.000 329.519977  1022.6159      1.602      0.296  0.000e+00
      1.665    27.9062   5.650484    35.2641     2.8703     0.0093          0     62.250 329.519980  1022.6310      1.656      0.263  0.000e+00
      1.708    27.8903   5.648464    35.2618     2.8836     0.0032          0     62.500 329.519983  1022.6347      1.699      0.236  0.000e+00
      1.773    27.8787   5.646696    35.2580     2.8977     0.0139          0     62.750 329.519986  1022.6359      1.763      0.210  0.000e+00
      1.870    27.8707   5.645724    35.2572     2.9167     0.0047          0     63.000 329.519988  1022.6383      1.860      0.212  0.000e+00
      1.957    27.8637   5.645314    35.2595     2.9460     0.0063          0     63.250 329.519991  1022.6427      1.946      0.223  0.000e+00
      2.043    27.8588   5.644965    35.2607     2.9329     0.0086          0     63.500 329.519994  1022.6456      2.032      0.252  0.000e+00
      2.097    27.8552   5.644806    35.2622     2.9276    -0.0029          0     63.750 329.519997  1022.6481      2.086      0.269  0.000e+00
      2.141    27.8517   5.645155    35.2674     2.9396    -0.0029          0     64.000 329.520000  1022.6533      2.129      0.285  0.000e+00
      2.184    27.8464   5.644146    35.2642     2.9989     0.0002          0     64.250 329.520003  1022.6529      2.172      0.280  0.000e+00
      2.270    27.8421   5.642036    35.2525     3.0136     0.0025          0     64.500 329.520006  1022.6458      2.258      0.278  0.000e+00
      2.389    27.8396   5.641558    35.2510     3.0302     0.0330          0     64.750 329.520009  1022.6460      2.376      0.281  0.000e+00
      2.497    27.8374   5.641467    35.2520     3.1013     0.0253          0     65.000 329.520012  1022.6480      2.484      0.290  0.000e+00
      2.605    27.8357   5.640929    35.2495     3.1233     0.0292          0     65.250 329.520014  1022.6471      2.591      0.311  0.000e+00
      2.735    27.8331   5.640147    35.2459     3.1268     0.0299          0     65.500 329.520017  1022.6458      2.720      0.347  0.000e+00
      2.811    27.8301   5.640489    35.2505     3.0998     0.0086          0     65.750 329.520020  1022.6506      2.795      0.381  0.000e+00
      2.843    27.8287   5.639829    35.2468     3.0205     0.0101          0     66.000 329.520023  1022.6484      2.828      0.389  0.000e+00
      2.843    27.8280   5.640109    35.2493     2.9524     0.0063          0     66.250 329.520026  1022.6505      2.828      0.363  0.000e+00
      2.854    27.8284   5.640398    35.2511     2.9014     0.0055          0     66.500 329.520029  1022.6517      2.839      0.306  0.000e+00
      2.897    27.8283   5.640299    35.2504     2.8600     0.0131          0     66.750 329.520032  1022.6515      2.881      0.246  0.000e+00
      2.897    27.8279   5.640398    35.2515     2.8270     0.0009          0     67.000 329.520035  1022.6524      2.882      0.183  0.000e+00
      2.908    27.8270   5.640049    35.2497     2.8199     0.0063          0     67.250 329.520038  1022.6514      2.892      0.125  0.000e+00
      2.897    27.8266   5.640079    35.2502     2.8188     0.0154          0     67.500 329.520041  1022.6518      2.881      0.074  0.000e+00
      2.897    27.8268   5.640299    35.2516     2.8263     0.0063          0     67.750 329.520043  1022.6528      2.882      0.045  0.000e+00
      2.897    27.8262   5.640178    35.2512     2.8290     0.0315          0     68.000 329.520046  1022.6527      2.882      0.032  0.000e+00
      2.908    27.8256   5.639700    35.2482     2.8264     0.0315          0     68.250 329.520049  1022.6507      2.892      0.026  0.000e+00
      2.887    27.8255   5.639548    35.2472     2.8273     0.0360          0     68.500 329.520052  1022.6499      2.871      0.010  0.000e+00
      2.887    27.8260   5.639578    35.2471     2.8225     0.0223          0     68.750 329.520055  1022.6497      2.871     -0.005  0.000e+00
      2.919    27.8274   5.639669    35.2467     2.8189     0.0231          0     69.000 329.520058  1022.6491      2.903      0.001  0.000e+00
      2.941    27.8288   5.640109    35.2487     2.8164     0.0276          0     69.250 329.520061  1022.6502      2.925      0.011  0.000e+00
      2.984    27.8306   5.639859    35.2456     2.8075     0.0322          0     69.500 329.520064  1022.6475      2.968      0.033  0.000e+00
      3.006    27.8310   5.639669    35.2439     2.8001     0.0368          0     69.750 329.520067  1022.6462      2.989      0.053  0.000e+00
      3.070    27.8316   5.639358    35.2413     2.8244     0.0376          0     70.000 329.520069  1022.6443      3.054      0.082  0.000e+00
      3.124    27.8316   5.638850    35.2377     2.8202     0.0383          0     70.250 329.520072  1022.6418      3.107      0.115  0.000e+00
      3.222    27.8306   5.638190    35.2337     2.8189     0.0475          0     70.500 329.520075  1022.6395      3.204      0.161  0.000e+00
      3.319    27.8297   5.637780    35.2316     2.8599     0.0429          0     70.750 329.520078  1022.6386      3.301      0.206  0.000e+00
      3.438    27.8293   5.637310    35.2285     2.9545     0.0467          0     71.000 329.520081  1022.6370      3.419      0.254  0.000e+00
      3.579    27.8290   5.637029    35.2267     3.0120     0.0376          0     71.250 329.520084  1022.6363      3.559      0.313  0.000e+00
      3.708    27.8285   5.636840    35.2257     3.0491     0.0444          0     71.500 329.520087  1022.6363      3.688      0.370  0.000e+00
      3.784    27.8277   5.637029    35.2276     3.0563     0.0376          0     71.750 329.520090  1022.6383      3.763      0.410  0.000e+00
      3.881    27.8264   5.635892    35.2205     3.0223     0.0437          0     72.000 329.520093  1022.6338      3.860      0.430  0.000e+00
      4.011    27.8254   5.635740    35.2202     3.0197     0.0116          0     72.250 329.520095  1022.6344      3.989      0.448  0.000e+00
      4.098    27.8263   5.635892    35.2206     3.0115     0.0002          0     72.500 329.520098  1022.6348      4.075      0.445  0.000e+00
      4.217    27.8274   5.635892    35.2197     3.0111     0.0055          0     72.750 329.520101  1022.6343      4.193      0.440  0.000e+00
      4.314    27.8281   5.635452    35.2160     2.9704    -0.0029          0     73.000 329.520104  1022.6317      4.290      0.428  0.000e+00
      4.454    27.8283   5.635672    35.2174     2.9765     0.0238          0     73.250 329.520107  1022.6333      4.430      0.427  0.000e+00
      4.595    27.8294   5.635452    35.2150     2.9434     0.0131          0     73.500 329.520110  1022.6317      4.570      0.442  0.000e+00
      4.692    27.8302   5.635391    35.2140     2.9556     0.0109          0     73.750 329.520113  1022.6311      4.667      0.459  0.000e+00
      4.833    27.8306   5.635452    35.2140     2.9646     0.0177          0     74.000 329.520116  1022.6316      4.806      0.472  0.000e+00
      4.941    27.8310   5.635392    35.2132     2.9445     0.0261          0     74.250 329.520119  1022.6314      4.914      0.477  0.000e+00
      5.060    27.8318   5.635392    35.2126     2.9545     0.0307          0     74.500 329.520122  1022.6312      5.032      0.487  0.000e+00
      5.190    27.8326   5.635581    35.2133     2.9489     0.0276          0     74.750 329.520124  1022.6320      5.161      0.490  0.000e+00
      5.276    27.8331   5.636082    35.2165     2.9726     0.0322          0     75.000 329.520127  1022.6346      5.247      0.482  0.000e+00
      5.276    27.8335   5.635331    35.2108     2.8739     0.0360          0     75.250 329.520130  1022.6302      5.247      0.437  0.000e+00
      5.298    27.8333   5.635991    35.2156     2.8418     0.0215          0     75.500 329.520133  1022.6339      5.269      0.380  0.000e+00
      5.298    27.8353   5.635741    35.2124     2.7827     0.0307          0     75.750 329.520136  1022.6309      5.269      0.314  0.000e+00
      5.287    27.8370   5.636021    35.2131     2.7411     0.0269          0     76.000 329.520139  1022.6308      5.258      0.230  0.000e+00
      5.298    27.8381   5.636370    35.2147     2.7223     0.0353          0     76.250 329.520142  1022.6317      5.269      0.156  0.000e+00
      5.287    27.8386   5.636332    35.2140     2.6954     0.0429          0     76.500 329.520145  1022.6310      5.258      0.085  0.000e+00
      5.276    27.8393   5.636491    35.2147     2.7014     0.0376          0     76.750 329.520148  1022.6312      5.247      0.027  0.000e+00
      5.266    27.8396   5.636552    35.2149     2.6985     0.0391          0     77.000 329.520150  1022.6312      5.237     -0.004  0.000e+00
      5.266    27.8394   5.636552    35.2150     2.7175     0.0521          0     77.250 329.520153  1022.6314      5.237     -0.012  0.000e+00
      5.276    27.8392   5.636620    35.2156     2.7239     0.0353          0     77.500 329.520156  1022.6319      5.247     -0.017  0.000e+00
      5.266    27.8398   5.636711    35.2159     2.7428     0.0261          0     77.750 329.520159  1022.6319      5.237     -0.017  0.000e+00
      5.266    27.8400   5.637030    35.2180     2.8107     0.0292          0     78.000 329.520162  1022.6334      5.237     -0.014  0.000e+00
      5.266    27.8395   5.635801    35.2097     2.8067     0.0292          0     78.250 329.520165  1022.6273      5.237     -0.014  0.000e+00
      5.266    27.8389   5.635422    35.2074     2.7853     0.0391          0     78.500 329.520168  1022.6258      5.237     -0.008  0.000e+00
      5.276    27.8393   5.635331    35.2065     2.7636     0.0444          0     78.750 329.520171  1022.6250      5.247     -0.001  0.000e+00
      5.276    27.8398   5.635452    35.2070     2.7474     0.0475          0     79.000 329.520174  1022.6252      5.247      0.004  0.000e+00
      5.298    27.8403   5.635612    35.2077     2.7316     0.0459          0     79.250 329.520177  1022.6257      5.269      0.010  0.000e+00
      5.287    27.8404   5.635862    35.2094     2.7144     0.0215          0     79.500 329.520179  1022.6269      5.258      0.012  0.000e+00
      5.287    27.8404   5.635862    35.2094     2.7020     0.0131          0     79.750 329.520182  1022.6269      5.258      0.015  0.000e+00
      5.287    27.8399   5.635771    35.2092     2.6873     0.0086          0     80.000 329.520185  1022.6269      5.258      0.014  0.000e+00
      5.287    27.8383   5.635612    35.2093     2.6931     0.0101          0     80.250 329.520188  1022.6275      5.258      0.012  0.000e+00
      5.276    27.8370   5.635422    35.2089     2.7267     0.0147          0     80.500 329.520191  1022.6276      5.247      0.006  0.000e+00
      5.276    27.8358   5.635202    35.2083     2.7287     0.0276          0     80.750 329.520194  1022.6275      5.247     -0.002  0.000e+00
      5.233    27.8347   5.635361    35.2102     2.7160     0.0391          0     81.000 329.520197  1022.6291      5.204     -0.017  0.000e+00
      5.060    27.8340   5.634952    35.2079     2.7111     0.0330          0     81.250 329.520200  1022.6268      5.032     -0.076  0.000e+00
      4.898    27.8339   5.634952    35.2080     2.7063     0.0246          0     81.500 329.520203  1022.6263      4.871     -0.157  0.000e+00
      4.855    27.8344   5.635171    35.2092     2.7067     0.0215          0     81.750 329.520205  1022.6268      4.828     -0.226  0.000e+00
      4.833    27.8365   5.635771    35.2118     2.7054     0.0177          0     82.000 329.520208  1022.6280      4.806     -0.272  0.000e+00
      4.768    27.8401   5.636180    35.2120     2.7056     0.0177          0     82.250 329.520211  1022.6268      4.742     -0.306  0.000e+00
      4.682    27.8417   5.635922    35.2090     2.7004     0.0215          0     82.500 329.520214  1022.6236      4.656     -0.327  0.000e+00
      4.638    27.8396   5.635232    35.2058     2.7098     0.0437          0     82.750 329.520217  1022.6216      4.613     -0.324  0.000e+00
      4.628    27.8371   5.634853    35.2050     2.7219     0.0459          0     83.000 329.520220  1022.6218      4.602     -0.280  0.000e+00
