ctd_kilwa/cnv/SBE19plus_01906740_2018_11_26_0066.cnv
* Sea-Bird SBE19plus  Data File:
* FileName = C:\Users\all user\Desktop\Mapping WWF\SBE19plus_01906740_2018_11_26_0066.hex
* Software version 2.6.3.104
* Temperature SN = 6740
* Conductivity SN = 6740
* System UpLoad Time = Nov 26 2018 19:59:33
* <ApplicationData>
* <Seaterm232>
# nquan = 13
# nvalues = 663                                   
# units = specified
# name 0 = prdM: Pressure, Strain Gauge [db]
# name 1 = tv290C: Temperature [ITS-90, deg C]
# name 2 = c0S/m: Conductivity [S/m]
# name 3 = sal00: Salinity, Practical [PSU]
# name 4 = sbeox0ML/L: Oxygen, SBE 43 [ml/l]
# name 5 = flECO-AFL: Fluorescence, WET Labs ECO-AFL/FL [mg/m^3]
# name 6 = nbf: Bottles Fired
# name 7 = timeS: Time, Elapsed [seconds]
# name 8 = timeJ: Julian Days
# name 9 = density00: Density [density, kg/m^3]
# name 10 = depSM: Depth [salt water, m], lat = 0.00
# name 11 = dz/dtM: Descent Rate [m/s]
# name 12 = flag:  0.000e+00
# span 0 =     -1.058,      8.014                 
# span 1 =    28.6199,    30.0183                 
# span 2 =   0.302565,   5.776728                 
# span 3 =     1.4179,    35.4685                 
# span 4 =     1.9294,     4.4536                 
# span 5 =    -0.4408,     0.5380                 
# span 6 =          0,          0                 
# span 7 =      0.000,    165.500                 
# span 8 = 329.579954, 329.581869                 
# span 9 =   996.7051,  1022.4839                 
# span 10 =     -1.052,      7.970                
# span 11 =     -0.531,      0.578                
# span 12 = 0.0000e+00, 0.0000e+00                
# interval = seconds: 0.25
# start_time = Nov 25 2018 13:55:08 [Instrument's time stamp, header]
# bad_flag = -9.990e-29
*END*
[from data line 445]
      7.971    28.6253   5.721045    35.2189     2.5417     0.0574          0    111.250 329.581241  1022.3874      7.927      0.129  0.000e+00
      7.971    28.6253   5.721060    35.2190     2.5053     0.0513          0    111.500 329.581244  1022.3874      7.927      0.081  0.000e+00
      7.982    28.6251   5.721029    35.2189     2.4051     0.0589          0    111.750 329.581247  1022.3875      7.938      0.037  0.000e+00
      7.992    28.6253   5.721029    35.2188     2.2759     0.0559          0    112.000 329.581250  1022.3874      7.948      0.011  0.000e+00
      8.003    28.6251   5.720999    35.2187     2.2473     0.0673          0    112.250 329.581253  1022.3874      7.959      0.008  0.000e+00
      8.014    28.6252   5.720999    35.2186     2.2614     0.0772          0    112.500 329.581256  1022.3874      7.970      0.015  0.000e+00
      8.014    28.6253   5.721106    35.2193     2.2648     0.0658          0    112.750 329.581259  1022.3878      7.970      0.016  0.000e+00
      7.992    28.6258   5.721121    35.2190     2.2919     0.0719          0    113.000 329.581262  1022.3874      7.948      0.013  0.000e+00
      8.003    28.6259   5.721060    35.2185     2.3391     0.0696          0    113.250 329.581264  1022.3870      7.959      0.019  0.000e+00
      7.970    28.6255   5.721029    35.2186     2.3880     0.0780          0    113.500 329.581267  1022.3871      7.927      0.005  0.000e+00
      7.981    28.6255   5.720961    35.2181     2.4305     0.0757          0    113.750 329.581270  1022.3868      7.937     -0.006  0.000e+00
      7.992    28.6250   5.720953    35.2185     2.4544     0.0719          0    114.000 329.581273  1022.3872      7.948     -0.011  0.000e+00
      7.981    28.6248   5.720961    35.2187     2.4790     0.0658          0    114.250 329.581276  1022.3874      7.937     -0.016  0.000e+00
      7.938    28.6247   5.720930    35.2185     2.5250     0.0734          0    114.500 329.581279  1022.3872      7.894     -0.028  0.000e+00
      7.906    28.6245   5.720839    35.2181     2.5393     0.0604          0    114.750 329.581282  1022.3867      7.862     -0.041  0.000e+00
      7.895    28.6245   5.720961    35.2189     2.5409     0.0620          0    115.000 329.581285  1022.3873      7.851     -0.050  0.000e+00
      7.873    28.6249   5.721091    35.2195     2.5469     0.0620          0    115.250 329.581288  1022.3875      7.830     -0.064  0.000e+00
      7.765    28.6256   5.721136    35.2194     2.5626     0.0566          0    115.500 329.581291  1022.3867      7.722     -0.095  0.000e+00
      7.603    28.6262   5.721121    35.2189     2.5656     0.0604          0    115.750 329.581293  1022.3855      7.561     -0.164  0.000e+00
      7.473    28.6264   5.721090    35.2185     2.5844     0.0574          0    116.000 329.581296  1022.3846      7.432     -0.239  0.000e+00
      7.354    28.6267   5.721090    35.2183     2.5598     0.0574          0    116.250 329.581299  1022.3839      7.314     -0.309  0.000e+00
      7.386    28.6265   5.721029    35.2181     2.5551     0.0566          0    116.500 329.581302  1022.3838      7.346     -0.332  0.000e+00
      7.386    28.6261   5.720930    35.2177     2.5486     0.0459          0    116.750 329.581305  1022.3837      7.346     -0.329  0.000e+00
      7.419    28.6256   5.720892    35.2178     2.5469     0.0467          0    117.000 329.581308  1022.3841      7.378     -0.291  0.000e+00
      7.430    28.6250   5.720869    35.2180     2.5263     0.0482          0    117.250 329.581311  1022.3845      7.389     -0.222  0.000e+00
      7.441    28.6244   5.720800    35.2180     2.5271     0.0391          0    117.500 329.581314  1022.3847      7.400     -0.126  0.000e+00
      7.516    28.6242   5.720800    35.2182     2.5137     0.0429          0    117.750 329.581317  1022.3853      7.475     -0.017  0.000e+00
      7.527    28.6236   5.720800    35.2186     2.5061     0.0261          0    118.000 329.581319  1022.3859      7.486      0.057  0.000e+00
      7.440    28.6236   5.720838    35.2189     2.5634     0.0292          0    118.250 329.581322  1022.3857      7.399      0.070  0.000e+00
      7.343    28.6235   5.720831    35.2190     2.5910     0.0337          0    118.500 329.581325  1022.3854      7.303      0.019  0.000e+00
      7.192    28.6234   5.720800    35.2189     2.6421     0.0322          0    118.750 329.581328  1022.3847      7.152     -0.060  0.000e+00
      7.095    28.6235   5.720800    35.2188     2.6851     0.0383          0    119.000 329.581331  1022.3842      7.056     -0.152  0.000e+00
      7.095    28.6236   5.720838    35.2190     2.6815     0.0429          0    119.250 329.581334  1022.3843      7.056     -0.214  0.000e+00
      7.073    28.6235   5.720869    35.2193     2.6691     0.0467          0    119.500 329.581337  1022.3845      7.034     -0.256  0.000e+00
      7.052    28.6237   5.720861    35.2191     2.6594     0.0475          0    119.750 329.581340  1022.3842      7.013     -0.277  0.000e+00
      6.944    28.6236   5.720838    35.2191     2.6529     0.0421          0    120.000 329.581343  1022.3837      6.905     -0.276  0.000e+00
      6.792    28.6235   5.720800    35.2189     2.5730     0.0444          0    120.250 329.581345  1022.3830      6.755     -0.273  0.000e+00
      6.716    28.6230   5.720769    35.2191     2.5596     0.0429          0    120.500 329.581348  1022.3829      6.679     -0.270  0.000e+00
      6.706    28.6229   5.720769    35.2192     2.5194     0.0513          0    120.750 329.581351  1022.3830      6.669     -0.254  0.000e+00
      6.749    28.6229   5.720769    35.2192     2.5178     0.0200          0    121.000 329.581354  1022.3832      6.712     -0.235  0.000e+00
      6.781    28.6231   5.720800    35.2192     2.5476     0.0208          0    121.250 329.581357  1022.3833      6.744     -0.210  0.000e+00
      6.803    28.6231   5.720838    35.2195     2.5428     0.0185          0    121.500 329.581360  1022.3836      6.765     -0.158  0.000e+00
      6.825    28.6228   5.720769    35.2192     2.5522     0.0147          0    121.750 329.581363  1022.3836      6.787     -0.088  0.000e+00
      6.879    28.6226   5.720739    35.2191     2.5732     0.0177          0    122.000 329.581366  1022.3838      6.841      0.006  0.000e+00
      6.933    28.6226   5.720739    35.2191     2.5741     0.0444          0    122.250 329.581369  1022.3840      6.895      0.089  0.000e+00
      6.976    28.6225   5.720708    35.2190     2.5622     0.0467          0    122.500 329.581372  1022.3841      6.937      0.135  0.000e+00
      6.976    28.6223   5.720647    35.2187     2.5665     0.0459          0    122.750 329.581374  1022.3840      6.937      0.143  0.000e+00
      6.987    28.6222   5.720708    35.2192     2.5558     0.0444          0    123.000 329.581377  1022.3844      6.948      0.133  0.000e+00
      6.889    28.6221   5.720678    35.2191     2.5557     0.0559          0    123.250 329.581380  1022.3840      6.851      0.092  0.000e+00
      6.716    28.6220   5.720609    35.2187     2.5565     0.0559          0    123.500 329.581383  1022.3830      6.679      0.007  0.000e+00
      6.489    28.6217   5.720578    35.2188     2.5557     0.0627          0    123.750 329.581386  1022.3822      6.453     -0.127  0.000e+00
      6.327    28.6219   5.720609    35.2189     2.5677     0.0521          0    124.000 329.581389  1022.3815      6.292     -0.276  0.000e+00
      6.284    28.6220   5.720677    35.2193     2.5324     0.0376          0    124.250 329.581392  1022.3816      6.249     -0.386  0.000e+00
      6.219    28.6224   5.720708    35.2193     2.5260     0.0284          0    124.500 329.581395  1022.3811      6.185     -0.455  0.000e+00
      6.089    28.6229   5.720708    35.2189     2.5710     0.0345          0    124.750 329.581398  1022.3802      6.056     -0.497  0.000e+00
      5.895    28.6228   5.720677    35.2188     2.6081     0.0330          0    125.000 329.581400  1022.3793      5.862     -0.531  0.000e+00
      5.819    28.6230   5.720677    35.2187     2.6124     0.0475          0    125.250 329.581403  1022.3788      5.787     -0.510  0.000e+00
      5.808    28.6232   5.720738    35.2190     2.6226     0.0414          0    125.500 329.581406  1022.3789      5.776     -0.447  0.000e+00
      5.830    28.6230   5.720738    35.2191     2.6231     0.0475          0    125.750 329.581409  1022.3792      5.798     -0.363  0.000e+00
      5.776    28.6232   5.720769    35.2192     2.5995     0.0376          0    126.000 329.581412  1022.3789      5.744     -0.311  0.000e+00
      5.711    28.6236   5.720738    35.2187     2.5945     0.0444          0    126.250 329.581415  1022.3782      5.679     -0.282  0.000e+00
      5.689    28.6233   5.720738    35.2190     2.5478     0.0658          0    126.500 329.581418  1022.3783      5.658     -0.232  0.000e+00
      5.743    28.6234   5.720677    35.2185     2.5495     0.0566          0    126.750 329.581421  1022.3782      5.712     -0.150  0.000e+00
      5.765    28.6231   5.720677    35.2187     2.5298     0.0559          0    127.000 329.581424  1022.3785      5.733     -0.074  0.000e+00
      5.668    28.6230   5.720708    35.2190     2.5403     0.0604          0    127.250 329.581427  1022.3784      5.636     -0.066  0.000e+00
      5.473    28.6229   5.720639    35.2186     2.5259     0.0604          0    127.500 329.581429  1022.3773      5.443     -0.121  0.000e+00
      5.257    28.6228   5.720639    35.2188     2.5028     0.0559          0    127.750 329.581432  1022.3765      5.228     -0.214  0.000e+00
      5.105    28.6228   5.720608    35.2186     2.5151     0.0589          0    128.000 329.581435  1022.3757      5.077     -0.303  0.000e+00
      5.073    28.6229   5.720608    35.2185     2.5505     0.0604          0    128.250 329.581438  1022.3755      5.045     -0.371  0.000e+00
      5.062    28.6230   5.720677    35.2189     2.5071     0.0307          0    128.500 329.581441  1022.3757      5.034     -0.417  0.000e+00
      5.030    28.6227   5.720639    35.2189     2.5449     0.0292          0    128.750 329.581444  1022.3757      5.002     -0.435  0.000e+00
      5.008    28.6226   5.720577    35.2186     2.4730     0.0330          0    129.000 329.581447  1022.3754      4.980     -0.396  0.000e+00
      4.986    28.6221   5.720478    35.2182     2.5138     0.0345          0    129.250 329.581450  1022.3752      4.959     -0.308  0.000e+00
      4.975    28.6220   5.720478    35.2183     2.5408     0.0459          0    129.500 329.581453  1022.3752      4.948     -0.203  0.000e+00
      4.975    28.6218   5.720493    35.2186     2.5341     0.0467          0    129.750 329.581455  1022.3755      4.948     -0.116  0.000e+00
      4.900    28.6216   5.720478    35.2186     2.4817     0.0475          0    130.000 329.581458  1022.3753      4.873     -0.089  0.000e+00
      4.727    28.6215   5.720478    35.2188     2.4733     0.0414          0    130.250 329.581461  1022.3747      4.701     -0.134  0.000e+00
      4.554    28.6211   5.720417    35.2187     2.6000     0.0391          0    130.500 329.581464  1022.3740      4.529     -0.211  0.000e+00
      4.510    28.6213   5.720417    35.2186     2.5733     0.0337          0    130.750 329.581467  1022.3736      4.486     -0.269  0.000e+00
      4.510    28.6210   5.720447    35.2190     2.5091     0.0315          0    131.000 329.581470  1022.3741      4.486     -0.301  0.000e+00
      4.511    28.6214   5.720463    35.2188     2.5219     0.0330          0    131.250 329.581473  1022.3738      4.486     -0.305  0.000e+00
      4.521    28.6215   5.720447    35.2186     2.4995     0.0383          0    131.500 329.581476  1022.3737      4.497     -0.280  0.000e+00
      4.575    28.6215   5.720478    35.2188     2.5270     0.0505          0    131.750 329.581479  1022.3741      4.550     -0.214  0.000e+00
      4.554    28.6215   5.720447    35.2186     2.4847     0.0444          0    132.000 329.581481  1022.3738      4.529     -0.127  0.000e+00
      4.586    28.6213   5.720447    35.2187     2.5063     0.0406          0    132.250 329.581484  1022.3741      4.561     -0.028  0.000e+00
      4.586    28.6216   5.720516    35.2190     2.4882     0.0452          0    132.500 329.581487  1022.3742      4.561      0.034  0.000e+00
      4.597    28.6218   5.720524    35.2189     2.5134     0.0429          0    132.750 329.581490  1022.3741      4.572      0.050  0.000e+00
      4.554    28.6219   5.720478    35.2185     2.5056     0.0429          0    133.000 329.581493  1022.3736      4.529      0.038  0.000e+00
      4.554    28.6219   5.720478    35.2185     2.5002     0.0459          0    133.250 329.581496  1022.3736      4.529      0.023  0.000e+00
      4.500    28.6218   5.720478    35.2186     2.5236     0.0467          0    133.500 329.581499  1022.3735      4.475     -0.009  0.000e+00
      4.489    28.6218   5.720447    35.2184     2.5380     0.0383          0    133.750 329.581502  1022.3733      4.464     -0.040  0.000e+00
      4.435    28.6217   5.720478    35.2187     2.5397     0.0482          0    134.000 329.581505  1022.3733      4.411     -0.066  0.000e+00
      4.370    28.6217   5.720463    35.2186     2.5439     0.0490          0    134.250 329.581508  1022.3730      4.346     -0.106  0.000e+00
      4.251    28.6217   5.720447    35.2185     2.4346     0.0429          0    134.500 329.581510  1022.3724      4.228     -0.155  0.000e+00
      4.057    28.6216   5.720417    35.2185     2.4060     0.0429          0    134.750 329.581513  1022.3715      4.034     -0.233  0.000e+00
      4.013    28.6216   5.720417    35.2185     2.4141     0.0292          0    135.000 329.581516  1022.3714      3.991     -0.285  0.000e+00
      4.013    28.6219   5.720478    35.2187     2.4020     0.0276          0    135.250 329.581519  1022.3714      3.991     -0.311  0.000e+00
      4.002    28.6222   5.720523    35.2188     2.4181     0.0376          0    135.500 329.581522  1022.3713      3.980     -0.305  0.000e+00
      3.992    28.6223   5.720516    35.2187     2.4220     0.0292          0    135.750 329.581525  1022.3712      3.970     -0.283  0.000e+00
      3.992    28.6224   5.720478    35.2183     2.4295     0.0658          0    136.000 329.581528  1022.3709      3.970     -0.230  0.000e+00
      3.981    28.6222   5.720478    35.2185     2.4749     0.0543          0    136.250 329.581531  1022.3710      3.959     -0.165  0.000e+00
      3.992    28.6225   5.720478    35.2182     2.5020     0.0582          0    136.500 329.581534  1022.3708      3.970     -0.089  0.000e+00
      3.959    28.6225   5.720516    35.2185     2.4960     0.0612          0    136.750 329.581536  1022.3709      3.938     -0.035  0.000e+00
      3.786    28.6224   5.720493    35.2185     2.5029     0.0452          0    137.000 329.581539  1022.3701      3.766     -0.073  0.000e+00
      3.538    28.6225   5.720477    35.2184     2.5007     0.0482          0    137.250 329.581542  1022.3690      3.518     -0.174  0.000e+00
      3.397    28.6226   5.720477    35.2183     2.4752     0.0444          0    137.500 329.581545  1022.3683      3.378     -0.281  0.000e+00
      3.343    28.6229   5.720577    35.2188     2.5320     0.0475          0    137.750 329.581548  1022.3683      3.325     -0.365  0.000e+00
      3.343    28.6233   5.720638    35.2190     2.5321     0.0322          0    138.000 329.581551  1022.3683      3.325     -0.408  0.000e+00
      3.300    28.6238   5.720706    35.2191     2.5794     0.0292          0    138.250 329.581554  1022.3680      3.282     -0.419  0.000e+00
      3.278    28.6243   5.720737    35.2189     2.6158     0.0330          0    138.500 329.581557  1022.3677      3.260     -0.394  0.000e+00
