ctd_kilwa/cnv/SBE19plus_01906740_2018_11_26_0042.cnv
* Sea-Bird SBE19plus  Data File:
* FileName = C:\Users\all user\Desktop\Mapping WWF\SBE19plus_01906740_2018_11_26_0042.hex
* Software version 2.6.3.104
* Temperature SN = 6740
* Conductivity SN = 6740
* System UpLoad Time = Nov 26 2018 19:53:55
* <ApplicationData>
* <Seaterm232>
# nquan = 13
# nvalues = 638                                   
# units = specified
# name 0 = prdM: Pressure, Strain Gauge [db]
# name 1 = tv290C: Temperature [ITS-90, deg C]
# name 2 = c0S/m: Conductivity [S/m]
# name 3 = sal00: Salinity, Practical [PSU]
# name 4 = sbeox0ML/L: Oxygen, SBE 43 [ml/l]
# name 5 = flECO-AFL: Fluorescence, WET Labs ECO-AFL/FL [mg/m^3]
# name 6 = nbf: Bottles Fired
# name 7 = timeS: Time, Elapsed [seconds]
# name 8 = timeJ: Julian Days
# name 9 = density00: Density [density, kg/m^3]
# name 10 = depSM: Depth [salt water, m], lat = 0.00
# name 11 = dz/dtM: Descent Rate [m/s]
# name 12 = flag:  0.000e+00
# span 0 =     -0.995,     10.132                 
# span 1 =    28.0181,    30.3932                 
# span 2 =   0.046871,   5.848048                 
# span 3 =     0.2041,    36.0265                 
# span 4 =     2.0577,     5.2200                 
# span 5 =    -0.4378,    48.6887                 
# span 6 =          0,          0                 
# span 7 =      0.000,    159.250                 
# span 8 = 328.451852, 328.453695                 
# span 9 =   995.6895,  1022.9986                 
# span 10 =     -0.990,     10.076                
# span 11 =     -0.700,      0.528                
# span 12 = 0.0000e+00, 0.0000e+00                
# interval = seconds: 0.25
# start_time = Nov 24 2018 10:50:40 [Instrument's time stamp, header]
# bad_flag = -9.990e-29
*END*
[from data line 223]
     -0.497    28.5212   5.814856    35.9523     2.1321    -0.0784          0     55.750 328.452497  1022.9370     -0.494     -0.333  0.000e+00
     -0.497    28.5209   5.819770    35.9869     2.1171    -0.0777          0     56.000 328.452500  1022.9630     -0.494     -0.366  0.000e+00
     -0.410    28.5239   5.821624    35.9974     2.1113    -0.4378          0     56.250 328.452503  1022.9703     -0.408     -0.336  0.000e+00
     -0.334    28.5283   5.817709    35.9668     2.0983    -0.4339          0     56.500 328.452506  1022.9462     -0.332     -0.242  0.000e+00
     -0.205    28.5325   5.807753    35.8941     2.0908    -0.4378          0     56.750 328.452509  1022.8907     -0.203     -0.091  0.000e+00
     -0.107    28.5355   5.796875    35.8160     2.0733    -0.4355          0     57.000 328.452512  1022.8314     -0.107      0.067  0.000e+00
     -0.031    28.5368   5.791340    35.7764     2.0641    -0.2218          0     57.250 328.452514  1022.8015     -0.031      0.186  0.000e+00
      0.001    28.5338   5.786582    35.7455     2.0740    -0.2272          0     57.500 328.452517  1022.7794      0.001      0.265  0.000e+00
      0.055    28.5248   5.788946    35.7687     2.0901    -0.2333          0     57.750 328.452520  1022.8001      0.055      0.312  0.000e+00
      0.077    28.5132   5.782808    35.7347     2.0888    -0.2280          0     58.000 328.452523  1022.7784      0.076      0.302  0.000e+00
      0.088    28.4991   5.786782    35.7730     2.0895    -0.0242          0     58.250 328.452526  1022.8120      0.087      0.257  0.000e+00
      0.077    28.4886   5.794243    35.8330     2.1141    -0.0265          0     58.500 328.452529  1022.8605      0.076      0.198  0.000e+00
      0.088    28.4886   5.799618    35.8705     2.1071    -0.0296          0     58.750 328.452532  1022.8887      0.087      0.136  0.000e+00
      0.099    28.4926   5.800532    35.8739     2.1403    -0.0273          0     59.000 328.452535  1022.8900      0.098      0.091  0.000e+00
      0.131    28.4954   5.802652    35.8865     2.1300    -0.0250          0     59.250 328.452538  1022.8987      0.130      0.067  0.000e+00
      0.131    28.4963   5.798312    35.8555     2.1332    -0.0166          0     59.500 328.452541  1022.8751      0.130      0.053  0.000e+00
      0.174    28.4944   5.792968    35.8197     2.1237    -0.0113          0     59.750 328.452543  1022.8489      0.173      0.050  0.000e+00
      0.174    28.4882   5.788348    35.7921     2.1102    -0.0143          0     60.000 328.452546  1022.8303      0.174      0.053  0.000e+00
      0.185    28.4800   5.781443    35.7502     2.0953    -0.0128          0     60.250 328.452549  1022.8016      0.184      0.059  0.000e+00
      0.196    28.4681   5.774688    35.7120     2.1057    -0.0067          0     60.500 328.452552  1022.7768      0.195      0.064  0.000e+00
      0.185    28.4560   5.775693    35.7281     2.0827    -0.0052          0     60.750 328.452555  1022.7929      0.184      0.056  0.000e+00
      0.207    28.4483   5.777219    35.7447     2.0729    -0.0052          0     61.000 328.452558  1022.8080      0.206      0.049  0.000e+00
      0.229    28.4453   5.779557    35.7632     2.0591    -0.0075          0     61.250 328.452561  1022.8230      0.227      0.044  0.000e+00
      0.283    28.4446   5.784957    35.8014     2.0591    -0.0166          0     61.500 328.452564  1022.8522      0.281      0.056  0.000e+00
      0.326    28.4452   5.787881    35.8214     2.0886    -0.0189          0     61.750 328.452567  1022.8672      0.324      0.069  0.000e+00
      0.337    28.4442   5.745827    35.5286     2.1204    -0.0197          0     62.000 328.452569  1022.6475      0.335      0.086  0.000e+00
      0.326    28.4300   5.719678    35.3569     2.1231    -0.0227          0     62.250 328.452572  1022.5231      0.324      0.089  0.000e+00
      0.304    28.4064   5.710009    35.3072     2.1068    -0.0143          0     62.500 328.452575  1022.4934      0.303      0.081  0.000e+00
      0.315    28.3707   5.702940    35.2845     2.1176    -0.0159          0     62.750 328.452578  1022.4882      0.314      0.071  0.000e+00
      0.315    28.3341   5.698725    35.2824     2.1153    -0.0113          0     63.000 328.452581  1022.4987      0.314      0.049  0.000e+00
      0.369    28.3048   5.696013    35.2853     2.1220    -0.0181          0     63.250 328.452584  1022.5107      0.367      0.041  0.000e+00
      0.391    28.2832   5.694359    35.2899     2.1125    -0.0143          0     63.500 328.452587  1022.5214      0.389      0.034  0.000e+00
      0.380    28.2659   5.692958    35.2931     2.1120     0.0154          0     63.750 328.452590  1022.5294      0.378      0.032  0.000e+00
      0.337    28.2510   5.691366    35.2930     2.1206     0.0162          0     64.000 328.452593  1022.5341      0.335      0.026  0.000e+00
      0.283    28.2400   5.690665    35.2964     2.1068     0.0154          0     64.250 328.452595  1022.5401      0.281      0.009  0.000e+00
      0.294    28.2321   5.689645    35.2951     2.1216     0.0231          0     64.500 328.452598  1022.5417      0.292     -0.006  0.000e+00
      0.261    28.2273   5.689035    35.2945     2.1200     0.0078          0     64.750 328.452601  1022.5427      0.260     -0.034  0.000e+00
      0.261    28.2259   5.688914    35.2947     2.1248     0.0109          0     65.000 328.452604  1022.5433      0.260     -0.056  0.000e+00
      0.272    28.2283   5.689485    35.2969     2.1273     0.0086          0     65.250 328.452607  1022.5442      0.270     -0.071  0.000e+00
      0.304    28.2360   5.690566    35.2987     2.1436     0.0109          0     65.500 328.452610  1022.5432      0.303     -0.056  0.000e+00
      0.326    28.2437   5.691176    35.2972     2.1410    -0.0136          0     65.750 328.452613  1022.5396      0.324     -0.025  0.000e+00
      0.348    28.2489   5.691107    35.2928     2.1330    -0.0235          0     66.000 328.452616  1022.5347      0.346      0.014  0.000e+00
      0.347    28.2551   5.691526    35.2911     2.1502    -0.0181          0     66.250 328.452619  1022.5313      0.346      0.039  0.000e+00
      0.337    28.2600   5.691206    35.2852     2.1631    -0.0235          0     66.500 328.452622  1022.5253      0.335      0.044  0.000e+00
      0.347    28.2586   5.689835    35.2766     2.1765    -0.0319          0     66.750 328.452624  1022.5193      0.345      0.051  0.000e+00
      0.380    28.2531   5.688304    35.2701     2.1879    -0.0258          0     67.000 328.452627  1022.5164      0.378      0.052  0.000e+00
      0.380    28.2453   5.686933    35.2663     2.1951    -0.0281          0     67.250 328.452630  1022.5160      0.378      0.046  0.000e+00
      0.412    28.2369   5.686027    35.2662     2.2178    -0.0281          0     67.500 328.452633  1022.5189      0.410      0.044  0.000e+00
      0.401    28.2289   5.685312    35.2672     2.2490    -0.0281          0     67.750 328.452636  1022.5222      0.399      0.040  0.000e+00
      0.401    28.2206   5.684231    35.2658     2.2873    -0.0105          0     68.000 328.452639  1022.5239      0.399      0.037  0.000e+00
      0.434    28.2129   5.683500    35.2665     2.3088    -0.0197          0     68.250 328.452642  1022.5271      0.431      0.045  0.000e+00
      0.434    28.2078   5.683020    35.2669     2.3219    -0.0143          0     68.500 328.452645  1022.5291      0.431      0.047  0.000e+00
      0.423    28.2046   5.683180    35.2704     2.3390    -0.0204          0     68.750 328.452648  1022.5327      0.420      0.037  0.000e+00
      0.434    28.2028   5.682130    35.2644     2.3497     0.0177          0     69.000 328.452650  1022.5288      0.431      0.028  0.000e+00
      0.466    28.2009   5.681338    35.2603     2.3469     0.0162          0     69.250 328.452653  1022.5265      0.464      0.032  0.000e+00
      0.488    28.1988   5.681087    35.2601     2.3345     0.0170          0     69.500 328.452656  1022.5272      0.485      0.037  0.000e+00
      0.510    28.1959   5.680737    35.2598     2.3308     0.0231          0     69.750 328.452659  1022.5280      0.507      0.051  0.000e+00
      0.520    28.1934   5.680037    35.2568     2.3096    -0.0166          0     70.000 328.452662  1022.5266      0.518      0.057  0.000e+00
      0.564    28.1885   5.679207    35.2546     2.3166    -0.0143          0     70.250 328.452665  1022.5268      0.561      0.067  0.000e+00
      0.585    28.1821   5.677876    35.2501     2.3188    -0.0181          0     70.500 328.452668  1022.5256      0.582      0.083  0.000e+00
      0.661    28.1766   5.677777    35.2535     2.3287    -0.0181          0     70.750 328.452671  1022.5302      0.657      0.109  0.000e+00
      0.694    28.1727   5.676925    35.2504     2.3497     0.0093          0     71.000 328.452674  1022.5293      0.690      0.125  0.000e+00
      0.705    28.1701   5.676856    35.2519     2.3637     0.0070          0     71.250 328.452677  1022.5314      0.701      0.129  0.000e+00
      0.726    28.1672   5.676506    35.2516     2.3682     0.0040          0     71.500 328.452679  1022.5322      0.722      0.132  0.000e+00
      0.791    28.1638   5.675936    35.2501     2.3929     0.0093          0     71.750 328.452682  1022.5324      0.787      0.142  0.000e+00
      0.834    28.1616   5.676255    35.2540     2.3991     0.0063          0     72.000 328.452685  1022.5363      0.830      0.151  0.000e+00
      0.867    28.1597   5.676035    35.2538     2.4085    -0.0113          0     72.250 328.452688  1022.5369      0.862      0.150  0.000e+00
      0.856    28.1575   5.675555    35.2521     2.4172    -0.0181          0     72.500 328.452691  1022.5363      0.851      0.138  0.000e+00
      0.867    28.1548   5.674795    35.2488     2.4099    -0.0143          0     72.750 328.452694  1022.5348      0.862      0.116  0.000e+00
      0.834    28.1519   5.674353    35.2480     2.4154    -0.0136          0     73.000 328.452697  1022.5349      0.830      0.092  0.000e+00
      0.867    28.1498   5.674574    35.2510     2.4318     0.0101          0     73.250 328.452700  1022.5380      0.862      0.076  0.000e+00
      0.921    28.1486   5.674194    35.2492     2.4192     0.0032          0     73.500 328.452703  1022.5373      0.916      0.067  0.000e+00
      0.943    28.1490   5.674506    35.2511     2.4195     0.0116          0     73.750 328.452705  1022.5387      0.937      0.056  0.000e+00
      0.986    28.1501   5.674475    35.2501     2.4221     0.0086          0     74.000 328.452708  1022.5377      0.980      0.064  0.000e+00
      0.986    28.1496   5.674004    35.2471     2.4231    -0.0120          0     74.250 328.452711  1022.5357      0.980      0.073  0.000e+00
      1.007    28.1471   5.673874    35.2481     2.4227    -0.0174          0     74.500 328.452714  1022.5374      1.002      0.089  0.000e+00
      1.018    28.1433   5.672543    35.2416     2.4498    -0.0220          0     74.750 328.452717  1022.5338      1.012      0.095  0.000e+00
      1.050    28.1398   5.672383    35.2431     2.4411    -0.0235          0     75.000 328.452720  1022.5362      1.045      0.102  0.000e+00
      1.137    28.1372   5.672064    35.2427     2.4447    -0.0143          0     75.250 328.452723  1022.5371      1.131      0.109  0.000e+00
      1.180    28.1356   5.671684    35.2413     2.4388    -0.0044          0     75.500 328.452726  1022.5368      1.173      0.119  0.000e+00
      1.267    28.1335   5.671494    35.2415     2.4444    -0.0082          0     75.750 328.452729  1022.5379      1.260      0.148  0.000e+00
      1.288    28.1292   5.670513    35.2379     2.4521     0.0002          0     76.000 328.452731  1022.5367      1.281      0.168  0.000e+00
      1.288    28.1239   5.669912    35.2376     2.4903     0.0017          0     76.250 328.452734  1022.5383      1.281      0.179  0.000e+00
      1.332    28.1201   5.669783    35.2395     2.4891     0.0086          0     76.500 328.452737  1022.5411      1.324      0.181  0.000e+00
      1.375    28.1180   5.669722    35.2407     2.4826     0.0139          0     76.750 328.452740  1022.5429      1.367      0.179  0.000e+00
      1.440    28.1163   5.669433    35.2399     2.4808     0.0063          0     77.000 328.452743  1022.5431      1.432      0.173  0.000e+00
      1.494    28.1154   5.669213    35.2390     2.4940     0.0093          0     77.250 328.452746  1022.5429      1.486      0.164  0.000e+00
      1.569    28.1145   5.668962    35.2379     2.4888    -0.0044          0     77.500 328.452749  1022.5428      1.561      0.175  0.000e+00
      1.602    28.1134   5.668863    35.2380     2.4991    -0.0059          0     77.750 328.452752  1022.5434      1.593      0.180  0.000e+00
      1.656    28.1118   5.668201    35.2345     2.4949    -0.0014          0     78.000 328.452755  1022.5415      1.647      0.200  0.000e+00
      1.689    28.1103   5.667821    35.2330     2.4755    -0.0052          0     78.250 328.452758  1022.5410      1.679      0.210  0.000e+00
      1.721    28.1089   5.667753    35.2335     2.4721    -0.0014          0     78.500 328.452760  1022.5420      1.711      0.203  0.000e+00
      1.699    28.1074   5.667692    35.2343     2.4655     0.0002          0     78.750 328.452763  1022.5430      1.690      0.175  0.000e+00
      1.732    28.1058   5.667973    35.2374     2.4550    -0.0059          0     79.000 328.452766  1022.5460      1.722      0.145  0.000e+00
      1.775    28.1049   5.667403    35.2340     2.4568    -0.0029          0     79.250 328.452769  1022.5439      1.765      0.125  0.000e+00
      1.819    28.1047   5.667091    35.2320     2.4471    -0.0067          0     79.500 328.452772  1022.5426      1.809      0.112  0.000e+00
      1.862    28.1046   5.667160    35.2325     2.4557    -0.0014          0     79.750 328.452775  1022.5432      1.851      0.114  0.000e+00
      1.894    28.1043   5.667091    35.2323     2.4752    -0.0090          0     80.000 328.452778  1022.5433      1.884      0.116  0.000e+00
      1.980    28.1030   5.666643    35.2301     2.4889    -0.0014          0     80.250 328.452781  1022.5425      1.969      0.140  0.000e+00
      2.056    28.1018   5.666483    35.2298     2.4971    -0.0036          0     80.500 328.452784  1022.5430      2.045      0.173  0.000e+00
      2.164    28.1005   5.666263    35.2293     2.5020    -0.0044          0     80.750 328.452786  1022.5435      2.152      0.221  0.000e+00
      2.229    28.0987   5.665982    35.2286     2.4911    -0.0029          0     81.000 328.452789  1022.5438      2.217      0.250  0.000e+00
      2.240    28.0973   5.665982    35.2296     2.4957    -0.0067          0     81.250 328.452792  1022.5450      2.228      0.257  0.000e+00
      2.294    28.0948   5.665442    35.2277     2.4992    -0.0044          0     81.500 328.452795  1022.5447      2.281      0.259  0.000e+00
      2.337    28.0906   5.664583    35.2248     2.5018     0.0002          0     81.750 328.452798  1022.5440      2.324      0.253  0.000e+00
      2.370    28.0866   5.664271    35.2257     2.5021     0.0086          0     82.000 328.452801  1022.5462      2.357      0.235  0.000e+00
      2.424    28.0832   5.664013    35.2263     2.5370     0.0116          0     82.250 328.452804  1022.5480      2.410      0.208  0.000e+00
      2.445    28.0810   5.664203    35.2293     2.5284     0.0063          0     82.500 328.452807  1022.5510      2.432      0.181  0.000e+00
      2.488    28.0794   5.663823    35.2279     2.5427     0.0208          0     82.750 328.452810  1022.5507      2.475      0.159  0.000e+00
      2.553    28.0777   5.663542    35.2271     2.5390     0.0231          0     83.000 328.452812  1022.5509      2.539      0.162  0.000e+00
