ctd_kilwa/cnv/SBE19plus_01906740_2018_11_26_0067.cnv
* Sea-Bird SBE19plus  Data File:
* FileName = C:\Users\all user\Desktop\Mapping WWF\SBE19plus_01906740_2018_11_26_0067.hex
* Software version 2.6.3.104
* Temperature SN = 6740
* Conductivity SN = 6740
* System UpLoad Time = Nov 26 2018 19:59:47
* <ApplicationData>
* <Seaterm232>
# nquan = 13
# nvalues = 570                                   
# units = specified
# name 0 = prdM: Pressure, Strain Gauge [db]
# name 1 = tv290C: Temperature [ITS-90, deg C]
# name 2 = c0S/m: Conductivity [S/m]
# name 3 = sal00: Salinity, Practical [PSU]
# name 4 = sbeox0ML/L: Oxygen, SBE 43 [ml/l]
# name 5 = flECO-AFL: Fluorescence, WET Labs ECO-AFL/FL [mg/m^3]
# name 6 = nbf: Bottles Fired
# name 7 = timeS: Time, Elapsed [seconds]
# name 8 = timeJ: Julian Days
# name 9 = density00: Density [density, kg/m^3]
# name 10 = depSM: Depth [salt water, m], lat = 0.00
# name 11 = dz/dtM: Descent Rate [m/s]
# name 12 = flag:  0.000e+00
# span 0 =     -1.089,     10.481                 
# span 1 =    28.4288,    29.2684                 
# span 2 =   0.536450,   5.777249                 
# span 3 =     2.6410,    35.4508                 
# span 4 =     2.2771,     3.5322                 
# span 5 =    -0.1303,    48.6864                 
# span 6 =          0,          0                 
# span 7 =      0.000,    142.250                 
# span 8 = 329.588657, 329.590304                 
# span 9 =   997.8387,  1022.4681                 
# span 10 =     -1.083,     10.423                
# span 11 =     -0.623,      0.582                
# span 12 = 0.0000e+00, 0.0000e+00                
# interval = seconds: 0.25
# start_time = Nov 25 2018 14:07:40 [Instrument's time stamp, header]
# bad_flag = -9.990e-29
*END*
[from data line 112]
     -0.169    28.6062   5.730496    35.3011     2.4423     0.0284          0     28.000 329.588981  1022.4206     -0.168      0.025  0.000e+00
     -0.147    28.6055   5.731268    35.3070     2.4344     0.0360          0     28.250 329.588984  1022.4254     -0.146      0.025  0.000e+00
     -0.125    28.6060   5.733522    35.3222     2.4255     0.0253          0     28.500 329.588987  1022.4368     -0.124      0.029  0.000e+00
     -0.104    28.6057   5.735035    35.3330     2.4262     0.0292          0     28.750 329.588990  1022.4450     -0.103      0.039  0.000e+00
     -0.125    28.6043   5.735930    35.3403     2.4288     0.0353          0     29.000 329.588993  1022.4509     -0.125      0.044  0.000e+00
     -0.136    28.6034   5.736381    35.3441     2.4246     0.0276          0     29.250 329.588996  1022.4540     -0.135      0.039  0.000e+00
     -0.147    28.6031   5.736419    35.3446     2.4216     0.0322          0     29.500 329.588999  1022.4545     -0.146      0.031  0.000e+00
     -0.158    28.6050   5.734386    35.3290     2.4221     0.0589          0     29.750 329.589002  1022.4420     -0.157      0.014  0.000e+00
     -0.169    28.6067   5.732429    35.3141     2.4212     0.0620          0     30.000 329.589005  1022.4303     -0.168     -0.007  0.000e+00
     -0.147    28.6072   5.731818    35.3095     2.4077     0.0498          0     30.250 329.589008  1022.4267     -0.146     -0.018  0.000e+00
     -0.158    28.6075   5.732460    35.3138     2.3971     0.0635          0     30.500 329.589010  1022.4298     -0.157     -0.025  0.000e+00
     -0.136    28.6085   5.734324    35.3260     2.3926     0.0452          0     30.750 329.589013  1022.4387     -0.136     -0.018  0.000e+00
     -0.169    28.6096   5.735746    35.3350     2.3815     0.0444          0     31.000 329.589016  1022.4450     -0.168     -0.012  0.000e+00
     -0.136    28.6090   5.736289    35.3392     2.3762     0.0414          0     31.250 329.589019  1022.4485     -0.136     -0.001  0.000e+00
     -0.126    28.6079   5.734095    35.3248     2.3734     0.0490          0     31.500 329.589022  1022.4381     -0.125      0.011  0.000e+00
     -0.115    28.6063   5.731849    35.3104     2.3714     0.0551          0     31.750 329.589025  1022.4278     -0.114      0.021  0.000e+00
     -0.093    28.6042   5.731688    35.3109     2.3614     0.0620          0     32.000 329.589028  1022.4290     -0.093      0.031  0.000e+00
     -0.093    28.6016   5.733430    35.3249     2.3720     0.0528          0     32.250 329.589031  1022.4404     -0.093      0.033  0.000e+00
     -0.093    28.6019   5.734707    35.3335     2.3721     0.0589          0     32.500 329.589034  1022.4468     -0.093      0.037  0.000e+00
     -0.126    28.6019   5.735226    35.3372     2.3788     0.0315          0     32.750 329.589036  1022.4494     -0.125      0.026  0.000e+00
     -0.137    28.6013   5.732712    35.3201     2.3810     0.0276          0     33.000 329.589039  1022.4367     -0.136      0.016  0.000e+00
     -0.115    28.5999   5.731719    35.3143     2.3666     0.0345          0     33.250 329.589042  1022.4329     -0.114      0.002  0.000e+00
     -0.126    28.5979   5.732873    35.3238     2.3625     0.0253          0     33.500 329.589045  1022.4406     -0.125     -0.008  0.000e+00
     -0.126    28.5976   5.734546    35.3356     2.3585     0.0368          0     33.750 329.589048  1022.4496     -0.125     -0.015  0.000e+00
     -0.147    28.5981   5.734997    35.3384     2.3535     0.0345          0     34.000 329.589051  1022.4514     -0.146     -0.024  0.000e+00
     -0.147    28.5985   5.732781    35.3227     2.3380     0.0269          0     34.250 329.589054  1022.4395     -0.146     -0.024  0.000e+00
     -0.115    28.5980   5.731268    35.3125     2.3455     0.0322          0     34.500 329.589057  1022.4322     -0.114     -0.012  0.000e+00
     -0.104    28.5966   5.730550    35.3086     2.3520     0.0353          0     34.750 329.589060  1022.4297     -0.103      0.004  0.000e+00
     -0.104    28.5952   5.730114    35.3067     2.3570     0.0528          0     35.000 329.589063  1022.4288     -0.103      0.011  0.000e+00
     -0.093    28.5942   5.729984    35.3065     2.3520     0.0444          0     35.250 329.589065  1022.4290     -0.093      0.015  0.000e+00
     -0.104    28.5930   5.730076    35.3080     2.3526     0.0376          0     35.500 329.589068  1022.4305     -0.103      0.021  0.000e+00
     -0.061    28.5922   5.729052    35.3015     2.3488     0.0521          0     35.750 329.589071  1022.4260     -0.060      0.034  0.000e+00
     -0.039    28.5910   5.729274    35.3039     2.3561     0.0574          0     36.000 329.589074  1022.4283     -0.039      0.048  0.000e+00
     -0.017    28.5903   5.730092    35.3101     2.3528     0.0559          0     36.250 329.589077  1022.4333     -0.017      0.055  0.000e+00
     -0.017    28.5905   5.731429    35.3192     2.3538     0.0612          0     36.500 329.589080  1022.4401     -0.017      0.054  0.000e+00
     -0.028    28.5914   5.732590    35.3266     2.3506     0.0589          0     36.750 329.589083  1022.4453     -0.028      0.052  0.000e+00
     -0.017    28.5916   5.733201    35.3307     2.3424     0.0566          0     37.000 329.589086  1022.4484     -0.017      0.051  0.000e+00
     -0.039    28.5917   5.732942    35.3289     2.3534     0.0574          0     37.250 329.589089  1022.4469     -0.039      0.038  0.000e+00
      0.037    28.5914   5.730428    35.3116     2.3705     0.0574          0     37.500 329.589091  1022.4343      0.037      0.044  0.000e+00
      0.069    28.5907   5.730435    35.3121     2.3659     0.0604          0     37.750 329.589094  1022.4351      0.069      0.047  0.000e+00
      0.102    28.5903   5.730947    35.3160     2.3735     0.0643          0     38.000 329.589097  1022.4383      0.101      0.061  0.000e+00
      0.112    28.5908   5.731750    35.3212     2.3610     0.0414          0     38.250 329.589100  1022.4421      0.112      0.075  0.000e+00
      0.102    28.5922   5.732621    35.3262     2.3562     0.0429          0     38.500 329.589103  1022.4453      0.101      0.083  0.000e+00
      0.156    28.5933   5.732070    35.3216     2.3516     0.0452          0     38.750 329.589106  1022.4417      0.155      0.097  0.000e+00
      0.177    28.5938   5.730114    35.3076     2.3476     0.0459          0     39.000 329.589109  1022.4311      0.176      0.102  0.000e+00
      0.221    28.5929   5.728923    35.3000     2.3511     0.0696          0     39.250 329.589112  1022.4259      0.219      0.109  0.000e+00
      0.286    28.5911   5.727510    35.2915     2.3397     0.0620          0     39.500 329.589115  1022.4204      0.284      0.110  0.000e+00
      0.340    28.5894   5.726899    35.2884     2.3517     0.0696          0     39.750 329.589117  1022.4189      0.338      0.128  0.000e+00
      0.361    28.5875   5.726570    35.2876     2.3435     0.0688          0     40.000 329.589120  1022.4189      0.359      0.144  0.000e+00
      0.405    28.5864   5.726417    35.2874     2.3552     0.0505          0     40.250 329.589123  1022.4194      0.402      0.162  0.000e+00
      0.437    28.5850   5.726547    35.2893     2.3519     0.0444          0     40.500 329.589126  1022.4214      0.435      0.172  0.000e+00
      0.437    28.5840   5.726639    35.2907     2.3518     0.0482          0     40.750 329.589129  1022.4228      0.435      0.156  0.000e+00
      0.405    28.5836   5.726677    35.2912     2.3529     0.0429          0     41.000 329.589132  1022.4232      0.402      0.128  0.000e+00
      0.394    28.5832   5.726631    35.2912     2.3629     0.0452          0     41.250 329.589135  1022.4233      0.392      0.088  0.000e+00
      0.437    28.5826   5.726196    35.2886     2.3579     0.0452          0     41.500 329.589138  1022.4217      0.435      0.059  0.000e+00
      0.459    28.5819   5.725547    35.2846     2.3553     0.0406          0     41.750 329.589141  1022.4190      0.456      0.043  0.000e+00
      0.502    28.5818   5.725325    35.2831     2.3439     0.0383          0     42.000 329.589144  1022.4181      0.499      0.045  0.000e+00
      0.513    28.5821   5.725425    35.2836     2.3480     0.0498          0     42.250 329.589146  1022.4184      0.510      0.047  0.000e+00
      0.502    28.5824   5.725486    35.2838     2.3364     0.0513          0     42.500 329.589149  1022.4184      0.499      0.050  0.000e+00
      0.480    28.5823   5.725669    35.2852     2.3387     0.0604          0     42.750 329.589152  1022.4194      0.478      0.051  0.000e+00
      0.513    28.5824   5.724714    35.2784     2.3447     0.0498          0     43.000 329.589155  1022.4144      0.510      0.058  0.000e+00
      0.556    28.5813   5.723271    35.2692     2.3416     0.0543          0     43.250 329.589158  1022.4080      0.553      0.061  0.000e+00
      0.621    28.5787   5.722920    35.2687     2.3446     0.0459          0     43.500 329.589161  1022.4088      0.617      0.068  0.000e+00
      0.621    28.5772   5.723370    35.2730     2.3362     0.0498          0     43.750 329.589164  1022.4125      0.617      0.073  0.000e+00
      0.599    28.5776   5.723821    35.2758     2.3515     0.0475          0     44.000 329.589167  1022.4144      0.596      0.068  0.000e+00
      0.567    28.5785   5.723722    35.2744     2.3487     0.0444          0     44.250 329.589170  1022.4129      0.564      0.060  0.000e+00
      0.588    28.5789   5.723722    35.2741     2.3580     0.0429          0     44.500 329.589172  1022.4126      0.585      0.056  0.000e+00
      0.621    28.5782   5.723691    35.2744     2.3557     0.0475          0     44.750 329.589175  1022.4132      0.617      0.052  0.000e+00
      0.653    28.5766   5.723592    35.2749     2.3483     0.0475          0     45.000 329.589178  1022.4143      0.650      0.042  0.000e+00
      0.664    28.5749   5.723531    35.2758     2.3449     0.0421          0     45.250 329.589181  1022.4156      0.660      0.035  0.000e+00
      0.642    28.5737   5.723668    35.2776     2.3430     0.0322          0     45.500 329.589184  1022.4172      0.639      0.025  0.000e+00
      0.610    28.5729   5.723783    35.2790     2.3483     0.0330          0     45.750 329.589187  1022.4184      0.607      0.023  0.000e+00
      0.610    28.5730   5.723752    35.2787     2.3528     0.0337          0     46.000 329.589190  1022.4182      0.607      0.022  0.000e+00
      0.599    28.5728   5.723813    35.2793     2.3422     0.0330          0     46.250 329.589193  1022.4186      0.596      0.011  0.000e+00
      0.621    28.5725   5.723913    35.2802     2.3415     0.0406          0     46.500 329.589196  1022.4195      0.617     -0.005  0.000e+00
      0.621    28.5722   5.724333    35.2833     2.3448     0.0322          0     46.750 329.589198  1022.4219      0.617     -0.017  0.000e+00
      0.610    28.5722   5.725089    35.2886     2.3480     0.0253          0     47.000 329.589201  1022.4258      0.606     -0.024  0.000e+00
      0.588    28.5726   5.725646    35.2922     2.3528     0.0330          0     47.250 329.589204  1022.4283      0.585     -0.025  0.000e+00
      0.588    28.5736   5.725807    35.2926     2.3605     0.0261          0     47.500 329.589207  1022.4283      0.585     -0.018  0.000e+00
      0.599    28.5745   5.725585    35.2903     2.3551     0.0704          0     47.750 329.589210  1022.4264      0.596     -0.010  0.000e+00
      0.631    28.5751   5.725196    35.2872     2.3502     0.0643          0     48.000 329.589213  1022.4239      0.628     -0.001  0.000e+00
      0.653    28.5752   5.724745    35.2840     2.3470     0.0719          0     48.250 329.589216  1022.4216      0.650      0.012  0.000e+00
      0.685    28.5746   5.724783    35.2847     2.3472     0.0734          0     48.500 329.589219  1022.4224      0.682      0.027  0.000e+00
      0.675    28.5740   5.724623    35.2840     2.3463     0.0559          0     48.750 329.589222  1022.4221      0.671      0.041  0.000e+00
      0.696    28.5735   5.724554    35.2839     2.3414     0.0589          0     49.000 329.589225  1022.4223      0.692      0.057  0.000e+00
      0.739    28.5732   5.724295    35.2823     2.3417     0.0589          0     49.250 329.589227  1022.4213      0.735      0.076  0.000e+00
      0.772    28.5727   5.724188    35.2819     2.3635     0.0635          0     49.500 329.589230  1022.4214      0.768      0.087  0.000e+00
      0.783    28.5722   5.724172    35.2822     2.3555     0.0788          0     49.750 329.589233  1022.4218      0.778      0.089  0.000e+00
      0.783    28.5715   5.724104    35.2822     2.3601     0.0833          0     50.000 329.589236  1022.4220      0.778      0.082  0.000e+00
      0.793    28.5713   5.723814    35.2803     2.3587     0.0810          0     50.250 329.589239  1022.4207      0.789      0.076  0.000e+00
      0.804    28.5706   5.723691    35.2800     2.3530     0.0871          0     50.500 329.589242  1022.4207      0.800      0.070  0.000e+00
      0.869    28.5701   5.723462    35.2787     2.3529     0.0765          0     50.750 329.589245  1022.4203      0.864      0.082  0.000e+00
      0.869    28.5693   5.723386    35.2789     2.3470     0.0589          0     51.000 329.589248  1022.4206      0.864      0.077  0.000e+00
      0.891    28.5689   5.723333    35.2788     2.3349     0.0604          0     51.250 329.589251  1022.4208      0.886      0.073  0.000e+00
      0.902    28.5686   5.723401    35.2795     2.3267     0.0566          0     51.500 329.589253  1022.4215      0.897      0.073  0.000e+00
      0.913    28.5683   5.723401    35.2797     2.3239     0.0551          0     51.750 329.589256  1022.4218      0.908      0.076  0.000e+00
      0.934    28.5680   5.723333    35.2794     2.3313     0.0360          0     52.000 329.589259  1022.4218      0.929      0.079  0.000e+00
      0.999    28.5675   5.723401    35.2803     2.3201     0.0315          0     52.250 329.589262  1022.4228      0.994      0.089  0.000e+00
      1.021    28.5673   5.723608    35.2818     2.3174     0.0345          0     52.500 329.589265  1022.4242      1.015      0.094  0.000e+00
      1.010    28.5669   5.723814    35.2836     2.3130     0.0353          0     52.750 329.589268  1022.4256      1.005      0.084  0.000e+00
      1.032    28.5671   5.723883    35.2839     2.3136     0.0734          0     53.000 329.589271  1022.4258      1.026      0.089  0.000e+00
      1.064    28.5673   5.723211    35.2791     2.3192     0.0696          0     53.250 329.589274  1022.4223      1.058      0.091  0.000e+00
      1.108    28.5669   5.722248    35.2727     2.3395     0.0597          0     53.500 329.589277  1022.4178      1.101      0.099  0.000e+00
      1.161    28.5656   5.722096    35.2725     2.3659     0.0696          0     53.750 329.589280  1022.4183      1.155      0.110  0.000e+00
      1.183    28.5646   5.722081    35.2732     2.3519     0.0688          0     54.000 329.589282  1022.4192      1.177      0.114  0.000e+00
      1.162    28.5642   5.722149    35.2739     2.3464     0.0681          0     54.250 329.589285  1022.4199      1.155      0.101  0.000e+00
      1.162    28.5642   5.722119    35.2737     2.3429     0.0704          0     54.500 329.589288  1022.4197      1.155      0.095  0.000e+00
      1.162    28.5639   5.722210    35.2746     2.3340     0.0688          0     54.750 329.589291  1022.4204      1.155      0.084  0.000e+00
      1.162    28.5636   5.722340    35.2757     2.3201     0.0696          0     55.000 329.589294  1022.4214      1.155      0.061  0.000e+00
      1.183    28.5631   5.722615    35.2780     2.3023     0.0444          0     55.250 329.589297  1022.4233      1.177      0.041  0.000e+00
