ctd_kilwa/cnv/SBE19plus_01906740_2018_11_26_0041.cnv
* Sea-Bird SBE19plus  Data File:
* FileName = C:\Users\all user\Desktop\Mapping WWF\SBE19plus_01906740_2018_11_26_0041.hex
* Software version 2.6.3.104
* Temperature SN = 6740
* Conductivity SN = 6740
* System UpLoad Time = Nov 26 2018 19:53:40
* <ApplicationData>
* <Seaterm232>
# nquan = 13
# nvalues = 866                                   
# units = specified
# name 0 = prdM: Pressure, Strain Gauge [db]
# name 1 = tv290C: Temperature [ITS-90, deg C]
# name 2 = c0S/m: Conductivity [S/m]
# name 3 = sal00: Salinity, Practical [PSU]
# name 4 = sbeox0ML/L: Oxygen, SBE 43 [ml/l]
# name 5 = flECO-AFL: Fluorescence, WET Labs ECO-AFL/FL [mg/m^3]
# name 6 = nbf: Bottles Fired
# name 7 = timeS: Time, Elapsed [seconds]
# name 8 = timeJ: Julian Days
# name 9 = density00: Density [density, kg/m^3]
# name 10 = depSM: Depth [salt water, m], lat = 0.00
# name 11 = dz/dtM: Descent Rate [m/s]
# name 12 = flag:  0.000e+00
# span 0 =     -1.034,     14.570                 
# span 1 =    28.1863,    30.3568                 
# span 2 =   0.072742,   5.830855                 
# span 3 =     0.3198,    35.7467                 
# span 4 =     2.1130,     6.2872                 
# span 5 =    -0.0815,     3.6433                 
# span 6 =          0,          0                 
# span 7 =      0.000,    216.250                 
# span 8 = 328.431574, 328.434077                 
# span 9 =   995.8213,  1022.7523                 
# span 10 =     -1.029,     14.489                
# span 11 =     -0.514,      0.560                
# span 12 = 0.0000e+00, 0.0000e+00                
# interval = seconds: 0.25
# start_time = Nov 24 2018 10:21:28 [Instrument's time stamp, header]
# bad_flag = -9.990e-29
*END*
[from data line 112]
      0.200    28.5150   5.747493    35.4873     2.3995     0.0002          0     28.000 328.431898  1022.5924      0.199      0.012  0.000e+00
      0.200    28.5150   5.747440    35.4869     2.4001    -0.0090          0     28.250 328.431901  1022.5921      0.199      0.012  0.000e+00
      0.221    28.5141   5.750960    35.5121     2.3912     0.0276          0     28.500 328.431904  1022.6114      0.220      0.014  0.000e+00
      0.221    28.5150   5.762948    35.5949     2.3886     0.0147          0     28.750 328.431907  1022.6734      0.220      0.017  0.000e+00
      0.211    28.5182   5.770012    35.6417     2.3854     0.0223          0     29.000 328.431910  1022.7074      0.210      0.008  0.000e+00
      0.222    28.5210   5.773100    35.6611     2.3807     0.0215          0     29.250 328.431913  1022.7212      0.220      0.013  0.000e+00
      0.200    28.5224   5.770142    35.6395     2.3769     0.0246          0     29.500 328.431916  1022.7043      0.199      0.004  0.000e+00
      0.200    28.5241   5.763147    35.5894     2.3747     0.0246          0     29.750 328.431918  1022.6661      0.199      0.002  0.000e+00
      0.200    28.5259   5.756501    35.5418     2.3794     0.0238          0     30.000 328.431921  1022.6297      0.199     -0.003  0.000e+00
      0.211    28.5256   5.755222    35.5331     2.3731     0.0231          0     30.250 328.431924  1022.6234      0.210     -0.005  0.000e+00
      0.232    28.5243   5.761363    35.5768     2.3681     0.0208          0     30.500 328.431927  1022.6567      0.231     -0.002  0.000e+00
      0.211    28.5261   5.768878    35.6279     2.3623    -0.0143          0     30.750 328.431930  1022.6944      0.210      0.000  0.000e+00
      0.243    28.5311   5.772817    35.6515     2.3643    -0.0128          0     31.000 328.431933  1022.7107      0.242      0.012  0.000e+00
      0.211    28.5353   5.771115    35.6365     2.3529    -0.0227          0     31.250 328.431936  1022.6979      0.210      0.009  0.000e+00
      0.222    28.5375   5.764962    35.5921     2.3505    -0.0143          0     31.500 328.431939  1022.6638      0.221      0.014  0.000e+00
      0.211    28.5381   5.759555    35.5539     2.3499     0.0070          0     31.750 328.431942  1022.6348      0.210      0.008  0.000e+00
      0.222    28.5362   5.756654    35.5352     2.3449     0.0063          0     32.000 328.431944  1022.6215      0.221      0.004  0.000e+00
      0.232    28.5326   5.756317    35.5355     2.3456     0.0154          0     32.250 328.431947  1022.6229      0.231      0.002  0.000e+00
      0.211    28.5299   5.757419    35.5452     2.3403     0.0063          0     32.500 328.431950  1022.6310      0.210     -0.004  0.000e+00
      0.233    28.5299   5.757871    35.5484     2.3408     0.0101          0     32.750 328.431953  1022.6335      0.231      0.002  0.000e+00
      0.254    28.5307   5.757557    35.5455     2.3304     0.0147          0     33.000 328.431956  1022.6312      0.253      0.007  0.000e+00
      0.254    28.5317   5.756286    35.5359     2.3313     0.0116          0     33.250 328.431959  1022.6236      0.253      0.020  0.000e+00
      0.276    28.5311   5.756738    35.5395     2.3197     0.0078          0     33.500 328.431962  1022.6266      0.275      0.028  0.000e+00
      0.276    28.5298   5.756317    35.5376     2.3127     0.0086          0     33.750 328.431965  1022.6257      0.275      0.034  0.000e+00
      0.276    28.5286   5.757243    35.5450     2.3103     0.0200          0     34.000 328.431968  1022.6316      0.275      0.033  0.000e+00
      0.308    28.5282   5.760589    35.5685     2.3086     0.0231          0     34.250 328.431970  1022.6496      0.307      0.041  0.000e+00
      0.287    28.5296   5.762657    35.5819     2.3076     0.0185          0     34.500 328.431973  1022.6591      0.285      0.040  0.000e+00
      0.298    28.5318   5.763791    35.5881     2.2997     0.0192          0     34.750 328.431976  1022.6630      0.296      0.031  0.000e+00
      0.276    28.5348   5.764342    35.5897     2.2968    -0.0052          0     35.000 328.431979  1022.6631      0.275      0.018  0.000e+00
      0.254    28.5374   5.765966    35.5991     2.2934     0.0017          0     35.250 328.431982  1022.6693      0.253      0.004  0.000e+00
      0.255    28.5399   5.766740    35.6026     2.2951    -0.0021          0     35.500 328.431985  1022.6710      0.253     -0.011  0.000e+00
      0.244    28.5422   5.764342    35.5842     2.2867    -0.0006          0     35.750 328.431988  1022.6564      0.243     -0.021  0.000e+00
      0.222    28.5437   5.761975    35.5666     2.2808     0.0131          0     36.000 328.431991  1022.6426      0.221     -0.034  0.000e+00
      0.222    28.5433   5.761401    35.5629     2.2788     0.0116          0     36.250 328.431994  1022.6399      0.221     -0.044  0.000e+00
      0.211    28.5419   5.762304    35.5702     2.2763     0.0109          0     36.500 328.431997  1022.6459      0.210     -0.043  0.000e+00
      0.201    28.5413   5.764572    35.5865     2.2815     0.0093          0     36.750 328.431999  1022.6582      0.200     -0.045  0.000e+00
      0.179    28.5418   5.761378    35.5639     2.2784     0.0299          0     37.000 328.432002  1022.6410      0.178     -0.044  0.000e+00
      0.222    28.5425   5.756738    35.5310     2.2720     0.0315          0     37.250 328.432005  1022.6162      0.221     -0.030  0.000e+00
      0.222    28.5400   5.753898    35.5131     2.2709     0.0276          0     37.500 328.432008  1022.6036      0.221     -0.020  0.000e+00
      0.222    28.5361   5.753087    35.5104     2.2707     0.0276          0     37.750 328.432011  1022.6029      0.221     -0.008  0.000e+00
      0.266    28.5329   5.753515    35.5157     2.2701     0.0315          0     38.000 328.432014  1022.6081      0.264      0.014  0.000e+00
      0.244    28.5319   5.753768    35.5182     2.2639    -0.0212          0     38.250 328.432017  1022.6102      0.243      0.022  0.000e+00
      0.244    28.5322   5.755995    35.5335     2.2622    -0.0143          0     38.500 328.432020  1022.6216      0.243      0.029  0.000e+00
      0.244    28.5341   5.758614    35.5504     2.2604    -0.0151          0     38.750 328.432023  1022.6337      0.243      0.030  0.000e+00
      0.233    28.5375   5.763683    35.5831     2.2573    -0.0151          0     39.000 328.432025  1022.6570      0.232      0.023  0.000e+00
      0.233    28.5427   5.767230    35.6039     2.2530     0.0246          0     39.250 328.432028  1022.6710      0.232      0.007  0.000e+00
      0.233    28.5480   5.769789    35.6177     2.2471     0.0215          0     39.500 328.432031  1022.6796      0.232      0.001  0.000e+00
      0.266    28.5525   5.770724    35.6209     2.2415     0.0223          0     39.750 328.432034  1022.6807      0.264      0.003  0.000e+00
      0.244    28.5554   5.771575    35.6246     2.2450     0.0192          0     40.000 328.432037  1022.6824      0.243     -0.004  0.000e+00
      0.222    28.5580   5.772510    35.6292     2.2449    -0.0120          0     40.250 328.432040  1022.6849      0.221     -0.003  0.000e+00
      0.233    28.5600   5.774073    35.6386     2.2393    -0.0097          0     40.500 328.432043  1022.6913      0.232     -0.004  0.000e+00
      0.244    28.5623   5.775438    35.6463     2.2346     0.0002          0     40.750 328.432046  1022.6964      0.243     -0.001  0.000e+00
      0.255    28.5642   5.776703    35.6537     2.2398    -0.0029          0     41.000 328.432049  1022.7014      0.254      0.005  0.000e+00
      0.244    28.5660   5.778551    35.6652     2.2409     0.0208          0     41.250 328.432052  1022.7094      0.243      0.004  0.000e+00
      0.277    28.5676   5.779716    35.6721     2.2342     0.0215          0     41.500 328.432054  1022.7142      0.275      0.010  0.000e+00
      0.244    28.5687   5.780307    35.6754     2.2295     0.0177          0     41.750 328.432057  1022.7162      0.243      0.005  0.000e+00
      0.266    28.5701   5.779463    35.6684     2.2286     0.0223          0     42.000 328.432060  1022.7105      0.264      0.016  0.000e+00
      0.277    28.5720   5.781020    35.6779     2.2225     0.0215          0     42.250 328.432063  1022.7171      0.275      0.022  0.000e+00
      0.266    28.5742   5.780843    35.6750     2.2260     0.0086          0     42.500 328.432066  1022.7141      0.264      0.017  0.000e+00
      0.255    28.5763   5.780145    35.6686     2.2246     0.0101          0     42.750 328.432069  1022.7086      0.254      0.009  0.000e+00
      0.244    28.5786   5.779977    35.6656     2.2185     0.0086          0     43.000 328.432072  1022.7055      0.243     -0.000  0.000e+00
      0.233    28.5811   5.780092    35.6646     2.2173     0.0101          0     43.250 328.432075  1022.7039      0.232     -0.008  0.000e+00
      0.233    28.5833   5.781932    35.6758     2.2194     0.0063          0     43.500 328.432078  1022.7115      0.232     -0.018  0.000e+00
      0.233    28.5854   5.782876    35.6808     2.2168     0.0078          0     43.750 328.432080  1022.7146      0.232     -0.017  0.000e+00
      0.222    28.5874   5.784464    35.6903     2.2155     0.0047          0     44.000 328.432083  1022.7210      0.221     -0.026  0.000e+00
      0.255    28.5892   5.785845    35.6985     2.2075     0.0086          0     44.250 328.432086  1022.7268      0.253     -0.018  0.000e+00
      0.254    28.5905   5.787556    35.7095     2.2031    -0.0052          0     44.500 328.432089  1022.7346      0.253     -0.006  0.000e+00
      0.276    28.5916   5.787855    35.7107     2.2014    -0.0029          0     44.750 328.432092  1022.7352      0.275      0.010  0.000e+00
      0.298    28.5919   5.788569    35.7155     2.2008    -0.0052          0     45.000 328.432095  1022.7388      0.296      0.027  0.000e+00
      0.265    28.5927   5.788569    35.7149     2.1951    -0.0006          0     45.250 328.432098  1022.7380      0.264      0.029  0.000e+00
      0.276    28.5939   5.788991    35.7169     2.1973    -0.0029          0     45.500 328.432101  1022.7391      0.274      0.029  0.000e+00
      0.265    28.5955   5.789505    35.7193     2.1929    -0.0014          0     45.750 328.432104  1022.7404      0.264      0.024  0.000e+00
      0.244    28.5965   5.790226    35.7235     2.1900    -0.0029          0     46.000 328.432106  1022.7431      0.242      0.010  0.000e+00
      0.265    28.5979   5.790909    35.7272     2.1872     0.0032          0     46.250 328.432109  1022.7455      0.264     -0.002  0.000e+00
      0.255    28.5985   5.790948    35.7270     2.1849    -0.0014          0     46.500 328.432112  1022.7451      0.253     -0.009  0.000e+00
      0.244    28.5996   5.790878    35.7257     2.1776    -0.0166          0     46.750 328.432115  1022.7437      0.243     -0.019  0.000e+00
      0.265    28.6011   5.790034    35.7187     2.1773    -0.0128          0     47.000 328.432118  1022.7381      0.264     -0.016  0.000e+00
      0.244    28.6036   5.789934    35.7162     2.1739    -0.0136          0     47.250 328.432121  1022.7352      0.242     -0.010  0.000e+00
      0.255    28.6060   5.790318    35.7170     2.1677    -0.0159          0     47.500 328.432124  1022.7351      0.253     -0.009  0.000e+00
      0.255    28.6085   5.791730    35.7250     2.1671     0.0215          0     47.750 328.432127  1022.7402      0.253     -0.003  0.000e+00
      0.276    28.6102   5.792805    35.7312     2.1681     0.0223          0     48.000 328.432130  1022.7444      0.275      0.006  0.000e+00
      0.266    28.6116   5.793235    35.7331     2.1648     0.0215          0     48.250 328.432133  1022.7454      0.264      0.005  0.000e+00
      0.276    28.6127   5.793549    35.7345     2.1638     0.0215          0     48.500 328.432135  1022.7461      0.275      0.012  0.000e+00
      0.276    28.6135   5.793749    35.7353     2.1603    -0.0036          0     48.750 328.432138  1022.7464      0.275      0.015  0.000e+00
      0.287    28.6145   5.794210    35.7377     2.1544     0.0009          0     49.000 328.432141  1022.7480      0.285      0.016  0.000e+00
      0.255    28.6154   5.794624    35.7399     2.1590    -0.0067          0     49.250 328.432144  1022.7492      0.253      0.012  0.000e+00
      0.255    28.6165   5.795085    35.7423     2.1544    -0.0059          0     49.500 328.432147  1022.7506      0.253      0.002  0.000e+00
      0.244    28.6174   5.795400    35.7438     2.1534     0.0170          0     49.750 328.432150  1022.7514      0.243     -0.008  0.000e+00
      0.244    28.6180   5.795668    35.7452     2.1503     0.0269          0     50.000 328.432153  1022.7523      0.242     -0.017  0.000e+00
      0.244    28.6186   5.795576    35.7441     2.1524     0.0231          0     50.250 328.432156  1022.7512      0.242     -0.019  0.000e+00
      0.276    28.6202   5.795615    35.7432     2.1496     0.0276          0     50.500 328.432159  1022.7502      0.275     -0.013  0.000e+00
      0.276    28.6219   5.795377    35.7403     2.1479     0.0231          0     50.750 328.432161  1022.7474      0.275     -0.004  0.000e+00
      0.276    28.6241   5.795277    35.7379     2.1477    -0.0082          0     51.000 328.432164  1022.7449      0.275      0.004  0.000e+00
      0.244    28.6262   5.795177    35.7356     2.1465    -0.0044          0     51.250 328.432167  1022.7423      0.242      0.008  0.000e+00
      0.222    28.6285   5.795246    35.7344     2.1414    -0.0021          0     51.500 328.432170  1022.7405      0.221     -0.002  0.000e+00
      0.212    28.6309   5.795868    35.7369     2.1406    -0.0036          0     51.750 328.432173  1022.7416      0.210     -0.013  0.000e+00
      0.233    28.6327   5.796589    35.7406     2.1394    -0.0113          0     52.000 328.432176  1022.7439      0.232     -0.019  0.000e+00
      0.233    28.6343   5.797365    35.7448     2.1381    -0.0059          0     52.250 328.432179  1022.7465      0.232     -0.024  0.000e+00
      0.255    28.6353   5.797657    35.7460     2.1361    -0.0029          0     52.500 328.432182  1022.7471      0.253     -0.022  0.000e+00
      0.265    28.6358   5.797810    35.7467     2.1384    -0.0014          0     52.750 328.432185  1022.7475      0.264     -0.008  0.000e+00
      0.276    28.6367   5.797626    35.7447     2.1345     0.0147          0     53.000 328.432188  1022.7458      0.275      0.010  0.000e+00
      0.276    28.6380   5.797265    35.7413     2.1353     0.0177          0     53.250 328.432190  1022.7428      0.275      0.028  0.000e+00
      0.298    28.6400   5.796651    35.7355     2.1337     0.0215          0     53.500 328.432193  1022.7379      0.296      0.041  0.000e+00
      0.233    28.6421   5.795837    35.7283     2.1329     0.0215          0     53.750 328.432196  1022.7315      0.232      0.026  0.000e+00
      0.222    28.6445   5.795476    35.7240     2.1295     0.0154          0     54.000 328.432199  1022.7274      0.221      0.004  0.000e+00
      0.190    28.6467   5.795898    35.7252     2.1309     0.0246          0     54.250 328.432202  1022.7274      0.189     -0.021  0.000e+00
      0.179    28.6485   5.796843    35.7304     2.1307     0.0238          0     54.500 328.432205  1022.7307      0.178     -0.045  0.000e+00
      0.157    28.6501   5.797526    35.7340     2.1294     0.0215          0     54.750 328.432208  1022.7328      0.156     -0.065  0.000e+00
      0.168    28.6516   5.798094    35.7368     2.1279     0.0185          0     55.000 328.432211  1022.7345      0.167     -0.071  0.000e+00
      0.147    28.6528   5.798148    35.7363     2.1279    -0.0181          0     55.250 328.432214  1022.7336      0.146     -0.074  0.000e+00
