ctd_kilwa/cnv/SBE19plus_01906740_2018_11_26_0049.cnv
* Sea-Bird SBE19plus  Data File:
* FileName = C:\Users\all user\Desktop\Mapping WWF\SBE19plus_01906740_2018_11_26_0049.hex
* Software version 2.6.3.104
* Temperature SN = 6740
* Conductivity SN = 6740
* System UpLoad Time = Nov 26 2018 19:55:43
* <ApplicationData>
* <Seaterm232>
# nquan = 13
# nvalues = 386                                   
# units = specified
# name 0 = prdM: Pressure, Strain Gauge [db]
# name 1 = tv290C: Temperature [ITS-90, deg C]
# name 2 = c0S/m: Conductivity [S/m]
# name 3 = sal00: Salinity, Practical [PSU]
# name 4 = sbeox0ML/L: Oxygen, SBE 43 [ml/l]
# name 5 = flECO-AFL: Fluorescence, WET Labs ECO-AFL/FL [mg/m^3]
# name 6 = nbf: Bottles Fired
# name 7 = timeS: Time, Elapsed [seconds]
# name 8 = timeJ: Julian Days
# name 9 = density00: Density [density, kg/m^3]
# name 10 = depSM: Depth [salt water, m], lat = 0.00
# name 11 = dz/dtM: Descent Rate [m/s]
# name 12 = flag:  0.000e+00
# span 0 =     -1.047,     11.354                 
# span 1 =    28.4559,    30.0974                 
# span 2 =   0.081823,   5.880839                 
# span 3 =     0.3624,    36.0103                 
# span 4 =     2.0899,     3.5527                 
# span 5 =    -0.0319,    48.6963                 
# span 6 =          0,          0                 
# span 7 =      0.000,     96.250                 
# span 8 = 328.532037, 328.533151                 
# span 9 =   995.9215,  1022.8703                 
# span 10 =     -1.042,     11.291                
# span 11 =     -0.944,      0.402                
# span 12 = 0.0000e+00, 0.0000e+00                
# interval = seconds: 0.25
# start_time = Nov 24 2018 12:46:08 [Instrument's time stamp, header]
# bad_flag = -9.990e-29
*END*
     -1.015    29.9835   0.082275     0.3645     3.2263     0.7067          0      0.000 328.532037   995.9229     -1.010 -1.263e-15  0.000e+00
     -1.005    29.9835   0.081983     0.3631     3.1526     0.7021          0      0.250 328.532040   995.9220     -0.999      0.003  0.000e+00
     -1.015    29.9831   0.081823     0.3624     3.0743     0.7044          0      0.500 328.532043   995.9215     -1.010      0.002  0.000e+00
     -1.015    29.9828   0.083370     0.3695     3.0774     0.7051          0      0.750 328.532046   995.9268     -1.010      0.001  0.000e+00
     -1.026    29.9825   0.086191     0.3823     3.0514     0.0238          0      1.000 328.532049   995.9365     -1.021     -0.002  0.000e+00
     -1.015    29.9820   0.095351     0.4243     3.0377     0.0246          0      1.250 328.532052   995.9682     -1.010     -0.002  0.000e+00
     -1.015    29.9816   0.109360     0.4889     3.0190     0.0177          0      1.500 328.532054   996.0167     -1.010     -0.002  0.000e+00
     -1.037    29.9811   0.135853     0.6125     3.0012     0.0276          0      1.750 328.532057   996.1093     -1.031     -0.008  0.000e+00
     -1.015    29.9806   0.154582     0.7008     3.0108    -0.0166          0      2.000 328.532060   996.1756     -1.010     -0.006  0.000e+00
     -1.015    29.9801   0.169534     0.7718     3.0308    -0.0166          0      2.250 328.532063   996.2288     -1.010     -0.005  0.000e+00
     -1.026    29.9793   0.187854     0.8593     3.0720    -0.0128          0      2.500 328.532066   996.2945     -1.021     -0.003  0.000e+00
     -1.015    29.9786   0.204912     0.9413     3.0805    -0.0143          0      2.750 328.532069   996.3560     -1.010 -8.421e-16  0.000e+00
     -1.004    29.9775   0.215258     0.9912     3.0824     0.3717          0      3.000 328.532072   996.3937     -0.999      0.006  0.000e+00
     -1.015    29.9767   0.220008     1.0142     3.0938     0.3832          0      3.250 328.532075   996.4111     -1.010      0.004  0.000e+00
     -1.015    29.9756   0.212900     0.9799     3.0935     0.3710          0      3.500 328.532078   996.3858     -1.010      0.006  0.000e+00
     -1.015    29.9745   0.206912     0.9510     3.0733     0.3740          0      3.750 328.532080   996.3645     -1.010      0.007  0.000e+00
     -1.037    29.9737   0.194425     0.8909     3.1020     0.3794          0      4.000 328.532083   996.3198     -1.031     -0.004  0.000e+00
     -1.015    29.9732   0.178740     0.8158     3.1014    -0.0014          0      4.250 328.532086   996.2638     -1.010     -0.003  0.000e+00
     -1.015    29.9751   0.170438     0.7761     3.0741     0.0047          0      4.500 328.532089   996.2336     -1.010     -0.001  0.000e+00
     -1.026    29.9789   0.164706     0.7488     3.0527     0.0124          0      4.750 328.532092   996.2120     -1.020     -0.006  0.000e+00
     -1.037    29.9840   0.160805     0.7302     3.0505     0.0177          0      5.000 328.532095   996.1965     -1.031     -0.011  0.000e+00
     -1.004    29.9896   0.156509     0.7098     3.4463     0.2832          0      5.250 328.532098   996.1797     -0.999     -0.001  0.000e+00
     -1.026    29.9955   0.152345     0.6900     3.4262     0.2924          0      5.500 328.532101   996.1630     -1.020     -0.001  0.000e+00
     -1.004    30.0011   0.151128     0.6842     3.3384     0.2909          0      5.750 328.532104   996.1570     -0.999      0.005  0.000e+00
     -1.015    30.0058   0.144696     0.6538     3.2609     0.2794          0      6.000 328.532106   996.1328     -1.009      0.008  0.000e+00
     -1.047    30.0101   0.140840     0.6356     3.2438     0.6922          0      6.250 328.532109   996.1177     -1.042     -0.005  0.000e+00
     -1.004    30.0135   0.139878     0.6310     3.1436     0.6899          0      6.500 328.532112   996.1135     -0.999      0.002  0.000e+00
     -1.015    30.0159   0.135705     0.6114     3.0852     0.6899          0      6.750 328.532115   996.0980     -1.009      0.004  0.000e+00
     -1.037    30.0180   0.134887     0.6075     3.0091     0.6945          0      7.000 328.532118   996.0944     -1.031     -0.002  0.000e+00
     -0.993    30.0295   0.135063     0.6082     2.9461    48.6833          0      7.250 328.532121   996.0916     -0.988      0.000  0.000e+00
     -0.928    30.0692   0.133100     0.5986     2.9848    48.6764          0      7.500 328.532124   996.0726     -0.923      0.028  0.000e+00
     -0.950    30.0873   0.135123     0.6078     3.0480    48.6711          0      7.750 328.532127   996.0740     -0.945      0.037  0.000e+00
     -0.961    30.0941   0.128352     0.5761     3.0721    48.6795          0      8.000 328.532130   996.0481     -0.955      0.046  0.000e+00
     -0.939    30.0974   0.122816     0.5502     3.2837    48.6757          0      8.250 328.532133   996.0279     -0.934      0.053  0.000e+00
     -0.863    30.0828   0.128327     0.5761     3.3021     0.5388          0      8.500 328.532135   996.0520     -0.859      0.066  0.000e+00
     -0.777    29.8728   2.937053    16.3654     2.9817     0.5548          0      8.750 328.532138  1007.8591     -0.773      0.103  0.000e+00
     -0.658    29.5705   2.570211    14.2260     3.2049     0.5411          0      9.000 328.532141  1006.3649     -0.654      0.154  0.000e+00
     -0.604    29.3902   0.422518     2.0440     3.5527     0.5495          0      9.250 328.532144   997.3586     -0.601      0.187  0.000e+00
     -0.571    29.3181   1.655697     8.8562     3.3924    48.6749          0      9.500 328.532147  1002.4518     -0.568      0.216  0.000e+00
     -0.517    29.3019   0.736763     3.7033     3.4720    48.6734          0      9.750 328.532150   998.6228     -0.515      0.252  0.000e+00
     -0.485    29.2922   1.996700    10.8608     3.3567    48.6749          0     10.000 328.532153  1003.9505     -0.482      0.262  0.000e+00
     -0.474    29.2809   2.998636    16.9472     3.2674    48.6902          0     10.250 328.532156  1008.4812     -0.471      0.240  0.000e+00
     -0.474    29.2719   3.058044    17.3198     3.2053    -0.0029          0     10.500 328.532159  1008.7614     -0.471      0.193  0.000e+00
     -0.452    29.2528   3.534899    20.3264     3.0598     0.0017          0     10.750 328.532161  1011.0066     -0.450      0.146  0.000e+00
     -0.420    29.2294   3.590705    20.6911     2.9482    -0.0105          0     11.000 328.532164  1011.2860     -0.418      0.110  0.000e+00
     -0.387    29.2148   4.821677    28.7147     2.7388    -0.0044          0     11.250 328.532167  1017.2810     -0.385      0.097  0.000e+00
     -0.366    29.1969   5.880839    35.8999     2.6327    -0.0097          0     11.500 328.532170  1022.6722     -0.364      0.091  0.000e+00
     -0.366    29.1708   5.869007    35.8380     2.6239    -0.0212          0     11.750 328.532173  1022.6345     -0.364      0.079  0.000e+00
     -0.409    29.1489   5.861112    35.8000     2.6314    -0.0128          0     12.000 328.532176  1022.6131     -0.407      0.061  0.000e+00
     -0.431    29.1329   5.845505    35.7044     2.6355    -0.0113          0     12.250 328.532179  1022.5466     -0.428      0.040  0.000e+00
     -0.452    29.1167   5.834181    35.6384     2.6525    -0.0181          0     12.500 328.532182  1022.5025     -0.450      0.013  0.000e+00
     -0.409    29.1031   5.827999    35.6059     2.6448     0.0047          0     12.750 328.532185  1022.4828     -0.407     -0.004  0.000e+00
     -0.398    29.0920   5.822513    35.5764     2.6299     0.0040          0     13.000 328.532188  1022.4644     -0.396     -0.014  0.000e+00
     -0.355    29.0842   5.813707    35.5215     2.6134     0.0086          0     13.250 328.532190  1022.4260     -0.353     -0.006  0.000e+00
     -0.301    29.0795   5.811339    35.5086     2.5949     0.0147          0     13.500 328.532193  1022.4181     -0.299      0.022  0.000e+00
     -0.225    29.0793   5.812100    35.5140     2.5910     0.0009          0     13.750 328.532196  1022.4225     -0.224      0.073  0.000e+00
     -0.225    29.0806   5.811639    35.5099     2.6050     0.0131          0     14.000 328.532199  1022.4190     -0.224      0.114  0.000e+00
     -0.182    29.0822   5.809410    35.4933     2.6072     0.0063          0     14.250 328.532202  1022.4062     -0.181      0.143  0.000e+00
     -0.150    29.0828   5.811001    35.5038     2.6227     0.0040          0     14.500 328.532205  1022.4141     -0.149      0.158  0.000e+00
     -0.128    29.0838   5.809510    35.4928     2.6252     0.0299          0     14.750 328.532208  1022.4055     -0.127      0.153  0.000e+00
     -0.149    29.0868   5.807911    35.4796     2.6428     0.0154          0     15.000 328.532211  1022.3945     -0.149      0.135  0.000e+00
     -0.203    29.0915   5.811877    35.5034     2.6552     0.0200          0     15.250 328.532214  1022.4106     -0.202      0.089  0.000e+00
     -0.225    29.0962   5.811016    35.4939     2.6448     0.0284          0     15.500 328.532216  1022.4018     -0.224      0.038  0.000e+00
     -0.268    29.1003   5.805975    35.4562     2.6371     0.0459          0     15.750 328.532219  1022.3719     -0.267     -0.014  0.000e+00
     -0.268    29.1038   5.808856    35.4735     2.6447     0.0559          0     16.000 328.532222  1022.3837     -0.267     -0.044  0.000e+00
     -0.268    29.1064   5.806666    35.4564     2.6403     0.0490          0     16.250 328.532225  1022.3700     -0.267     -0.071  0.000e+00
     -0.290    29.1087   5.808203    35.4653     2.6363     0.0459          0     16.500 328.532228  1022.3758     -0.288     -0.086  0.000e+00
     -0.333    29.1116   5.801979    35.4203     2.6191     0.0475          0     16.750 328.532231  1022.3409     -0.331     -0.094  0.000e+00
     -0.290    29.1142   5.798892    35.3972     2.6197    -0.0273          0     17.000 328.532234  1022.3228     -0.288     -0.072  0.000e+00
     -0.193    29.1157   5.797486    35.3863     2.6410    -0.0189          0     17.250 328.532237  1022.3146     -0.191     -0.020  0.000e+00
     -0.084    29.1158   5.797110    35.3837     2.6403    -0.0105          0     17.500 328.532240  1022.3130     -0.084      0.045  0.000e+00
      0.002    29.1163   5.798561    35.3932     2.5966    -0.0227          0     17.750 328.532242  1022.3204      0.002      0.119  0.000e+00
      0.056    29.1164   5.800097    35.4037     2.5593     0.1314          0     18.000 328.532245  1022.3285      0.056      0.177  0.000e+00
      0.089    29.1161   5.801634    35.4145     2.5346     0.1177          0     18.250 328.532248  1022.3368      0.088      0.223  0.000e+00
      0.110    29.1149   5.801111    35.4118     2.5099     0.1161          0     18.500 328.532251  1022.3353      0.110      0.250  0.000e+00
      0.143    29.1141   5.800720    35.4097     2.4831     0.1230          0     18.750 328.532254  1022.3341      0.142      0.254  0.000e+00
      0.175    29.1131   5.799813    35.4042     2.4591    -0.0120          0     19.000 328.532257  1022.3305      0.174      0.223  0.000e+00
      0.229    29.1111   5.801764    35.4190     2.4355    -0.0059          0     19.250 328.532260  1022.3425      0.228      0.187  0.000e+00
      0.283    29.1062   5.801864    35.4234     2.4423    -0.0136          0     19.500 328.532263  1022.3476      0.282      0.163  0.000e+00
      0.359    29.1013   5.803800    35.4403     2.4374    -0.0227          0     19.750 328.532266  1022.3623      0.357      0.164  0.000e+00
      0.402    29.0972   5.807089    35.4660     2.4444     0.0086          0     20.000 328.532269  1022.3831      0.400      0.175  0.000e+00
      0.445    29.0942   5.806075    35.4612     2.4472     0.0131          0     20.250 328.532271  1022.3807      0.443      0.190  0.000e+00
      0.510    29.0912   5.804016    35.4492     2.4450     0.0063          0     20.500 328.532274  1022.3730      0.507      0.206  0.000e+00
      0.543    29.0884   5.803954    35.4509     2.4538     0.0070          0     20.750 328.532277  1022.3754      0.540      0.210  0.000e+00
      0.575    29.0832   5.808919    35.4890     2.4526     0.0147          0     21.000 328.532280  1022.4059      0.572      0.205  0.000e+00
      0.618    29.0771   5.809587    35.4980     2.4490     0.0063          0     21.250 328.532283  1022.4149      0.615      0.194  0.000e+00
      0.661    29.0708   5.805976    35.4778     2.4395     0.0109          0     21.500 328.532286  1022.4020      0.658      0.182  0.000e+00
      0.716    29.0647   5.805061    35.4761     2.4331     0.0139          0     21.750 328.532289  1022.4030      0.712      0.174  0.000e+00
      0.802    29.0594   5.800783    35.4504     2.4339     0.0093          0     22.000 328.532292  1022.3859      0.798      0.186  0.000e+00
      0.921    29.0519   5.798271    35.4387     2.4301     0.0101          0     22.250 328.532295  1022.3801      0.916      0.214  0.000e+00
      1.029    29.0447   5.801305    35.4649     2.4294     0.0063          0     22.500 328.532297  1022.4027      1.023      0.251  0.000e+00
      1.105    29.0413   5.804678    35.4907     2.4165     0.0109          0     22.750 328.532300  1022.4235      1.099      0.290  0.000e+00
      1.148    29.0372   5.811771    35.5426     2.4212     0.0070          0     23.000 328.532303  1022.4640      1.142      0.313  0.000e+00
      1.202    29.0339   5.829918    35.6703     2.4214    -0.0044          0     23.250 328.532306  1022.5612      1.195      0.320  0.000e+00
      1.224    29.0341   5.819530    35.5985     2.4239    -0.0014          0     23.500 328.532309  1022.5073      1.217      0.306  0.000e+00
      1.267    29.0314   5.818946    35.5964     2.4157    -0.0014          0     23.750 328.532312  1022.5069      1.260      0.277  0.000e+00
      1.332    29.0281   5.811910    35.5503     2.4129    -0.0014          0     24.000 328.532315  1022.4736      1.325      0.243  0.000e+00
      1.397    29.0232   5.805032    35.5065     2.4109     0.0025          0     24.250 328.532318  1022.4427      1.389      0.214  0.000e+00
      1.483    29.0181   5.807422    35.5268     2.4092     0.0116          0     24.500 328.532321  1022.4600      1.475      0.208  0.000e+00
      1.527    29.0166   5.813486    35.5697     2.3974     0.0147          0     24.750 328.532323  1022.4929      1.518      0.213  0.000e+00
      1.559    29.0165   5.816977    35.5939     2.3932     0.0002          0     25.000 328.532326  1022.5112      1.550      0.218  0.000e+00
      1.581    29.0170   5.813210    35.5675     2.3894     0.0055          0     25.250 328.532329  1022.4913      1.572      0.213  0.000e+00
      1.656    29.0145   5.808390    35.5361     2.3864     0.0101          0     25.500 328.532332  1022.4689      1.647      0.217  0.000e+00
      1.732    29.0096   5.802651    35.5001     2.3790     0.0116          0     25.750 328.532335  1022.4438      1.722      0.218  0.000e+00
      1.829    29.0034   5.804802    35.5195     2.3684     0.0025          0     26.000 328.532338  1022.4609      1.819      0.226  0.000e+00
      1.894    29.0015   5.817739    35.6102     2.3660     0.0116          0     26.250 328.532341  1022.5299      1.884      0.236  0.000e+00
      1.959    29.0024   5.810627    35.5604     2.3603    -0.0029          0     26.500 328.532344  1022.4925      1.948      0.246  0.000e+00
      2.002    29.0016   5.812672    35.5751     2.3559    -0.0036          0     26.750 328.532347  1022.5040      1.991      0.260  0.000e+00
      2.046    29.0011   5.815340    35.5939     2.3503    -0.0036          0     27.000 328.532350  1022.5185      2.034      0.265  0.000e+00
      2.078    29.0004   5.816224    35.6005     2.3539     0.0002          0     27.250 328.532352  1022.5238      2.066      0.255  0.000e+00
      2.143    28.9993   5.814902    35.5922     2.3518     0.0215          0     27.500 328.532355  1022.5182      2.131      0.235  0.000e+00
