ctd_kilwa/cnv/SBE19plus_01906740_2018_11_26_0047.cnv
* Sea-Bird SBE19plus  Data File:
* FileName = C:\Users\all user\Desktop\Mapping WWF\SBE19plus_01906740_2018_11_26_0047.hex
* Software version 2.6.3.104
* Temperature SN = 6740
* Conductivity SN = 6740
* System UpLoad Time = Nov 26 2018 19:55:13
* <ApplicationData>
* <Seaterm232>
# nquan = 13
# nvalues = 1286                                  
# units = specified
# name 0 = prdM: Pressure, Strain Gauge [db]
# name 1 = tv290C: Temperature [ITS-90, deg C]
# name 2 = c0S/m: Conductivity [S/m]
# name 3 = sal00: Salinity, Practical [PSU]
# name 4 = sbeox0ML/L: Oxygen, SBE 43 [ml/l]
# name 5 = flECO-AFL: Fluorescence, WET Labs ECO-AFL/FL [mg/m^3]
# name 6 = nbf: Bottles Fired
# name 7 = timeS: Time, Elapsed [seconds]
# name 8 = timeJ: Julian Days
# name 9 = density00: Density [density, kg/m^3]
# name 10 = depSM: Depth [salt water, m], lat = 0.00
# name 11 = dz/dtM: Descent Rate [m/s]
# name 12 = flag:  0.000e+00
# span 0 =     -1.072,     14.811                 
# span 1 =    28.2939,    29.7246                 
# span 2 =   0.096927,   5.811697                 
# span 3 =     0.4343,    35.6617                 
# span 4 =     2.1233,     4.7915                 
# span 5 =    -0.4439,    48.6864                 
# span 6 =          0,          0                 
# span 7 =      0.000,    321.250                 
# span 8 = 328.502315, 328.506033                 
# span 9 =   996.0752,  1022.6480                 
# span 10 =     -1.066,     14.729                
# span 11 =     -0.380,      0.474                
# span 12 = 0.0000e+00, 0.0000e+00                
# interval = seconds: 0.25
# start_time = Nov 24 2018 12:03:20 [Instrument's time stamp, header]
# bad_flag = -9.990e-29
*END*
[from data line 334]
     -0.020    28.6106   5.721247    35.2336     2.4926     0.0170          0     83.500 328.503281  1022.3691     -0.020      0.030  0.000e+00
      0.012    28.6134   5.721934    35.2363     2.4980     0.0177          0     83.750 328.503284  1022.3703      0.012      0.067  0.000e+00
      0.045    28.6074   5.720445    35.2303     2.4900     0.0505          0     84.000 328.503287  1022.3680      0.045      0.105  0.000e+00
      0.056    28.5826   5.714515    35.2076     2.4990     0.0406          0     84.250 328.503290  1022.3592      0.055      0.125  0.000e+00
      0.045    28.5437   5.709267    35.2000     2.4989     0.0391          0     84.500 328.503293  1022.3663      0.045      0.126  0.000e+00
      0.002    28.5108   5.707162    35.2098     2.5000     0.0482          0     84.750 328.503296  1022.3844      0.002      0.099  0.000e+00
     -0.042    28.4898   5.706903    35.2236     2.5057    -0.0372          0     85.000 328.503299  1022.4015     -0.042      0.053  0.000e+00
     -0.053    28.4791   5.707651    35.2368     2.5097    -0.0227          0     85.250 328.503302  1022.4149     -0.052     -0.000  0.000e+00
     -0.074    28.4785   5.709077    35.2471     2.5107    -0.0273          0     85.500 328.503304  1022.4228     -0.074     -0.043  0.000e+00
     -0.096    28.4873   5.711449    35.2571     2.5142    -0.0326          0     85.750 328.503307  1022.4272     -0.095     -0.073  0.000e+00
     -0.117    28.5000   5.712983    35.2584     2.5135    -0.1028          0     86.000 328.503310  1022.4239     -0.117     -0.093  0.000e+00
     -0.128    28.5142   5.714264    35.2567     2.5105    -0.1021          0     86.250 328.503313  1022.4180     -0.128     -0.097  0.000e+00
     -0.117    28.5294   5.715516    35.2541     2.5131    -0.1082          0     86.500 328.503316  1022.4110     -0.117     -0.082  0.000e+00
     -0.085    28.5415   5.716118    35.2493     2.5061    -0.1021          0     86.750 328.503319  1022.4035     -0.084     -0.051  0.000e+00
     -0.063    28.5490   5.716049    35.2432     2.5059    -0.0555          0     87.000 328.503322  1022.3966     -0.063     -0.020  0.000e+00
      0.012    28.5556   5.716889    35.2441     2.5057    -0.0593          0     87.250 328.503325  1022.3954      0.012      0.021  0.000e+00
      0.066    28.5603   5.716889    35.2406     2.5136    -0.0471          0     87.500 328.503328  1022.3915      0.066      0.069  0.000e+00
      0.142    28.5516   5.714745    35.2322     2.5093    -0.0487          0     87.750 328.503330  1022.3883      0.141      0.123  0.000e+00
      0.196    28.5214   5.708695    35.2125     2.5151    -0.0555          0     88.000 328.503333  1022.3838      0.195      0.169  0.000e+00
      0.239    28.4859   5.704600    35.2104     2.5189    -0.0189          0     88.250 328.503336  1022.3941      0.238      0.200  0.000e+00
      0.218    28.4545   5.701993    35.2156     2.5224    -0.0166          0     88.500 328.503339  1022.4083      0.216      0.197  0.000e+00
      0.239    28.4297   5.700835    35.2260     2.5211    -0.0128          0     88.750 328.503342  1022.4244      0.238      0.182  0.000e+00
      0.229    28.4124   5.700225    35.2345     2.5278    -0.0128          0     89.000 328.503345  1022.4364      0.227      0.150  0.000e+00
      0.207    28.4018   5.700065    35.2413     2.5237     0.0200          0     89.250 328.503348  1022.4450      0.206      0.099  0.000e+00
      0.185    28.3956   5.699783    35.2440     2.5229     0.0208          0     89.500 328.503351  1022.4489      0.184      0.049  0.000e+00
      0.185    28.3916   5.699494    35.2450     2.5302     0.0223          0     89.750 328.503354  1022.4510      0.184      0.006  0.000e+00
      0.196    28.3899   5.699585    35.2469     2.5248     0.0200          0     90.000 328.503356  1022.4531      0.195     -0.017  0.000e+00
      0.228    28.3889   5.699623    35.2479     2.5230    -0.0006          0     90.250 328.503359  1022.4543      0.227     -0.017  0.000e+00
      0.250    28.3901   5.700058    35.2500     2.5199    -0.0029          0     90.500 328.503362  1022.4555      0.249      0.001  0.000e+00
      0.315    28.3942   5.700515    35.2501     2.5240    -0.0014          0     90.750 328.503365  1022.4546      0.313      0.028  0.000e+00
      0.326    28.3981   5.700576    35.2476     2.5225    -0.0021          0     91.000 328.503368  1022.4514      0.324      0.059  0.000e+00
      0.358    28.3982   5.700134    35.2445     2.5245     0.0139          0     91.250 328.503371  1022.4492      0.356      0.089  0.000e+00
      0.390    28.3949   5.698884    35.2382     2.5237     0.0162          0     91.500 328.503374  1022.4457      0.388      0.112  0.000e+00
      0.401    28.3919   5.698724    35.2393     2.5269     0.0253          0     91.750 328.503377  1022.4476      0.399      0.119  0.000e+00
      0.423    28.3879   5.698153    35.2383     2.5258     0.0276          0     92.000 328.503380  1022.4482      0.421      0.117  0.000e+00
      0.434    28.3832   5.697764    35.2391     2.5290     0.0131          0     92.250 328.503383  1022.4504      0.431      0.105  0.000e+00
      0.434    28.3798   5.697512    35.2398     2.5243    -0.0029          0     92.500 328.503385  1022.4521      0.431      0.089  0.000e+00
      0.423    28.3780   5.697513    35.2412     2.5248    -0.0052          0     92.750 328.503388  1022.4537      0.421      0.063  0.000e+00
      0.434    28.3767   5.697543    35.2424     2.5233     0.0002          0     93.000 328.503391  1022.4550      0.431      0.050  0.000e+00
      0.445    28.3761   5.697482    35.2424     2.5246    -0.0044          0     93.250 328.503394  1022.4553      0.442      0.035  0.000e+00
      0.477    28.3764   5.697452    35.2420     2.5217    -0.0258          0     93.500 328.503397  1022.4550      0.474      0.032  0.000e+00
      0.499    28.3767   5.697391    35.2413     2.5250    -0.0319          0     93.750 328.503400  1022.4545      0.496      0.038  0.000e+00
      0.531    28.3773   5.697452    35.2413     2.5200    -0.0296          0     94.000 328.503403  1022.4544      0.528      0.049  0.000e+00
      0.585    28.3773   5.697299    35.2402     2.5205    -0.0311          0     94.250 328.503406  1022.4539      0.582      0.073  0.000e+00
      0.607    28.3774   5.697193    35.2394     2.5226     0.0086          0     94.500 328.503409  1022.4533      0.604      0.095  0.000e+00
      0.629    28.3759   5.696941    35.2387     2.5247     0.0124          0     94.750 328.503411  1022.4534      0.625      0.112  0.000e+00
      0.639    28.3731   5.696431    35.2373     2.5200     0.0070          0     95.000 328.503414  1022.4533      0.636      0.115  0.000e+00
      0.650    28.3709   5.696271    35.2378     2.5201     0.0070          0     95.250 328.503417  1022.4544      0.647      0.110  0.000e+00
      0.661    28.3690   5.696111    35.2380     2.5193     0.0475          0     95.500 328.503420  1022.4553      0.657      0.097  0.000e+00
      0.672    28.3674   5.696019    35.2386     2.5170     0.0459          0     95.750 328.503423  1022.4563      0.668      0.083  0.000e+00
      0.661    28.3664   5.695951    35.2389     2.5208     0.0437          0     96.000 328.503426  1022.4568      0.657      0.061  0.000e+00
      0.693    28.3658   5.695981    35.2395     2.5198     0.0482          0     96.250 328.503429  1022.4576      0.690      0.047  0.000e+00
      0.693    28.3654   5.695920    35.2394     2.5236     0.0452          0     96.500 328.503432  1022.4576      0.690      0.040  0.000e+00
      0.650    28.3650   5.695920    35.2397     2.5223     0.0566          0     96.750 328.503435  1022.4578      0.647      0.022  0.000e+00
      0.639    28.3646   5.695791    35.2391     2.5239     0.0597          0     97.000 328.503438  1022.4574      0.636      0.006  0.000e+00
      0.618    28.3644   5.695760    35.2390     2.5271     0.0582          0     97.250 328.503440  1022.4574      0.614     -0.014  0.000e+00
      0.629    28.3640   5.695730    35.2391     2.5226     0.0521          0     97.500 328.503443  1022.4576      0.625     -0.025  0.000e+00
      0.661    28.3637   5.695631    35.2386     2.5201     0.0208          0     97.750 328.503446  1022.4575      0.657     -0.023  0.000e+00
      0.715    28.3636   5.695570    35.2383     2.5142     0.0200          0     98.000 328.503449  1022.4574      0.711     -0.003  0.000e+00
      0.747    28.3631   5.695463    35.2379     2.5199     0.0231          0     98.250 328.503452  1022.4575      0.743      0.019  0.000e+00
      0.758    28.3629   5.695440    35.2379     2.5139     0.0246          0     98.500 328.503455  1022.4576      0.754      0.050  0.000e+00
      0.780    28.3622   5.695219    35.2369     2.5180     0.0246          0     98.750 328.503458  1022.4572      0.776      0.081  0.000e+00
      0.801    28.3616   5.695120    35.2366     2.5170     0.0139          0     99.000 328.503461  1022.4573      0.797      0.099  0.000e+00
      0.812    28.3607   5.695059    35.2369     2.5123     0.0170          0     99.250 328.503464  1022.4578      0.808      0.105  0.000e+00
      0.834    28.3595   5.694960    35.2371     2.5192     0.0162          0     99.500 328.503466  1022.4584      0.829      0.099  0.000e+00
      0.845    28.3587   5.694869    35.2370     2.5142     0.0330          0     99.750 328.503469  1022.4587      0.840      0.084  0.000e+00
      0.834    28.3581   5.694838    35.2372     2.5129     0.0315          0    100.000 328.503472  1022.4590      0.829      0.063  0.000e+00
      0.855    28.3578   5.694815    35.2374     2.5139     0.0284          0    100.250 328.503475  1022.4593      0.851      0.055  0.000e+00
      0.866    28.3573   5.694808    35.2377     2.5119     0.0315          0    100.500 328.503478  1022.4597      0.861      0.050  0.000e+00
      0.877    28.3571   5.694739    35.2373     2.5157     0.0276          0    100.750 328.503481  1022.4596      0.872      0.045  0.000e+00
      0.855    28.3569   5.694648    35.2368     2.5165     0.0597          0    101.000 328.503484  1022.4592      0.851      0.032  0.000e+00
      0.877    28.3570   5.694579    35.2363     2.5187     0.0521          0    101.250 328.503487  1022.4589      0.872      0.028  0.000e+00
      0.888    28.3566   5.694579    35.2366     2.5187     0.0681          0    101.500 328.503490  1022.4592      0.883      0.025  0.000e+00
      0.942    28.3564   5.694648    35.2372     2.5221     0.0627          0    101.750 328.503492  1022.4600      0.937      0.039  0.000e+00
      0.963    28.3564   5.694419    35.2356     2.5235    -0.0288          0    102.000 328.503495  1022.4589      0.958      0.055  0.000e+00
      0.974    28.3559   5.694389    35.2357     2.5151    -0.0342          0    102.250 328.503498  1022.4592      0.969      0.062  0.000e+00
      1.007    28.3545   5.694069    35.2345     2.5173    -0.0326          0    102.500 328.503501  1022.4589      1.001      0.076  0.000e+00
      1.017    28.3529   5.693978    35.2350     2.5122    -0.0319          0    102.750 328.503504  1022.4598      1.012      0.086  0.000e+00
      1.028    28.3521   5.693978    35.2357     2.5098     0.0345          0    103.000 328.503507  1022.4607      1.023      0.092  0.000e+00
      1.028    28.3513   5.693947    35.2361     2.5067     0.0322          0    103.250 328.503510  1022.4612      1.023      0.081  0.000e+00
      1.028    28.3507   5.693909    35.2362     2.5083     0.0383          0    103.500 328.503513  1022.4615      1.023      0.066  0.000e+00
      1.028    28.3508   5.693909    35.2362     2.5081     0.0315          0    103.750 328.503516  1022.4614      1.023      0.045  0.000e+00
      1.017    28.3510   5.693878    35.2358     2.5096     0.0192          0    104.000 328.503519  1022.4611      1.012      0.029  0.000e+00
      1.017    28.3512   5.693878    35.2357     2.5078     0.0269          0    104.250 328.503521  1022.4609      1.012      0.015  0.000e+00
      1.017    28.3510   5.693802    35.2353     2.5105     0.0200          0    104.500 328.503524  1022.4607      1.012      0.001  0.000e+00
      1.050    28.3507   5.693848    35.2358     2.5173     0.0200          0    104.750 328.503527  1022.4613      1.044      0.004  0.000e+00
      1.082    28.3505   5.693818    35.2357     2.5153     0.0238          0    105.000 328.503530  1022.4614      1.076      0.017  0.000e+00
      1.104    28.3508   5.693787    35.2353     2.5151     0.0177          0    105.250 328.503533  1022.4611      1.098      0.034  0.000e+00
      1.126    28.3504   5.693719    35.2351     2.5136     0.0276          0    105.500 328.503536  1022.4612      1.119      0.052  0.000e+00
      1.126    28.3498   5.693627    35.2349     2.5092     0.0223          0    105.750 328.503539  1022.4612      1.119      0.063  0.000e+00
      1.136    28.3492   5.693589    35.2351     2.5091     0.0215          0    106.000 328.503542  1022.4616      1.130      0.071  0.000e+00
      1.169    28.3493   5.693658    35.2355     2.5030     0.0055          0    106.250 328.503545  1022.4620      1.163      0.077  0.000e+00
      1.169    28.3492   5.693620    35.2353     2.5056     0.0070          0    106.500 328.503547  1022.4619      1.162      0.073  0.000e+00
      1.212    28.3494   5.693627    35.2352     2.4981     0.0086          0    106.750 328.503550  1022.4619      1.206      0.070  0.000e+00
      1.266    28.3495   5.693658    35.2353     2.5038     0.0078          0    107.000 328.503553  1022.4622      1.259      0.079  0.000e+00
      1.310    28.3494   5.693627    35.2351     2.4996    -0.0159          0    107.250 328.503556  1022.4623      1.302      0.097  0.000e+00
      1.288    28.3492   5.693528    35.2346     2.5017    -0.0128          0    107.500 328.503559  1022.4619      1.281      0.100  0.000e+00
      1.310    28.3492   5.693528    35.2346     2.5037    -0.0166          0    107.750 328.503562  1022.4620      1.302      0.105  0.000e+00
      1.299    28.3491   5.693528    35.2347     2.5028    -0.0166          0    108.000 328.503565  1022.4620      1.292      0.094  0.000e+00
      1.310    28.3490   5.693437    35.2341     2.5039     0.0246          0    108.250 328.503568  1022.4617      1.303      0.078  0.000e+00
      1.331    28.3483   5.693376    35.2342     2.5059     0.0177          0    108.500 328.503571  1022.4621      1.324      0.067  0.000e+00
      1.332    28.3481   5.693338    35.2341     2.5104     0.0177          0    108.750 328.503573  1022.4620      1.324      0.046  0.000e+00
      1.353    28.3478   5.693307    35.2341     2.5069     0.0223          0    109.000 328.503576  1022.4622      1.346      0.033  0.000e+00
      1.375    28.3479   5.693277    35.2338     2.5063     0.0147          0    109.250 328.503579  1022.4621      1.367      0.036  0.000e+00
      1.429    28.3484   5.693307    35.2336     2.5048     0.0360          0    109.500 328.503582  1022.4620      1.421      0.059  0.000e+00
      1.483    28.3478   5.693277    35.2338     2.5065     0.0330          0    109.750 328.503585  1022.4626      1.475      0.082  0.000e+00
      1.537    28.3474   5.693147    35.2333     2.5111     0.0376          0    110.000 328.503588  1022.4626      1.528      0.114  0.000e+00
      1.558    28.3471   5.693048    35.2328     2.5082     0.0345          0    110.250 328.503591  1022.4624      1.550      0.133  0.000e+00
      1.558    28.3464   5.692927    35.2324     2.5040     0.0452          0    110.500 328.503594  1022.4624      1.550      0.138  0.000e+00
      1.580    28.3458   5.692919    35.2328     2.5034     0.0505          0    110.750 328.503597  1022.4629      1.571      0.139  0.000e+00
