ctd_kilwa/cnv/SBE19plus_01906740_2018_11_26_0055.cnv
* Sea-Bird SBE19plus  Data File:
* FileName = C:\Users\all user\Desktop\Mapping WWF\SBE19plus_01906740_2018_11_26_0055.hex
* Software version 2.6.3.104
* Temperature SN = 6740
* Conductivity SN = 6740
* System UpLoad Time = Nov 26 2018 19:56:55
* <ApplicationData>
* <Seaterm232>
# nquan = 13
# nvalues = 289                                   
# units = specified
# name 0 = prdM: Pressure, Strain Gauge [db]
# name 1 = tv290C: Temperature [ITS-90, deg C]
# name 2 = c0S/m: Conductivity [S/m]
# name 3 = sal00: Salinity, Practical [PSU]
# name 4 = sbeox0ML/L: Oxygen, SBE 43 [ml/l]
# name 5 = flECO-AFL: Fluorescence, WET Labs ECO-AFL/FL [mg/m^3]
# name 6 = nbf: Bottles Fired
# name 7 = timeS: Time, Elapsed [seconds]
# name 8 = timeJ: Julian Days
# name 9 = density00: Density [density, kg/m^3]
# name 10 = depSM: Depth [salt water, m], lat = 0.00
# name 11 = dz/dtM: Descent Rate [m/s]
# name 12 = flag:  0.000e+00
# span 0 =     -1.056,      4.144                 
# span 1 =    30.0208,    30.9284                 
# span 2 =   0.204966,   6.043442                 
# span 3 =     0.9283,    35.8509                 
# span 4 =     2.0650,     4.0625                 
# span 5 =    -0.0311,    48.6871                 
# span 6 =          0,          0                 
# span 7 =      0.000,     72.000                 
# span 8 = 328.599294, 328.600127                 
# span 9 =   996.1282,  1022.1223                 
# span 10 =     -1.050,      4.121                
# span 11 =     -0.479,      0.423                
# span 12 = 0.0000e+00, 0.0000e+00                
# interval = seconds: 0.25
# start_time = Nov 24 2018 14:22:59 [Instrument's time stamp, header]
# bad_flag = -9.990e-29
*END*
[from data line 223]
      1.431    30.6623   6.025511    35.7958     2.1689     0.1802          0     55.750 328.599939  1022.1006      1.423     -0.333  0.000e+00
      1.290    30.6616   6.026042    35.7999     2.1632     0.1734          0     56.000 328.599942  1022.1034      1.283     -0.337  0.000e+00
      1.139    30.6614   6.025479    35.7963     2.1425     0.1375          0     56.250 328.599945  1022.1002      1.133     -0.351  0.000e+00
      1.096    30.6607   6.025503    35.7970     2.1443     0.1329          0     56.500 328.599948  1022.1007      1.090     -0.356  0.000e+00
      1.009    30.6605   6.025940    35.8001     2.1574     0.1352          0     56.750 328.599951  1022.1027      1.004     -0.368  0.000e+00
      0.869    30.6598   6.026002    35.8011     2.1513     0.1436          0     57.000 328.599954  1022.1031      0.864     -0.383  0.000e+00
      0.825    30.6590   6.025276    35.7968     2.1621     0.1619          0     57.250 328.599957  1022.1000      0.821     -0.368  0.000e+00
      0.771    30.6586   6.025057    35.7956     2.1726     0.1688          0     57.500 328.599959  1022.0990      0.767     -0.365  0.000e+00
      0.653    30.6583   6.025643    35.7998     2.1479     0.1650          0     57.750 328.599962  1022.1018      0.649     -0.368  0.000e+00
      0.534    30.6581   6.025018    35.7958     2.1548     0.1703          0     58.000 328.599965  1022.0983      0.531     -0.355  0.000e+00
      0.469    30.6582   6.024784    35.7942     2.1200     0.1482          0     58.250 328.599968  1022.0968      0.466     -0.345  0.000e+00
      0.372    30.6580   6.025315    35.7979     2.1181     0.1428          0     58.500 328.599971  1022.0993      0.369     -0.357  0.000e+00
      0.198    30.6578   6.024815    35.7948     2.1075     0.1383          0     58.750 328.599974  1022.0963      0.197     -0.379  0.000e+00
      0.144    30.6577   6.024651    35.7938     2.0841     0.1421          0     59.000 328.599977  1022.0953      0.144     -0.384  0.000e+00
      0.015    30.6576   6.025049    35.7966     2.0795     0.1459          0     59.250 328.599980  1022.0969      0.014     -0.413  0.000e+00
     -0.148    30.6572   6.024651    35.7942     2.0713     0.1459          0     59.500 328.599983  1022.0945     -0.147     -0.443  0.000e+00
     -0.191    30.6573   6.024401    35.7924     2.0650     0.1497          0     59.750 328.599986  1022.0930     -0.190     -0.437  0.000e+00
     -0.245    30.6577   6.024783    35.7948     2.0772     0.1535          0     60.000 328.599988  1022.0944     -0.244     -0.421  0.000e+00
     -0.385    30.6573   6.027454    35.8130     2.1462     0.1520          0     60.250 328.599991  1022.1075     -0.383     -0.422  0.000e+00
     -0.450    30.6578   6.029899    35.8291     2.1353     0.1528          0     60.500 328.599994  1022.1192     -0.448     -0.402  0.000e+00
     -0.472    30.6651   6.031383    35.8337     2.2205     0.1505          0     60.750 328.599997  1022.1200     -0.469     -0.358  0.000e+00
     -0.548    30.6786   6.031641    35.8255     2.3803     0.1581          0     61.000 328.600000  1022.1089     -0.545     -0.335  0.000e+00
     -0.591    30.6918   6.031344    35.8139     2.3915     0.1528          0     61.250 328.600003  1022.0954     -0.588     -0.293  0.000e+00
     -0.623    30.7019   6.031578    35.8081     2.4551     0.1406          0     61.500 328.600006  1022.0874     -0.620     -0.253  0.000e+00
     -0.634    30.7091   6.031679    35.8034     2.4924     0.1489          0     61.750 328.600009  1022.0814     -0.631     -0.228  0.000e+00
     -0.613    30.7138   6.031640    35.7997     2.5002     0.1406          0     62.000 328.600012  1022.0770     -0.609     -0.179  0.000e+00
     -0.461    30.7171   6.031398    35.7957     2.5178     0.1367          0     62.250 328.600014  1022.0735     -0.459     -0.079  0.000e+00
     -0.321    30.7193   6.031445    35.7943     2.5105     0.1390          0     62.500 328.600017  1022.0723     -0.319      0.025  0.000e+00
     -0.245    30.7207   6.031148    35.7913     2.4221     0.1535          0     62.750 328.600020  1022.0699     -0.244      0.124  0.000e+00
     -0.267    30.7211   6.031507    35.7934     2.3818     0.1550          0     63.000 328.600023  1022.0712     -0.265      0.196  0.000e+00
     -0.396    30.7211   6.031500    35.7934     2.3467     0.1520          0     63.250 328.600026  1022.0706     -0.394      0.195  0.000e+00
     -0.537    30.7210   6.031476    35.7933     2.3039     0.1520          0     63.500 328.600029  1022.0700     -0.534      0.131  0.000e+00
     -0.667    30.7203   6.031445    35.7937     2.2921     0.1459          0     63.750 328.600032  1022.0700     -0.663      0.019  0.000e+00
     -0.634    30.7204   6.031476    35.7938     2.2832     0.1505          0     64.000 328.600035  1022.0702     -0.631     -0.086  0.000e+00
     -0.526    30.7201   6.031578    35.7946     2.2959     0.1573          0     64.250 328.600038  1022.0714     -0.523     -0.154  0.000e+00
     -0.407    30.7208   6.031640    35.7945     2.3223     0.1505          0     64.500 328.600041  1022.0716     -0.405     -0.146  0.000e+00
     -0.267    30.7212   6.031578    35.7938     2.3610     0.1543          0     64.750 328.600043  1022.0715     -0.265     -0.058  0.000e+00
     -0.256    30.7217   6.031578    35.7934     2.4100     0.1497          0     65.000 328.600046  1022.0710     -0.255      0.055  0.000e+00
     -0.386    30.7221   6.031640    35.7936     2.4429     0.1558          0     65.250 328.600049  1022.0705     -0.384      0.127  0.000e+00
     -0.591    30.7226   6.031640    35.7933     2.4637     0.1497          0     65.500 328.600052  1022.0692     -0.588      0.109  0.000e+00
     -0.861    30.7228   6.031538    35.7925     2.5210     0.4106          0     65.750 328.600055  1022.0674     -0.857     -0.014  0.000e+00
     -1.056    30.7231   6.031741    35.7937     2.5057     0.3992          0     66.000 328.600058  1022.0674     -1.050     -0.212  0.000e+00
     -1.023    30.7240   6.031843    35.7937     2.5071     0.4053          0     66.250 328.600061  1022.0672     -1.018     -0.364  0.000e+00
     -1.034    30.7244   5.282990    30.8338     2.7307     0.4076          0     66.500 328.600064  1018.3561     -1.028     -0.457  0.000e+00
     -1.045    30.7240   3.323650    18.4285     2.9752     0.4045          0     66.750 328.600067  1009.1155     -1.039     -0.479  0.000e+00
     -1.034    30.7213   0.734697     3.5881     3.1710    48.6749          0     67.000 328.600069   998.1001     -1.029     -0.409  0.000e+00
     -1.045    30.7181   0.626290     3.0256     3.0943    48.6864          0     67.250 328.600072   997.6827     -1.039     -0.287  0.000e+00
     -1.045    30.7149   0.646244     3.1288     3.0235    48.6848          0     67.500 328.600075   997.7605     -1.039     -0.156  0.000e+00
     -1.045    30.7129   0.738310     3.6076     3.0151    48.6810          0     67.750 328.600078   998.1172     -1.039     -0.050  0.000e+00
     -1.056    30.7114   0.770572     3.7767     2.9842    48.6772          0     68.000 328.600081   998.2433     -1.050     -0.006  0.000e+00
     -1.034    30.7104   0.764065     3.7426     2.9141    48.6826          0     68.250 328.600084   998.2184     -1.028     -0.008  0.000e+00
     -1.013    30.7090   0.799951     3.9313     3.1685    48.6871          0     68.500 328.600087   998.3592     -1.007      0.005  0.000e+00
     -1.056    30.7065   0.770059     3.7744     3.1949    48.6833          0     68.750 328.600090   998.2431     -1.050      0.002  0.000e+00
     -1.045    30.7047   0.847448     4.1823     3.1725     0.0589          0     69.000 328.600093   998.5470     -1.039 -3.806e-10  0.000e+00
     -1.056    30.7031   0.944461     4.6984     3.1666     0.0627          0     69.250 328.600095   998.9310     -1.050     -0.001  0.000e+00
     -1.045    30.7016   0.923436     4.5863     3.0291     0.0612          0     69.500 328.600098   998.8482     -1.039     -0.002  0.000e+00
     -1.034    30.7003   0.893694     4.4280     2.9550     0.0604          0     69.750 328.600101   998.7311     -1.029     -0.000  0.000e+00
     -1.023    30.6985   0.731913     3.5752     2.8967    -0.0258          0     70.000 328.600104   998.0977     -1.018      0.004  0.000e+00
     -1.034    30.6962   0.632821     3.0606     2.8393    -0.0242          0     70.250 328.600107   997.7156     -1.029      0.001  0.000e+00
     -1.034    30.6939   0.473705     2.2484     2.7526    -0.0311          0     70.500 328.600110   997.1118     -1.029      0.003  0.000e+00
     -1.034    30.6927   0.373641     1.7480     2.7442    -0.0242          0     70.750 328.600113   996.7394     -1.028      0.012  0.000e+00
     -1.045    30.6927   0.327300     1.5196     2.7685    -0.0296          0     71.000 328.600116   996.5690     -1.039      0.006  0.000e+00
     -1.034    30.6921   0.283352     1.3050     2.7853     0.1070          0     71.250 328.600119   996.4092     -1.028      0.005  0.000e+00
     -1.034    30.6920   0.249359     1.1407     2.8001     0.1085          0     71.500 328.600122   996.2866     -1.029      0.000  0.000e+00
     -1.045    30.6918   0.224687     1.0223     2.7773     0.1100          0     71.750 328.600124   996.1983     -1.039     -0.006  0.000e+00
     -1.023    30.6916   0.204966     0.9283     2.7792     0.1161          0     72.000 328.600127   996.1282     -1.018     -0.002  0.000e+00
