ctd_kilwa/cnv/SBE19plus_01906740_2018_11_26_0068.cnv
* Sea-Bird SBE19plus  Data File:
* FileName = C:\Users\all user\Desktop\Mapping WWF\SBE19plus_01906740_2018_11_26_0068.hex
* Software version 2.6.3.104
* Temperature SN = 6740
* Conductivity SN = 6740
* System UpLoad Time = Nov 26 2018 19:59:57
* <ApplicationData>
* <Seaterm232>
# nquan = 13
# nvalues = 419                                   
# units = specified
# name 0 = prdM: Pressure, Strain Gauge [db]
# name 1 = tv290C: Temperature [ITS-90, deg C]
# name 2 = c0S/m: Conductivity [S/m]
# name 3 = sal00: Salinity, Practical [PSU]
# name 4 = sbeox0ML/L: Oxygen, SBE 43 [ml/l]
# name 5 = flECO-AFL: Fluorescence, WET Labs ECO-AFL/FL [mg/m^3]
# name 6 = nbf: Bottles Fired
# name 7 = timeS: Time, Elapsed [seconds]
# name 8 = timeJ: Julian Days
# name 9 = density00: Density [density, kg/m^3]
# name 10 = depSM: Depth [salt water, m], lat = 0.00
# name 11 = dz/dtM: Descent Rate [m/s]
# name 12 = flag:  0.000e+00
# span 0 =     -1.059,      9.266                 
# span 1 =    28.4806,    28.8450                 
# span 2 =   0.177978,   5.721246                 
# span 3 =     0.8307,    35.2538                 
# span 4 =     2.2301,     3.5948                 
# span 5 =    -0.2325,    48.6826                 
# span 6 =          0,          0                 
# span 7 =      0.000,    104.500                 
# span 8 = 329.593507, 329.594716                 
# span 9 =   996.6108,  1022.4419                 
# span 10 =     -1.053,      9.215                
# span 11 =     -0.699,      0.417                
# span 12 = 0.0000e+00, 0.0000e+00                
# interval = seconds: 0.25
# start_time = Nov 25 2018 14:14:39 [Instrument's time stamp, header]
# bad_flag = -9.990e-29
*END*
     -1.026    28.8450   0.177978     0.8307     3.1104    -0.0242          0      0.000 329.593507   996.6108     -1.020      0.000  0.000e+00
     -1.015    28.8448   0.185644     0.8682     3.1098    -0.0159          0      0.250 329.593510   996.6391     -1.010      0.003  0.000e+00
     -1.015    28.8446   0.229632     1.0853     3.1000    -0.0296          0      0.500 329.593513   996.8017     -1.010      0.005  0.000e+00
     -1.037    28.8450   0.274961     1.3120     3.1051    -0.0143          0      0.750 329.593516   996.9711     -1.031      0.001  0.000e+00
     -1.026    28.8447   0.324005     1.5602     3.0993    -0.0265          0      1.000 329.593519   997.1569     -1.020     -0.000  0.000e+00
     -1.048    28.8444   0.565265     2.8167     3.0747    -0.0258          0      1.250 329.593521   998.0955     -1.042     -0.007  0.000e+00
     -1.059    28.8448   1.021654     5.3086     3.0295    -0.0273          0      1.500 329.593524   999.9530     -1.053     -0.015  0.000e+00
     -1.037    28.8446   0.594086     2.9701     3.0984    -0.0250          0      1.750 329.593527   998.2099     -1.031     -0.015  0.000e+00
     -1.037    28.8419   0.548032     2.7254     3.1226    48.6826          0      2.000 329.593530   998.0282     -1.031     -0.014  0.000e+00
     -1.037    28.8384   0.501765     2.4813     3.1045    48.6749          0      2.250 329.593533   997.8469     -1.031     -0.012  0.000e+00
     -1.048    28.8357   0.491563     2.4278     3.0948    48.6764          0      2.500 329.593536   997.8077     -1.042     -0.009  0.000e+00
     -1.037    28.8344   0.482795     2.3818     3.0941    48.6810          0      2.750 329.593539   997.7738     -1.031     -0.002  0.000e+00
     -1.026    28.8334   0.637438     3.2027     3.0964     0.6128          0      3.000 329.593542   998.3868     -1.021      0.004  0.000e+00
     -1.026    28.8327   0.438802     2.1519     3.1814     0.6105          0      3.250 329.593545   997.6027     -1.021      0.011  0.000e+00
     -0.983    28.8330   0.366721     1.7790     3.2925     0.5998          0      3.500 329.593547   997.3241     -0.978      0.024  0.000e+00
     -0.940    28.8321   0.316756     1.5237     3.4753     0.6098          0      3.750 329.593550   997.1337     -0.935      0.040  0.000e+00
     -0.864    28.8135   0.417237     2.0407     3.5948     0.6029          0      4.000 329.593553   997.5259     -0.859      0.075  0.000e+00
     -0.788    28.7643   1.696550     9.1977     3.4070    48.6757          0      4.250 329.593556  1002.8734     -0.784      0.119  0.000e+00
     -0.723    28.7252   0.615229     3.0905     3.4393    48.6795          0      4.500 329.593559   998.3364     -0.719      0.164  0.000e+00
     -0.702    28.7026   1.498645     8.0508     3.2437    48.6787          0      4.750 329.593562  1002.0388     -0.698      0.190  0.000e+00
     -0.659    28.6895   0.393552     1.9229     3.2646    48.6757          0      5.000 329.593565   997.4752     -0.655      0.208  0.000e+00
     -0.615    28.6814   1.815721     9.9184     3.0206     0.0597          0      5.250 329.593568  1003.4355     -0.612      0.216  0.000e+00
     -0.572    28.6755   2.890458    16.4819     2.8344     0.0612          0      5.500 329.593571  1008.3237     -0.569      0.208  0.000e+00
     -0.518    28.6686   2.950590    16.8613     2.7726     0.0559          0      5.750 329.593573  1008.6086     -0.515      0.198  0.000e+00
     -0.464    28.6623   3.019752    17.2984     2.7539     0.0612          0      6.000 329.593576  1008.9365     -0.461      0.187  0.000e+00
     -0.464    28.6559   2.951542    16.8717     2.8142    48.6719          0      6.250 329.593579  1008.6206     -0.461      0.169  0.000e+00
     -0.475    28.6500   4.704905    28.2702     2.6695    48.6726          0      6.500 329.593582  1017.1323     -0.472      0.146  0.000e+00
     -0.486    28.6439   5.721246    35.2090     2.5922    48.6719          0      6.750 329.593585  1022.3376     -0.483      0.122  0.000e+00
     -0.486    28.6356   5.720948    35.2131     2.6051    48.6734          0      7.000 329.593588  1022.3434     -0.483      0.089  0.000e+00
     -0.453    28.6264   5.719551    35.2102     2.6157    -0.2264          0      7.250 329.593591  1022.3444     -0.451      0.064  0.000e+00
     -0.431    28.6226   5.718521    35.2059     2.6108    -0.2287          0      7.500 329.593594  1022.3426     -0.429      0.046  0.000e+00
     -0.410    28.6235   5.718109    35.2024     2.6087    -0.2264          0      7.750 329.593597  1022.3397     -0.408      0.036  0.000e+00
     -0.410    28.6265   5.718170    35.2005     2.5957    -0.2325          0      8.000 329.593600  1022.3373     -0.408      0.033  0.000e+00
     -0.421    28.6300   5.719658    35.2083     2.5977    -0.2295          0      8.250 329.593602  1022.3419     -0.418      0.038  0.000e+00
     -0.388    28.6338   5.720353    35.2103     2.5959     0.0345          0      8.500 329.593605  1022.3423     -0.386      0.049  0.000e+00
     -0.410    28.6356   5.720353    35.2089     2.6160     0.0376          0      8.750 329.593608  1022.3406     -0.408      0.045  0.000e+00
     -0.410    28.6357   5.719872    35.2055     2.6210     0.0368          0      9.000 329.593611  1022.3380     -0.407      0.034  0.000e+00
     -0.421    28.6349   5.720383    35.2096     2.6310     0.0276          0      9.250 329.593614  1022.3413     -0.418      0.014  0.000e+00
     -0.442    28.6342   5.720154    35.2086     2.6455     0.0688          0      9.500 329.593617  1022.3407     -0.440     -0.004  0.000e+00
     -0.453    28.6351   5.720460    35.2100     2.6557     0.0788          0      9.750 329.593620  1022.3414     -0.450     -0.019  0.000e+00
     -0.464    28.6370   5.720673    35.2101     2.6402     0.0673          0     10.000 329.593623  1022.3408     -0.461     -0.029  0.000e+00
     -0.442    28.6388   5.720864    35.2101     2.6449     0.0658          0     10.250 329.593626  1022.3403     -0.440     -0.029  0.000e+00
     -0.453    28.6413   5.721055    35.2096     2.6315     0.0406          0     10.500 329.593628  1022.3390     -0.450     -0.033  0.000e+00
     -0.420    28.6425   5.721215    35.2098     2.6321     0.0315          0     10.750 329.593631  1022.3390     -0.418     -0.016  0.000e+00
     -0.410    28.6426   5.721185    35.2095     2.6296     0.0292          0     11.000 329.593634  1022.3388     -0.407     -0.001  0.000e+00
     -0.399    28.6412   5.720796    35.2079     2.6156     0.0337          0     11.250 329.593637  1022.3380     -0.397      0.017  0.000e+00
     -0.377    28.6398   5.720574    35.2074     2.6073     0.0505          0     11.500 329.593640  1022.3382     -0.375      0.037  0.000e+00
     -0.345    28.6384   5.720383    35.2070     2.6108     0.0444          0     11.750 329.593643  1022.3385     -0.343      0.055  0.000e+00
     -0.345    28.6365   5.720193    35.2071     2.6138     0.0459          0     12.000 329.593646  1022.3392     -0.343      0.063  0.000e+00
     -0.366    28.6349   5.720223    35.2085     2.6053     0.0467          0     12.250 329.593649  1022.3407     -0.364      0.054  0.000e+00
     -0.377    28.6325   5.720124    35.2097     2.6101     0.0475          0     12.500 329.593652  1022.3423     -0.375      0.043  0.000e+00
     -0.399    28.6295   5.719467    35.2073     2.6261     0.0162          0     12.750 329.593655  1022.3415     -0.397      0.019  0.000e+00
     -0.366    28.6244   5.718460    35.2041     2.6202     0.0238          0     13.000 329.593657  1022.3408     -0.364      0.010  0.000e+00
     -0.356    28.6162   5.717498    35.2035     2.6306     0.0215          0     13.250 329.593660  1022.3432     -0.354      0.004  0.000e+00
     -0.345    28.6068   5.716697    35.2049     3.2900     0.0208          0     13.500 329.593663  1022.3474     -0.343      0.001  0.000e+00
     -0.345    28.5965   5.715606    35.2049     3.3213     0.0505          0     13.750 329.593666  1022.3508     -0.343      0.002  0.000e+00
     -0.301    28.5864   5.714644    35.2058     3.2632     0.0368          0     14.000 329.593669  1022.3550     -0.300      0.023  0.000e+00
     -0.291    28.5780   5.714171    35.2087     3.1818     0.0429          0     14.250 329.593672  1022.3601     -0.289      0.044  0.000e+00
     -0.312    28.5740   5.714103    35.2112     3.0882     0.0383          0     14.500 329.593675  1022.3632     -0.311      0.048  0.000e+00
     -0.323    28.5718   5.714133    35.2130     2.9661     0.0376          0     14.750 329.593678  1022.3652     -0.321      0.043  0.000e+00
     -0.345    28.5717   5.714423    35.2151     2.8350     0.0406          0     15.000 329.593681  1022.3667     -0.343      0.020  0.000e+00
     -0.355    28.5730   5.714744    35.2164     2.6746     0.0398          0     15.250 329.593683  1022.3672     -0.354      0.002  0.000e+00
     -0.345    28.5747   5.714935    35.2165     2.5281     0.0482          0     15.500 329.593686  1022.3668     -0.343     -0.010  0.000e+00
     -0.356    28.5767   5.715003    35.2155     2.5534     0.0444          0     15.750 329.593689  1022.3653     -0.354     -0.022  0.000e+00
     -0.334    28.5784   5.715034    35.2144     2.5696     0.0429          0     16.000 329.593692  1022.3640     -0.332     -0.028  0.000e+00
     -0.302    28.5795   5.715125    35.2142     2.5905     0.0429          0     16.250 329.593695  1022.3636     -0.300     -0.012  0.000e+00
     -0.258    28.5807   5.715034    35.2127     2.5969     0.0513          0     16.500 329.593698  1022.3623     -0.257      0.020  0.000e+00
     -0.247    28.5813   5.715156    35.2131     2.5985     0.0406          0     16.750 329.593701  1022.3624     -0.246      0.045  0.000e+00
     -0.237    28.5813   5.715225    35.2135     2.6037     0.0719          0     17.000 329.593704  1022.3628     -0.235      0.066  0.000e+00
     -0.247    28.5811   5.715034    35.2124     2.6037     0.0589          0     17.250 329.593707  1022.3620     -0.246      0.070  0.000e+00
     -0.226    28.5809   5.714935    35.2118     2.5918     0.0665          0     17.500 329.593709  1022.3617     -0.225      0.070  0.000e+00
     -0.237    28.5801   5.714996    35.2128     2.5841     0.0696          0     17.750 329.593712  1022.3627     -0.235      0.062  0.000e+00
     -0.215    28.5793   5.714935    35.2130     2.5749     0.0559          0     18.000 329.593715  1022.3632     -0.214      0.049  0.000e+00
     -0.204    28.5784   5.714874    35.2132     2.5641     0.0475          0     18.250 329.593718  1022.3637     -0.203      0.037  0.000e+00
     -0.204    28.5780   5.714713    35.2125     2.5704     0.0406          0     18.500 329.593721  1022.3633     -0.203      0.027  0.000e+00
     -0.215    28.5775   5.714507    35.2114     2.5566     0.0437          0     18.750 329.593724  1022.3626     -0.214      0.022  0.000e+00
     -0.204    28.5771   5.714614    35.2125     2.5672     0.0414          0     19.000 329.593727  1022.3635     -0.203      0.020  0.000e+00
     -0.193    28.5767   5.714454    35.2116     2.5563     0.0475          0     19.250 329.593730  1022.3631     -0.192      0.022  0.000e+00
     -0.172    28.5768   5.714584    35.2124     2.5543     0.0444          0     19.500 329.593733  1022.3638     -0.171      0.024  0.000e+00
     -0.139    28.5774   5.714584    35.2120     2.5509     0.0459          0     19.750 329.593736  1022.3634     -0.139      0.036  0.000e+00
     -0.096    28.5776   5.714194    35.2091     2.5451     0.0322          0     20.000 329.593738  1022.3614     -0.095      0.050  0.000e+00
     -0.074    28.5775   5.714263    35.2097     2.5341     0.0223          0     20.250 329.593741  1022.3619     -0.074      0.069  0.000e+00
      0.012    28.5771   5.714294    35.2102     2.5141     0.0368          0     20.500 329.593744  1022.3628      0.012      0.104  0.000e+00
      0.077    28.5772   5.714393    35.2108     2.5109     0.0315          0     20.750 329.593747  1022.3634      0.076      0.142  0.000e+00
      0.131    28.5773   5.714294    35.2100     2.4958     0.0383          0     21.000 329.593750  1022.3631      0.130      0.172  0.000e+00
      0.185    28.5777   5.714324    35.2099     2.4903     0.0574          0     21.250 329.593753  1022.3631      0.184      0.198  0.000e+00
      0.239    28.5787   5.714195    35.2082     2.4832     0.0528          0     21.500 329.593756  1022.3617      0.238      0.215  0.000e+00
      0.261    28.5782   5.714355    35.2096     2.5030     0.0589          0     21.750 329.593759  1022.3630      0.259      0.216  0.000e+00
      0.261    28.5785   5.714141    35.2079     2.5097     0.0658          0     22.000 329.593762  1022.3616      0.259      0.200  0.000e+00
      0.282    28.5782   5.714034    35.2074     2.5182     0.0414          0     22.250 329.593764  1022.3614      0.281      0.177  0.000e+00
      0.326    28.5777   5.714263    35.2094     2.5164     0.0406          0     22.500 329.593767  1022.3633      0.324      0.147  0.000e+00
      0.423    28.5756   5.714325    35.2114     2.5286     0.0467          0     22.750 329.593770  1022.3659      0.421      0.146  0.000e+00
      0.509    28.5721   5.714325    35.2139     2.5460     0.0490          0     23.000 329.593773  1022.3693      0.507      0.161  0.000e+00
      0.553    28.5694   5.714325    35.2159     2.5329     0.0543          0     23.250 329.593776  1022.3720      0.550      0.178  0.000e+00
      0.628    28.5684   5.714264    35.2162     2.5382     0.0467          0     23.500 329.593779  1022.3728      0.625      0.205  0.000e+00
      0.682    28.5680   5.713913    35.2141     2.5429     0.0459          0     23.750 329.593782  1022.3716      0.679      0.234  0.000e+00
      0.736    28.5664   5.713814    35.2145     2.5222     0.0459          0     24.000 329.593785  1022.3727      0.732      0.256  0.000e+00
      0.823    28.5645   5.713653    35.2148     2.5096     0.0459          0     24.250 329.593788  1022.3739      0.818      0.269  0.000e+00
      0.899    28.5631   5.714165    35.2193     2.4979     0.0543          0     24.500 329.593791  1022.3781      0.894      0.272  0.000e+00
      0.931    28.5627   5.715195    35.2268     2.4751     0.0459          0     24.750 329.593793  1022.3839      0.926      0.257  0.000e+00
      0.909    28.5621   5.716141    35.2338     2.4726     0.0414          0     25.000 329.593796  1022.3893      0.904      0.228  0.000e+00
      0.899    28.5613   5.716920    35.2398     2.4674     0.0429          0     25.250 329.593799  1022.3940      0.894      0.192  0.000e+00
      0.899    28.5609   5.715416    35.2297     2.4583     0.0643          0     25.500 329.593802  1022.3866      0.894      0.146  0.000e+00
      0.920    28.5610   5.714073    35.2203     2.4596     0.0673          0     25.750 329.593805  1022.3796      0.915      0.107  0.000e+00
      1.039    28.5595   5.713463    35.2171     2.4447     0.0658          0     26.000 329.593808  1022.3782      1.033      0.098  0.000e+00
      1.158    28.5580   5.713303    35.2171     2.4356     0.0673          0     26.250 329.593811  1022.3792      1.152      0.115  0.000e+00
      1.255    28.5567   5.714081    35.2234     2.4374     0.0429          0     26.500 329.593814  1022.3848      1.248      0.159  0.000e+00
      1.309    28.5560   5.715447    35.2334     2.4262     0.0551          0     26.750 329.593817  1022.3928      1.302      0.214  0.000e+00
      1.309    28.5549   5.716249    35.2398     2.4054     0.0528          0     27.000 329.593819  1022.3979      1.302      0.252  0.000e+00
      1.288    28.5539   5.716890    35.2450     2.4148     0.0505          0     27.250 329.593822  1022.4020      1.281      0.252  0.000e+00
      1.342    28.5540   5.715676    35.2365     2.4203     0.0604          0     27.500 329.593825  1022.3958      1.335      0.238  0.000e+00
