ctd_kilwa/cnv/SBE19plus_01906740_2018_11_26_0071.cnv
* Sea-Bird SBE19plus  Data File:
* FileName = C:\Users\all user\Desktop\Mapping WWF\SBE19plus_01906740_2018_11_26_0071.hex
* Software version 2.6.3.104
* Temperature SN = 6740
* Conductivity SN = 6740
* System UpLoad Time = Nov 26 2018 20:00:43
* <ApplicationData>
* <Seaterm232>
# nquan = 13
# nvalues = 468                                   
# units = specified
# name 0 = prdM: Pressure, Strain Gauge [db]
# name 1 = tv290C: Temperature [ITS-90, deg C]
# name 2 = c0S/m: Conductivity [S/m]
# name 3 = sal00: Salinity, Practical [PSU]
# name 4 = sbeox0ML/L: Oxygen, SBE 43 [ml/l]
# name 5 = flECO-AFL: Fluorescence, WET Labs ECO-AFL/FL [mg/m^3]
# name 6 = nbf: Bottles Fired
# name 7 = timeS: Time, Elapsed [seconds]
# name 8 = timeJ: Julian Days
# name 9 = density00: Density [density, kg/m^3]
# name 10 = depSM: Depth [salt water, m], lat = 0.00
# name 11 = dz/dtM: Descent Rate [m/s]
# name 12 = flag:  0.000e+00
# span 0 =     -1.092,     16.046                 
# span 1 =    28.6931,    29.6065                 
# span 2 =   0.115410,   5.764272                 
# span 3 =     0.5236,    35.3567                 
# span 4 =     2.5710,     5.7530                 
# span 5 =    -0.4362,    48.6772                 
# span 6 =          0,          0                 
# span 7 =      0.000,    116.750                 
# span 8 = 329.635949, 329.637300                 
# span 9 =   996.2368,  1022.4958                 
# span 10 =     -1.086,     15.957                
# span 11 =     -1.106,      0.503                
# span 12 = 0.0000e+00, 0.0000e+00                
# interval = seconds: 0.25
# start_time = Nov 25 2018 15:15:46 [Instrument's time stamp, header]
# bad_flag = -9.990e-29
*END*
[from data line 334]
     16.024    28.7454   5.750864    35.3342     2.6536     0.0589          0     83.500 329.636916  1022.4685     15.935      0.014  0.000e+00
     16.024    28.7459   5.751125    35.3356     2.6452     0.0597          0     83.750 329.636918  1022.4694     15.935      0.012  0.000e+00
     16.024    28.7466   5.751155    35.3353     2.6384     0.0833          0     84.000 329.636921  1022.4690     15.935      0.009  0.000e+00
     16.046    28.7474   5.751025    35.3338     2.6302     0.0795          0     84.250 329.636924  1022.4677     15.957      0.011  0.000e+00
     16.035    28.7480   5.750673    35.3309     2.6176     0.0864          0     84.500 329.636927  1022.4653     15.946      0.010  0.000e+00
     16.024    28.7486   5.750566    35.3298     2.6364     0.0818          0     84.750 329.636930  1022.4641     15.935      0.005  0.000e+00
     16.035    28.7487   5.750926    35.3322     2.6373     0.0711          0     85.000 329.636933  1022.4660     15.946      0.006  0.000e+00
     16.013    28.7493   5.751125    35.3331     2.6404     0.0688          0     85.250 329.636936  1022.4664     15.925     -0.000  0.000e+00
     16.024    28.7499   5.751025    35.3320     2.6350     0.0658          0     85.500 329.636939  1022.4654     15.936     -0.002  0.000e+00
     16.013    28.7503   5.750818    35.3303     2.6283     0.0734          0     85.750 329.636942  1022.4639     15.925     -0.007  0.000e+00
     16.013    28.7503   5.751056    35.3319     2.6317     0.0673          0     86.000 329.636944  1022.4651     15.925     -0.011  0.000e+00
     16.013    28.7508   5.751086    35.3317     2.6174     0.0688          0     86.250 329.636947  1022.4649     15.925     -0.015  0.000e+00
     16.002    28.7515   5.750834    35.3295     2.6031     0.0711          0     86.500 329.636950  1022.4629     15.914     -0.014  0.000e+00
     15.981    28.7525   5.750834    35.3287     2.5872     0.0688          0     86.750 329.636953  1022.4618     15.892     -0.019  0.000e+00
     15.927    28.7543   5.750696    35.3264     2.5875     0.0627          0     87.000 329.636956  1022.4593     15.839     -0.038  0.000e+00
     15.743    28.7570   5.750122    35.3205     2.5960     0.0704          0     87.250 329.636959  1022.4532     15.656     -0.097  0.000e+00
     15.516    28.7639   5.749601    35.3119     2.5904     0.0688          0     87.500 329.636962  1022.4434     15.430     -0.203  0.000e+00
     15.256    28.7781   5.749249    35.2989     2.5746     0.0696          0     87.750 329.636965  1022.4279     15.172     -0.342  0.000e+00
     15.051    28.7975   5.748950    35.2825     2.5811     0.0711          0     88.000 329.636968  1022.4082     14.968     -0.489  0.000e+00
     14.792    28.8193   5.748927    35.2663     2.5899     0.0810          0     88.250 329.636970  1022.3877     14.710     -0.640  0.000e+00
     14.532    28.8367   5.749278    35.2559     2.5845     0.0833          0     88.500 329.636973  1022.3730     14.452     -0.779  0.000e+00
     14.294    28.8484   5.749308    35.2476     2.5767     0.0818          0     88.750 329.636976  1022.3618     14.215     -0.886  0.000e+00
     14.078    28.8578   5.749140    35.2395     2.5710     0.0879          0     89.000 329.636979  1022.3516     14.000     -0.945  0.000e+00
     13.905    28.8665   5.749086    35.2327     2.5761     0.0826          0     89.250 329.636982  1022.3429     13.828     -0.940  0.000e+00
     13.819    28.8731   5.748894    35.2266     2.5750     0.0780          0     89.500 329.636985  1022.3357     13.742     -0.886  0.000e+00
     13.808    28.8777   5.748894    35.2232     2.5761     0.0765          0     89.750 329.636988  1022.3316     13.732     -0.781  0.000e+00
     13.819    28.8819   5.748695    35.2187     2.5798     0.0749          0     90.000 329.636991  1022.3268     13.742     -0.646  0.000e+00
     13.711    28.8848   5.748642    35.2162     2.5847     0.0589          0     90.250 329.636994  1022.3236     13.635     -0.513  0.000e+00
     13.495    28.8867   5.748634    35.2148     2.5936     0.0574          0     90.500 329.636997  1022.3209     13.420     -0.435  0.000e+00
     13.213    28.8885   5.748794    35.2147     2.5919     0.0543          0     90.750 329.636999  1022.3190     13.140     -0.431  0.000e+00
     12.911    28.8906   5.749115    35.2154     2.6047     0.0597          0     91.000 329.637002  1022.3176     12.839     -0.499  0.000e+00
     12.641    28.8946   5.749230    35.2133     2.6086     0.0620          0     91.250 329.637005  1022.3136     12.571     -0.620  0.000e+00
     12.403    28.8996   5.749505    35.2116     2.6168     0.0543          0     91.500 329.637008  1022.3096     12.334     -0.765  0.000e+00
     12.143    28.9034   5.749796    35.2109     2.6207     0.0574          0     91.750 329.637011  1022.3067     12.076     -0.909  0.000e+00
     11.797    28.9063   5.750408    35.2131     2.6173     0.0582          0     92.000 329.637014  1022.3059     11.732     -1.036  0.000e+00
     11.516    28.9085   5.751058    35.2160     2.6107     0.0521          0     92.250 329.637017  1022.3061     11.453     -1.101  0.000e+00
     11.300    28.9162   5.750859    35.2090     2.6152     0.0589          0     92.500 329.637020  1022.2974     11.238     -1.106  0.000e+00
     11.127    28.9327   5.749955    35.1907     2.6117     0.0543          0     92.750 329.637023  1022.2773     11.066     -1.069  0.000e+00
     11.030    28.9462   5.748891    35.1734     2.5959     0.0574          0     93.000 329.637025  1022.2594     10.969     -0.993  0.000e+00
     11.008    28.9553   5.748141    35.1615     2.6209     0.0612          0     93.250 329.637028  1022.2474     10.947     -0.879  0.000e+00
     11.008    28.9572   5.747820    35.1579     2.6036     0.0925          0     93.500 329.637031  1022.2440     10.947     -0.727  0.000e+00
     10.911    28.9551   5.748402    35.1635     2.6319     0.0948          0     93.750 329.637034  1022.2485     10.850     -0.572  0.000e+00
     10.684    28.9545   5.746825    35.1531     2.6559     0.0879          0     94.000 329.637037  1022.2400     10.625     -0.465  0.000e+00
     10.327    28.9556   5.746435    35.1497     2.7039     0.0994          0     94.250 329.637040  1022.2355     10.270     -0.471  0.000e+00
     10.057    28.9657   5.745073    35.1330     2.7334     0.0566          0     94.500 329.637043  1022.2184     10.001     -0.544  0.000e+00
      9.840    28.9891   5.743948    35.1081     2.7323     0.0505          0     94.750 329.637046  1022.1910      9.786     -0.650  0.000e+00
      9.743    29.0198   5.742724    35.0771     2.7148     0.0612          0     95.000 329.637049  1022.1570      9.689     -0.743  0.000e+00
      9.645    29.0456   5.739764    35.0378     2.6855     0.0543          0     95.250 329.637052  1022.1185      9.592     -0.801  0.000e+00
      9.440    29.0502   5.738441    35.0254     2.6681     0.0459          0     95.500 329.637054  1022.1067      9.388     -0.829  0.000e+00
      9.192    29.0508   5.735216    35.0028     2.6998     0.0498          0     95.750 329.637057  1022.0885      9.141     -0.819  0.000e+00
      8.910    29.0553   5.730752    34.9689     2.7278     0.0429          0     96.000 329.637060  1022.0604      8.861     -0.795  0.000e+00
      8.608    29.0838   5.726993    34.9224     2.7419     0.0459          0     96.250 329.637063  1022.0146      8.560     -0.794  0.000e+00
      8.283    29.1321   5.724067    34.8671     2.7936     0.0459          0     96.500 329.637066  1021.9555      8.238     -0.861  0.000e+00
      7.981    29.1693   5.719576    34.8093     2.8946     0.0704          0     96.750 329.637069  1021.8984      7.937     -0.961  0.000e+00
      7.743    29.1934   5.717309    34.7763     3.0072     0.0696          0     97.000 329.637072  1021.8645      7.700     -1.060  0.000e+00
      7.548    29.2088   5.715728    34.7543     3.1393     0.0704          0     97.250 329.637075  1021.8420      7.507     -1.102  0.000e+00
      7.505    29.2228   5.714065    34.7328     3.2716     0.0673          0     97.500 329.637078  1021.8210      7.464     -1.042  0.000e+00
      7.451    29.2203   5.715377    34.7436     3.3805     0.0299          0     97.750 329.637080  1021.8297      7.410     -0.922  0.000e+00
      7.332    29.2036   5.709068    34.7125     3.5255     0.0292          0     98.000 329.637083  1021.8115      7.292     -0.785  0.000e+00
      7.073    29.1881   5.706124    34.7036     3.6568     0.0330          0     98.250 329.637086  1021.8089      7.034     -0.686  0.000e+00
      6.759    29.1749   5.703584    34.6959     3.7422     0.0353          0     98.500 329.637089  1021.8062      6.722     -0.649  0.000e+00
      6.522    29.1668   5.700565    34.6812     3.8172     0.0849          0     98.750 329.637092  1021.7968      6.486     -0.661  0.000e+00
      6.403    29.1711   5.700215    34.6757     3.8621     0.0818          0     99.000 329.637095  1021.7907      6.367     -0.687  0.000e+00
      6.305    29.1872   5.700085    34.6631     3.9032     0.0749          0     99.250 329.637098  1021.7755      6.271     -0.714  0.000e+00
      6.284    29.1946   5.701426    34.6670     3.9428     0.0826          0     99.500 329.637101  1021.7758      6.249     -0.716  0.000e+00
      6.284    29.1941   5.701975    34.6711     3.9679     0.0406          0     99.750 329.637104  1021.7791      6.249     -0.647  0.000e+00
      6.262    29.1906   5.703790    34.6861     3.9962     0.0437          0    100.000 329.637106  1021.7914      6.228     -0.521  0.000e+00
      6.230    29.1841   5.707374    34.7154     4.0112     0.0406          0    100.250 329.637109  1021.8154      6.195     -0.364  0.000e+00
      6.143    29.1682   5.705582    34.7147     4.0411     0.0444          0    100.500 329.637112  1021.8199      6.109     -0.243  0.000e+00
      6.035    29.1474   5.703280    34.7140     4.0561     0.0498          0    100.750 329.637115  1021.8258      6.002     -0.193  0.000e+00
      5.862    29.1357   5.700825    34.7057     4.0815     0.0597          0    101.000 329.637118  1021.8228      5.830     -0.220  0.000e+00
      5.592    29.1301   5.699422    34.7002     4.0942     0.0559          0    101.250 329.637121  1021.8194      5.561     -0.316  0.000e+00
      5.354    29.1298   5.698431    34.6937     4.0973     0.0559          0    101.500 329.637124  1021.8136      5.324     -0.453  0.000e+00
      5.170    29.1345   5.698553    34.6911     4.0717     0.0597          0    101.750 329.637127  1021.8093      5.142     -0.582  0.000e+00
      4.932    29.1419   5.699162    34.6901     4.0676     0.0406          0    102.000 329.637130  1021.8050      4.905     -0.701  0.000e+00
      4.640    29.1530   5.697500    34.6706     4.0817     0.0536          0    102.250 329.637133  1021.7855      4.615     -0.815  0.000e+00
      4.359    29.1585   5.697851    34.6692     4.0734     0.0459          0    102.500 329.637135  1021.7814      4.335     -0.907  0.000e+00
      4.046    29.1611   5.698712    34.6733     4.0612     0.0444          0    102.750 329.637138  1021.7822      4.024     -0.986  0.000e+00
      3.775    29.1807   5.699451    34.6642     4.0474     0.0681          0    103.000 329.637141  1021.7677      3.755     -1.034  0.000e+00
      3.559    29.2174   5.699892    34.6407     4.0373     0.0665          0    103.250 329.637144  1021.7368      3.540     -1.046  0.000e+00
      3.430    29.2573   5.699861    34.6118     4.0220     0.0650          0    103.500 329.637147  1021.7012      3.411     -1.029  0.000e+00
      3.397    29.2899   5.699319    34.5845     4.0047     0.0734          0    103.750 329.637150  1021.6697      3.379     -0.956  0.000e+00
      3.430    29.3069   5.697817    34.5620     3.9882     0.0337          0    104.000 329.637153  1021.6472      3.411     -0.806  0.000e+00
      3.343    29.3042   5.696613    34.5558     3.9875     0.0276          0    104.250 329.637156  1021.6430      3.325     -0.641  0.000e+00
      3.073    29.2955   5.696415    34.5607     4.0163     0.0322          0    104.500 329.637159  1021.6485      3.056     -0.540  0.000e+00
      2.738    29.2874   5.698107    34.5782     4.0064     0.0269          0    104.750 329.637161  1021.6629      2.723     -0.518  0.000e+00
      2.413    29.2794   5.698198    34.5847     3.9718     0.0261          0    105.000 329.637164  1021.6691      2.400     -0.579  0.000e+00
      2.132    29.2995   5.697496    34.5655     3.9181     0.0711          0    105.250 329.637167  1021.6467      2.120     -0.696  0.000e+00
      2.024    29.3276   5.697084    34.5425     3.8874     0.0726          0    105.500 329.637170  1021.6196      2.013     -0.804  0.000e+00
      1.819    29.3422   5.695842    34.5236     3.8589     0.0673          0    105.750 329.637173  1021.5996      1.809     -0.908  0.000e+00
      1.549    29.3405   5.695872    34.5251     4.2481     0.0673          0    106.000 329.637176  1021.6001      1.540     -0.987  0.000e+00
      1.192    29.3284   5.696482    34.5380     4.1145     0.0627          0    106.250 329.637179  1021.6124      1.185     -1.027  0.000e+00
      0.911    29.3227   5.696093    34.5396     4.0131     0.0620          0    106.500 329.637182  1021.6142      0.906     -1.022  0.000e+00
      0.608    29.3277   3.374139    19.2788     4.2757     0.0604          0    106.750 329.637185  1010.2069      0.605     -1.026  0.000e+00
      0.348    29.3340   2.939733    16.5636     4.2505     0.0543          0    107.000 329.637187  1008.1825      0.347     -1.046  0.000e+00
      0.229    29.3335   2.920754    16.4464     4.1557     0.0391          0    107.250 329.637190  1008.0949      0.228     -1.046  0.000e+00
      0.132    29.3279   3.155962    17.9101     4.0383     0.0307          0    107.500 329.637193  1009.1857      0.131     -1.021  0.000e+00
     -0.041    29.3222   4.138632    24.1688     3.7822     0.0315          0    107.750 329.637196  1013.8512     -0.041     -0.945  0.000e+00
     -0.322    29.3175   0.801849     4.0534     5.0033     0.0261          0    108.000 329.637199   998.8798     -0.320     -0.874  0.000e+00
     -0.549    29.3030   1.191794     6.2081     5.7530    -0.0189          0    108.250 329.637202  1000.4871     -0.546     -0.812  0.000e+00
     -0.657    29.2799   1.205411     6.2876     5.5252    -0.0242          0    108.500 329.637205  1000.5528     -0.654     -0.757  0.000e+00
     -0.690    29.2660   0.392567     1.8954     5.4084    -0.0166          0    108.750 329.637208   997.2843     -0.686     -0.681  0.000e+00
     -0.668    29.2577   1.314334     6.9062     5.0008    -0.0204          0    109.000 329.637211  1001.0197     -0.664     -0.594  0.000e+00
     -0.636    29.2536   5.273606    31.7189     4.1109    -0.0189          0    109.250 329.637214  1019.5160     -0.632     -0.500  0.000e+00
     -0.538    29.2483   3.777822    21.8781     4.0760     0.3954          0    109.500 329.637216  1012.1643     -0.535     -0.353  0.000e+00
     -0.463    29.2433   2.900413    16.3510     3.8868     0.3954          0    109.750 329.637219  1008.0494     -0.460     -0.168  0.000e+00
     -0.398    29.2393   2.977496    16.8304     3.5629     0.4007          0    110.000 329.637222  1008.4077     -0.396      0.017  0.000e+00
     -0.365    29.2354   3.014627    17.0625     3.4297     0.3969          0    110.250 329.637225  1008.5818     -0.363      0.140  0.000e+00
     -0.355    29.2337   2.899926    16.3513     3.5408     0.0322          0    110.500 329.637228  1008.0530     -0.353      0.193  0.000e+00
     -0.430    29.2327   2.865600    16.1392     3.5849     0.0345          0    110.750 329.637231  1007.8952     -0.428      0.177  0.000e+00
