ctd_kilwa/cnv/SBE19plus_01906740_2018_11_26_0045.cnv
* Sea-Bird SBE19plus  Data File:
* FileName = C:\Users\all user\Desktop\Mapping WWF\SBE19plus_01906740_2018_11_26_0045.hex
* Software version 2.6.3.104
* Temperature SN = 6740
* Conductivity SN = 6740
* System UpLoad Time = Nov 26 2018 19:54:34
* <ApplicationData>
* <Seaterm232>
# nquan = 13
# nvalues = 566                                   
# units = specified
# name 0 = prdM: Pressure, Strain Gauge [db]
# name 1 = tv290C: Temperature [ITS-90, deg C]
# name 2 = c0S/m: Conductivity [S/m]
# name 3 = sal00: Salinity, Practical [PSU]
# name 4 = sbeox0ML/L: Oxygen, SBE 43 [ml/l]
# name 5 = flECO-AFL: Fluorescence, WET Labs ECO-AFL/FL [mg/m^3]
# name 6 = nbf: Bottles Fired
# name 7 = timeS: Time, Elapsed [seconds]
# name 8 = timeJ: Julian Days
# name 9 = density00: Density [density, kg/m^3]
# name 10 = depSM: Depth [salt water, m], lat = 0.00
# name 11 = dz/dtM: Descent Rate [m/s]
# name 12 = flag:  0.000e+00
# span 0 =     -1.026,      8.974                 
# span 1 =    28.3408,    29.4103                 
# span 2 =   0.518489,   5.829003                 
# span 3 =     2.5439,    35.7173                 
# span 4 =     2.0505,     3.5944                 
# span 5 =    -0.3187,    48.6940                 
# span 6 =          0,          0                 
# span 7 =      0.000,    141.250                 
# span 8 = 328.485174, 328.486808                 
# span 9 =   997.7495,  1022.6136                 
# span 10 =     -1.020,      8.925                
# span 11 =     -0.668,      0.465                
# span 12 = 0.0000e+00, 0.0000e+00                
# interval = seconds: 0.25
# start_time = Nov 24 2018 11:38:39 [Instrument's time stamp, header]
# bad_flag = -9.990e-29
*END*
[from data line 445]
      8.326    28.3507   5.693281    35.2297     2.5416     0.0459          0    111.250 328.486461  1022.4879      8.280      0.020  0.000e+00
      8.283    28.3504   5.693281    35.2299     2.5454     0.0917          0    111.500 328.486464  1022.4879      8.237      0.006  0.000e+00
      8.077    28.3501   5.693212    35.2297     2.5482     0.0932          0    111.750 328.486467  1022.4870      8.033     -0.055  0.000e+00
      7.894    28.3498   5.693151    35.2296     2.5605     0.0925          0    112.000 328.486470  1022.4862      7.850     -0.152  0.000e+00
      7.850    28.3498   5.693151    35.2296     2.5822     0.0963          0    112.250 328.486473  1022.4860      7.807     -0.241  0.000e+00
      7.785    28.3507   5.693372    35.2305     2.6086     0.0429          0    112.500 328.486476  1022.4861      7.743     -0.314  0.000e+00
      7.558    28.3517   5.693440    35.2303     2.6563     0.0490          0    112.750 328.486479  1022.4847      7.517     -0.407  0.000e+00
      7.353    28.3526   5.693470    35.2298     2.6723     0.0406          0    113.000 328.486481  1022.4832      7.312     -0.497  0.000e+00
      7.212    28.3531   5.693470    35.2295     2.6800     0.0406          0    113.250 328.486484  1022.4822      7.173     -0.559  0.000e+00
      7.126    28.3536   5.693501    35.2294     2.6775     0.0452          0    113.500 328.486487  1022.4815      7.087     -0.573  0.000e+00
      6.910    28.3543   5.693562    35.2294     2.6748     0.0589          0    113.750 328.486490  1022.4804      6.872     -0.579  0.000e+00
      6.682    28.3551   5.693592    35.2291     2.6699     0.0612          0    114.000 328.486493  1022.4789      6.646     -0.622  0.000e+00
      6.553    28.3555   5.693592    35.2288     2.6618     0.0551          0    114.250 328.486496  1022.4780      6.517     -0.668  0.000e+00
      6.510    28.3559   5.693691    35.2292     2.6455     0.0604          0    114.500 328.486499  1022.4780      6.474     -0.651  0.000e+00
      6.423    28.3567   5.693775    35.2292     2.6296     0.0749          0    114.750 328.486502  1022.4774      6.388     -0.589  0.000e+00
      6.250    28.3578   5.693912    35.2294     2.6398     0.0772          0    115.000 328.486505  1022.4764      6.216     -0.558  0.000e+00
      6.066    28.3591   5.694041    35.2294     2.6328     0.0833          0    115.250 328.486508  1022.4752      6.033     -0.557  0.000e+00
      5.991    28.3606   5.694171    35.2292     2.6307     0.0788          0    115.500 328.486510  1022.4742      5.958     -0.538  0.000e+00
      5.958    28.3620   5.694391    35.2297     2.6168     0.0620          0    115.750 328.486513  1022.4740      5.925     -0.474  0.000e+00
      5.839    28.3640   5.694612    35.2298     2.6029     0.0574          0    116.000 328.486516  1022.4729      5.807     -0.437  0.000e+00
      5.655    28.3681   5.695123    35.2304     2.6094     0.0589          0    116.250 328.486519  1022.4712      5.624     -0.453  0.000e+00
      5.504    28.3733   5.695892    35.2319     2.6043     0.0597          0    116.500 328.486522  1022.4700      5.474     -0.484  0.000e+00
      5.439    28.3779   5.696288    35.2313     2.5963     0.0353          0    116.750 328.486525  1022.4677      5.409     -0.476  0.000e+00
      5.439    28.3812   5.696372    35.2294     2.5768     0.0368          0    117.000 328.486528  1022.4652      5.409     -0.427  0.000e+00
      5.407    28.3835   5.696402    35.2279     2.5643     0.0276          0    117.250 328.486531  1022.4632      5.377     -0.378  0.000e+00
      5.266    28.3864   5.696753    35.2282     2.5691     0.0376          0    117.500 328.486534  1022.4619      5.237     -0.371  0.000e+00
      5.137    28.3944   5.698094    35.2317     2.5603     0.0223          0    117.750 328.486536  1022.4613      5.108     -0.371  0.000e+00
      5.072    28.4026   5.698925    35.2314     2.5636     0.0490          0    118.000 328.486539  1022.4580      5.044     -0.342  0.000e+00
      5.061    28.4089   5.699275    35.2291     2.5529     0.0589          0    118.250 328.486542  1022.4542      5.033     -0.297  0.000e+00
      4.996    28.4130   5.699336    35.2265     2.5345     0.0612          0    118.500 328.486545  1022.4506      4.969     -0.278  0.000e+00
      4.802    28.4201   5.700586    35.2300     2.5361     0.0574          0    118.750 328.486548  1022.4501      4.775     -0.318  0.000e+00
      4.639    28.4342   5.703200    35.2378     2.5205     0.0498          0    119.000 328.486551  1022.4506      4.614     -0.375  0.000e+00
      4.629    28.4507   5.704954    35.2377     2.5085     0.0482          0    119.250 328.486554  1022.4450      4.603     -0.383  0.000e+00
      4.585    28.4634   5.705533    35.2323     2.4854     0.0444          0    119.500 328.486557  1022.4366      4.560     -0.358  0.000e+00
      4.510    28.4712   5.705403    35.2256     2.4745     0.0398          0    119.750 328.486560  1022.4287      4.485     -0.346  0.000e+00
      4.326    28.4842   5.707516    35.2307     2.4840     0.0574          0    120.000 328.486562  1022.4274      4.302     -0.376  0.000e+00
      4.185    28.5071   5.711222    35.2396     2.4768     0.0597          0    120.250 328.486565  1022.4259      4.162     -0.410  0.000e+00
      4.174    28.5259   5.712298    35.2330     2.4786     0.0604          0    120.500 328.486568  1022.4147      4.152     -0.392  0.000e+00
      4.153    28.5356   5.711893    35.2231     2.4543     0.0543          0    120.750 328.486571  1022.4039      4.130     -0.342  0.000e+00
      4.045    28.5428   5.712152    35.2195     2.4513     0.0337          0    121.000 328.486574  1022.3984      4.022     -0.330  0.000e+00
      3.861    28.5546   5.713945    35.2233     2.4550     0.0315          0    121.250 328.486577  1022.3965      3.840     -0.371  0.000e+00
      3.709    28.5699   5.716150    35.2272     2.4651     0.0360          0    121.500 328.486580  1022.3938      3.689     -0.403  0.000e+00
      3.655    28.5819   5.716890    35.2235     2.4519     0.0337          0    121.750 328.486583  1022.3868      3.635     -0.403  0.000e+00
      3.623    28.5892   5.716822    35.2176     2.4346     0.0284          0    122.000 328.486586  1022.3798      3.603     -0.375  0.000e+00
      3.439    28.5948   5.717050    35.2152     2.4460    -0.0044          0    122.250 328.486589  1022.3753      3.420     -0.398  0.000e+00
      3.288    28.6032   5.718554    35.2194     2.4518    -0.0044          0    122.500 328.486591  1022.3751      3.270     -0.449  0.000e+00
      3.223    28.6132   5.719836    35.2209     2.4538    -0.0006          0    122.750 328.486594  1022.3726      3.205     -0.461  0.000e+00
      3.201    28.6208   5.720195    35.2178     2.4441    -0.0006          0    123.000 328.486597  1022.3676      3.184     -0.423  0.000e+00
      3.115    28.6259   5.720225    35.2142     2.4440     0.0467          0    123.250 328.486600  1022.3628      3.098     -0.381  0.000e+00
      2.888    28.6305   5.720736    35.2144     2.4435     0.0414          0    123.500 328.486603  1022.3605      2.872     -0.398  0.000e+00
      2.769    28.6356   5.721439    35.2155     2.4460     0.0406          0    123.750 328.486606  1022.3591      2.754     -0.432  0.000e+00
      2.747    28.6395   5.721889    35.2158     2.4322     0.0429          0    124.000 328.486609  1022.3580      2.732     -0.428  0.000e+00
      2.726    28.6427   5.722049    35.2145     2.4248     0.0055          0    124.250 328.486612  1022.3559      2.711     -0.380  0.000e+00
      2.650    28.6455   5.722309    35.2142     2.4288     0.0063          0    124.500 328.486615  1022.3544      2.635     -0.353  0.000e+00
      2.466    28.6479   5.722599    35.2145     2.4317     0.0086          0    124.750 328.486617  1022.3530      2.452     -0.373  0.000e+00
      2.358    28.6500   5.722897    35.2151     2.4323     0.0055          0    125.000 328.486620  1022.3523      2.345     -0.389  0.000e+00
      2.336    28.6524   5.723240    35.2157     2.4439     0.0047          0    125.250 328.486623  1022.3519      2.323     -0.361  0.000e+00
      2.347    28.6550   5.723431    35.2151     2.4332     0.0093          0    125.500 328.486626  1022.3506      2.334     -0.300  0.000e+00
      2.250    28.6576   5.723782    35.2156     2.4288     0.0086          0    125.750 328.486629  1022.3497      2.237     -0.290  0.000e+00
      2.077    28.6604   5.724202    35.2165     2.4317     0.0116          0    126.000 328.486632  1022.3487      2.065     -0.323  0.000e+00
      1.990    28.6637   5.724622    35.2170     2.4496     0.0116          0    126.250 328.486635  1022.3476      1.979     -0.340  0.000e+00
      2.022    28.6665   5.724905    35.2169     2.4517     0.0330          0    126.500 328.486638  1022.3468      2.011     -0.306  0.000e+00
      2.001    28.6687   5.725065    35.2164     2.4770     0.0360          0    126.750 328.486641  1022.3455      1.990     -0.255  0.000e+00
      1.882    28.6703   5.725164    35.2159     2.4939     0.0322          0    127.000 328.486644  1022.3441      1.871     -0.255  0.000e+00
      1.720    28.6720   5.725324    35.2158     2.5020     0.0330          0    127.250 328.486646  1022.3428      1.710     -0.294  0.000e+00
      1.633    28.6739   5.725645    35.2167     2.5179     0.0215          0    127.500 328.486649  1022.3424      1.624     -0.322  0.000e+00
      1.633    28.6752   5.725798    35.2168     2.5168     0.0276          0    127.750 328.486652  1022.3421      1.624     -0.298  0.000e+00
      1.633    28.6761   5.725836    35.2164     2.4996     0.0139          0    128.000 328.486655  1022.3415      1.624     -0.260  0.000e+00
      1.601    28.6773   5.726065    35.2171     2.4860     0.0170          0    128.250 328.486658  1022.3415      1.592     -0.247  0.000e+00
      1.450    28.6785   5.726317    35.2180     2.4607     0.0261          0    128.500 328.486661  1022.3411      1.442     -0.272  0.000e+00
      1.277    28.6799   5.726477    35.2181     2.4439     0.0170          0    128.750 328.486664  1022.3400      1.270     -0.295  0.000e+00
      1.255    28.6812   5.726661    35.2184     2.4535     0.0223          0    129.000 328.486667  1022.3397      1.248     -0.282  0.000e+00
      1.277    28.6824   5.726676    35.2176     2.4542     0.0177          0    129.250 328.486670  1022.3388      1.270     -0.254  0.000e+00
      1.255    28.6836   5.726867    35.2180     2.4551     0.0086          0    129.500 328.486672  1022.3386      1.248     -0.244  0.000e+00
      1.244    28.6859   5.727279    35.2192     2.4288     0.0047          0    129.750 328.486675  1022.3387      1.237     -0.236  0.000e+00
      1.266    28.6887   5.727699    35.2201     2.4264     0.0101          0    130.000 328.486678  1022.3385      1.259     -0.195  0.000e+00
      1.277    28.6914   5.727829    35.2190     2.4365     0.0063          0    130.250 328.486681  1022.3369      1.270     -0.128  0.000e+00
      1.179    28.6928   5.727890    35.2183     2.4339     0.0063          0    130.500 328.486684  1022.3355      1.173     -0.073  0.000e+00
      0.920    28.6942   5.728050    35.2185     2.4478     0.0192          0    130.750 328.486687  1022.3340      0.915     -0.109  0.000e+00
      0.715    28.6959   5.728279    35.2189     2.4475     0.0200          0    131.000 328.486690  1022.3329      0.711     -0.223  0.000e+00
      0.585    28.6973   5.728371    35.2185     2.4807     0.0200          0    131.250 328.486693  1022.3316      0.582     -0.342  0.000e+00
      0.563    28.6980   5.728310    35.2176     2.4978     0.0231          0    131.500 328.486696  1022.3306      0.560     -0.414  0.000e+00
      0.433    28.6999   5.728669    35.2187     2.5083     0.0475          0    131.750 328.486698  1022.3302      0.431     -0.480  0.000e+00
      0.228    28.7035   5.729432    35.2214     2.5110     0.0444          0    132.000 328.486701  1022.3302      0.227     -0.550  0.000e+00
      0.044    28.7086   5.730143    35.2226     2.4978     0.0475          0    132.250 328.486704  1022.3286      0.044     -0.594  0.000e+00
     -0.032    28.7140   5.730815    35.2233     2.4914     0.0429          0    132.500 328.486707  1022.3270     -0.031     -0.573  0.000e+00
     -0.150    28.7194   5.731166    35.2218     2.4815    -0.3187          0    132.750 328.486710  1022.3236     -0.150     -0.529  0.000e+00
     -0.345    28.7244   5.731074    35.2174     2.5140    -0.3119          0    133.000 328.486713  1022.3178     -0.343     -0.535  0.000e+00
     -0.453    28.7321   5.732648    35.2227     2.5659    -0.3126          0    133.250 328.486716  1022.3187     -0.451     -0.554  0.000e+00
     -0.453    28.7443   5.734643    35.2275     2.5789    -0.3180          0    133.500 328.486719  1022.3182     -0.451     -0.538  0.000e+00
     -0.378    28.7562   5.735606    35.2253     2.5743    48.6940          0    133.750 328.486722  1022.3130     -0.375     -0.440  0.000e+00
     -0.356    28.7655   5.736377    35.2238     2.5627    48.6833          0    134.000 328.486725  1022.3088     -0.354     -0.316  0.000e+00
     -0.302    28.7710   5.736393    35.2198     2.5622    48.6696          0    134.250 328.486727  1022.3043     -0.300     -0.195  0.000e+00
     -0.259    28.7742   5.736446    35.2177     2.5517    48.6764          0    134.500 328.486730  1022.3018     -0.257     -0.087  0.000e+00
     -0.259    28.7786   5.736928    35.2178     2.5403    48.6871          0    134.750 328.486733  1022.3004     -0.257      0.015  0.000e+00
     -0.237    28.7872   5.738212    35.2204     2.5365     1.2453          0    135.000 328.486736  1022.2996     -0.236      0.099  0.000e+00
     -0.215    28.7964   5.739312    35.2211     2.5299     1.2400          0    135.250 328.486739  1022.2971     -0.214      0.129  0.000e+00
     -0.215    28.8077   5.740757    35.2228     2.5343     1.2423          0    135.500 328.486742  1022.2946     -0.214      0.115  0.000e+00
     -0.194    28.8187   5.741759    35.2216     2.5236     1.2468          0    135.750 328.486745  1022.2902     -0.193      0.090  0.000e+00
     -0.194    28.8283   5.742500    35.2196     2.5247    -0.0403          0    136.000 328.486748  1022.2855     -0.193      0.074  0.000e+00
     -0.183    28.8349   5.742913    35.2176     2.5192    -0.0349          0    136.250 328.486751  1022.2818     -0.182      0.055  0.000e+00
     -0.194    28.8391   5.742928    35.2146     2.5064    -0.0441          0    136.500 328.486753  1022.2781     -0.193      0.040  0.000e+00
     -0.161    28.8410   5.742913    35.2131     2.5104    -0.0380          0    136.750 328.486756  1022.2765     -0.160      0.040  0.000e+00
     -0.161    28.8419   5.743043    35.2133     2.5091     0.1505          0    137.000 328.486759  1022.2764     -0.160      0.035  0.000e+00
     -0.140    28.8431   5.743334    35.2144     2.5191     0.1604          0    137.250 328.486762  1022.2769     -0.139      0.035  0.000e+00
     -0.183    28.8449   5.743433    35.2138     2.5302     0.1550          0    137.500 328.486765  1022.2756     -0.182      0.025  0.000e+00
     -0.194    28.8463   5.743548    35.2136     2.5382     0.1573          0    137.750 328.486768  1022.2749     -0.193      0.010  0.000e+00
     -0.226    28.8477   5.743724    35.2137     2.5587     0.1589          0    138.000 328.486771  1022.2745     -0.225     -0.008  0.000e+00
     -0.388    28.8486   5.743854    35.2140     2.5623     0.1650          0    138.250 328.486774  1022.2737     -0.386     -0.067  0.000e+00
     -0.615    28.8492   5.743402    35.2105     2.5855     0.1703          0    138.500 328.486777  1022.2699     -0.612     -0.170  0.000e+00
