ctd_kilwa/cnv/SBE19plus_01906740_2018_11_26_0053.cnv
* Sea-Bird SBE19plus  Data File:
* FileName = C:\Users\all user\Desktop\Mapping WWF\SBE19plus_01906740_2018_11_26_0053.hex
* Software version 2.6.3.104
* Temperature SN = 6740
* Conductivity SN = 6740
* System UpLoad Time = Nov 26 2018 19:56:35
* <ApplicationData>
* <Seaterm232>
# nquan = 13
# nvalues = 520                                   
# units = specified
# name 0 = prdM: Pressure, Strain Gauge [db]
# name 1 = tv290C: Temperature [ITS-90, deg C]
# name 2 = c0S/m: Conductivity [S/m]
# name 3 = sal00: Salinity, Practical [PSU]
# name 4 = sbeox0ML/L: Oxygen, SBE 43 [ml/l]
# name 5 = flECO-AFL: Fluorescence, WET Labs ECO-AFL/FL [mg/m^3]
# name 6 = nbf: Bottles Fired
# name 7 = timeS: Time, Elapsed [seconds]
# name 8 = timeJ: Julian Days
# name 9 = density00: Density [density, kg/m^3]
# name 10 = depSM: Depth [salt water, m], lat = 0.00
# name 11 = dz/dtM: Descent Rate [m/s]
# name 12 = flag:  0.000e+00
# span 0 =     -1.021,     15.131                 
# span 1 =    28.2482,    33.4601                 
# span 2 =   0.608889,   6.292060                 
# span 3 =     2.9972,    36.7680                 
# span 4 =     2.0834,     3.8061                 
# span 5 =    -0.4393,    48.6871                 
# span 6 =          0,          0                 
# span 7 =      0.000,    129.750                 
# span 8 = 328.581632, 328.583134                 
# span 9 =   997.9782,  1022.8448                 
# span 10 =     -1.015,     15.047                
# span 11 =     -0.504,      0.938                
# span 12 = 0.0000e+00, 0.0000e+00                
# interval = seconds: 0.25
# start_time = Nov 24 2018 13:57:33 [Instrument's time stamp, header]
# bad_flag = -9.990e-29
*END*
     -0.916    33.3236   2.996701    15.6183     2.5911    -0.4332          0      0.000 328.581632  1006.1568     -0.911      0.000  0.000e+00
     -0.981    32.8889   2.967571    15.5834     2.6821    -0.4347          0      0.250 328.581635  1006.2802     -0.976     -0.017  0.000e+00
     -0.938    32.8715   1.444600     7.1169     2.8668    -0.4263          0      0.500 328.581638  1000.0231     -0.932     -0.019  0.000e+00
     -0.797    33.3345   3.409123    17.9945     2.9138    -0.4317          0      0.750 328.581641  1007.9117     -0.793      0.019  0.000e+00
     -0.667    33.4601   5.836855    32.6489     2.6105    48.6749          0      1.000 328.581644  1018.7464     -0.664      0.083  0.000e+00
     -0.635    32.9487   6.233219    35.5167     2.4784    48.6764          0      1.250 328.581646  1021.0713     -0.631      0.139  0.000e+00
     -0.635    32.3129   6.281230    36.2835     2.4363    48.6742          0      1.500 328.581649  1021.8739     -0.631      0.177  0.000e+00
     -0.635    31.8585   6.292060    36.6880     2.4791    48.6810          0      1.750 328.581652  1022.3391     -0.631      0.196  0.000e+00
     -0.699    31.8461   6.219456    36.2187     2.3687    48.6780          0      2.000 328.581655  1021.9921     -0.696      0.178  0.000e+00
     -0.710    31.8991   6.225815    36.2218     2.4987    48.6787          0      2.250 328.581658  1021.9755     -0.706      0.144  0.000e+00
     -0.764    31.8338   5.600024    32.1873     2.6538    48.6871          0      2.500 328.581661  1018.9832     -0.760      0.059  0.000e+00
     -0.753    31.8075   6.242377    36.3980     2.8133    48.6734          0      2.750 328.581664  1022.1397     -0.749     -0.022  0.000e+00
     -0.645    31.9200   6.204883    36.0690     2.9621    -0.0113          0      3.000 328.581667  1021.8540     -0.641     -0.040  0.000e+00
     -0.515    31.9420   6.158050    35.7456     2.9621    -0.0059          0      3.250 328.581670  1021.6048     -0.512      0.010  0.000e+00
     -0.526    31.7633   6.189848    36.0841     3.0383    -0.0067          0      3.500 328.581672  1021.9215     -0.523      0.057  0.000e+00
     -0.504    31.4179   6.220241    36.5390     2.9869    -0.0143          0      3.750 328.581675  1022.3845     -0.501      0.103  0.000e+00
     -0.450    31.2194   6.232430    36.7680     2.9047    -0.0143          0      4.000 328.581678  1022.6263     -0.448      0.155  0.000e+00
     -0.450    31.3801   5.009129    28.6659     2.8837     0.2764          0      4.250 328.581681  1016.5154     -0.447      0.173  0.000e+00
     -0.428    31.7108   6.187258    36.1052     2.6673     0.2733          0      4.500 328.581684  1021.9564     -0.426      0.177  0.000e+00
     -0.363    31.8825   6.156491    35.7782     2.5949     0.2794          0      4.750 328.581687  1021.6510     -0.361      0.161  0.000e+00
     -0.288    31.7842   6.115566    35.5801     2.6476     0.2825          0      5.000 328.581690  1021.5380     -0.286      0.142  0.000e+00
     -0.158    31.4208   6.046573    35.3862     2.6448    -0.0960          0      5.250 328.581693  1021.5220     -0.157      0.163  0.000e+00
     -0.136    30.9881   6.002040    35.4023     2.6609    -0.1013          0      5.500 328.581696  1021.6858     -0.136      0.201  0.000e+00
     -0.158    30.6198   5.957161    35.3690     2.6833    -0.1051          0      5.750 328.581698  1021.7889     -0.157      0.203  0.000e+00
     -0.212    30.3401   5.956451    35.5680     2.6775    -0.0998          0      6.000 328.581701  1022.0344     -0.211      0.175  0.000e+00
     -0.212    30.1429   5.958227    35.7248     2.6998    -0.4294          0      6.250 328.581704  1022.2198     -0.211      0.144  0.000e+00
     -0.179    30.0083   5.952915    35.7882     2.7793    -0.4393          0      6.500 328.581707  1022.3136     -0.178      0.107  0.000e+00
     -0.136    29.9287   5.932424    35.7078     2.7026    -0.4301          0      6.750 328.581710  1022.2807     -0.135      0.070  0.000e+00
     -0.093    29.8758   5.921841    35.6750     2.7429    -0.4355          0      7.000 328.581713  1022.2744     -0.092      0.047  0.000e+00
     -0.093    29.8344   5.922392    35.7094     2.7523    -0.1448          0      7.250 328.581716  1022.3143     -0.092      0.031  0.000e+00
     -0.104    29.8018   5.918472    35.7068     2.7467    -0.1349          0      7.500 328.581719  1022.3235     -0.103      0.043  0.000e+00
     -0.125    29.7764   5.914885    35.7011     2.7548    -0.1379          0      7.750 328.581722  1022.3278     -0.125      0.052  0.000e+00
     -0.158    29.7601   5.913514    35.7039     2.7433    -0.1501          0      8.000 328.581725  1022.3353     -0.157      0.045  0.000e+00
     -0.190    29.7504   5.913437    35.7106     2.7929    -0.1463          0      8.250 328.581727  1022.3434     -0.189      0.011  0.000e+00
     -0.233    29.7434   5.912678    35.7106     2.7314    -0.0502          0      8.500 328.581730  1022.3457     -0.232     -0.036  0.000e+00
     -0.190    29.7395   5.914274    35.7244     2.7391    -0.0502          0      8.750 328.581733  1022.3575     -0.189     -0.059  0.000e+00
     -0.114    29.7352   5.914351    35.7281     2.7272    -0.0479          0      9.000 328.581736  1022.3621     -0.114     -0.047  0.000e+00
     -0.060    29.7301   5.911091    35.7096     2.7635    -0.0532          0      9.250 328.581739  1022.3501     -0.060     -0.007  0.000e+00
     -0.039    29.7256   5.909256    35.7004     2.8227    -0.0777          0      9.500 328.581742  1022.3449     -0.039      0.036  0.000e+00
     -0.050    29.7233   5.911277    35.7159     2.7445    -0.0715          0      9.750 328.581745  1022.3572     -0.049      0.069  0.000e+00
     -0.114    29.7216   5.907165    35.6891     2.7693    -0.0723          0     10.000 328.581748  1022.3375     -0.114      0.074  0.000e+00
     -0.104    29.7192   5.901917    35.6551     2.7365    -0.0769          0     10.250 328.581751  1022.3128     -0.103      0.071  0.000e+00
     -0.104    29.7183   5.900811    35.6482     2.7137    -0.1143          0     10.500 328.581753  1022.3079     -0.103      0.053  0.000e+00
     -0.071    29.7170   5.899317    35.6390     2.7184    -0.1196          0     10.750 328.581756  1022.3016     -0.071      0.023  0.000e+00
     -0.039    29.7146   5.899178    35.6398     2.6898    -0.1150          0     11.000 328.581759  1022.3032     -0.039      0.006  0.000e+00
     -0.071    29.7117   5.899046    35.6411     2.6768    -0.1196          0     11.250 328.581762  1022.3049     -0.071     -0.005  0.000e+00
     -0.071    29.7088   5.899209    35.6443     2.6678     0.2031          0     11.500 328.581765  1022.3083     -0.071     -0.001  0.000e+00
     -0.082    29.7061   5.898954    35.6446     2.6727     0.1993          0     11.750 328.581768  1022.3095     -0.081      0.009  0.000e+00
     -0.060    29.7045   5.896671    35.6302     2.6346     0.2024          0     12.000 328.581771  1022.2993     -0.060      0.023  0.000e+00
     -0.028    29.7040   5.896880    35.6320     2.6463     0.2077          0     12.250 328.581774  1022.3009     -0.028      0.025  0.000e+00
     -0.017    29.7041   5.898466    35.6427     2.6323     0.2069          0     12.500 328.581777  1022.3090     -0.017      0.028  0.000e+00
     -0.017    29.7047   5.900648    35.6571     2.6167     0.0459          0     12.750 328.581780  1022.3196     -0.017      0.025  0.000e+00
     -0.006    29.7051   5.903225    35.6744     2.6039     0.0475          0     13.000 328.581782  1022.3325     -0.006      0.030  0.000e+00
      0.015    29.7054   5.905981    35.6930     2.5454     0.0383          0     13.250 328.581785  1022.3465      0.015      0.048  0.000e+00
     -0.028    29.7057   5.908033    35.7068     2.5131     0.0429          0     13.500 328.581788  1022.3565     -0.028      0.039  0.000e+00
     -0.039    29.7057   5.907684    35.7045     2.5265     0.0932          0     13.750 328.581791  1022.3547     -0.038      0.025  0.000e+00
     -0.049    29.7051   5.905695    35.6913     2.5504     0.0940          0     14.000 328.581794  1022.3449     -0.049      0.001  0.000e+00
     -0.060    29.7051   5.906910    35.6996     2.5721     0.0994          0     14.250 328.581797  1022.3511     -0.060     -0.019  0.000e+00
     -0.028    29.7059   5.910743    35.7252     2.5607     0.1001          0     14.500 328.581800  1022.3702     -0.028     -0.021  0.000e+00
     -0.049    29.7085   5.912795    35.7372     2.5527     0.1840          0     14.750 328.581803  1022.3782     -0.049     -0.024  0.000e+00
     -0.049    29.7114   5.915560    35.7539     2.4983     0.1871          0     15.000 328.581806  1022.3898     -0.049     -0.026  0.000e+00
     -0.049    29.7123   5.911540    35.7258     2.5464     0.1863          0     15.250 328.581808  1022.3684     -0.049     -0.022  0.000e+00
     -0.038    29.7114   5.909806    35.7147     2.5680     0.1894          0     15.500 328.581811  1022.3604     -0.038     -0.004  0.000e+00
     -0.049    29.7117   5.912075    35.7299     2.5568     0.1077          0     15.750 328.581814  1022.3717     -0.049     -0.001  0.000e+00
     -0.060    29.7136   5.913306    35.7369     2.5454     0.1077          0     16.000 328.581817  1022.3763     -0.060     -0.002  0.000e+00
     -0.060    29.7147   5.911378    35.7229     2.5132     0.1131          0     16.250 328.581820  1022.3654     -0.060     -0.006  0.000e+00
     -0.049    29.7141   5.907522    35.6971     2.4666     0.1146          0     16.500 328.581823  1022.3463     -0.049     -0.009  0.000e+00
     -0.017    29.7133   5.907932    35.7005     2.5344     0.1085          0     16.750 328.581826  1022.3492     -0.017      0.006  0.000e+00
     -0.006    29.7135   5.910448    35.7175     2.5107    -0.0273          0     17.000 328.581829  1022.3620     -0.006      0.016  0.000e+00
     -0.049    29.7148   5.911680    35.7249     2.4892    -0.0235          0     17.250 328.581832  1022.3669     -0.049      0.012  0.000e+00
     -0.071    29.7160   5.913856    35.7389     2.4563    -0.0258          0     17.500 328.581834  1022.3769     -0.070      0.001  0.000e+00
     -0.082    29.7160   5.912539    35.7299     2.4581    -0.0273          0     17.750 328.581837  1022.3701     -0.081     -0.006  0.000e+00
     -0.114    29.7151   5.905563    35.6830     2.4523     0.0490          0     18.000 328.581840  1022.3351     -0.113     -0.024  0.000e+00
     -0.049    29.7133   5.901615    35.6574     2.4454     0.0551          0     18.250 328.581843  1022.3168     -0.049     -0.023  0.000e+00
      0.027    29.7123   5.903992    35.6743     2.4594     0.0505          0     18.500 328.581846  1022.3301      0.026     -0.003  0.000e+00
      0.070    29.7146   5.929427    35.8461     2.4441     0.0620          0     18.750 328.581849  1022.4584      0.069      0.027  0.000e+00
      0.037    29.7193   5.944914    35.9483     2.4357     0.1192          0     19.000 328.581852  1022.5334      0.037      0.050  0.000e+00
     -0.006    29.7228   5.946117    35.9540     2.4274     0.1238          0     19.250 328.581855  1022.5362     -0.006      0.063  0.000e+00
     -0.092    29.7599   5.933234    35.8385     2.4247     0.1192          0     19.500 328.581858  1022.4366     -0.092      0.037  0.000e+00
     -0.114    29.7812   5.917597    35.7161     2.4148     0.1161          0     19.750 328.581861  1022.3374     -0.113      0.002  0.000e+00
     -0.071    29.7828   5.910672    35.6677     2.4052     0.0719          0     20.000 328.581863  1022.3007     -0.070     -0.022  0.000e+00
     -0.049    29.7722   5.911508    35.6812     2.4051     0.0620          0     20.250 328.581866  1022.3146     -0.049     -0.053  0.000e+00
      0.005    29.7619   5.928619    35.8055     2.4031     0.0665          0     20.500 328.581869  1022.4115      0.005     -0.051  0.000e+00
      0.016    29.7568   5.943694    35.9121     2.3986     0.0673          0     20.750 328.581872  1022.4934      0.016     -0.025  0.000e+00
      0.016    29.7506   5.937439    35.8740     2.3941     0.0704          0     21.000 328.581875  1022.4669      0.016      0.016  0.000e+00
      0.016    29.7439   5.921325    35.7691     2.3875     0.0795          0     21.250 328.581878  1022.3904      0.016      0.050  0.000e+00
      0.027    29.7400   5.918737    35.7543     2.3883     0.0818          0     21.500 328.581881  1022.3807      0.026      0.074  0.000e+00
      0.016    29.7376   5.919232    35.7595     2.3895     0.0849          0     21.750 328.581884  1022.3854      0.016      0.063  0.000e+00
     -0.006    29.7342   5.932125    35.8500     2.3602     0.0871          0     22.000 328.581887  1022.4543     -0.006      0.033  0.000e+00
     -0.006    29.7340   5.922356    35.7835     2.3443     0.1032          0     22.250 328.581889  1022.4045     -0.006      0.010  0.000e+00
     -0.006    29.7326   5.911610    35.7113     2.3465     0.1077          0     22.500 328.581892  1022.3508     -0.006     -0.010  0.000e+00
      0.027    29.7288   5.906105    35.6765     2.3650     0.1070          0     22.750 328.581895  1022.3262      0.027     -0.006  0.000e+00
      0.059    29.7261   5.905818    35.6765     2.3664     0.1093          0     23.000 328.581898  1022.3272      0.059      0.008  0.000e+00
      0.070    29.7265   5.907800    35.6898     2.3715     0.0986          0     23.250 328.581901  1022.3370      0.070      0.022  0.000e+00
      0.092    29.7283   5.920938    35.7780     2.3611     0.0932          0     23.500 328.581904  1022.4028      0.091      0.039  0.000e+00
      0.037    29.7310   5.934072    35.8656     2.3484     0.0932          0     23.750 328.581907  1022.4673      0.037      0.040  0.000e+00
      0.005    29.7298   5.926581    35.8154     2.3285     0.0948          0     24.000 328.581910  1022.4299      0.005      0.027  0.000e+00
      0.016    29.7280   5.912717    35.7222     2.3125     0.1047          0     24.250 328.581913  1022.3607      0.016      0.012  0.000e+00
     -0.017    29.7270   5.908296    35.6928     2.3054     0.1077          0     24.500 328.581916  1022.3388     -0.016     -0.014  0.000e+00
      0.005    29.7242   5.906530    35.6829     2.3070     0.1093          0     24.750 328.581918  1022.3324      0.005     -0.034  0.000e+00
      0.027    29.7217   5.906430    35.6840     2.3331     0.1062          0     25.000 328.581921  1022.3342      0.027     -0.037  0.000e+00
      0.038    29.7202   5.909031    35.7029     2.3363     0.1062          0     25.250 328.581924  1022.3489      0.037     -0.027  0.000e+00
      0.038    29.7205   5.921217    35.7858     2.3233     0.0658          0     25.500 328.581927  1022.4110      0.037     -0.012  0.000e+00
      0.048    29.7243   5.916242    35.7490     2.3182     0.0749          0     25.750 328.581930  1022.3822      0.048      0.015  0.000e+00
      0.048    29.7250   5.911176    35.7139     2.3319     0.0719          0     26.000 328.581933  1022.3556      0.048      0.027  0.000e+00
      0.070    29.7227   5.908969    35.7005     2.3096     0.0673          0     26.250 328.581936  1022.3464      0.069      0.034  0.000e+00
      0.081    29.7199   5.918071    35.7647     2.3121     0.0688          0     26.500 328.581939  1022.3955      0.080      0.042  0.000e+00
      0.091    29.7199   5.929845    35.8450     2.2910     0.0734          0     26.750 328.581942  1022.4559      0.091      0.039  0.000e+00
      0.037    29.7202   5.936757    35.8920     2.2718     0.0665          0     27.000 328.581944  1022.4909      0.037      0.021  0.000e+00
      0.027    29.7196   5.938813    35.9065     2.2735     0.0688          0     27.250 328.581947  1022.5018      0.027      0.005  0.000e+00
     -0.006    29.7191   5.934592    35.8780     2.2777     0.1016          0     27.500 328.581950  1022.4805     -0.006     -0.016  0.000e+00
