ctd_kilwa/cnv/SBE19plus_01906740_2018_11_26_0054.cnv
* Sea-Bird SBE19plus  Data File:
* FileName = C:\Users\all user\Desktop\Mapping WWF\SBE19plus_01906740_2018_11_26_0054.hex
* Software version 2.6.3.104
* Temperature SN = 6740
* Conductivity SN = 6740
* System UpLoad Time = Nov 26 2018 19:56:46
* <ApplicationData>
* <Seaterm232>
# nquan = 13
# nvalues = 449                                   
# units = specified
# name 0 = prdM: Pressure, Strain Gauge [db]
# name 1 = tv290C: Temperature [ITS-90, deg C]
# name 2 = c0S/m: Conductivity [S/m]
# name 3 = sal00: Salinity, Practical [PSU]
# name 4 = sbeox0ML/L: Oxygen, SBE 43 [ml/l]
# name 5 = flECO-AFL: Fluorescence, WET Labs ECO-AFL/FL [mg/m^3]
# name 6 = nbf: Bottles Fired
# name 7 = timeS: Time, Elapsed [seconds]
# name 8 = timeJ: Julian Days
# name 9 = density00: Density [density, kg/m^3]
# name 10 = depSM: Depth [salt water, m], lat = 0.00
# name 11 = dz/dtM: Descent Rate [m/s]
# name 12 = flag:  0.000e+00
# span 0 =     -1.069,     10.672                 
# span 1 =    29.2633,    29.5989                 
# span 2 =   0.041198,   5.873571                 
# span 3 =     0.1826,    35.6062                 
# span 4 =     1.9216,     3.9485                 
# span 5 =    -0.4324,    48.6803                 
# span 6 =          0,          0                 
# span 7 =      0.000,    112.000                 
# span 8 = 328.587257, 328.588553                 
# span 9 =   995.9578,  1022.4029                 
# span 10 =     -1.063,     10.614                
# span 11 =     -0.697,      0.796                
# span 12 = 0.0000e+00, 0.0000e+00                
# interval = seconds: 0.25
# start_time = Nov 24 2018 14:05:39 [Instrument's time stamp, header]
# bad_flag = -9.990e-29
*END*
[from data line 223]
      4.261    29.5658   5.868747    35.5409     2.0777     0.1520          0     55.750 328.587902  1022.2979      4.238      0.049  0.000e+00
      4.402    29.5654   5.868269    35.5378     2.2007     0.1528          0     56.000 328.587905  1022.2962      4.377      0.087  0.000e+00
      4.564    29.5629   5.867404    35.5338     2.3993     0.1619          0     56.250 328.587908  1022.2948      4.538      0.146  0.000e+00
      4.704    29.5561   5.866748    35.5342     2.4207     0.1650          0     56.500 328.587911  1022.2980      4.678      0.234  0.000e+00
      4.812    29.5448   5.866324    35.5397     2.5859     0.1634          0     56.750 328.587914  1022.3064      4.786      0.330  0.000e+00
      4.866    29.5273   5.865885    35.5496     2.7502     0.1680          0     57.000 328.587917  1022.3200      4.840      0.401  0.000e+00
      4.888    29.5130   5.865754    35.5592     2.5065     0.1863          0     57.250 328.587920  1022.3322      4.861      0.423  0.000e+00
      4.931    29.5042   5.865955    35.5672     2.3914     0.1764          0     57.500 328.587922  1022.3413      4.904      0.403  0.000e+00
      5.007    29.4987   5.865754    35.5699     2.2775     0.1749          0     57.750 328.587925  1022.3455      4.979      0.359  0.000e+00
      5.040    29.4924   5.865754    35.5744     2.1594     0.1749          0     58.000 328.587928  1022.3512      5.012      0.294  0.000e+00
      5.061    29.4849   5.866055    35.5821     2.0628     0.1886          0     58.250 328.587931  1022.3596      5.033      0.230  0.000e+00
      5.040    29.4791   5.866457    35.5892     2.0277     0.1856          0     58.500 328.587934  1022.3668      5.012      0.170  0.000e+00
      5.040    29.4758   5.867113    35.5961     2.0076     0.1894          0     58.750 328.587937  1022.3730      5.012      0.126  0.000e+00
      5.051    29.4736   5.867823    35.6026     1.9216     0.1917          0     59.000 328.587940  1022.3787      5.023      0.097  0.000e+00
      5.105    29.4713   5.868109    35.6062     2.0878     0.1932          0     59.250 328.587943  1022.3824      5.077      0.086  0.000e+00
      5.224    29.4703   5.867700    35.6041     2.1208     0.1894          0     59.500 328.587946  1022.3817      5.195      0.098  0.000e+00
      5.364    29.4691   5.866249    35.5950     2.1444     0.1886          0     59.750 328.587948  1022.3759      5.335      0.139  0.000e+00
      5.494    29.4649   5.865276    35.5914     2.3626     0.1947          0     60.000 328.587951  1022.3752      5.464      0.211  0.000e+00
      5.505    29.4596   5.864428    35.5895     2.2896     0.1901          0     60.250 328.587954  1022.3756      5.475      0.264  0.000e+00
      5.537    29.4551   5.864543    35.5937     2.3057     0.2321          0     60.500 328.587957  1022.3804      5.507      0.302  0.000e+00
      5.559    29.4534   5.864798    35.5967     2.1054     0.2306          0     60.750 328.587960  1022.3833      5.528      0.307  0.000e+00
      5.645    29.4518   5.865145    35.6002     2.1178     0.2176          0     61.000 328.587963  1022.3869      5.614      0.301  0.000e+00
      5.764    29.4488   5.863571    35.5916     2.2418     0.2245          0     61.250 328.587966  1022.3819      5.733      0.289  0.000e+00
      5.927    29.4390   5.861218    35.5827     2.3814     0.2153          0     61.500 328.587969  1022.3792      5.894      0.291  0.000e+00
      6.110    29.4246   5.858472    35.5745     2.2539     0.2107          0     61.750 328.587972  1022.3788      6.077      0.327  0.000e+00
      6.251    29.4117   5.855665    35.5648     2.1244     0.2184          0     62.000 328.587975  1022.3765      6.216      0.388  0.000e+00
      6.467    29.3970   5.851763    35.5489     2.2354     0.2115          0     62.250 328.587977  1022.3704      6.431      0.491  0.000e+00
      6.672    29.3801   5.846722    35.5268     2.5496     0.2245          0     62.500 328.587980  1022.3604      6.636      0.588  0.000e+00
      6.802    29.3601   5.842507    35.5126     2.8593     0.2230          0     62.750 328.587983  1022.3570      6.764      0.652  0.000e+00
      6.824    29.3393   5.839472    35.5072     2.6318     0.2260          0     63.000 328.587986  1022.3601      6.786      0.645  0.000e+00
      6.824    29.3233   5.838355    35.5114     2.5549     0.2245          0     63.250 328.587989  1022.3687      6.786      0.582  0.000e+00
      6.834    29.3109   5.837755    35.5165     2.2485     0.2298          0     63.500 328.587992  1022.3767      6.797      0.484  0.000e+00
      6.910    29.3022   5.837170    35.5189     2.4750     0.2214          0     63.750 328.587995  1022.3817      6.872      0.388  0.000e+00
      7.029    29.2967   5.836970    35.5216     2.2945     0.2237          0     64.000 328.587998  1022.3862      6.990      0.319  0.000e+00
      7.170    29.2931   5.836146    35.5185     2.2556     0.2275          0     64.250 328.588001  1022.3857      7.130      0.274  0.000e+00
      7.364    29.2903   5.835768    35.5180     2.2032     0.2222          0     64.500 328.588003  1022.3870      7.324      0.291  0.000e+00
      7.548    29.2882   5.835391    35.5169     2.2295     0.2222          0     64.750 328.588006  1022.3876      7.507      0.366  0.000e+00
      7.786    29.2866   5.835029    35.5155     2.3570     0.2230          0     65.000 328.588009  1022.3882      7.743      0.489  0.000e+00
      8.002    29.2852   5.834845    35.5152     2.3944     0.2207          0     65.250 328.588012  1022.3894      7.958      0.612  0.000e+00
      8.240    29.2839   5.834706    35.5152     2.4435     0.2222          0     65.500 328.588015  1022.3908      8.195      0.719  0.000e+00
      8.424    29.2823   5.834375    35.5141     2.4409     0.2390          0     65.750 328.588018  1022.3913      8.377      0.785  0.000e+00
      8.521    29.2800   5.834114    35.5139     2.5381     0.2382          0     66.000 328.588021  1022.3923      8.474      0.796  0.000e+00
      8.532    29.2775   5.833521    35.5117     2.4493     0.2359          0     66.250 328.588024  1022.3916      8.485      0.742  0.000e+00
      8.510    29.2752   5.833521    35.5134     2.4121     0.2390          0     66.500 328.588027  1022.3936      8.463      0.628  0.000e+00
      8.543    29.2735   5.833452    35.5142     2.2990     0.2374          0     66.750 328.588030  1022.3949      8.495      0.499  0.000e+00
      8.607    29.2720   5.833236    35.5138     2.2525     0.2527          0     67.000 328.588032  1022.3953      8.560      0.370  0.000e+00
      8.834    29.2714   5.833128    35.5134     2.2866     0.2458          0     67.250 328.588035  1022.3962      8.786      0.311  0.000e+00
      9.094    29.2715   5.833129    35.5132     2.3588     0.2573          0     67.500 328.588038  1022.3972      9.044      0.322  0.000e+00
      9.364    29.2715   5.833013    35.5124     2.4703     0.2458          0     67.750 328.588041  1022.3977      9.312      0.412  0.000e+00
      9.537    29.2718   5.832929    35.5115     2.5328     0.2329          0     68.000 328.588044  1022.3977      9.484      0.535  0.000e+00
      9.559    29.2717   5.832859    35.5111     2.5353     0.2237          0     68.250 328.588047  1022.3975      9.506      0.621  0.000e+00
      9.559    29.2715   5.832990    35.5122     2.4308     0.2237          0     68.500 328.588050  1022.3983      9.506      0.642  0.000e+00
      9.688    29.2706   5.832536    35.5097     2.4217     0.2275          0     68.750 328.588053  1022.3973      9.635      0.622  0.000e+00
      9.905    29.2699   5.832790    35.5119     2.4460     0.2275          0     69.000 328.588056  1022.4002      9.850      0.592  0.000e+00
     10.099    29.2696   5.832536    35.5103     2.4108     0.2252          0     69.250 328.588058  1022.3999     10.044      0.544  0.000e+00
     10.337    29.2686   5.832367    35.5098     2.4312     0.2275          0     69.500 328.588061  1022.4009     10.280      0.536  0.000e+00
     10.575    29.2673   5.832067    35.5087     2.5507     0.2237          0     69.750 328.588064  1022.4015     10.517      0.578  0.000e+00
     10.651    29.2662   5.831875    35.5082     2.4322     0.2123          0     70.000 328.588067  1022.4018     10.592      0.631  0.000e+00
     10.651    29.2650   5.831751    35.5082     2.4234     0.2161          0     70.250 328.588070  1022.4023     10.592      0.657  0.000e+00
     10.651    29.2643   5.831744    35.5087     2.4204     0.2168          0     70.500 328.588073  1022.4029     10.592      0.615  0.000e+00
     10.651    29.2644   5.831644    35.5079     2.4021     0.2123          0     70.750 328.588076  1022.4022     10.592      0.500  0.000e+00
     10.662    29.2641   5.831590    35.5078     2.3677     0.2161          0     71.000 328.588079  1022.4023     10.603      0.359  0.000e+00
     10.651    29.2638   5.830920    35.5033     2.3499     0.2161          0     71.250 328.588082  1022.3990     10.592      0.222  0.000e+00
     10.672    29.2637   5.829257    35.4920     2.3366     0.2245          0     71.500 328.588084  1022.3906     10.614      0.106  0.000e+00
     10.662    29.2633   5.828195    35.4850     2.3399     0.2222          0     71.750 328.588087  1022.3854     10.603      0.028  0.000e+00
     10.662    29.2633   5.829611    35.4947     2.3847     0.2291          0     72.000 328.588090  1022.3927     10.603      0.008  0.000e+00
     10.651    29.2635   5.830358    35.4997     2.3930     0.2420          0     72.250 328.588093  1022.3963     10.592      0.004  0.000e+00
     10.662    29.2638   5.830727    35.5020     2.4075     0.2413          0     72.500 328.588096  1022.3980     10.603      0.004  0.000e+00
     10.662    29.2639   5.830489    35.5003     2.4087     0.2336          0     72.750 328.588099  1022.3967     10.603      0.002  0.000e+00
     10.651    29.2639   5.829973    35.4967     2.4104     0.2436          0     73.000 328.588102  1022.3940     10.592     -0.003  0.000e+00
     10.651    29.2639   5.829511    35.4936     2.4172     0.2420          0     73.250 328.588105  1022.3916     10.592     -0.004  0.000e+00
     10.662    29.2639   5.829034    35.4903     2.4156     0.2352          0     73.500 328.588108  1022.3892     10.603     -0.006  0.000e+00
     10.662    29.2639   5.829250    35.4918     2.4128     0.2359          0     73.750 328.588111  1022.3903     10.603     -0.001  0.000e+00
     10.651    29.2638   5.829442    35.4932     2.4092     0.2359          0     74.000 328.588113  1022.3913     10.592     -0.001  0.000e+00
     10.651    29.2645   5.829080    35.4902     2.4100     0.2291          0     74.250 328.588116  1022.3889     10.592     -0.002  0.000e+00
     10.672    29.2642   5.828919    35.4893     2.4017     0.2283          0     74.500 328.588119  1022.3885     10.613      0.001  0.000e+00
     10.651    29.2639   5.828911    35.4895     2.3962     0.2283          0     74.750 328.588122  1022.3885     10.592      0.001  0.000e+00
     10.661    29.2637   5.829180    35.4914     2.3927     0.2237          0     75.000 328.588125  1022.3901     10.603      0.004  0.000e+00
     10.640    29.2638   5.829442    35.4932     2.4010     0.2191          0     75.250 328.588128  1022.3913     10.581     -0.003  0.000e+00
     10.618    29.2644   5.829742    35.4949     2.3981     0.2237          0     75.500 328.588131  1022.3923     10.560     -0.014  0.000e+00
     10.586    29.2647   5.830235    35.4980     2.3990     0.2268          0     75.750 328.588134  1022.3945     10.527     -0.029  0.000e+00
     10.456    29.2649   5.830458    35.4995     2.3955     0.2176          0     76.000 328.588137  1022.3949     10.398     -0.073  0.000e+00
     10.305    29.2655   5.830466    35.4991     2.3965     0.2184          0     76.250 328.588139  1022.3938     10.248     -0.147  0.000e+00
     10.229    29.2658   5.830658    35.5002     2.3951     0.2161          0     76.500 328.588142  1022.3942     10.173     -0.218  0.000e+00
     10.197    29.2658   5.830773    35.5010     2.3937     0.2130          0     76.750 328.588145  1022.3947     10.140     -0.263  0.000e+00
     10.121    29.2660   5.830958    35.5022     2.3900     0.2100          0     77.000 328.588148  1022.3951     10.065     -0.303  0.000e+00
      9.894    29.2662   5.830673    35.5001     2.3910     0.2077          0     77.250 328.588151  1022.3925      9.839     -0.365  0.000e+00
      9.721    29.2664   5.830065    35.4958     2.3936     0.2359          0     77.500 328.588154  1022.3885      9.667     -0.430  0.000e+00
      9.591    29.2661   5.830827    35.5013     2.3979     0.2397          0     77.750 328.588157  1022.3922      9.538     -0.474  0.000e+00
      9.472    29.2658   5.830835    35.5017     2.4038     0.2374          0     78.000 328.588160  1022.3920      9.420     -0.493  0.000e+00
      9.386    29.2657   5.830988    35.5028     2.4010     0.2405          0     78.250 328.588163  1022.3926      9.334     -0.504  0.000e+00
      9.321    29.2655   5.830773    35.5015     2.4054     0.2367          0     78.500 328.588166  1022.3914      9.269     -0.511  0.000e+00
      9.266    29.2649   5.830919    35.5030     2.4020     0.2374          0     78.750 328.588168  1022.3925      9.215     -0.492  0.000e+00
      9.148    29.2646   5.830988    35.5037     2.4027     0.2390          0     79.000 328.588171  1022.3926      9.097     -0.452  0.000e+00
      8.985    29.2642   5.830988    35.5041     2.4001     0.2397          0     79.250 328.588174  1022.3923      8.936     -0.410  0.000e+00
      8.823    29.2638   5.830888    35.5036     2.4026     0.2321          0     79.500 328.588177  1022.3914      8.774     -0.412  0.000e+00
      8.639    29.2639   5.830865    35.5035     2.4027     0.2085          0     79.750 328.588180  1022.3904      8.592     -0.449  0.000e+00
      8.456    29.2642   5.830919    35.5037     2.3929     0.2138          0     80.000 328.588183  1022.3898      8.409     -0.505  0.000e+00
      8.304    29.2645   5.830957    35.5038     2.3881     0.2130          0     80.250 328.588186  1022.3891      8.258     -0.567  0.000e+00
      8.218    29.2647   5.831026    35.5042     2.3802     0.2146          0     80.500 328.588189  1022.3889      8.172     -0.602  0.000e+00
      8.099    29.2651   5.831088    35.5043     2.3837     0.2374          0     80.750 328.588192  1022.3884      8.054     -0.613  0.000e+00
      7.915    29.2655   5.831119    35.5043     2.3751     0.2344          0     81.000 328.588194  1022.3875      7.871     -0.609  0.000e+00
      7.731    29.2663   5.831219    35.5044     2.3714     0.2344          0     81.250 328.588197  1022.3865      7.689     -0.604  0.000e+00
      7.515    29.2668   5.831249    35.5043     2.3697     0.2405          0     81.500 328.588200  1022.3853      7.474     -0.616  0.000e+00
      7.342    29.2674   5.831311    35.5044     2.3641     0.2237          0     81.750 328.588203  1022.3844      7.302     -0.631  0.000e+00
      7.158    29.2680   5.831349    35.5042     2.3582     0.2245          0     82.000 328.588206  1022.3833      7.119     -0.657  0.000e+00
      7.007    29.2682   5.831272    35.5036     2.3852     0.2275          0     82.250 328.588209  1022.3821      6.968     -0.685  0.000e+00
      6.899    29.2682   5.831187    35.5030     2.3922     0.2252          0     82.500 328.588212  1022.3813      6.861     -0.697  0.000e+00
      6.758    29.2687   5.831280    35.5033     2.3804     0.2207          0     82.750 328.588215  1022.3807      6.721     -0.681  0.000e+00
      6.639    29.2690   5.831372    35.5038     2.3842     0.2222          0     83.000 328.588218  1022.3804      6.603     -0.639  0.000e+00
