ctd_kilwa/cnv/SBE19plus_01906740_2018_11_26_0049.cnv
* Sea-Bird SBE19plus  Data File:
* FileName = C:\Users\all user\Desktop\Mapping WWF\SBE19plus_01906740_2018_11_26_0049.hex
* Software version 2.6.3.104
* Temperature SN = 6740
* Conductivity SN = 6740
* System UpLoad Time = Nov 26 2018 19:55:43
* <ApplicationData>
* <Seaterm232>
# nquan = 13
# nvalues = 386                                   
# units = specified
# name 0 = prdM: Pressure, Strain Gauge [db]
# name 1 = tv290C: Temperature [ITS-90, deg C]
# name 2 = c0S/m: Conductivity [S/m]
# name 3 = sal00: Salinity, Practical [PSU]
# name 4 = sbeox0ML/L: Oxygen, SBE 43 [ml/l]
# name 5 = flECO-AFL: Fluorescence, WET Labs ECO-AFL/FL [mg/m^3]
# name 6 = nbf: Bottles Fired
# name 7 = timeS: Time, Elapsed [seconds]
# name 8 = timeJ: Julian Days
# name 9 = density00: Density [density, kg/m^3]
# name 10 = depSM: Depth [salt water, m], lat = 0.00
# name 11 = dz/dtM: Descent Rate [m/s]
# name 12 = flag:  0.000e+00
# span 0 =     -1.047,     11.354                 
# span 1 =    28.4559,    30.0974                 
# span 2 =   0.081823,   5.880839                 
# span 3 =     0.3624,    36.0103                 
# span 4 =     2.0899,     3.5527                 
# span 5 =    -0.0319,    48.6963                 
# span 6 =          0,          0                 
# span 7 =      0.000,     96.250                 
# span 8 = 328.532037, 328.533151                 
# span 9 =   995.9215,  1022.8703                 
# span 10 =     -1.042,     11.291                
# span 11 =     -0.944,      0.402                
# span 12 = 0.0000e+00, 0.0000e+00                
# interval = seconds: 0.25
# start_time = Nov 24 2018 12:46:08 [Instrument's time stamp, header]
# bad_flag = -9.990e-29
*END*
[from data line 223]
      9.181    28.5105   5.759362    35.5706     2.1156     0.0726          0     55.750 328.532682  1022.6949      9.130      0.326  0.000e+00
      9.213    28.5082   5.759461    35.5730     2.1262     0.0643          0     56.000 328.532685  1022.6976      9.163      0.290  0.000e+00
      9.235    28.5062   5.759010    35.5714     2.1168     0.0803          0     56.250 328.532688  1022.6972      9.184      0.250  0.000e+00
      9.322    28.5022   5.754922    35.5458     2.1249     0.0849          0     56.500 328.532691  1022.6797      9.270      0.220  0.000e+00
      9.419    28.4964   5.749121    35.5098     2.1223     0.0864          0     56.750 328.532694  1022.6549      9.367      0.205  0.000e+00
      9.495    28.4903   5.746413    35.4955     2.1214     0.0849          0     57.000 328.532697  1022.6465      9.442      0.208  0.000e+00
      9.592    28.4857   5.744990    35.4890     2.1287     0.0437          0     57.250 328.532700  1022.6436      9.539      0.238  0.000e+00
      9.679    28.4823   5.743476    35.4809     2.1329     0.0452          0     57.500 328.532703  1022.6390      9.625      0.273  0.000e+00
      9.754    28.4797   5.740830    35.4645     2.1450     0.0429          0     57.750 328.532705  1022.6278      9.700      0.305  0.000e+00
      9.873    28.4766   5.738001    35.4470     2.1404     0.0383          0     58.000 328.532708  1022.6162      9.819      0.339  0.000e+00
     10.003    28.4748   5.736809    35.4400     2.1433     0.0665          0     58.250 328.532711  1022.6121      9.948      0.372  0.000e+00
     10.089    28.4741   5.735938    35.4344     2.1433     0.0673          0     58.500 328.532714  1022.6085     10.034      0.383  0.000e+00
     10.122    28.4735   5.736259    35.4371     2.1471     0.0681          0     58.750 328.532717  1022.6109     10.066      0.374  0.000e+00
     10.165    28.4734   5.737459    35.4456     2.1390     0.0704          0     59.000 328.532720  1022.6175     10.109      0.356  0.000e+00
     10.208    28.4735   5.738262    35.4511     2.1451     0.0711          0     59.250 328.532723  1022.6217     10.152      0.325  0.000e+00
     10.273    28.4739   5.739546    35.4596     2.1351     0.0574          0     59.500 328.532726  1022.6283     10.216      0.296  0.000e+00
     10.360    28.4738   5.739034    35.4561     2.1554     0.0688          0     59.750 328.532729  1022.6261     10.303      0.274  0.000e+00
     10.435    28.4745   5.737864    35.4474     2.1696     0.0627          0     60.000 328.532731  1022.6196     10.378      0.252  0.000e+00
     10.479    28.4747   5.737000    35.4412     2.1665     0.0604          0     60.250 328.532734  1022.6151     10.421      0.235  0.000e+00
     10.522    28.4738   5.737130    35.4429     2.1801     0.0604          0     60.500 328.532737  1022.6168     10.464      0.233  0.000e+00
     10.598    28.4723   5.737421    35.4460     2.1917     0.0597          0     60.750 328.532740  1022.6200     10.539      0.245  0.000e+00
     10.695    28.4709   5.736840    35.4429     2.1971     0.0688          0     61.000 328.532743  1022.6186     10.636      0.260  0.000e+00
     10.770    28.4691   5.735755    35.4367     2.2119     0.0582          0     61.250 328.532746  1022.6148     10.711      0.272  0.000e+00
     10.846    28.4673   5.734784    35.4312     2.2092     0.0521          0     61.500 328.532749  1022.6116     10.786      0.277  0.000e+00
     10.900    28.4666   5.734494    35.4298     2.2089     0.0673          0     61.750 328.532752  1022.6110     10.840      0.277  0.000e+00
     10.954    28.4668   5.734784    35.4316     2.2207     0.0604          0     62.000 328.532755  1022.6125     10.894      0.277  0.000e+00
     11.019    28.4670   5.734754    35.4312     2.2279     0.0543          0     62.250 328.532758  1022.6125     10.958      0.281  0.000e+00
     11.106    28.4671   5.734119    35.4267     2.2308     0.0360          0     62.500 328.532760  1022.6094     11.044      0.283  0.000e+00
     11.181    28.4673   5.733431    35.4218     2.2368     0.0345          0     62.750 328.532763  1022.6059     11.120      0.278  0.000e+00
     11.203    28.4675   5.733462    35.4218     2.2417     0.0292          0     63.000 328.532766  1022.6059     11.141      0.260  0.000e+00
     11.235    28.4679   5.734203    35.4266     2.2426     0.0421          0     63.250 328.532769  1022.6096     11.173      0.243  0.000e+00
     11.279    28.4680   5.735235    35.4337     2.2463     0.0368          0     63.500 328.532772  1022.6151     11.216      0.226  0.000e+00
     11.322    28.4685   5.737307    35.4478     2.2668     0.0719          0     63.750 328.532775  1022.6257     11.259      0.213  0.000e+00
     11.322    28.4694   5.737811    35.4506     2.2540     0.0650          0     64.000 328.532778  1022.6275     11.259      0.185  0.000e+00
     11.343    28.4712   5.742414    35.4814     2.2514     0.0696          0     64.250 328.532781  1022.6501     11.281      0.153  0.000e+00
     11.322    28.4724   5.749673    35.5311     2.2490     0.0742          0     64.500 328.532784  1022.6870     11.259      0.112  0.000e+00
     11.333    28.4730   5.756684    35.5795     2.2456     0.0864          0     64.750 328.532786  1022.7232     11.270      0.081  0.000e+00
     11.333    28.4738   5.761293    35.6110     2.2481     0.0849          0     65.000 328.532789  1022.7466     11.270      0.061  0.000e+00
     11.311    28.4756   5.764188    35.6298     2.2393     0.0871          0     65.250 328.532792  1022.7601     11.249      0.032  0.000e+00
     11.333    28.4773   5.766617    35.6455     2.2478     0.0803          0     65.500 328.532795  1022.7714     11.270      0.013  0.000e+00
     11.354    28.4792   5.768394    35.6565     2.2397     0.0849          0     65.750 328.532798  1022.7791     11.291      0.007  0.000e+00
     11.332    28.4806   5.769858    35.6656     2.2521     0.0856          0     66.000 328.532801  1022.7854     11.270      0.005  0.000e+00
     11.332    28.4825   5.771253    35.6739     2.2543     0.0856          0     66.250 328.532804  1022.7910     11.270      0.002  0.000e+00
     11.332    28.4843   5.772456    35.6809     2.2713     0.0818          0     66.500 328.532807  1022.7957     11.270      0.006  0.000e+00
     11.343    28.4862   5.773698    35.6882     2.2608     0.0719          0     66.750 328.532810  1022.8006     11.281      0.006  0.000e+00
     11.354    28.4878   5.774633    35.6934     2.2619     0.0498          0     67.000 328.532812  1022.8041     11.291      0.011  0.000e+00
     11.354    28.4895   5.774886    35.6939     2.2597     0.0589          0     67.250 328.532815  1022.8039     11.291      0.014  0.000e+00
     11.354    28.4913   5.775100    35.6941     2.2531     0.0551          0     67.500 328.532818  1022.8034     11.291      0.009  0.000e+00
     11.343    28.4934   5.775537    35.6956     2.2410     0.0673          0     67.750 328.532821  1022.8038     11.281      0.006  0.000e+00
     11.354    28.4950   5.775989    35.6975     2.2253     0.0681          0     68.000 328.532824  1022.8047     11.291      0.011  0.000e+00
     11.343    28.4972   5.776963    35.7026     2.2247     0.0673          0     68.250 328.532827  1022.8078     11.281      0.007  0.000e+00
     11.343    28.4990   5.779033    35.7157     2.1905     0.0719          0     68.500 328.532830  1022.8171     11.281      0.002  0.000e+00
     11.322    28.5009   5.780115    35.7218     2.2118     0.0673          0     68.750 328.532833  1022.8209     11.259     -0.009  0.000e+00
     11.332    28.5026   5.752642    35.5291     2.2501     0.0734          0     69.000 328.532836  1022.6755     11.270     -0.014  0.000e+00
     11.322    28.5009   5.729992    35.3726     2.2910     0.0688          0     69.250 328.532839  1022.5584     11.259     -0.017  0.000e+00
     11.311    28.4966   5.721881    35.3194     2.3257     0.0696          0     69.500 328.532841  1022.5198     11.248     -0.020  0.000e+00
     11.322    28.4919   5.718881    35.3020     2.3770     0.0696          0     69.750 328.532844  1022.5084     11.259     -0.018  0.000e+00
     11.322    28.4853   5.717438    35.2969     2.4220     0.0673          0     70.000 328.532847  1022.5067     11.259     -0.017  0.000e+00
     11.311    28.4788   5.716316    35.2939     2.4723     0.0765          0     70.250 328.532850  1022.5066     11.248     -0.014  0.000e+00
     11.289    28.4731   5.715454    35.2922     2.5079     0.0704          0     70.500 328.532853  1022.5071     11.227     -0.018  0.000e+00
     11.333    28.4693   5.713691    35.2827     2.5273     0.0734          0     70.750 328.532856  1022.5014     11.270     -0.006  0.000e+00
     11.343    28.4672   5.713905    35.2858     2.5618     0.0688          0     71.000 328.532859  1022.5045     11.281      0.002  0.000e+00
     11.333    28.4661   5.713211    35.2818     2.5861     0.0627          0     71.250 328.532862  1022.5018     11.270      0.009  0.000e+00
     11.311    28.4651   5.712509    35.2776     2.6002     0.0582          0     71.500 328.532865  1022.4989     11.248      0.007  0.000e+00
     11.279    28.4642   5.712249    35.2765     2.6115     0.0589          0     71.750 328.532867  1022.4982     11.216     -0.007  0.000e+00
     11.170    28.4644   5.711296    35.2697     2.6153     0.0566          0     72.000 328.532870  1022.4926     11.109     -0.044  0.000e+00
     11.019    28.4646   5.711517    35.2712     2.6385     0.0612          0     72.250 328.532873  1022.4930     10.958     -0.111  0.000e+00
     10.879    28.4640   5.711418    35.2710     2.6477     0.0604          0     72.500 328.532876  1022.4924     10.819     -0.199  0.000e+00
     10.749    28.4641   5.711318    35.2702     2.6612     0.0543          0     72.750 328.532879  1022.4913     10.690     -0.300  0.000e+00
     10.641    28.4645   5.711295    35.2698     2.6671     0.0589          0     73.000 328.532882  1022.4903     10.582     -0.379  0.000e+00
     10.533    28.4648   5.711227    35.2692     2.6771     0.0627          0     73.250 328.532885  1022.4893     10.475     -0.437  0.000e+00
     10.403    28.4641   5.710906    35.2675     2.6939     0.0582          0     73.500 328.532888  1022.4877     10.346     -0.480  0.000e+00
     10.230    28.4636   5.710776    35.2670     2.7189     0.0620          0     73.750 328.532891  1022.4868     10.174     -0.514  0.000e+00
     10.111    28.4623   5.710303    35.2647     2.7321     0.0536          0     74.000 328.532894  1022.4849     10.055     -0.518  0.000e+00
     10.003    28.4607   5.710143    35.2648     2.7473     0.0276          0     74.250 328.532896  1022.4851      9.948     -0.509  0.000e+00
      9.841    28.4591   5.710044    35.2654     2.7553     0.0330          0     74.500 328.532899  1022.4854      9.787     -0.517  0.000e+00
      9.657    28.4578   5.709853    35.2651     2.7541     0.0353          0     74.750 328.532902  1022.4848      9.604     -0.541  0.000e+00
      9.517    28.4568   5.709563    35.2638     2.7584     0.0330          0     75.000 328.532905  1022.4836      9.464     -0.565  0.000e+00
      9.344    28.4559   5.709624    35.2649     2.7591     0.0330          0     75.250 328.532908  1022.4840      9.292     -0.589  0.000e+00
      9.160    28.4562   5.709593    35.2646     2.7497     0.0612          0     75.500 328.532911  1022.4828      9.109     -0.611  0.000e+00
      8.965    28.4569   5.709693    35.2648     2.7502     0.0620          0     75.750 328.532914  1022.4819      8.916     -0.637  0.000e+00
      8.771    28.4572   5.709654    35.2644     2.7487     0.0635          0     76.000 328.532917  1022.4807      8.722     -0.677  0.000e+00
      8.576    28.4576   5.709563    35.2635     2.7527     0.0620          0     76.250 328.532920  1022.4790      8.529     -0.711  0.000e+00
      8.382    28.4584   5.709532    35.2628     2.7632     0.0864          0     76.500 328.532922  1022.4774      8.335     -0.730  0.000e+00
      8.209    28.4589   5.709501    35.2622     2.7612     0.0772          0     76.750 328.532925  1022.4761      8.163     -0.742  0.000e+00
      8.025    28.4594   5.709372    35.2610     2.7576     0.0818          0     77.000 328.532928  1022.4742      7.980     -0.755  0.000e+00
      7.862    28.4603   5.709371    35.2604     2.7479     0.0788          0     77.250 328.532931  1022.4728      7.819     -0.749  0.000e+00
      7.679    28.4603   5.709349    35.2603     2.7473     0.0620          0     77.500 328.532934  1022.4719      7.636     -0.740  0.000e+00
      7.484    28.4593   5.709051    35.2590     2.7453     0.0589          0     77.750 328.532937  1022.4704      7.443     -0.732  0.000e+00
      7.279    28.4582   5.708891    35.2588     2.7359     0.0620          0     78.000 328.532940  1022.4697      7.239     -0.733  0.000e+00
      7.095    28.4575   5.708631    35.2575     2.7449     0.0589          0     78.250 328.532943  1022.4682      7.056     -0.735  0.000e+00
      6.933    28.4568   5.708509    35.2572     2.7156     0.0490          0     78.500 328.532946  1022.4676      6.895     -0.734  0.000e+00
      6.760    28.4570   5.708570    35.2576     2.7072     0.0643          0     78.750 328.532948  1022.4670      6.722     -0.734  0.000e+00
      6.565    28.4568   5.708570    35.2578     2.7152     0.0559          0     79.000 328.532951  1022.4664      6.529     -0.735  0.000e+00
      6.392    28.4568   5.708425    35.2568     2.7024     0.0528          0     79.250 328.532954  1022.4649      6.357     -0.734  0.000e+00
      6.241    28.4573   5.708471    35.2568     2.6871     0.0521          0     79.500 328.532957  1022.4641      6.206     -0.719  0.000e+00
      6.089    28.4585   5.708631    35.2571     2.6670     0.0574          0     79.750 328.532960  1022.4633      6.056     -0.698  0.000e+00
      5.895    28.4603   5.708890    35.2576     2.6943     0.0566          0     80.000 328.532963  1022.4623      5.862     -0.687  0.000e+00
      5.689    28.4618   5.708951    35.2569     2.6660     0.0650          0     80.250 328.532966  1022.4604      5.658     -0.693  0.000e+00
      5.484    28.4635   5.709050    35.2564     2.6651     0.0658          0     80.500 328.532969  1022.4585      5.454     -0.710  0.000e+00
      5.322    28.4659   5.709217    35.2559     2.6627     0.0475          0     80.750 328.532972  1022.4567      5.292     -0.716  0.000e+00
      5.084    28.4683   5.709469    35.2559     2.6504     0.0391          0     81.000 328.532975  1022.4548      5.056     -0.737  0.000e+00
      4.889    28.4720   5.709881    35.2561     2.6447     0.0429          0     81.250 328.532977  1022.4529      4.863     -0.762  0.000e+00
      4.706    28.4759   5.710201    35.2555     2.6585     0.0490          0     81.500 328.532980  1022.4504      4.680     -0.782  0.000e+00
      4.479    28.4806   5.710712    35.2556     2.6536     0.0330          0     81.750 328.532983  1022.4479      4.454     -0.801  0.000e+00
      4.284    28.4861   5.711253    35.2554     2.6483     0.0345          0     82.000 328.532986  1022.4451      4.261     -0.804  0.000e+00
      4.089    28.4910   5.711612    35.2542     2.6346     0.0330          0     82.250 328.532989  1022.4418      4.067     -0.804  0.000e+00
      3.916    28.4961   5.712046    35.2535     2.6251     0.0360          0     82.500 328.532992  1022.4388      3.895     -0.798  0.000e+00
      3.689    28.5020   5.712603    35.2531     2.6136     0.0170          0     82.750 328.532995  1022.4356      3.669     -0.804  0.000e+00
      3.473    28.5095   5.713465    35.2535     2.5974     0.0208          0     83.000 328.532998  1022.4325      3.454     -0.801  0.000e+00
