ctd_kilwa/cnv/SBE19plus_01906740_2018_11_26_0057.cnv
* Sea-Bird SBE19plus  Data File:
* FileName = C:\Users\all user\Desktop\Mapping WWF\SBE19plus_01906740_2018_11_26_0057.hex
* Software version 2.6.3.104
* Temperature SN = 6740
* Conductivity SN = 6740
* System UpLoad Time = Nov 26 2018 19:57:39
* <ApplicationData>
* <Seaterm232>
# nquan = 13
# nvalues = 1104                                  
# units = specified
# name 0 = prdM: Pressure, Strain Gauge [db]
# name 1 = tv290C: Temperature [ITS-90, deg C]
# name 2 = c0S/m: Conductivity [S/m]
# name 3 = sal00: Salinity, Practical [PSU]
# name 4 = sbeox0ML/L: Oxygen, SBE 43 [ml/l]
# name 5 = flECO-AFL: Fluorescence, WET Labs ECO-AFL/FL [mg/m^3]
# name 6 = nbf: Bottles Fired
# name 7 = timeS: Time, Elapsed [seconds]
# name 8 = timeJ: Julian Days
# name 9 = density00: Density [density, kg/m^3]
# name 10 = depSM: Depth [salt water, m], lat = 0.00
# name 11 = dz/dtM: Descent Rate [m/s]
# name 12 = flag:  0.000e+00
# span 0 =     -1.040,     28.614                 
# span 1 =    27.6456,    28.6730                 
# span 2 =   0.425832,   5.699268                 
# span 3 =     2.1116,    35.3598                 
# span 4 =     2.2695,     3.6360                 
# span 5 =    -0.3439,    48.6902                 
# span 6 =          0,          0                 
# span 7 =      0.000,    275.750                 
# span 8 = 329.393113, 329.396305                 
# span 9 =   997.7565,  1022.7924                 
# span 10 =     -1.034,     28.455                
# span 11 =     -0.857,      0.440                
# span 12 = 0.0000e+00, 0.0000e+00                
# interval = seconds: 0.25
# start_time = Nov 25 2018 09:26:05 [Instrument's time stamp, header]
# bad_flag = -9.990e-29
*END*
[from data line 778]
     25.728    28.0161   5.651824    35.1841     2.6252     0.0559          0    194.500 329.395365  1022.6380     25.585     -0.326  0.000e+00
     25.447    28.0236   5.652484    35.1831     2.6237     0.0574          0    194.750 329.395367  1022.6337     25.305     -0.293  0.000e+00
     25.176    28.0297   5.653153    35.1833     2.6082     0.0551          0    195.000 329.395370  1022.6306     25.037     -0.322  0.000e+00
     24.993    28.0336   5.653244    35.1811     2.6014     0.0528          0    195.250 329.395373  1022.6269     24.854     -0.420  0.000e+00
     24.885    28.0346   5.653213    35.1802     2.5950     0.0559          0    195.500 329.395376  1022.6255     24.746     -0.538  0.000e+00
     24.842    28.0327   5.652674    35.1778     2.6055     0.0604          0    195.750 329.395379  1022.6241     24.704     -0.621  0.000e+00
     24.809    28.0296   5.652393    35.1782     2.5996     0.0635          0    196.000 329.395382  1022.6252     24.671     -0.630  0.000e+00
     24.874    28.0263   5.652074    35.1784     2.6165     0.0582          0    196.250 329.395385  1022.6267     24.736     -0.549  0.000e+00
     24.971    28.0227   5.651664    35.1782     2.6234     0.0444          0    196.500 329.395388  1022.6283     24.832     -0.375  0.000e+00
     24.993    28.0177   5.651125    35.1782     2.6289     0.0490          0    196.750 329.395391  1022.6299     24.854     -0.183  0.000e+00
     25.025    28.0128   5.650715    35.1790     2.6297     0.0482          0    197.000 329.395394  1022.6323     24.886     -0.027  0.000e+00
     25.058    28.0087   5.650654    35.1816     2.6203     0.0467          0    197.250 329.395396  1022.6357     24.919      0.076  0.000e+00
     25.090    28.0064   5.650715    35.1837     2.6249     0.0635          0    197.500 329.395399  1022.6382     24.951      0.135  0.000e+00
     25.112    28.0055   5.650844    35.1853     2.6190     0.0620          0    197.750 329.395402  1022.6398     24.972      0.156  0.000e+00
     25.155    28.0057   5.651224    35.1878     2.6231     0.0604          0    198.000 329.395405  1022.6418     25.015      0.160  0.000e+00
     25.166    28.0080   5.651900    35.1908     2.6272     0.0612          0    198.250 329.395408  1022.6433     25.026      0.135  0.000e+00
     25.112    28.0117   5.652393    35.1915     2.6420     0.0582          0    198.500 329.395411  1022.6424     24.972      0.093  0.000e+00
     24.971    28.0154   5.652773    35.1915     2.6438     0.0467          0    198.750 329.395414  1022.6406     24.833      0.030  0.000e+00
     24.701    28.0192   5.653183    35.1916     2.6317     0.0467          0    199.000 329.395417  1022.6383     24.564     -0.097  0.000e+00
     24.377    28.0224   5.653433    35.1911     2.6382     0.0452          0    199.250 329.395420  1022.6354     24.241     -0.281  0.000e+00
     24.160    28.0253   5.653813    35.1916     2.6423     0.0459          0    199.500 329.395422  1022.6340     24.026     -0.468  0.000e+00
     24.106    28.0267   5.653813    35.1905     2.6349     0.0711          0    199.750 329.395425  1022.6325     23.973     -0.600  0.000e+00
     24.171    28.0248   5.653084    35.1869     2.6406     0.0696          0    200.000 329.395428  1022.6306     24.037     -0.641  0.000e+00
     24.193    28.0161   5.651443    35.1819     2.6264     0.0681          0    200.250 329.395431  1022.6298     24.058     -0.599  0.000e+00
     24.236    28.0002   5.648885    35.1758     2.6315     0.0696          0    200.500 329.395434  1022.6306     24.101     -0.478  0.000e+00
     24.290    27.9804   5.646456    35.1735     2.6292     0.0475          0    200.750 329.395437  1022.6356     24.155     -0.298  0.000e+00
     24.387    27.9626   5.645036    35.1768     2.6289     0.0429          0    201.000 329.395440  1022.6443     24.252     -0.085  0.000e+00
     24.441    27.9487   5.644217    35.1814     2.6324     0.0475          0    201.250 329.395443  1022.6525     24.306      0.091  0.000e+00
     24.463    27.9388   5.643875    35.1864     2.6349     0.0414          0    201.500 329.395446  1022.6597     24.327      0.183  0.000e+00
     24.463    27.9324   5.643807    35.1907     2.6404     0.0543          0    201.750 329.395448  1022.6650     24.327      0.197  0.000e+00
     24.420    27.9286   5.643807    35.1935     2.6415     0.0620          0    202.000 329.395451  1022.6681     24.284      0.161  0.000e+00
     24.204    27.9262   5.643648    35.1943     2.6502     0.0574          0    202.250 329.395454  1022.6686     24.069      0.068  0.000e+00
     23.901    27.9235   5.643428    35.1949     2.6347     0.0589          0    202.500 329.395457  1022.6686     23.768     -0.101  0.000e+00
     23.609    27.9206   5.643086    35.1947     2.6346     0.0574          0    202.750 329.395460  1022.6682     23.478     -0.313  0.000e+00
     23.382    27.9179   5.642737    35.1943     2.6215     0.0604          0    203.000 329.395463  1022.6678     23.252     -0.527  0.000e+00
     23.285    27.9151   5.642486    35.1947     2.6047     0.0528          0    203.250 329.395466  1022.6686     23.156     -0.673  0.000e+00
     23.198    27.9124   5.642168    35.1945     2.5997     0.0589          0    203.500 329.395469  1022.6690     23.070     -0.751  0.000e+00
     23.187    27.9088   5.641697    35.1939     2.5920     0.0589          0    203.750 329.395472  1022.6696     23.059     -0.742  0.000e+00
     23.177    27.9049   5.641158    35.1930     2.5926     0.0719          0    204.000 329.395475  1022.6702     23.048     -0.650  0.000e+00
     23.263    27.9001   5.640597    35.1926     2.6116     0.0658          0    204.250 329.395477  1022.6718     23.134     -0.464  0.000e+00
     23.349    27.8959   5.640248    35.1933     2.6229     0.0673          0    204.500 329.395480  1022.6741     23.220     -0.250  0.000e+00
     23.479    27.8936   5.640279    35.1952     2.6248     0.0704          0    204.750 329.395483  1022.6768     23.349     -0.046  0.000e+00
     23.522    27.8928   5.640468    35.1972     2.6209     0.0589          0    205.000 329.395486  1022.6787     23.392      0.101  0.000e+00
     23.576    27.8923   5.640499    35.1977     2.6258     0.0528          0    205.250 329.395489  1022.6795     23.446      0.193  0.000e+00
     23.587    27.8907   5.640248    35.1971     2.6234     0.0589          0    205.500 329.395492  1022.6796     23.456      0.242  0.000e+00
     23.544    27.8888   5.639968    35.1966     2.6298     0.0627          0    205.750 329.395495  1022.6797     23.413      0.230  0.000e+00
     23.371    27.8870   5.639679    35.1960     2.6367     0.0772          0    206.000 329.395498  1022.6791     23.241      0.146  0.000e+00
     23.057    27.8856   5.639558    35.1962     2.6399     0.0704          0    206.250 329.395501  1022.6784     22.929     -0.038  0.000e+00
     22.766    27.8850   5.639618    35.1973     2.6320     0.0696          0    206.500 329.395503  1022.6781     22.639     -0.262  0.000e+00
     22.603    27.8850   5.639709    35.1979     2.6228     0.0719          0    206.750 329.395506  1022.6779     22.478     -0.469  0.000e+00
     22.528    27.8856   5.639777    35.1979     2.6193     0.0673          0    207.000 329.395509  1022.6774     22.403     -0.602  0.000e+00
     22.452    27.8858   5.639747    35.1976     2.6183     0.0734          0    207.250 329.395512  1022.6768     22.327     -0.677  0.000e+00
     22.420    27.8856   5.639618    35.1969     2.6259     0.0673          0    207.500 329.395515  1022.6761     22.295     -0.672  0.000e+00
     22.420    27.8854   5.639588    35.1968     2.6263     0.0742          0    207.750 329.395518  1022.6761     22.295     -0.587  0.000e+00
     22.431    27.8856   5.639648    35.1971     2.6350     0.0658          0    208.000 329.395521  1022.6763     22.306     -0.435  0.000e+00
     22.506    27.8866   5.639777    35.1972     2.6377     0.0574          0    208.250 329.395524  1022.6765     22.381     -0.246  0.000e+00
     22.549    27.8886   5.640119    35.1981     2.6436     0.0650          0    208.500 329.395527  1022.6766     22.424     -0.092  0.000e+00
     22.636    27.8929   5.640817    35.1998     2.6513     0.0589          0    208.750 329.395530  1022.6769     22.510      0.021  0.000e+00
     22.690    27.8984   5.641507    35.2005     2.6387     0.0604          0    209.000 329.395532  1022.6759     22.564      0.103  0.000e+00
     22.614    27.9034   5.642016    35.2004     2.6361     0.0406          0    209.250 329.395535  1022.6738     22.489      0.134  0.000e+00
     22.301    27.9073   5.642167    35.1986     2.6437     0.0467          0    209.500 329.395538  1022.6699     22.177      0.051  0.000e+00
     21.912    27.9097   5.642235    35.1974     2.6543     0.0490          0    209.750 329.395541  1022.6665     21.790     -0.138  0.000e+00
     21.588    27.9111   5.642197    35.1961     2.6424     0.0475          0    210.000 329.395544  1022.6637     21.468     -0.378  0.000e+00
     21.382    27.9116   5.642136    35.1954     2.6396     0.0528          0    210.250 329.395547  1022.6621     21.264     -0.615  0.000e+00
     21.296    27.9122   5.642235    35.1957     2.6507     0.0528          0    210.500 329.395550  1022.6618     21.178     -0.779  0.000e+00
     21.263    27.9146   5.642736    35.1974     2.6617     0.0551          0    210.750 329.395553  1022.6621     21.145     -0.857  0.000e+00
     21.285    27.9201   5.643950    35.2018     2.6667     0.0574          0    211.000 329.395556  1022.6637     21.167     -0.814  0.000e+00
     21.317    27.9319   5.646174    35.2086     2.6629     0.0582          0    211.250 329.395558  1022.6651     21.199     -0.655  0.000e+00
     21.361    27.9468   5.647715    35.2083     2.6428     0.0582          0    211.500 329.395561  1022.6602     21.242     -0.418  0.000e+00
     21.263    27.9632   5.648982    35.2050     2.6428     0.0627          0    211.750 329.395564  1022.6520     21.145     -0.228  0.000e+00
     21.015    27.9769   5.649992    35.2019     2.6506     0.0543          0    212.000 329.395567  1022.6441     20.898     -0.164  0.000e+00
     20.690    27.9865   5.650652    35.1994     2.6645     0.0574          0    212.250 329.395570  1022.6377     20.576     -0.236  0.000e+00
     20.442    27.9935   5.651001    35.1968     2.6537     0.0612          0    212.500 329.395573  1022.6323     20.329     -0.382  0.000e+00
     20.312    27.9980   5.651191    35.1947     2.6518     0.0536          0    212.750 329.395576  1022.6287     20.200     -0.529  0.000e+00
     20.280    28.0008   5.651252    35.1931     2.6477     0.0589          0    213.000 329.395579  1022.6264     20.167     -0.630  0.000e+00
     20.215    28.0022   5.651123    35.1911     2.6418     0.0566          0    213.250 329.395582  1022.6243     20.103     -0.675  0.000e+00
     20.172    28.0017   5.650902    35.1900     2.6550     0.0543          0    213.500 329.395584  1022.6234     20.060     -0.650  0.000e+00
     20.118    27.9997   5.650523    35.1889     2.6344     0.0673          0    213.750 329.395587  1022.6230     20.006     -0.548  0.000e+00
     20.129    27.9966   5.650082    35.1881     2.6321     0.0620          0    214.000 329.395590  1022.6234     20.017     -0.393  0.000e+00
     20.085    27.9937   5.649771    35.1881     2.6361     0.0604          0    214.250 329.395593  1022.6242     19.974     -0.257  0.000e+00
     19.880    27.9909   5.649611    35.1891     2.6483     0.0513          0    214.500 329.395596  1022.6250     19.770     -0.222  0.000e+00
     19.566    27.9884   5.649513    35.1903     2.6561     0.0467          0    214.750 329.395599  1022.6254     19.458     -0.299  0.000e+00
     19.372    27.9863   5.649452    35.1916     2.6583     0.0437          0    215.000 329.395602  1022.6262     19.265     -0.413  0.000e+00
     19.296    27.9850   5.649543    35.1932     2.6560     0.0459          0    215.250 329.395605  1022.6275     19.189     -0.495  0.000e+00
     19.286    27.9846   5.649611    35.1940     2.6497     0.0521          0    215.500 329.395608  1022.6282     19.179     -0.536  0.000e+00
     19.253    27.9842   5.649672    35.1947     2.6567     0.0650          0    215.750 329.395611  1022.6288     19.146     -0.538  0.000e+00
     19.188    27.9819   5.649201    35.1931     2.6537     0.0536          0    216.000 329.395613  1022.6280     19.082     -0.515  0.000e+00
     19.134    27.9755   5.647941    35.1891     2.6436     0.0582          0    216.250 329.395616  1022.6269     19.028     -0.440  0.000e+00
     19.166    27.9669   5.646704    35.1868     2.6421     0.0559          0    216.500 329.395619  1022.6281     19.060     -0.304  0.000e+00
     19.123    27.9600   5.646172    35.1883     2.6553     0.0437          0    216.750 329.395622  1022.6313     19.017     -0.188  0.000e+00
     18.939    27.9546   5.646013    35.1912     2.6482     0.0475          0    217.000 329.395625  1022.6344     18.834     -0.174  0.000e+00
     18.636    27.9496   5.645694    35.1928     2.6469     0.0482          0    217.250 329.395628  1022.6360     18.533     -0.264  0.000e+00
     18.334    27.9455   5.645383    35.1938     2.6460     0.0429          0    217.500 329.395631  1022.6368     18.232     -0.411  0.000e+00
     18.161    27.9430   5.645383    35.1957     2.6424     0.0589          0    217.750 329.395634  1022.6383     18.060     -0.544  0.000e+00
     18.107    27.9421   5.645322    35.1960     2.6564     0.0566          0    218.000 329.395637  1022.6386     18.007     -0.626  0.000e+00
     18.031    27.9416   5.645443    35.1972     2.6660     0.0589          0    218.250 329.395639  1022.6393     17.931     -0.675  0.000e+00
     17.977    27.9417   5.645474    35.1974     2.6781     0.0688          0    218.500 329.395642  1022.6392     17.877     -0.678  0.000e+00
     17.955    27.9408   5.645322    35.1970     2.6768     0.0574          0    218.750 329.395645  1022.6391     17.856     -0.600  0.000e+00
     17.977    27.9402   5.645253    35.1969     2.6858     0.0688          0    219.000 329.395648  1022.6393     17.877     -0.449  0.000e+00
     17.901    27.9399   5.645284    35.1974     2.6759     0.0658          0    219.250 329.395651  1022.6394     17.802     -0.303  0.000e+00
     17.685    27.9402   5.645382    35.1979     2.6561     0.0528          0    219.500 329.395654  1022.6388     17.587     -0.247  0.000e+00
     17.361    27.9404   5.645375    35.1978     2.6718     0.0543          0    219.750 329.395657  1022.6373     17.265     -0.315  0.000e+00
     17.091    27.9407   5.645382    35.1977     2.6685     0.0620          0    220.000 329.395660  1022.6360     16.996     -0.448  0.000e+00
     16.972    27.9408   5.645382    35.1977     2.6607     0.0574          0    220.250 329.395663  1022.6354     16.878     -0.559  0.000e+00
     16.961    27.9410   5.645352    35.1973     2.6677     0.0612          0    220.500 329.395666  1022.6350     16.867     -0.622  0.000e+00
     16.929    27.9409   5.645321    35.1972     2.6742     0.0543          0    220.750 329.395668  1022.6348     16.835     -0.641  0.000e+00
     16.929    27.9412   5.645412    35.1976     2.6796     0.0620          0    221.000 329.395671  1022.6350     16.835     -0.597  0.000e+00
     16.929    27.9416   5.645473    35.1978     2.6777     0.0589          0    221.250 329.395674  1022.6350     16.835     -0.477  0.000e+00
     16.799    27.9420   5.645473    35.1975     2.6690     0.0635          0    221.500 329.395677  1022.6341     16.706     -0.347  0.000e+00
     16.496    27.9429   5.645632    35.1980     2.6686     0.0543          0    221.750 329.395680  1022.6329     16.405     -0.297  0.000e+00
