ctd_kilwa/cnv/SBE19plus_01906740_2018_11_26_0043.cnv
* Sea-Bird SBE19plus  Data File:
* FileName = C:\Users\all user\Desktop\Mapping WWF\SBE19plus_01906740_2018_11_26_0043.hex
* Software version 2.6.3.104
* Temperature SN = 6740
* Conductivity SN = 6740
* System UpLoad Time = Nov 26 2018 19:54:10
* <ApplicationData>
* <Seaterm232>
# nquan = 13
# nvalues = 660                                   
# units = specified
# name 0 = prdM: Pressure, Strain Gauge [db]
# name 1 = tv290C: Temperature [ITS-90, deg C]
# name 2 = c0S/m: Conductivity [S/m]
# name 3 = sal00: Salinity, Practical [PSU]
# name 4 = sbeox0ML/L: Oxygen, SBE 43 [ml/l]
# name 5 = flECO-AFL: Fluorescence, WET Labs ECO-AFL/FL [mg/m^3]
# name 6 = nbf: Bottles Fired
# name 7 = timeS: Time, Elapsed [seconds]
# name 8 = timeJ: Julian Days
# name 9 = density00: Density [density, kg/m^3]
# name 10 = depSM: Depth [salt water, m], lat = 0.00
# name 11 = dz/dtM: Descent Rate [m/s]
# name 12 = flag:  0.000e+00
# span 0 =     -1.035,     11.605                 
# span 1 =    28.0513,    30.0803                 
# span 2 =   0.506388,   5.875906                 
# span 3 =     2.5049,    36.0227                 
# span 4 =     2.2959,     4.5320                 
# span 5 =    -0.4416,    48.6841                 
# span 6 =          0,          0                 
# span 7 =      0.000,    164.750                 
# span 8 = 328.464491, 328.466398                 
# span 9 =   997.8606,  1022.8333                 
# span 10 =     -1.030,     11.541                
# span 11 =     -0.708,      0.530                
# span 12 = 0.0000e+00, 0.0000e+00                
# interval = seconds: 0.25
# start_time = Nov 24 2018 11:08:52 [Instrument's time stamp, header]
# bad_flag = -9.990e-29
*END*
     -1.025    28.8345   1.260297     6.6577     3.0439    -0.0303          0      0.000 328.464491  1000.9608     -1.019      0.000  0.000e+00
     -1.025    28.8389   1.091907     5.7033     3.0558    -0.0296          0      0.250 328.464494  1000.2488     -1.019 -2.105e-16  0.000e+00
     -1.014    28.8421   1.031406     5.3635     3.0518    -0.0159          0      0.500 328.464497   999.9949     -1.008      0.003  0.000e+00
     -1.025    28.8446   0.887332     4.5625     3.0688    -0.0296          0      0.750 328.464499   999.3974     -1.019      0.002  0.000e+00
     -1.025    28.8469   0.728609     3.6936     3.0802    -0.0151          0      1.000 328.464502   998.7490     -1.019      0.001  0.000e+00
     -1.025    28.8487   0.701733     3.5479     3.0835    -0.0159          0      1.250 328.464505   998.6399     -1.019      0.001  0.000e+00
     -1.025    28.8507   0.556191     2.7682     3.0974    -0.0227          0      1.500 328.464508   998.0575     -1.019      0.000  0.000e+00
     -1.003    28.8525   0.506388     2.5049     3.1060    -0.0250          0      1.750 328.464511   997.8606     -0.998      0.005  0.000e+00
     -1.035    28.8541   0.643553     3.2341     3.0981    -0.0288          0      2.000 328.464514   998.4042     -1.030      0.000  0.000e+00
     -1.035    28.8551   1.042076     5.4218     3.0550    -0.0189          0      2.250 328.464517  1000.0343     -1.030     -0.004  0.000e+00
     -1.025    28.8563   1.069620     5.5760     3.0795    -0.0296          0      2.500 328.464520  1000.1489     -1.019     -0.005  0.000e+00
     -1.024    28.8579   1.698069     9.1889     3.0299    -0.0189          0      2.750 328.464523  1002.8375     -1.019     -0.002  0.000e+00
     -1.035    28.8600   1.769618     9.6096     3.0323    -0.0159          0      3.000 328.464525  1003.1498     -1.030     -0.005  0.000e+00
     -1.003    28.8622   1.694863     9.1693     3.0409    -0.0265          0      3.250 328.464528  1002.8216     -0.997      0.002  0.000e+00
     -1.024    28.8641   1.559279     8.3763     3.0570    -0.0227          0      3.500 328.464531  1002.2309     -1.019      0.001  0.000e+00
     -1.035    28.8660   1.073591     5.5972     3.0853    -0.0281          0      3.750 328.464534  1000.1617     -1.029     -0.003  0.000e+00
     -1.024    28.8946   2.800637    15.8485     2.9468    -0.0250          0      4.000 328.464537  1007.7819     -1.019      0.005  0.000e+00
     -1.013    29.0395   3.251950    18.6215     2.8670     0.0925          0      4.250 328.464540  1009.8017     -1.008      0.005  0.000e+00
     -1.002    29.3711   1.813776     9.7673     3.1460     0.0994          0      4.500 328.464543  1003.1110     -0.997      0.007  0.000e+00
     -0.959    29.7008   0.989452     5.0400     3.4109     0.0978          0      4.750 328.464546   999.4953     -0.954      0.023  0.000e+00
     -0.916    29.9103   0.715345     3.5443     4.2045     0.1016          0      5.000 328.464549   998.3184     -0.911      0.045  0.000e+00
     -0.851    30.0639   1.291852     6.6685     4.5320     1.2995          0      5.250 328.464552  1000.5947     -0.846      0.074  0.000e+00
     -0.732    30.0803   3.257875    18.2642     4.2207     1.2979          0      5.500 328.464554  1009.2045     -0.728      0.133  0.000e+00
     -0.624    30.0038   3.405535    19.2086     3.9411     1.2964          0      5.750 328.464557  1009.9322     -0.620      0.196  0.000e+00
     -0.527    29.9021   3.235416    18.1916     3.6627     1.2873          0      6.000 328.464560  1009.2089     -0.524      0.254  0.000e+00
     -0.494    29.7828   3.189130    17.9491     3.4589    -0.2203          0      6.250 328.464563  1009.0669     -0.491      0.291  0.000e+00
     -0.537    29.6689   3.088598    17.3680     3.1649    -0.2142          0      6.500 328.464566  1008.6709     -0.534      0.284  0.000e+00
     -0.548    29.5906   4.984806    29.5717     3.3371    -0.2188          0      6.750 328.464569  1017.7972     -0.545      0.247  0.000e+00
     -0.591    29.4965   5.614046    33.8575     3.1390    -0.2112          0      7.000 328.464572  1021.0378     -0.588      0.182  0.000e+00
     -0.581    29.2914   4.230922    24.7840     3.3798     1.9518          0      7.250 328.464575  1014.3181     -0.577      0.110  0.000e+00
     -0.624    29.1225   5.554902    33.7181     3.2281     1.9419          0      7.500 328.464578  1021.0584     -0.620      0.025  0.000e+00
     -0.656    29.0499   4.701872    28.0151     3.4191     1.9472          0      7.750 328.464580  1016.8106     -0.653     -0.043  0.000e+00
     -0.656    29.0149   5.870855    35.9680     3.1615     1.9426          0      8.000 328.464583  1022.7833     -0.653     -0.081  0.000e+00
     -0.624    28.9887   5.875906    36.0227     2.9656     1.9449          0      8.250 328.464586  1022.8333     -0.620     -0.075  0.000e+00
     -0.559    28.9665   5.865884    35.9700     2.9490     0.2611          0      8.500 328.464589  1022.8015     -0.556     -0.035  0.000e+00
     -0.505    28.9321   5.765146    35.2994     2.8311     0.2649          0      8.750 328.464592  1022.3094     -0.502      0.010  0.000e+00
     -0.462    28.7762   5.693169    34.9170     2.7703     0.2664          0      9.000 328.464595  1022.0744     -0.459      0.061  0.000e+00
     -0.407    28.5468   5.687506    35.0466     2.7477     0.2550          0      9.250 328.464598  1022.2481     -0.405      0.105  0.000e+00
     -0.364    28.3849   5.684006    35.1421     2.7603     0.1413          0      9.500 328.464601  1022.3735     -0.362      0.153  0.000e+00
     -0.332    28.2914   5.682866    35.2037     2.7531     0.1390          0      9.750 328.464604  1022.4508     -0.330      0.180  0.000e+00
     -0.321    28.2403   5.683392    35.2455     2.7682     0.1459          0     10.000 328.464606  1022.4990     -0.319      0.180  0.000e+00
     -0.343    28.2142   5.681939    35.2548     2.8151     0.1474          0     10.250 328.464609  1022.5146     -0.341      0.152  0.000e+00
     -0.288    28.2014   5.680318    35.2530     2.7310     0.0406          0     10.500 328.464612  1022.5177     -0.287      0.128  0.000e+00
     -0.245    28.1955   5.679176    35.2494     2.6932     0.0444          0     10.750 328.464615  1022.5171     -0.244      0.115  0.000e+00
     -0.213    28.1894   5.676886    35.2380     2.6612     0.0467          0     11.000 328.464618  1022.5106     -0.212      0.108  0.000e+00
     -0.148    28.1840   5.676254    35.2375     2.6337     0.0574          0     11.250 328.464621  1022.5123     -0.147      0.113  0.000e+00
     -0.105    28.1804   5.676414    35.2413     2.6289     0.3107          0     11.500 328.464624  1022.5165     -0.104      0.127  0.000e+00
     -0.072    28.1782   5.676886    35.2463     2.6172     0.3137          0     11.750 328.464627  1022.5212     -0.072      0.143  0.000e+00
     -0.029    28.1769   5.677305    35.2502     2.6014     0.3099          0     12.000 328.464630  1022.5247     -0.029      0.163  0.000e+00
     -0.018    28.1763   5.678347    35.2579     2.6010     0.3153          0     12.250 328.464633  1022.5307     -0.018      0.169  0.000e+00
     -0.029    28.1766   5.679816    35.2680     2.6267     0.3153          0     12.500 328.464635  1022.5381     -0.029      0.144  0.000e+00
     -0.029    28.1773   5.682297    35.2848     2.6464     0.1573          0     12.750 328.464638  1022.5506     -0.029      0.117  0.000e+00
     -0.040    28.1789   5.688404    35.3264     2.6517     0.1489          0     13.000 328.464641  1022.5813     -0.040      0.084  0.000e+00
     -0.061    28.1804   5.688526    35.3261     2.6590     0.1520          0     13.250 328.464644  1022.5805     -0.061      0.042  0.000e+00
     -0.007    28.1923   5.688213    35.3150     2.6636     0.1589          0     13.500 328.464647  1022.5684     -0.007      0.026  0.000e+00
      0.014    28.2167   5.689226    35.3038     2.6659     0.0040          0     13.750 328.464650  1022.5521      0.014      0.021  0.000e+00
      0.014    28.2399   5.691968    35.3057     2.6631     0.0101          0     14.000 328.464653  1022.5459      0.014      0.019  0.000e+00
      0.004    28.2542   5.695160    35.3173     2.6551     0.0055          0     14.250 328.464656  1022.5498      0.004      0.022  0.000e+00
     -0.007    28.2640   5.697133    35.3237     2.6479     0.0101          0     14.500 328.464659  1022.5514     -0.007      0.025  0.000e+00
     -0.051    28.2722   5.697263    35.3185     2.6399     0.1314          0     14.750 328.464661  1022.5446     -0.050      0.011  0.000e+00
     -0.050    28.2819   5.695769    35.3008     2.6360     0.1299          0     15.000 328.464664  1022.5281     -0.050     -0.001  0.000e+00
     -0.040    28.2979   5.694679    35.2813     2.6302     0.1337          0     15.250 328.464667  1022.5083     -0.040     -0.013  0.000e+00
     -0.061    28.3142   5.694709    35.2693     2.6285     0.1283          0     15.500 328.464670  1022.4938     -0.061     -0.037  0.000e+00
     -0.083    28.3286   5.696843    35.2735     2.6259     0.1894          0     15.750 328.464673  1022.4920     -0.082     -0.050  0.000e+00
     -0.072    28.3450   5.701088    35.2909     2.6124     0.1917          0     16.000 328.464676  1022.4998     -0.072     -0.047  0.000e+00
     -0.018    28.3548   5.698603    35.2662     2.6018     0.1894          0     16.250 328.464679  1022.4782     -0.018     -0.024  0.000e+00
     -0.018    28.3520   5.696720    35.2552     2.5885     0.1924          0     16.500 328.464682  1022.4709     -0.018     -0.002  0.000e+00
     -0.040    28.3307   5.696842    35.2719     2.5782     0.1863          0     16.750 328.464685  1022.4904     -0.040      0.012  0.000e+00
     -0.018    28.3070   5.699998    35.3117     2.5630     0.1039          0     17.000 328.464688  1022.5282     -0.018      0.019  0.000e+00
     -0.029    28.2933   5.703612    35.3472     2.5565     0.1070          0     17.250 328.464690  1022.5593     -0.029      0.021  0.000e+00
     -0.061    28.2826   5.704474    35.3612     2.5514     0.1032          0     17.500 328.464693  1022.5732     -0.061      0.017  0.000e+00
     -0.072    28.2849   5.705565    35.3670     2.5474     0.1024          0     17.750 328.464696  1022.5768     -0.072      0.004  0.000e+00
     -0.115    28.3093   5.706807    35.3575     2.5432    -0.0342          0     18.000 328.464699  1022.5614     -0.115     -0.027  0.000e+00
     -0.115    28.3286   5.707447    35.3475     2.5406    -0.0265          0     18.250 328.464702  1022.5476     -0.115     -0.053  0.000e+00
     -0.083    28.3351   5.703261    35.3135     2.5317    -0.0288          0     18.500 328.464705  1022.5200     -0.082     -0.048  0.000e+00
     -0.050    28.3318   5.698862    35.2852     2.5232    -0.0303          0     18.750 328.464708  1022.5000     -0.050     -0.031  0.000e+00
     -0.040    28.3158   5.699945    35.3047     2.5127     0.0063          0     19.000 328.464711  1022.5199     -0.039     -0.016  0.000e+00
     -0.050    28.2948   5.706205    35.3641     2.5063     0.0124          0     19.250 328.464714  1022.5714     -0.050      0.004  0.000e+00
     -0.083    28.2765   5.707448    35.3865     2.4969     0.0093          0     19.500 328.464716  1022.5942     -0.082      0.013  0.000e+00
     -0.083    28.2823   5.705595    35.3692     2.4872     0.0109          0     19.750 328.464719  1022.5793     -0.082      0.015  0.000e+00
     -0.061    28.2986   5.697674    35.3017     2.4876    -0.0136          0     20.000 328.464722  1022.5233     -0.061      0.021  0.000e+00
     -0.007    28.2941   5.690695    35.2563     2.4805    -0.0181          0     20.250 328.464725  1022.4908     -0.007      0.026  0.000e+00
      0.036    28.2718   5.693620    35.2933     2.4791    -0.0136          0     20.500 328.464728  1022.5262      0.036      0.035  0.000e+00
      0.036    28.2534   5.703651    35.3772     2.4733    -0.0166          0     20.750 328.464731  1022.5953      0.036      0.045  0.000e+00
      0.003    28.2416   5.707289    35.4115     2.4747    -0.0197          0     21.000 328.464734  1022.6249      0.003      0.050  0.000e+00
     -0.040    28.2581   5.707929    35.4036     2.4732    -0.0281          0     21.250 328.464737  1022.6133     -0.040      0.042  0.000e+00
     -0.072    28.2966   5.705534    35.3581     2.4690    -0.0250          0     21.500 328.464740  1022.5663     -0.072      0.023  0.000e+00
     -0.083    28.3182   5.703231    35.3258     2.4753    -0.0242          0     21.750 328.464742  1022.5348     -0.083     -0.009  0.000e+00
     -0.094    28.3209   5.701248    35.3100     2.4753    -0.0334          0     22.000 328.464745  1022.5220     -0.093     -0.043  0.000e+00
     -0.061    28.3174   5.700128    35.3048     2.4780     0.0459          0     22.250 328.464748  1022.5194     -0.061     -0.061  0.000e+00
     -0.040    28.3058   5.701218    35.3211     2.4773     0.0482          0     22.500 328.464751  1022.5355     -0.040     -0.055  0.000e+00
     -0.051    28.2951   5.706296    35.3645     2.4858     0.0490          0     22.750 328.464754  1022.5717     -0.050     -0.036  0.000e+00
     -0.072    28.2903   5.708699    35.3849     2.4893     0.0490          0     23.000 328.464757  1022.5885     -0.072     -0.017  0.000e+00
     -0.051    28.2850   5.708348    35.3864     2.4912     0.0391          0     23.250 328.464760  1022.5914     -0.050      0.005  0.000e+00
     -0.072    28.2789   5.704284    35.3626     2.4912     0.0330          0     23.500 328.464763  1022.5755     -0.072      0.010  0.000e+00
     -0.083    28.2713   5.702271    35.3542     2.4841     0.0383          0     23.750 328.464766  1022.5716     -0.082      0.004  0.000e+00
     -0.039    28.2611   5.699694    35.3439     2.4876     0.0322          0     24.000 328.464769  1022.5674     -0.039      0.006  0.000e+00
      0.004    28.2511   5.703583    35.3785     2.4850    -0.0273          0     24.250 328.464771  1022.5969      0.004      0.013  0.000e+00
      0.025    28.2465   5.709661    35.4244     2.4788    -0.0242          0     24.500 328.464774  1022.6331      0.025      0.030  0.000e+00
     -0.039    28.2645   5.709432    35.4094     2.4726    -0.0326          0     24.750 328.464777  1022.6155     -0.039      0.032  0.000e+00
     -0.072    28.3476   5.709308    35.3463     2.4656    -0.0319          0     25.000 328.464780  1022.5406     -0.071      0.021  0.000e+00
     -0.137    28.4206   5.709147    35.2907     2.4521    -0.0334          0     25.250 328.464783  1022.4744     -0.136     -0.013  0.000e+00
     -0.158    28.4578   5.709207    35.2635     2.4412     0.1161          0     25.500 328.464786  1022.4416     -0.157     -0.041  0.000e+00
     -0.147    28.4747   5.710633    35.2608     2.4407     0.1261          0     25.750 328.464789  1022.4340     -0.147     -0.066  0.000e+00
     -0.083    28.4823   5.717371    35.3020     2.4386     0.1146          0     26.000 328.464792  1022.4627     -0.082     -0.073  0.000e+00
     -0.072    28.4879   5.723112    35.3378     2.4402     0.1207          0     26.250 328.464795  1022.4878     -0.072     -0.062  0.000e+00
     -0.007    28.5076   5.725777    35.3417     2.4414     0.0368          0     26.500 328.464797  1022.4845     -0.007     -0.017  0.000e+00
      0.036    28.5442   5.727029    35.3231     2.4420     0.0276          0     26.750 328.464800  1022.4586      0.036      0.047  0.000e+00
      0.036    28.5645   5.725425    35.2968     2.4532     0.0292          0     27.000 328.464803  1022.4321      0.036      0.089  0.000e+00
      0.036    28.5719   5.719934    35.2532     2.4570     0.0383          0     27.250 328.464806  1022.3969      0.036      0.115  0.000e+00
      0.036    28.5695   5.716568    35.2316     2.4673     0.1039          0     27.500 328.464809  1022.3815      0.036      0.112  0.000e+00
