ctd_kilwa/cnv/SBE19plus_01906740_2018_11_26_0069.cnv
* Sea-Bird SBE19plus  Data File:
* FileName = C:\Users\all user\Desktop\Mapping WWF\SBE19plus_01906740_2018_11_26_0069.hex
* Software version 2.6.3.104
* Temperature SN = 6740
* Conductivity SN = 6740
* System UpLoad Time = Nov 26 2018 20:00:16
* <ApplicationData>
* <Seaterm232>
# nquan = 13
# nvalues = 843                                   
# units = specified
# name 0 = prdM: Pressure, Strain Gauge [db]
# name 1 = tv290C: Temperature [ITS-90, deg C]
# name 2 = c0S/m: Conductivity [S/m]
# name 3 = sal00: Salinity, Practical [PSU]
# name 4 = sbeox0ML/L: Oxygen, SBE 43 [ml/l]
# name 5 = flECO-AFL: Fluorescence, WET Labs ECO-AFL/FL [mg/m^3]
# name 6 = nbf: Bottles Fired
# name 7 = timeS: Time, Elapsed [seconds]
# name 8 = timeJ: Julian Days
# name 9 = density00: Density [density, kg/m^3]
# name 10 = depSM: Depth [salt water, m], lat = 0.00
# name 11 = dz/dtM: Descent Rate [m/s]
# name 12 = flag:  0.000e+00
# span 0 =     -1.097,     14.335                 
# span 1 =    28.6160,    34.0135                 
# span 2 =   0.475386,   5.898959                 
# span 3 =     2.3390,    36.0365                 
# span 4 =     2.0895,     3.6335                 
# span 5 =    -0.4393,    48.6909                 
# span 6 =          0,          0                 
# span 7 =      0.000,    210.500                 
# span 8 = 329.609745, 329.612182                 
# span 9 =   996.5411,  1022.8420                 
# span 10 =     -1.091,     14.255                
# span 11 =     -0.927,      0.924                
# span 12 = 0.0000e+00, 0.0000e+00                
# interval = seconds: 0.25
# start_time = Nov 25 2018 14:38:02 [Instrument's time stamp, header]
# bad_flag = -9.990e-29
*END*
[from data line 445]
     14.215    28.6195   5.722285    35.2300     2.9237     0.0521          0    111.250 329.611033  1022.4244     14.137      0.284  0.000e+00
     14.215    28.6202   5.722285    35.2295     2.9350     0.0406          0    111.500 329.611036  1022.4237     14.137      0.204  0.000e+00
     14.204    28.6207   5.722415    35.2300     2.9423     0.0330          0    111.750 329.611039  1022.4239     14.126      0.127  0.000e+00
     14.204    28.6211   5.722346    35.2292     2.9553     0.0292          0    112.000 329.611042  1022.4232     14.126      0.067  0.000e+00
     14.204    28.6214   5.722377    35.2292     2.9805     0.0330          0    112.250 329.611045  1022.4231     14.126      0.020  0.000e+00
     14.215    28.6217   5.722445    35.2295     2.9698     0.0559          0    112.500 329.611047  1022.4233     14.137     -0.000  0.000e+00
     14.194    28.6218   5.722415    35.2292     2.9626     0.0543          0    112.750 329.611050  1022.4229     14.115     -0.014  0.000e+00
     14.204    28.6214   5.722316    35.2288     2.9305     0.0574          0    113.000 329.611053  1022.4228     14.126     -0.007  0.000e+00
     14.194    28.6212   5.722346    35.2292     2.9262     0.0574          0    113.250 329.611056  1022.4231     14.115     -0.009  0.000e+00
     14.204    28.6213   5.722316    35.2289     2.9301     0.0582          0    113.500 329.611059  1022.4229     14.126     -0.006  0.000e+00
     14.193    28.6214   5.722415    35.2295     2.9236     0.0330          0    113.750 329.611062  1022.4233     14.115     -0.005  0.000e+00
     14.204    28.6219   5.722415    35.2291     2.9378     0.0299          0    114.000 329.611065  1022.4229     14.126     -0.004  0.000e+00
     14.215    28.6225   5.722476    35.2291     2.9377     0.0368          0    114.250 329.611068  1022.4227     14.136      0.001  0.000e+00
     14.215    28.6230   5.722507    35.2289     2.9500     0.0284          0    114.500 329.611071  1022.4224     14.136      0.004  0.000e+00
     14.258    28.6229   5.722407    35.2283     2.9249     0.0467          0    114.750 329.611073  1022.4222     14.180      0.022  0.000e+00
     14.258    28.6225   5.722346    35.2282     2.9156     0.0429          0    115.000 329.611076  1022.4222     14.180      0.030  0.000e+00
     14.269    28.6219   5.722255    35.2280     2.9059     0.0467          0    115.250 329.611079  1022.4223     14.190      0.040  0.000e+00
     14.280    28.6213   5.722255    35.2284     2.9087     0.0421          0    115.500 329.611082  1022.4229     14.201      0.045  0.000e+00
     14.291    28.6213   5.722377    35.2293     2.9148     0.0238          0    115.750 329.611085  1022.4236     14.212      0.051  0.000e+00
     14.280    28.6215   5.722415    35.2294     2.9315     0.0154          0    116.000 329.611088  1022.4235     14.201      0.045  0.000e+00
     14.291    28.6215   5.722346    35.2289     2.9458     0.0215          0    116.250 329.611091  1022.4232     14.212      0.039  0.000e+00
     14.280    28.6213   5.722316    35.2289     2.9677     0.0200          0    116.500 329.611094  1022.4232     14.201      0.028  0.000e+00
     14.291    28.6213   5.722285    35.2286     2.9712     0.0238          0    116.750 329.611097  1022.4231     14.212      0.016  0.000e+00
     14.269    28.6215   5.722377    35.2291     2.9550     0.0246          0    117.000 329.611100  1022.4233     14.191      0.007  0.000e+00
     14.291    28.6215   5.722285    35.2285     2.9494     0.0231          0    117.250 329.611102  1022.4229     14.212      0.004  0.000e+00
     14.280    28.6214   5.722285    35.2286     2.9548     0.0215          0    117.500 329.611105  1022.4229     14.201     -0.001  0.000e+00
     14.302    28.6213   5.722316    35.2288     2.9584     0.0215          0    117.750 329.611108  1022.4233     14.223      0.002  0.000e+00
     14.291    28.6214   5.722346    35.2290     2.9590     0.1398          0    118.000 329.611111  1022.4233     14.212      0.005  0.000e+00
     14.291    28.6213   5.722346    35.2291     2.9672     0.1360          0    118.250 329.611114  1022.4234     14.212      0.004  0.000e+00
     14.280    28.6214   5.722346    35.2290     2.9737     0.1329          0    118.500 329.611117  1022.4233     14.201      0.004  0.000e+00
     14.291    28.6215   5.722415    35.2294     2.9731     0.1360          0    118.750 329.611120  1022.4236     14.212      0.003  0.000e+00
     14.313    28.6221   5.722530    35.2297     2.9953     0.1627          0    119.000 329.611123  1022.4237     14.234      0.011  0.000e+00
     14.302    28.6224   5.722446    35.2289     3.0012     0.1650          0    119.250 329.611126  1022.4230     14.223      0.007  0.000e+00
     14.302    28.6222   5.722415    35.2289     2.9884     0.1604          0    119.500 329.611128  1022.4230     14.223      0.009  0.000e+00
     14.291    28.6217   5.722346    35.2288     2.9914     0.1612          0    119.750 329.611131  1022.4230     14.212      0.003  0.000e+00
     14.313    28.6213   5.722255    35.2284     2.9768     0.1596          0    120.000 329.611134  1022.4230     14.234      0.010  0.000e+00
     14.313    28.6209   5.722255    35.2287     2.9749     0.1505          0    120.250 329.611137  1022.4234     14.234      0.012  0.000e+00
     14.313    28.6206   5.722255    35.2289     2.9800     0.1543          0    120.500 329.611140  1022.4236     14.234      0.012  0.000e+00
     14.313    28.6204   5.722255    35.2291     2.9807     0.1528          0    120.750 329.611143  1022.4238     14.234      0.008  0.000e+00
     14.313    28.6204   5.722217    35.2288     2.9887     0.1749          0    121.000 329.611146  1022.4236     14.234      0.005  0.000e+00
     14.324    28.6207   5.722255    35.2289     2.9917     0.1764          0    121.250 329.611149  1022.4236     14.245      0.011  0.000e+00
     14.324    28.6210   5.722346    35.2293     2.9896     0.1764          0    121.500 329.611152  1022.4238     14.245      0.012  0.000e+00
     14.313    28.6214   5.722377    35.2292     2.9823     0.1795          0    121.750 329.611155  1022.4236     14.234      0.009  0.000e+00
     14.324    28.6216   5.722346    35.2288     2.9834     0.1718          0    122.000 329.611157  1022.4233     14.244      0.005  0.000e+00
     14.313    28.6220   5.722377    35.2288     2.9880     0.0765          0    122.250 329.611160  1022.4230     14.234      0.003  0.000e+00
     14.302    28.6226   5.722476    35.2290     2.9962     0.0772          0    122.500 329.611163  1022.4230     14.223     -0.002  0.000e+00
     14.324    28.6231   5.722507    35.2288     2.9736     0.0772          0    122.750 329.611166  1022.4228     14.245     -0.001  0.000e+00
     14.302    28.6232   5.722415    35.2281     2.9699     0.0788          0    123.000 329.611169  1022.4221     14.223     -0.006  0.000e+00
     14.291    28.6230   5.722377    35.2280     2.9718     0.0856          0    123.250 329.611172  1022.4221     14.212     -0.013  0.000e+00
     14.291    28.6230   5.722415    35.2283     2.9683     0.0772          0    123.500 329.611175  1022.4223     14.212     -0.015  0.000e+00
     14.281    28.6232   5.722446    35.2284     2.9677     0.0826          0    123.750 329.611178  1022.4222     14.202     -0.018  0.000e+00
     14.281    28.6233   5.722446    35.2283     2.9724     0.0803          0    124.000 329.611181  1022.4221     14.202     -0.022  0.000e+00
     14.281    28.6234   5.722507    35.2286     2.9682     0.1093          0    124.250 329.611183  1022.4223     14.202     -0.019  0.000e+00
     14.270    28.6239   5.722537    35.2285     2.9671     0.1062          0    124.500 329.611186  1022.4220     14.191     -0.021  0.000e+00
     14.281    28.6243   5.722591    35.2286     2.9652     0.1077          0    124.750 329.611189  1022.4220     14.202     -0.020  0.000e+00
     14.270    28.6246   5.722636    35.2286     2.9671     0.1077          0    125.000 329.611192  1022.4218     14.191     -0.014  0.000e+00
     14.248    28.6246   5.722575    35.2282     2.9785     0.0788          0    125.250 329.611195  1022.4214     14.169     -0.017  0.000e+00
     14.270    28.6248   5.722537    35.2277     2.9861     0.0788          0    125.500 329.611198  1022.4211     14.191     -0.014  0.000e+00
     14.259    28.6253   5.722606    35.2279     2.9821     0.0803          0    125.750 329.611201  1022.4210     14.180     -0.012  0.000e+00
     14.248    28.6257   5.722652    35.2279     2.9871     0.0818          0    126.000 329.611204  1022.4209     14.169     -0.015  0.000e+00
     14.248    28.6255   5.722636    35.2279     2.9927     0.0734          0    126.250 329.611207  1022.4210     14.169     -0.016  0.000e+00
     14.280    28.6253   5.722575    35.2276     2.9986     0.1062          0    126.500 329.611209  1022.4209     14.201     -0.006  0.000e+00
     14.302    28.6250   5.722537    35.2276     2.9802     0.1085          0    126.750 329.611212  1022.4211     14.223      0.006  0.000e+00
     14.280    28.6251   5.722575    35.2278     2.9773     0.1062          0    127.000 329.611215  1022.4211     14.201      0.014  0.000e+00
     14.269    28.6251   5.722606    35.2280     2.9956     0.1055          0    127.250 329.611218  1022.4212     14.191      0.016  0.000e+00
     14.269    28.6252   5.722591    35.2278     3.0253     0.0856          0    127.500 329.611221  1022.4211     14.190      0.010  0.000e+00
     14.237    28.6253   5.722575    35.2277     3.0249     0.0833          0    127.750 329.611224  1022.4208     14.158      0.001  0.000e+00
     14.237    28.6253   5.722606    35.2279     3.0158     0.0826          0    128.000 329.611227  1022.4209     14.158     -0.009  0.000e+00
     14.226    28.6251   5.722507    35.2273     3.0218     0.0818          0    128.250 329.611230  1022.4205     14.147     -0.024  0.000e+00
     14.215    28.6248   5.722476    35.2273     3.0362     0.0444          0    128.500 329.611233  1022.4206     14.137     -0.040  0.000e+00
     14.205    28.6247   5.722476    35.2274     3.0224     0.0475          0    128.750 329.611236  1022.4206     14.126     -0.047  0.000e+00
     14.205    28.6247   5.722499    35.2276     3.0326     0.0437          0    129.000 329.611238  1022.4208     14.126     -0.041  0.000e+00
     14.172    28.6248   5.722476    35.2274     3.0160     0.0360          0    129.250 329.611241  1022.4204     14.094     -0.045  0.000e+00
     14.205    28.6253   5.722537    35.2274     3.0180     0.0353          0    129.500 329.611244  1022.4204     14.126     -0.036  0.000e+00
     14.237    28.6257   5.722636    35.2278     3.0146     0.0368          0    129.750 329.611247  1022.4207     14.158     -0.014  0.000e+00
     14.259    28.6262   5.722667    35.2276     3.0195     0.0345          0    130.000 329.611250  1022.4205     14.180      0.004  0.000e+00
     14.302    28.6269   5.722713    35.2274     3.0202     0.0345          0    130.250 329.611253  1022.4203     14.223      0.033  0.000e+00
     14.313    28.6271   5.722736    35.2274     3.0234     0.0292          0    130.500 329.611256  1022.4203     14.234      0.057  0.000e+00
     14.291    28.6271   5.722736    35.2274     3.0574     0.0467          0    130.750 329.611259  1022.4202     14.212      0.066  0.000e+00
     14.248    28.6270   5.722736    35.2275     3.0689     0.0498          0    131.000 329.611262  1022.4201     14.169      0.054  0.000e+00
     14.259    28.6269   5.722667    35.2271     3.0480     0.0490          0    131.250 329.611264  1022.4199     14.180      0.043  0.000e+00
     14.270    28.6265   5.722507    35.2263     3.0313     0.0429          0    131.500 329.611267  1022.4195     14.191      0.020  0.000e+00
     14.324    28.6262   5.722407    35.2258     3.2099     0.0566          0    131.750 329.611270  1022.4194     14.245      0.015  0.000e+00
     14.335    28.6262   5.722087    35.2236     3.2711     0.0612          0    132.000 329.611273  1022.4178     14.255      0.017  0.000e+00
     14.324    28.6260   5.722087    35.2237     3.2172     0.0543          0    132.250 329.611276  1022.4180     14.245      0.016  0.000e+00
     14.324    28.6260   5.722186    35.2244     3.1728     0.0574          0    132.500 329.611279  1022.4185     14.244      0.025  0.000e+00
     14.324    28.6259   5.722186    35.2245     3.1552     0.0788          0    132.750 329.611282  1022.4186     14.245      0.037  0.000e+00
     14.313    28.6260   5.722071    35.2236     3.1170     0.0688          0    133.000 329.611285  1022.4178     14.234      0.037  0.000e+00
     14.335    28.6258   5.722087    35.2239     3.0754     0.0864          0    133.250 329.611288  1022.4182     14.255      0.028  0.000e+00
     14.302    28.6259   5.722155    35.2243     3.0429     0.0849          0    133.500 329.611291  1022.4183     14.223      0.008  0.000e+00
     14.248    28.6259   5.722155    35.2243     2.9894     0.2306          0    133.750 329.611293  1022.4181     14.169     -0.026  0.000e+00
     14.248    28.6260   5.722216    35.2246     3.0075     0.2237          0    134.000 329.611296  1022.4183     14.169     -0.040  0.000e+00
     14.248    28.6259   5.722255    35.2250     3.0202     0.2222          0    134.250 329.611299  1022.4186     14.169     -0.046  0.000e+00
     14.215    28.6259   5.722346    35.2256     3.0356     0.2245          0    134.500 329.611302  1022.4190     14.137     -0.059  0.000e+00
     14.194    28.6259   5.722346    35.2256     3.0328     0.2291          0    134.750 329.611305  1022.4189     14.115     -0.069  0.000e+00
     14.183    28.6261   5.722316    35.2253     3.0078     0.2466          0    135.000 329.611308  1022.4185     14.104     -0.074  0.000e+00
     14.172    28.6260   5.722254    35.2249     3.0001     0.2489          0    135.250 329.611311  1022.4182     14.094     -0.077  0.000e+00
     14.204    28.6261   5.722316    35.2253     2.9799     0.2458          0    135.500 329.611314  1022.4186     14.126     -0.053  0.000e+00
     14.183    28.6263   5.722377    35.2256     2.9537     0.2504          0    135.750 329.611317  1022.4186     14.104     -0.038  0.000e+00
     14.204    28.6267   5.722407    35.2255     2.9536     0.3122          0    136.000 329.611319  1022.4185     14.126     -0.027  0.000e+00
     14.194    28.6273   5.722415    35.2251     2.9607     0.3061          0    136.250 329.611322  1022.4180     14.115     -0.017  0.000e+00
     14.204    28.6273   5.722285    35.2242     2.9687     0.3115          0    136.500 329.611325  1022.4174     14.126      0.001  0.000e+00
     14.226    28.6270   5.722186    35.2237     2.9689     0.3092          0    136.750 329.611328  1022.4172     14.147      0.016  0.000e+00
     14.204    28.6267   5.722155    35.2237     2.9989     0.0788          0    137.000 329.611331  1022.4172     14.126      0.017  0.000e+00
     14.194    28.6264   5.722132    35.2238     3.0178     0.0795          0    137.250 329.611334  1022.4173     14.115      0.011  0.000e+00
     14.194    28.6256   5.722056    35.2238     3.0479     0.0788          0    137.500 329.611337  1022.4176     14.115      0.001  0.000e+00
     14.140    28.6254   5.722056    35.2240     3.0631     0.0749          0    137.750 329.611340  1022.4176     14.061     -0.014  0.000e+00
     14.042    28.6251   5.721995    35.2238     3.0403     0.0795          0    138.000 329.611343  1022.4171     13.965     -0.058  0.000e+00
     13.902    28.6252   5.721964    35.2236     3.0293     0.0772          0    138.250 329.611345  1022.4163     13.825     -0.122  0.000e+00
     13.794    28.6252   5.721926    35.2234     3.0273     0.0818          0    138.500 329.611348  1022.4157     13.717     -0.200  0.000e+00
