ctd_kilwa/cnv/SBE19plus_01906740_2018_11_26_0068.cnv
* Sea-Bird SBE19plus  Data File:
* FileName = C:\Users\all user\Desktop\Mapping WWF\SBE19plus_01906740_2018_11_26_0068.hex
* Software version 2.6.3.104
* Temperature SN = 6740
* Conductivity SN = 6740
* System UpLoad Time = Nov 26 2018 19:59:57
* <ApplicationData>
* <Seaterm232>
# nquan = 13
# nvalues = 419                                   
# units = specified
# name 0 = prdM: Pressure, Strain Gauge [db]
# name 1 = tv290C: Temperature [ITS-90, deg C]
# name 2 = c0S/m: Conductivity [S/m]
# name 3 = sal00: Salinity, Practical [PSU]
# name 4 = sbeox0ML/L: Oxygen, SBE 43 [ml/l]
# name 5 = flECO-AFL: Fluorescence, WET Labs ECO-AFL/FL [mg/m^3]
# name 6 = nbf: Bottles Fired
# name 7 = timeS: Time, Elapsed [seconds]
# name 8 = timeJ: Julian Days
# name 9 = density00: Density [density, kg/m^3]
# name 10 = depSM: Depth [salt water, m], lat = 0.00
# name 11 = dz/dtM: Descent Rate [m/s]
# name 12 = flag:  0.000e+00
# span 0 =     -1.059,      9.266                 
# span 1 =    28.4806,    28.8450                 
# span 2 =   0.177978,   5.721246                 
# span 3 =     0.8307,    35.2538                 
# span 4 =     2.2301,     3.5948                 
# span 5 =    -0.2325,    48.6826                 
# span 6 =          0,          0                 
# span 7 =      0.000,    104.500                 
# span 8 = 329.593507, 329.594716                 
# span 9 =   996.6108,  1022.4419                 
# span 10 =     -1.053,      9.215                
# span 11 =     -0.699,      0.417                
# span 12 = 0.0000e+00, 0.0000e+00                
# interval = seconds: 0.25
# start_time = Nov 25 2018 14:14:39 [Instrument's time stamp, header]
# bad_flag = -9.990e-29
*END*
[from data line 334]
      1.406    28.5087   5.707895    35.2160     2.7462     0.0772          0     83.500 329.594473  1022.3957      1.399     -0.494  0.000e+00
      1.341    28.5103   5.707956    35.2153     2.7284     0.0757          0     83.750 329.594476  1022.3944      1.334     -0.597  0.000e+00
      1.276    28.5114   5.708055    35.2152     2.7109     0.0681          0     84.000 329.594479  1022.3937      1.269     -0.665  0.000e+00
      1.222    28.5138   5.708505    35.2166     2.7072     0.0734          0     84.250 329.594482  1022.3937      1.216     -0.682  0.000e+00
      1.244    28.5177   5.709245    35.2188     2.6923     0.0704          0     84.500 329.594485  1022.3941      1.237     -0.624  0.000e+00
      1.190    28.5231   5.709779    35.2185     2.6762     0.0681          0     84.750 329.594488  1022.3919      1.183     -0.504  0.000e+00
      1.017    28.5281   5.710167    35.2176     2.6663     0.0795          0     85.000 329.594491  1022.3888      1.011     -0.373  0.000e+00
      0.682    28.5345   5.710839    35.2176     2.6794     0.0818          0     85.250 329.594494  1022.3853      0.678     -0.348  0.000e+00
      0.336    28.5406   5.711479    35.2176     2.6897     0.0757          0     85.500 329.594497  1022.3818      0.334     -0.454  0.000e+00
      0.206    28.5442   5.711479    35.2150     2.6848     0.0803          0     85.750 329.594499  1022.3781      0.205     -0.578  0.000e+00
      0.174    28.5460   5.711372    35.2128     2.6649     0.0688          0     86.000 329.594502  1022.3757      0.173     -0.652  0.000e+00
      0.141    28.5485   5.711799    35.2140     2.6658     0.0711          0     86.250 329.594505  1022.3756      0.140     -0.679  0.000e+00
      0.109    28.5531   5.712562    35.2159     2.6637     0.0704          0     86.500 329.594508  1022.3754      0.108     -0.657  0.000e+00
      0.098    28.5589   5.713401    35.2174     2.6650     0.0688          0     86.750 329.594511  1022.3746      0.097     -0.556  0.000e+00
     -0.010    28.5634   5.713622    35.2156     2.6516     0.0589          0     87.000 329.594514  1022.3713     -0.010     -0.425  0.000e+00
     -0.302    28.5669   5.713752    35.2140     2.7947     0.0543          0     87.250 329.594517  1022.3677     -0.301     -0.350  0.000e+00
     -0.562    28.5693   5.713401    35.2099     3.1040     0.0604          0     87.500 329.594520  1022.3627     -0.559     -0.368  0.000e+00
     -0.583    28.5712   5.714133    35.2135     3.1074     0.0589          0     87.750 329.594523  1022.3647     -0.580     -0.425  0.000e+00
     -0.551    28.5733   5.714294    35.2131     3.0441     0.0505          0     88.000 329.594525  1022.3638     -0.548     -0.454  0.000e+00
     -0.529    28.5750   5.714515    35.2134     2.9884     0.0475          0     88.250 329.594528  1022.3636     -0.526     -0.438  0.000e+00
     -0.529    28.5770   5.714774    35.2137     2.9316     0.0429          0     88.500 329.594531  1022.3631     -0.527     -0.386  0.000e+00
     -0.540    28.5786   5.714873    35.2132     2.8576     0.0444          0     88.750 329.594534  1022.3621     -0.537     -0.304  0.000e+00
     -0.454    28.5794   5.714965    35.2132     2.7737     0.0406          0     89.000 329.594537  1022.3623     -0.451     -0.158  0.000e+00
     -0.432    28.5804   5.715003    35.2127     2.6960     0.1261          0     89.250 329.594540  1022.3617     -0.430     -0.006  0.000e+00
     -0.454    28.5812   5.715095    35.2128     2.6244     0.1192          0     89.500 329.594543  1022.3613     -0.451      0.071  0.000e+00
     -0.476    28.5818   5.715194    35.2130     2.6587     0.1268          0     89.750 329.594546  1022.3613     -0.473      0.066  0.000e+00
     -0.519    28.5822   5.715224    35.2130     2.6783     0.1161          0     90.000 329.594549  1022.3609     -0.516      0.037  0.000e+00
     -0.529    28.5828   5.715255    35.2127     2.6961     0.0490          0     90.250 329.594552  1022.3605     -0.527      0.011  0.000e+00
     -0.519    28.5831   5.715316    35.2129     2.6897     0.0505          0     90.500 329.594554  1022.3606     -0.516     -0.007  0.000e+00
     -0.497    28.5829   5.715308    35.2130     2.7025     0.0437          0     90.750 329.594557  1022.3608     -0.494     -0.019  0.000e+00
     -0.465    28.5833   5.715285    35.2126     2.6814     0.0437          0     91.000 329.594560  1022.3605     -0.462     -0.028  0.000e+00
     -0.421    28.5836   5.715354    35.2128     2.6756     0.0650          0     91.250 329.594563  1022.3607     -0.419     -0.002  0.000e+00
     -0.389    28.5840   5.715415    35.2129     2.6874     0.0635          0     91.500 329.594566  1022.3608     -0.387      0.038  0.000e+00
     -0.378    28.5845   5.715446    35.2128     2.6818     0.0772          0     91.750 329.594569  1022.3606     -0.376      0.070  0.000e+00
     -0.378    28.5848   5.715545    35.2132     2.6748     0.0772          0     92.000 329.594572  1022.3608     -0.376      0.090  0.000e+00
     -0.400    28.5848   5.715522    35.2131     2.6761     0.0620          0     92.250 329.594575  1022.3606     -0.397      0.084  0.000e+00
     -0.356    28.5851   5.715575    35.2132     2.6605     0.0673          0     92.500 329.594578  1022.3608     -0.354      0.077  0.000e+00
     -0.313    28.5853   5.715606    35.2133     2.6568     0.0688          0     92.750 329.594580  1022.3610     -0.311      0.074  0.000e+00
     -0.281    28.5855   5.715637    35.2133     2.6506     0.0711          0     93.000 329.594583  1022.3611     -0.279      0.074  0.000e+00
     -0.270    28.5859   5.715675    35.2133     2.6289     0.0688          0     93.250 329.594586  1022.3610     -0.268      0.072  0.000e+00
     -0.313    28.5857   5.715675    35.2135     2.6136     0.0307          0     93.500 329.594589  1022.3610     -0.311      0.061  0.000e+00
     -0.367    28.5855   5.715652    35.2135     2.6043     0.0406          0     93.750 329.594592  1022.3608     -0.365      0.038  0.000e+00
     -0.443    28.5854   5.715636    35.2135     2.6105     0.0353          0     94.000 329.594595  1022.3605     -0.440     -0.002  0.000e+00
     -0.421    28.5853   5.715636    35.2135     2.6059     0.0330          0     94.250 329.594598  1022.3607     -0.419     -0.032  0.000e+00
     -0.389    28.5857   5.715705    35.2137     2.6068     0.0948          0     94.500 329.594601  1022.3608     -0.387     -0.058  0.000e+00
     -0.346    28.5856   5.715736    35.2140     2.6222     0.0940          0     94.750 329.594604  1022.3613     -0.344     -0.059  0.000e+00
     -0.291    28.5855   5.715736    35.2140     2.6139     0.1001          0     95.000 329.594606  1022.3616     -0.290     -0.032  0.000e+00
     -0.237    28.5855   5.715743    35.2141     2.6113     0.0917          0     95.250 329.594609  1022.3618     -0.236      0.019  0.000e+00
     -0.227    28.5859   5.715835    35.2144     2.6107     0.0307          0     95.500 329.594612  1022.3620     -0.225      0.074  0.000e+00
     -0.248    28.5867   5.715957    35.2147     2.6130     0.0322          0     95.750 329.594615  1022.3619     -0.247      0.106  0.000e+00
     -0.302    28.5872   5.716026    35.2147     2.6139     0.0330          0     96.000 329.594618  1022.3615     -0.301      0.101  0.000e+00
     -0.389    28.5877   5.716056    35.2146     2.6049     0.0299          0     96.250 329.594621  1022.3608     -0.387      0.043  0.000e+00
     -0.464    28.5883   5.716117    35.2146     2.6220     0.0322          0     96.500 329.594624  1022.3603     -0.462     -0.031  0.000e+00
     -0.432    28.5888   5.716171    35.2146     2.6234     0.0292          0     96.750 329.594627  1022.3603     -0.430     -0.083  0.000e+00
     -0.367    28.5889   5.716148    35.2143     2.6365     0.0345          0     97.000 329.594630  1022.3603     -0.365     -0.100  0.000e+00
     -0.324    28.5886   5.716087    35.2141     2.6224     0.0330          0     97.250 329.594633  1022.3605     -0.322     -0.086  0.000e+00
     -0.324    28.5894   5.716148    35.2140     2.6226     0.0307          0     97.500 329.594635  1022.3601     -0.322     -0.053  0.000e+00
     -0.345    28.5911   5.716568    35.2156     2.6206     0.0521          0     97.750 329.594638  1022.3607     -0.343     -0.015  0.000e+00
     -0.378    28.5923   5.716728    35.2159     2.6066     0.0589          0     98.000 329.594641  1022.3603     -0.376      0.015  0.000e+00
     -0.356    28.5930   5.716758    35.2156     2.5978     0.0589          0     98.250 329.594644  1022.3600     -0.354      0.040  0.000e+00
     -0.367    28.5934   5.716758    35.2153     2.5848     0.0612          0     98.500 329.594647  1022.3596     -0.365      0.038  0.000e+00
     -0.432    28.5941   5.716827    35.2153     2.5850     0.0307          0     98.750 329.594650  1022.3591     -0.430     -0.008  0.000e+00
     -0.572    28.5945   5.716827    35.2150     2.5929     0.0299          0     99.000 329.594653  1022.3581     -0.569     -0.083  0.000e+00
     -0.713    28.5942   5.716758    35.2148     2.5949     0.0292          0     99.250 329.594656  1022.3575     -0.709     -0.164  0.000e+00
     -0.832    28.5940   5.716666    35.2143     2.5960     0.0299          0     99.500 329.594659  1022.3567     -0.827     -0.240  0.000e+00
     -0.908    28.5937   5.716666    35.2146     2.5986     2.8719          0     99.750 329.594661  1022.3566     -0.903     -0.302  0.000e+00
     -0.972    28.5927   5.716537    35.2144     2.5822     2.8818          0    100.000 329.594664  1022.3566     -0.967     -0.350  0.000e+00
     -1.037    28.5915   5.716407    35.2144     2.5853     2.8750          0    100.250 329.594667  1022.3567     -1.032     -0.383  0.000e+00
     -1.026    28.5908   5.716346    35.2145     2.5808     2.8696          0    100.500 329.594670  1022.3570     -1.021     -0.363  0.000e+00
     -1.027    28.5898   4.528314    27.1236     2.7003     2.8727          0    100.750 329.594673  1016.2913     -1.021     -0.302  0.000e+00
     -1.016    28.5859   2.120186    11.7647     2.9420    48.6749          0    101.000 329.594676  1004.8369     -1.010     -0.216  0.000e+00
     -1.037    28.5814   0.583467     2.9292     3.1119    48.6795          0    101.250 329.594679   998.2569     -1.032     -0.143  0.000e+00
     -1.026    28.5783   0.886767     4.5844     3.1071    48.6780          0    101.500 329.594682   999.4925     -1.021     -0.083  0.000e+00
     -1.016    28.5765   0.960532     4.9954     3.1062    48.6780          0    101.750 329.594685   999.7995     -1.010     -0.039  0.000e+00
     -1.016    28.5750   1.039285     5.4374     3.1387    48.6772          0    102.000 329.594688  1000.1293     -1.010     -0.008  0.000e+00
     -1.016    28.5739   1.012397     5.2863     3.1897    48.6810          0    102.250 329.594690  1000.0170     -1.010      0.009  0.000e+00
     -1.016    28.5723   0.918647     4.7622     3.1828    48.6711          0    102.500 329.594693   999.6269     -1.010      0.006  0.000e+00
     -1.016    28.5715   0.732096     3.7336     3.1677    48.6764          0    102.750 329.594696   998.8601     -1.010      0.006  0.000e+00
     -1.016    28.5705   0.746116     3.8102     3.1677     1.5253          0    103.000 329.594699   998.9176     -1.010      0.006  0.000e+00
     -1.016    28.5698   0.770874     3.9458     3.1892     1.5184          0    103.250 329.594702   999.0189     -1.010      0.008  0.000e+00
     -1.016    28.5684   0.978042     5.0942     3.1397     1.5268          0    103.500 329.594705   999.8755     -1.010      0.003  0.000e+00
     -1.038    28.5658   1.136833     5.9901     3.1596     1.5261          0    103.750 329.594708  1000.5437     -1.032     -0.006  0.000e+00
     -1.027    28.5607   0.857656     4.4247     3.1767     0.2504          0    104.000 329.594711   999.3787     -1.021     -0.007  0.000e+00
     -1.027    28.5564   0.774642     3.9676     3.1834     0.2474          0    104.250 329.594714   999.0391     -1.021     -0.008  0.000e+00
     -1.027    28.5537   0.918504     4.7632     3.1650     0.2497          0    104.500 329.594716   999.6331     -1.021     -0.008  0.000e+00
