ctd_kilwa/cnv/SBE19plus_01906740_2018_11_26_0057.cnv
* Sea-Bird SBE19plus  Data File:
* FileName = C:\Users\all user\Desktop\Mapping WWF\SBE19plus_01906740_2018_11_26_0057.hex
* Software version 2.6.3.104
* Temperature SN = 6740
* Conductivity SN = 6740
* System UpLoad Time = Nov 26 2018 19:57:39
* <ApplicationData>
* <Seaterm232>
# nquan = 13
# nvalues = 1104                                  
# units = specified
# name 0 = prdM: Pressure, Strain Gauge [db]
# name 1 = tv290C: Temperature [ITS-90, deg C]
# name 2 = c0S/m: Conductivity [S/m]
# name 3 = sal00: Salinity, Practical [PSU]
# name 4 = sbeox0ML/L: Oxygen, SBE 43 [ml/l]
# name 5 = flECO-AFL: Fluorescence, WET Labs ECO-AFL/FL [mg/m^3]
# name 6 = nbf: Bottles Fired
# name 7 = timeS: Time, Elapsed [seconds]
# name 8 = timeJ: Julian Days
# name 9 = density00: Density [density, kg/m^3]
# name 10 = depSM: Depth [salt water, m], lat = 0.00
# name 11 = dz/dtM: Descent Rate [m/s]
# name 12 = flag:  0.000e+00
# span 0 =     -1.040,     28.614                 
# span 1 =    27.6456,    28.6730                 
# span 2 =   0.425832,   5.699268                 
# span 3 =     2.1116,    35.3598                 
# span 4 =     2.2695,     3.6360                 
# span 5 =    -0.3439,    48.6902                 
# span 6 =          0,          0                 
# span 7 =      0.000,    275.750                 
# span 8 = 329.393113, 329.396305                 
# span 9 =   997.7565,  1022.7924                 
# span 10 =     -1.034,     28.455                
# span 11 =     -0.857,      0.440                
# span 12 = 0.0000e+00, 0.0000e+00                
# interval = seconds: 0.25
# start_time = Nov 25 2018 09:26:05 [Instrument's time stamp, header]
# bad_flag = -9.990e-29
*END*
[from data line 112]
      0.053    28.1812   5.675935    35.2373     2.5372     0.0253          0     28.000 329.393438  1022.5140      0.053     -0.020  0.000e+00
      0.064    28.1813   5.675174    35.2319     2.5553     0.0360          0     28.250 329.393440  1022.5099      0.064     -0.008  0.000e+00
      0.086    28.1819   5.674954    35.2300     2.5593     0.0147          0     28.500 329.393443  1022.5083      0.085      0.002  0.000e+00
      0.096    28.1819   5.676475    35.2406     2.5819     0.0231          0     28.750 329.393446  1022.5164      0.096      0.014  0.000e+00
      0.118    28.1813   5.678507    35.2552     2.5438     0.0315          0     29.000 329.393449  1022.5277      0.117      0.024  0.000e+00
      0.118    28.1802   5.679557    35.2634     2.5370     0.0223          0     29.250 329.393452  1022.5342      0.117      0.032  0.000e+00
      0.118    28.1799   5.680197    35.2681     2.5180     0.0261          0     29.500 329.393455  1022.5378      0.117      0.041  0.000e+00
      0.064    28.1800   5.680159    35.2678     2.5034     0.0177          0     29.750 329.393458  1022.5373      0.064      0.025  0.000e+00
      0.075    28.1800   5.678827    35.2584     2.4985     0.0139          0     30.000 329.393461  1022.5303      0.074      0.011  0.000e+00
      0.096    28.1801   5.677016    35.2457     2.4851     0.0215          0     30.250 329.393464  1022.5208      0.096      0.002  0.000e+00
      0.118    28.1798   5.676643    35.2433     2.5249     0.0177          0     30.500 329.393466  1022.5192      0.117     -0.001  0.000e+00
      0.150    28.1799   5.677396    35.2485     2.4951    -0.0029          0     30.750 329.393469  1022.5232      0.150      0.009  0.000e+00
      0.118    28.1797   5.678347    35.2553     2.4984     0.0009          0     31.000 329.393472  1022.5282      0.117      0.009  0.000e+00
      0.118    28.1789   5.679085    35.2610     2.4925    -0.0052          0     31.250 329.393475  1022.5328      0.117      0.014  0.000e+00
      0.107    28.1781   5.678766    35.2595     2.4947     0.0032          0     31.500 329.393478  1022.5319      0.107      0.017  0.000e+00
      0.064    28.1773   5.677426    35.2507     2.4917    -0.0029          0     31.750 329.393481  1022.5253      0.064      0.009  0.000e+00
      0.064    28.1774   5.676506    35.2442     2.4805    -0.0097          0     32.000 329.393484  1022.5204      0.064     -0.013  0.000e+00
      0.053    28.1781   5.676125    35.2410     2.4765     0.0002          0     32.250 329.393487  1022.5177      0.053     -0.035  0.000e+00
      0.075    28.1789   5.676544    35.2433     2.4599    -0.0006          0     32.500 329.393490  1022.5193      0.074     -0.042  0.000e+00
      0.075    28.1792   5.677426    35.2492     2.4621    -0.0044          0     32.750 329.393492  1022.5236      0.074     -0.040  0.000e+00
      0.064    28.1789   5.678035    35.2537     2.4707    -0.0059          0     33.000 329.393495  1022.5271      0.064     -0.028  0.000e+00
      0.053    28.1783   5.678827    35.2598     2.4464     0.0047          0     33.250 329.393498  1022.5318      0.053     -0.024  0.000e+00
      0.042    28.1777   5.677777    35.2529     2.4312    -0.0014          0     33.500 329.393501  1022.5267      0.042     -0.018  0.000e+00
      0.064    28.1775   5.676445    35.2437     2.4255    -0.0029          0     33.750 329.393504  1022.5200      0.064     -0.005  0.000e+00
      0.118    28.1779   5.676004    35.2403     2.4209    -0.0029          0     34.000 329.393507  1022.5175      0.117      0.011  0.000e+00
      0.140    28.1789   5.675966    35.2393     2.4144     0.0177          0     34.250 329.393510  1022.5166      0.139      0.029  0.000e+00
      0.172    28.1795   5.675714    35.2370     2.4165     0.0131          0     34.500 329.393513  1022.5148      0.171      0.047  0.000e+00
      0.205    28.1796   5.675813    35.2376     2.4132     0.0139          0     34.750 329.393516  1022.5153      0.203      0.073  0.000e+00
      0.194    28.1796   5.675874    35.2380     2.3951     0.0170          0     35.000 329.393519  1022.5156      0.193      0.087  0.000e+00
      0.172    28.1797   5.675935    35.2384     2.4057     0.0246          0     35.250 329.393521  1022.5158      0.171      0.084  0.000e+00
      0.161    28.1797   5.676414    35.2418     2.3951     0.0238          0     35.500 329.393524  1022.5182      0.160      0.068  0.000e+00
      0.183    28.1795   5.676985    35.2459     2.4027     0.0276          0     35.750 329.393527  1022.5215      0.182      0.046  0.000e+00
      0.248    28.1789   5.677617    35.2507     2.4131     0.0253          0     36.000 329.393530  1022.5256      0.246      0.040  0.000e+00
      0.313    28.1783   5.678599    35.2581     2.4280     0.0246          0     36.250 329.393533  1022.5316      0.311      0.056  0.000e+00
      0.378    28.1772   5.677274    35.2496     2.5251     0.0246          0     36.500 329.393536  1022.5259      0.376      0.084  0.000e+00
      0.399    28.1770   5.677967    35.2546     2.4948     0.0170          0     36.750 329.393539  1022.5298      0.397      0.113  0.000e+00
      0.388    28.1767   5.677396    35.2508     2.5029    -0.0021          0     37.000 329.393542  1022.5270      0.386      0.135  0.000e+00
      0.388    28.1764   5.677274    35.2502     2.4970     0.0025          0     37.250 329.393545  1022.5266      0.386      0.141  0.000e+00
      0.432    28.1767   5.678066    35.2555     2.4946    -0.0059          0     37.500 329.393547  1022.5307      0.429      0.138  0.000e+00
      0.443    28.1762   5.678005    35.2554     2.5188     0.0116          0     37.750 329.393550  1022.5309      0.440      0.117  0.000e+00
      0.507    28.1757   5.678195    35.2571     2.6266    -0.0067          0     38.000 329.393553  1022.5326      0.505      0.102  0.000e+00
      0.583    28.1752   5.678157    35.2572     2.6095     0.0208          0     38.250 329.393556  1022.5331      0.580      0.107  0.000e+00
      0.648    28.1748   5.678317    35.2586     2.5538     0.0116          0     38.500 329.393559  1022.5346      0.644      0.128  0.000e+00
      0.691    28.1745   5.677937    35.2562     2.4958     0.0253          0     38.750 329.393562  1022.5331      0.687      0.161  0.000e+00
      0.691    28.1746   5.677396    35.2523     2.4315     0.0322          0     39.000 329.393565  1022.5302      0.687      0.179  0.000e+00
      0.669    28.1748   5.677990    35.2563     2.3857     0.0047          0     39.250 329.393568  1022.5330      0.666      0.169  0.000e+00
      0.669    28.1750   5.678606    35.2605     2.3458     0.0093          0     39.500 329.393571  1022.5361      0.666      0.140  0.000e+00
      0.691    28.1746   5.678858    35.2626     2.3009     0.0047          0     39.750 329.393573  1022.5378      0.687      0.113  0.000e+00
      0.734    28.1742   5.678736    35.2620     2.2695     0.0109          0     40.000 329.393576  1022.5377      0.730      0.084  0.000e+00
      0.799    28.1736   5.677937    35.2568     2.2902     0.0147          0     40.250 329.393579  1022.5343      0.795      0.073  0.000e+00
      0.853    28.1735   5.676955    35.2500     2.3218     0.0208          0     40.500 329.393582  1022.5294      0.848      0.084  0.000e+00
      0.929    28.1743   5.676004    35.2427     2.3424     0.0307          0     40.750 329.393585  1022.5241      0.924      0.117  0.000e+00
      0.983    28.1753   5.675335    35.2372     2.3352     0.0238          0     41.000 329.393588  1022.5198      0.978      0.161  0.000e+00
      1.026    28.1764   5.674825    35.2329     2.3457    -0.0181          0     41.250 329.393591  1022.5163      1.021      0.197  0.000e+00
      1.048    28.1775   5.674543    35.2301     2.3407    -0.0120          0     41.500 329.393594  1022.5140      1.042      0.210  0.000e+00
      1.048    28.1782   5.674604    35.2300     2.3438    -0.0227          0     41.750 329.393597  1022.5137      1.042      0.197  0.000e+00
      1.080    28.1784   5.674749    35.2308     2.3382    -0.0143          0     42.000 329.393600  1022.5144      1.074      0.174  0.000e+00
      1.080    28.1783   5.675015    35.2328     2.3361    -0.0075          0     42.250 329.393602  1022.5159      1.074      0.141  0.000e+00
      1.124    28.1781   5.675586    35.2369     2.3226     0.0139          0     42.500 329.393605  1022.5193      1.117      0.117  0.000e+00
      1.178    28.1775   5.676004    35.2403     2.3260     0.0131          0     42.750 329.393608  1022.5222      1.171      0.104  0.000e+00
      1.242    28.1765   5.675426    35.2369     2.3301     0.0147          0     43.000 329.393611  1022.5203      1.236      0.112  0.000e+00
      1.351    28.1763   5.674665    35.2317     2.3339     0.0131          0     43.250 329.393614  1022.5169      1.343      0.146  0.000e+00
      1.459    28.1770   5.674064    35.2270     2.3312     0.0292          0     43.500 329.393617  1022.5136      1.451      0.198  0.000e+00
      1.545    28.1779   5.673714    35.2238     2.3379     0.0261          0     43.750 329.393620  1022.5113      1.537      0.252  0.000e+00
      1.578    28.1783   5.673653    35.2231     2.3472     0.0261          0     44.000 329.393623  1022.5108      1.569      0.282  0.000e+00
      1.567    28.1786   5.673745    35.2235     2.3507     0.0231          0     44.250 329.393626  1022.5109      1.558      0.284  0.000e+00
      1.545    28.1781   5.673874    35.2248     2.3617     0.0055          0     44.500 329.393628  1022.5120      1.537      0.248  0.000e+00
      1.589    28.1775   5.673905    35.2254     2.3704     0.0055          0     44.750 329.393631  1022.5128      1.580      0.207  0.000e+00
      1.632    28.1772   5.673935    35.2259     2.3835     0.0093          0     45.000 329.393634  1022.5134      1.623      0.164  0.000e+00
      1.675    28.1766   5.673897    35.2260     2.3721     0.0093          0     45.250 329.393637  1022.5139      1.666      0.125  0.000e+00
      1.740    28.1765   5.673905    35.2261     2.3704     0.0101          0     45.500 329.393640  1022.5143      1.730      0.110  0.000e+00
      1.783    28.1765   5.673813    35.2255     2.3453     0.0032          0     45.750 329.393643  1022.5140      1.773      0.116  0.000e+00
      1.870    28.1764   5.673715    35.2248     2.3345     0.0131          0     46.000 329.393646  1022.5139      1.859      0.153  0.000e+00
      1.891    28.1761   5.673585    35.2241     2.3232     0.0116          0     46.250 329.393649  1022.5136      1.881      0.185  0.000e+00
      1.934    28.1747   5.673524    35.2248     2.3151     0.0101          0     46.500 329.393652  1022.5147      1.924      0.203  0.000e+00
      1.934    28.1726   5.673555    35.2265     2.3166    -0.0044          0     46.750 329.393655  1022.5167      1.924      0.190  0.000e+00
      1.978    28.1711   5.673684    35.2286     2.3109     0.0017          0     47.000 329.393657  1022.5190      1.967      0.177  0.000e+00
      2.043    28.1701   5.673684    35.2293     2.3290    -0.0029          0     47.250 329.393660  1022.5201      2.031      0.170  0.000e+00
      2.107    28.1694   5.673715    35.2300     2.3480    -0.0021          0     47.500 329.393663  1022.5211      2.096      0.167  0.000e+00
      2.162    28.1687   5.673684    35.2303     2.3586     0.0223          0     47.750 329.393666  1022.5218      2.150      0.172  0.000e+00
      2.205    28.1678   5.673586    35.2302     2.3533     0.0200          0     48.000 329.393669  1022.5222      2.193      0.174  0.000e+00
      2.226    28.1672   5.673502    35.2301     2.3509     0.0177          0     48.250 329.393672  1022.5225      2.214      0.182  0.000e+00
      2.248    28.1667   5.673464    35.2302     2.3417     0.0208          0     48.500 329.393675  1022.5228      2.236      0.180  0.000e+00
      2.313    28.1666   5.673304    35.2292     2.3370     0.0299          0     48.750 329.393678  1022.5223      2.300      0.186  0.000e+00
      2.367    28.1661   5.673175    35.2286     2.3533     0.0345          0     49.000 329.393681  1022.5223      2.354      0.181  0.000e+00
      2.475    28.1659   5.672893    35.2268     2.3610     0.0276          0     49.250 329.393683  1022.5214      2.461      0.190  0.000e+00
      2.551    28.1659   5.672574    35.2245     2.3573     0.0345          0     49.500 329.393686  1022.5200      2.537      0.208  0.000e+00
      2.626    28.1663   5.672445    35.2233     2.3707    -0.0006          0     49.750 329.393689  1022.5193      2.612      0.234  0.000e+00
      2.637    28.1665   5.672513    35.2236     2.3798     0.0002          0     50.000 329.393692  1022.5196      2.623      0.246  0.000e+00
      2.648    28.1669   5.672635    35.2242     2.3879    -0.0029          0     50.250 329.393695  1022.5199      2.633      0.244  0.000e+00
      2.691    28.1676   5.672703    35.2241     2.3855    -0.0067          0     50.500 329.393698  1022.5197      2.676      0.231  0.000e+00
      2.735    28.1681   5.672863    35.2248     2.3997     0.0086          0     50.750 329.393701  1022.5203      2.719      0.206  0.000e+00
      2.789    28.1684   5.672985    35.2254     2.3922     0.0444          0     51.000 329.393704  1022.5209      2.773      0.185  0.000e+00
      2.799    28.1687   5.672985    35.2252     2.4002     0.0421          0     51.250 329.393707  1022.5207      2.784      0.152  0.000e+00
      2.810    28.1693   5.673167    35.2260     2.4060     0.0391          0     51.500 329.393709  1022.5212      2.795      0.130  0.000e+00
      2.832    28.1695   5.673365    35.2273     2.4157     0.0521          0     51.750 329.393712  1022.5221      2.816      0.116  0.000e+00
      2.853    28.1696   5.673464    35.2279     2.4156     0.0131          0     52.000 329.393715  1022.5227      2.838      0.115  0.000e+00
      2.897    28.1698   5.673495    35.2279     2.4082     0.0116          0     52.250 329.393718  1022.5228      2.881      0.113  0.000e+00
      2.929    28.1699   5.673396    35.2272     2.4076     0.0055          0     52.500 329.393721  1022.5223      2.913      0.107  0.000e+00
      2.918    28.1701   5.673335    35.2266     2.4060     0.0101          0     52.750 329.393724  1022.5218      2.902      0.093  0.000e+00
      2.929    28.1703   5.673365    35.2267     2.4038     0.0269          0     53.000 329.393727  1022.5218      2.913      0.081  0.000e+00
      2.983    28.1704   5.673365    35.2266     2.4075     0.0276          0     53.250 329.393730  1022.5220      2.967      0.089  0.000e+00
      3.059    28.1706   5.673304    35.2260     2.4047     0.0246          0     53.500 329.393733  1022.5218      3.042      0.108  0.000e+00
      3.156    28.1711   5.672894    35.2226     2.4099     0.0208          0     53.750 329.393736  1022.5195      3.139      0.139  0.000e+00
      3.243    28.1716   5.672704    35.2209     2.4121     0.0025          0     54.000 329.393738  1022.5184      3.225      0.177  0.000e+00
      3.297    28.1724   5.672605    35.2196     2.4122    -0.0014          0     54.250 329.393741  1022.5174      3.279      0.210  0.000e+00
      3.351    28.1729   5.672491    35.2184     2.4034    -0.0059          0     54.500 329.393744  1022.5166      3.332      0.241  0.000e+00
      3.426    28.1737   5.672415    35.2173     2.4038    -0.0006          0     54.750 329.393747  1022.5158      3.408      0.274  0.000e+00
      3.491    28.1747   5.672475    35.2170     2.4046    -0.0052          0     55.000 329.393750  1022.5155      3.472      0.287  0.000e+00
      3.513    28.1752   5.672673    35.2179     2.4167    -0.0059          0     55.250 329.393753  1022.5161      3.494      0.271  0.000e+00
