ctd_kilwa/cnv/SBE19plus_01906740_2018_11_26_0057.cnv
* Sea-Bird SBE19plus  Data File:
* FileName = C:\Users\all user\Desktop\Mapping WWF\SBE19plus_01906740_2018_11_26_0057.hex
* Software version 2.6.3.104
* Temperature SN = 6740
* Conductivity SN = 6740
* System UpLoad Time = Nov 26 2018 19:57:39
* <ApplicationData>
* <Seaterm232>
# nquan = 13
# nvalues = 1104                                  
# units = specified
# name 0 = prdM: Pressure, Strain Gauge [db]
# name 1 = tv290C: Temperature [ITS-90, deg C]
# name 2 = c0S/m: Conductivity [S/m]
# name 3 = sal00: Salinity, Practical [PSU]
# name 4 = sbeox0ML/L: Oxygen, SBE 43 [ml/l]
# name 5 = flECO-AFL: Fluorescence, WET Labs ECO-AFL/FL [mg/m^3]
# name 6 = nbf: Bottles Fired
# name 7 = timeS: Time, Elapsed [seconds]
# name 8 = timeJ: Julian Days
# name 9 = density00: Density [density, kg/m^3]
# name 10 = depSM: Depth [salt water, m], lat = 0.00
# name 11 = dz/dtM: Descent Rate [m/s]
# name 12 = flag:  0.000e+00
# span 0 =     -1.040,     28.614                 
# span 1 =    27.6456,    28.6730                 
# span 2 =   0.425832,   5.699268                 
# span 3 =     2.1116,    35.3598                 
# span 4 =     2.2695,     3.6360                 
# span 5 =    -0.3439,    48.6902                 
# span 6 =          0,          0                 
# span 7 =      0.000,    275.750                 
# span 8 = 329.393113, 329.396305                 
# span 9 =   997.7565,  1022.7924                 
# span 10 =     -1.034,     28.455                
# span 11 =     -0.857,      0.440                
# span 12 = 0.0000e+00, 0.0000e+00                
# interval = seconds: 0.25
# start_time = Nov 25 2018 09:26:05 [Instrument's time stamp, header]
# bad_flag = -9.990e-29
*END*
[from data line 1001]
      2.788    28.1640   5.669433    35.2038     2.5638     0.0215          0    250.250 329.396010  1022.5061      2.773     -0.309  0.000e+00
      2.832    28.1677   5.669532    35.2017     2.5613     0.0147          0    250.500 329.396013  1022.5035      2.816     -0.154  0.000e+00
      2.875    28.1699   5.669494    35.1999     2.5769     0.0185          0    250.750 329.396016  1022.5016      2.859     -0.043  0.000e+00
      3.005    28.1708   5.669441    35.1988     2.5697     0.0246          0    251.000 329.396019  1022.5011      2.988      0.029  0.000e+00
      3.091    28.1712   5.669403    35.1981     2.5692     0.0200          0    251.250 329.396021  1022.5008      3.074      0.091  0.000e+00
      3.145    28.1719   5.669463    35.1980     2.5460     0.0200          0    251.500 329.396024  1022.5007      3.128      0.157  0.000e+00
      3.156    28.1717   5.669494    35.1984     2.5475    -0.0029          0    251.750 329.396027  1022.5011      3.139      0.204  0.000e+00
      3.134    28.1711   5.669342    35.1978     2.5430    -0.0014          0    252.000 329.396030  1022.5007      3.117      0.222  0.000e+00
      3.080    28.1706   5.669273    35.1978     2.5590    -0.0044          0    252.250 329.396033  1022.5007      3.063      0.185  0.000e+00
      3.026    28.1700   5.669342    35.1987     2.5713    -0.0090          0    252.500 329.396036  1022.5013      3.010      0.115  0.000e+00
      3.005    28.1696   5.669273    35.1985     2.5577    -0.0067          0    252.750 329.396039  1022.5012      2.988      0.037  0.000e+00
      2.951    28.1690   5.669243    35.1987     2.5664     0.0002          0    253.000 329.396042  1022.5014      2.934     -0.053  0.000e+00
      2.972    28.1685   5.669182    35.1987     2.5642     0.0002          0    253.250 329.396045  1022.5016      2.956     -0.098  0.000e+00
      2.929    28.1681   5.669243    35.1994     2.5774    -0.0014          0    253.500 329.396047  1022.5021      2.913     -0.124  0.000e+00
      2.918    28.1677   5.669212    35.1995     2.5579    -0.0044          0    253.750 329.396050  1022.5022      2.902     -0.124  0.000e+00
      2.918    28.1674   5.669182    35.1995     2.5665     0.0215          0    254.000 329.396053  1022.5023      2.902     -0.105  0.000e+00
      2.983    28.1673   5.669212    35.1998     2.5490     0.0253          0    254.250 329.396056  1022.5028      2.967     -0.060  0.000e+00
      3.026    28.1670   5.669228    35.2001     2.5415     0.0162          0    254.500 329.396059  1022.5034      3.010     -0.012  0.000e+00
      3.113    28.1666   5.669243    35.2005     2.5632     0.0192          0    254.750 329.396062  1022.5042      3.096      0.045  0.000e+00
      3.124    28.1667   5.669243    35.2004     2.5796    -0.0029          0    255.000 329.396065  1022.5041      3.107      0.092  0.000e+00
      3.005    28.1663   5.669152    35.2001     2.5950    -0.0052          0    255.250 329.396068  1022.5035      2.988      0.081  0.000e+00
      2.713    28.1658   5.669151    35.2006     2.6057    -0.0059          0    255.500 329.396071  1022.5028      2.698     -0.004  0.000e+00
      2.367    28.1657   5.669151    35.2008     2.6285    -0.0052          0    255.750 329.396073  1022.5015      2.354     -0.179  0.000e+00
      2.064    28.1660   5.669341    35.2020     2.6147     0.0002          0    256.000 329.396076  1022.5010      2.053     -0.400  0.000e+00
      1.913    28.1666   5.669463    35.2024     2.5943    -0.0036          0    256.250 329.396079  1022.5005      1.903     -0.605  0.000e+00
      1.859    28.1686   5.669881    35.2038     2.5961     0.0009          0    256.500 329.396082  1022.5006      1.849     -0.735  0.000e+00
      1.881    28.1726   5.670672    35.2064     2.6256     0.0032          0    256.750 329.396085  1022.5013      1.870     -0.770  0.000e+00
      1.892    28.1784   5.671592    35.2085     2.6209    -0.0052          0    257.000 329.396088  1022.5011      1.881     -0.698  0.000e+00
      1.913    28.1849   5.672163    35.2076     2.6359     0.0162          0    257.250 329.396091  1022.4984      1.903     -0.534  0.000e+00
      1.956    28.1908   5.672543    35.2058     2.6195     0.0215          0    257.500 329.396094  1022.4953      1.946     -0.318  0.000e+00
      1.978    28.1948   5.672634    35.2035     2.5939     0.0261          0    257.750 329.396097  1022.4923      1.967     -0.123  0.000e+00
      1.892    28.1976   5.672733    35.2022     2.6228     0.0215          0    258.000 329.396100  1022.4900      1.881     -0.018  0.000e+00
      1.632    28.2001   5.672953    35.2019     2.5842     0.0223          0    258.250 329.396102  1022.4879      1.623     -0.051  0.000e+00
      1.384    28.2023   5.673082    35.2013     2.5616     0.0253          0    258.500 329.396105  1022.4856      1.376     -0.172  0.000e+00
      1.221    28.2034   5.673113    35.2007     2.5427     0.0215          0    258.750 329.396108  1022.4841      1.215     -0.319  0.000e+00
      1.092    28.2036   5.672983    35.1996     2.5567     0.0192          0    259.000 329.396111  1022.4827      1.086     -0.451  0.000e+00
      1.016    28.2028   5.672793    35.1990     2.5712     0.0246          0    259.250 329.396114  1022.4822      1.010     -0.547  0.000e+00
      0.908    28.2011   5.672572    35.1987     2.5666     0.0269          0    259.500 329.396117  1022.4821      0.903     -0.606  0.000e+00
      0.832    28.1993   5.672443    35.1991     2.5417     0.0170          0    259.750 329.396120  1022.4826      0.827     -0.604  0.000e+00
      0.767    28.1982   5.672413    35.1998     2.5401     0.0276          0    260.000 329.396123  1022.4832      0.763     -0.537  0.000e+00
      0.648    28.1976   5.672512    35.2010     2.5443     0.0101          0    260.250 329.396126  1022.4838      0.645     -0.450  0.000e+00
      0.508    28.1972   5.672511    35.2013     2.5299     0.0124          0    260.500 329.396128  1022.4836      0.505     -0.404  0.000e+00
      0.421    28.1965   5.672473    35.2016     2.5320     0.0109          0    260.750 329.396131  1022.4836      0.419     -0.389  0.000e+00
      0.367    28.1957   5.672306    35.2010     2.5324     0.0116          0    261.000 329.396134  1022.4832      0.365     -0.378  0.000e+00
      0.259    28.1947   5.672192    35.2011     2.5261     0.0055          0    261.250 329.396137  1022.4831      0.257     -0.382  0.000e+00
      0.216    28.1936   5.672032    35.2007     2.5174     0.0017          0    261.500 329.396140  1022.4831      0.214     -0.368  0.000e+00
      0.140    28.1930   5.671971    35.2008     2.6166     0.0116          0    261.750 329.396143  1022.4830      0.139     -0.356  0.000e+00
     -0.011    28.1922   5.672002    35.2016     2.6796     0.0032          0    262.000 329.396146  1022.4832     -0.011     -0.359  0.000e+00
     -0.184    28.1917   5.672032    35.2022     2.8531     0.0101          0    262.250 329.396149  1022.4831     -0.183     -0.373  0.000e+00
     -0.358    28.1915   5.671971    35.2020     2.7535     0.0162          0    262.500 329.396152  1022.4823     -0.356     -0.410  0.000e+00
     -0.401    28.1912   5.672062    35.2029     2.7477     0.0238          0    262.750 329.396155  1022.4828     -0.399     -0.438  0.000e+00
     -0.390    28.1915   5.672192    35.2036     2.6549     0.0231          0    263.000 329.396157  1022.4833     -0.388     -0.432  0.000e+00
     -0.357    28.1921   5.672382    35.2045     2.5676     0.0246          0    263.250 329.396160  1022.4839     -0.355     -0.381  0.000e+00
     -0.314    28.1935   5.672511    35.2043     2.4901     0.0635          0    263.500 329.396163  1022.4835     -0.312     -0.306  0.000e+00
     -0.303    28.1946   5.672602    35.2042     2.4127     0.0589          0    263.750 329.396166  1022.4831     -0.302     -0.204  0.000e+00
     -0.260    28.1964   5.672823    35.2043     2.3848     0.0604          0    264.000 329.396169  1022.4828     -0.259     -0.081  0.000e+00
     -0.228    28.1981   5.672952    35.2040     2.3708     0.0574          0    264.250 329.396172  1022.4821     -0.226      0.026  0.000e+00
     -0.184    28.1992   5.672983    35.2033     2.4165     0.0078          0    264.500 329.396175  1022.4814     -0.183      0.102  0.000e+00
     -0.152    28.1997   5.673013    35.2031     2.4907     0.0116          0    264.750 329.396178  1022.4813     -0.151      0.128  0.000e+00
     -0.098    28.1997   5.672922    35.2025     2.5603     0.0093          0    265.000 329.396181  1022.4810     -0.097      0.141  0.000e+00
     -0.033    28.1997   5.672922    35.2025     2.6200     0.0040          0    265.250 329.396183  1022.4813     -0.033      0.155  0.000e+00
     -0.022    28.1997   5.672983    35.2029     2.5980     0.0101          0    265.500 329.396186  1022.4816     -0.022      0.159  0.000e+00
      0.010    28.1994   5.672952    35.2029     2.5743     0.0040          0    265.750 329.396189  1022.4819      0.010      0.163  0.000e+00
     -0.011    28.1989   5.672823    35.2023     2.5892     0.0086          0    266.000 329.396192  1022.4815     -0.011      0.143  0.000e+00
     -0.076    28.1983   5.672793    35.2027     2.5700     0.0101          0    266.250 329.396195  1022.4817     -0.076      0.102  0.000e+00
     -0.130    28.1983   5.672922    35.2036     2.5420     0.0078          0    266.500 329.396198  1022.4822     -0.129      0.044  0.000e+00
     -0.152    28.1988   5.673082    35.2043     2.5291     0.0154          0    266.750 329.396201  1022.4824     -0.151     -0.011  0.000e+00
     -0.141    28.1995   5.673112    35.2040     2.5312     0.0200          0    267.000 329.396204  1022.4820     -0.140     -0.055  0.000e+00
     -0.087    28.1994   5.673082    35.2038     2.5131     0.0162          0    267.250 329.396207  1022.4822     -0.087     -0.068  0.000e+00
     -0.033    28.1995   5.673074    35.2037     2.5188     0.0139          0    267.500 329.396209  1022.4823     -0.033     -0.045  0.000e+00
      0.010    28.1996   5.673051    35.2034     2.5182     0.0124          0    267.750 329.396212  1022.4822      0.010     -0.007  0.000e+00
     -0.001    28.2001   5.673112    35.2035     2.5389     0.0093          0    268.000 329.396215  1022.4821     -0.001      0.037  0.000e+00
      0.010    28.2004   5.673272    35.2044     2.5225     0.0116          0    268.250 329.396218  1022.4827      0.010      0.078  0.000e+00
      0.021    28.2014   5.673432    35.2048     2.5390     0.0147          0    268.500 329.396221  1022.4827      0.021      0.098  0.000e+00
      0.064    28.2022   5.673492    35.2046     2.5302     0.0109          0    268.750 329.396224  1022.4825      0.064      0.105  0.000e+00
     -0.044    28.2028   5.673523    35.2043     2.5329     0.0116          0    269.000 329.396227  1022.4816     -0.044      0.063  0.000e+00
     -0.217    28.2032   5.673553    35.2043     2.5678     0.0101          0    269.250 329.396230  1022.4807     -0.216     -0.028  0.000e+00
     -0.346    28.2034   5.673523    35.2040     2.7734     0.0078          0    269.500 329.396233  1022.4799     -0.345     -0.131  0.000e+00
     -0.346    28.2038   5.673622    35.2044     2.7550     0.0032          0    269.750 329.396236  1022.4800     -0.345     -0.199  0.000e+00
     -0.281    28.2036   5.673584    35.2043     2.6717    -0.0159          0    270.000 329.396238  1022.4803     -0.280     -0.214  0.000e+00
     -0.281    28.2036   5.673622    35.2045     2.6420    -0.0204          0    270.250 329.396241  1022.4805     -0.280     -0.213  0.000e+00
     -0.260    28.2034   5.673584    35.2044     2.5703    -0.0143          0    270.500 329.396244  1022.4805     -0.258     -0.184  0.000e+00
     -0.303    28.2029   5.673500    35.2042     2.5645    -0.0189          0    270.750 329.396247  1022.4804     -0.301     -0.145  0.000e+00
     -0.465    28.2024   5.673363    35.2037     2.7743    -0.0258          0    271.000 329.396250  1022.4795     -0.463     -0.114  0.000e+00
     -0.670    28.2017   5.673271    35.2036     2.9069    -0.0227          0    271.250 329.396253  1022.4788     -0.667     -0.137  0.000e+00
     -0.854    28.2014   5.673271    35.2039     3.0313    -0.0242          0    271.500 329.396256  1022.4783     -0.850     -0.226  0.000e+00
     -0.919    28.2014   5.673332    35.2044     3.0396    -0.0227          0    271.750 329.396259  1022.4784     -0.914     -0.333  0.000e+00
     -0.973    28.2014   5.673363    35.2046     2.9904    48.6902          0    272.000 329.396262  1022.4783     -0.968     -0.416  0.000e+00
     -0.984    28.2014   5.673363    35.2046     2.9217    48.6795          0    272.250 329.396264  1022.4783     -0.979     -0.438  0.000e+00
     -1.006    28.2022   5.673431    35.2045     2.8842    48.6826          0    272.500 329.396267  1022.4778     -1.000     -0.419  0.000e+00
     -1.017    28.2036   5.673553    35.2043     2.7932    48.6826          0    272.750 329.396270  1022.4771     -1.011     -0.348  0.000e+00
     -1.006    28.2051   4.141378    24.7567     2.8312     0.1688          0    273.000 329.396273  1014.6439     -1.000     -0.238  0.000e+00
     -1.006    28.2039   1.967729    10.9326     2.9884     0.1695          0    273.250 329.396276  1004.3326     -1.000     -0.135  0.000e+00
     -1.006    28.2018   0.425832     2.1116     3.1027     0.1650          0    273.500 329.396279   997.7565     -1.000     -0.064  0.000e+00
     -1.006    28.2012   0.700810     3.5905     3.0810     0.1680          0    273.750 329.396282   998.8616     -1.000     -0.033  0.000e+00
     -0.995    28.2010   0.758403     3.9071     3.0969     0.1703          0    274.000 329.396285   999.0980     -0.990     -0.010  0.000e+00
     -0.995    28.2012   0.917267     4.7911     3.0426    -0.0242          0    274.250 329.396288   999.7575     -0.990      0.001  0.000e+00
     -1.017    28.2012   0.874402     4.5511     3.0267    -0.0258          0    274.500 329.396291   999.5784     -1.011      0.003  0.000e+00
     -1.006    28.2013   1.099196     5.8204     3.0006    -0.0296          0    274.750 329.396293  1000.5249     -1.000      0.003  0.000e+00
     -1.006    28.2011   0.849686     4.4133     3.0405    -0.0288          0    275.000 329.396296   999.4756     -1.000     -0.001  0.000e+00
     -1.017    28.2012   1.456376     7.8868     2.9588    -0.0319          0    275.250 329.396299  1002.0646     -1.011     -0.004  0.000e+00
     -1.027    28.2007   0.825000     4.2759     3.1439    -0.0250          0    275.500 329.396302   999.3732     -1.022     -0.010  0.000e+00
     -1.006    28.1999   1.220522     6.5161     3.1592    -0.0265          0    275.750 329.396305  1001.0438     -1.000     -0.009  0.000e+00
