ctd_kilwa/cnv/SBE19plus_01906740_2018_11_26_0044.cnv
* Sea-Bird SBE19plus  Data File:
* FileName = C:\Users\all user\Desktop\Mapping WWF\SBE19plus_01906740_2018_11_26_0044.hex
* Software version 2.6.3.104
* Temperature SN = 6740
* Conductivity SN = 6740
* System UpLoad Time = Nov 26 2018 19:54:21
* <ApplicationData>
* <Seaterm232>
# nquan = 13
# nvalues = 408                                   
# units = specified
# name 0 = prdM: Pressure, Strain Gauge [db]
# name 1 = tv290C: Temperature [ITS-90, deg C]
# name 2 = c0S/m: Conductivity [S/m]
# name 3 = sal00: Salinity, Practical [PSU]
# name 4 = sbeox0ML/L: Oxygen, SBE 43 [ml/l]
# name 5 = flECO-AFL: Fluorescence, WET Labs ECO-AFL/FL [mg/m^3]
# name 6 = nbf: Bottles Fired
# name 7 = timeS: Time, Elapsed [seconds]
# name 8 = timeJ: Julian Days
# name 9 = density00: Density [density, kg/m^3]
# name 10 = depSM: Depth [salt water, m], lat = 0.00
# name 11 = dz/dtM: Descent Rate [m/s]
# name 12 = flag:  0.000e+00
# span 0 =     -1.007,      4.172                 
# span 1 =    28.2902,    30.4915                 
# span 2 =   0.007419,   5.703930                 
# span 3 =     0.0382,    35.2765                 
# span 4 =     2.2614,     4.6264                 
# span 5 =    -0.3447,     3.2931                 
# span 6 =          0,          0                 
# span 7 =      0.000,    101.750                 
# span 8 = 328.472697, 328.473874                 
# span 9 =   995.5381,  1022.5085                 
# span 10 =     -1.002,      4.149                
# span 11 =     -0.542,      0.394                
# span 12 = 0.0000e+00, 0.0000e+00                
# interval = seconds: 0.25
# start_time = Nov 24 2018 11:20:41 [Instrument's time stamp, header]
# bad_flag = -9.990e-29
*END*
[from data line 112]
     -0.099    28.3893   5.696331    35.2247     2.3747     0.0589          0     28.000 328.473021  1022.4353     -0.098      0.008  0.000e+00
     -0.120    28.3911   5.698693    35.2398     2.3695     0.0627          0     28.250 328.473024  1022.4460     -0.120     -0.002  0.000e+00
     -0.120    28.3914   5.699044    35.2421     2.3668    -0.0242          0     28.500 328.473027  1022.4475     -0.120     -0.008  0.000e+00
     -0.120    28.3905   5.698251    35.2372     2.3674    -0.0342          0     28.750 328.473030  1022.4442     -0.120     -0.016  0.000e+00
     -0.088    28.3895   5.698411    35.2391     2.3624    -0.0311          0     29.000 328.473032  1022.4461     -0.087     -0.014  0.000e+00
     -0.066    28.3883   5.698404    35.2399     2.3574    -0.0296          0     29.250 328.473035  1022.4472     -0.066      0.002  0.000e+00
     -0.066    28.3869   5.698564    35.2421     2.3536    -0.0311          0     29.500 328.473038  1022.4493     -0.066      0.014  0.000e+00
     -0.099    28.3861   5.699044    35.2460     2.3481     0.0406          0     29.750 328.473041  1022.4524     -0.098      0.013  0.000e+00
     -0.088    28.3871   5.698724    35.2430     2.3503     0.0261          0     30.000 328.473044  1022.4498     -0.087      0.018  0.000e+00
     -0.088    28.3867   5.697352    35.2338     2.3450     0.0345          0     30.250 328.473047  1022.4430     -0.087      0.020  0.000e+00
     -0.088    28.3849   5.697352    35.2351     2.3409     0.0330          0     30.500 328.473050  1022.4446     -0.087      0.013  0.000e+00
     -0.088    28.3840   5.698213    35.2418     2.3395     0.0620          0     30.750 328.473053  1022.4500     -0.087      0.004  0.000e+00
     -0.077    28.3849   5.698854    35.2455     2.3340     0.0543          0     31.000 328.473056  1022.4525     -0.077     -0.004  0.000e+00
     -0.088    28.3860   5.698960    35.2455     2.3392     0.0604          0     31.250 328.473058  1022.4520     -0.087     -0.006  0.000e+00
     -0.109    28.3860   5.699334    35.2481     2.3368     0.0490          0     31.500 328.473061  1022.4539     -0.109     -0.008  0.000e+00
     -0.120    28.3856   5.699555    35.2499     2.3350     0.0040          0     31.750 328.473064  1022.4554     -0.120     -0.009  0.000e+00
     -0.131    28.3841   5.699433    35.2503     2.3352     0.0109          0     32.000 328.473067  1022.4561     -0.130     -0.021  0.000e+00
     -0.142    28.3824   5.699654    35.2530     2.3365     0.0032          0     32.250 328.473070  1022.4587     -0.141     -0.030  0.000e+00
     -0.120    28.3818   5.700226    35.2575     2.3336     0.0147          0     32.500 328.473073  1022.4623     -0.120     -0.029  0.000e+00
     -0.131    28.3811   5.699273    35.2513     2.3384     0.0292          0     32.750 328.473076  1022.4579     -0.130     -0.029  0.000e+00
     -0.120    28.3770   5.699143    35.2535     2.3362     0.0337          0     33.000 328.473079  1022.4609     -0.120     -0.023  0.000e+00
     -0.099    28.3719   5.699296    35.2584     2.3363     0.0414          0     33.250 328.473082  1022.4663     -0.098     -0.006  0.000e+00
     -0.110    28.3675   5.699174    35.2608     2.3335     0.0345          0     33.500 328.473084  1022.4696     -0.109      0.006  0.000e+00
     -0.088    28.3634   5.699014    35.2627     2.3330     0.0284          0     33.750 328.473087  1022.4724     -0.087      0.019  0.000e+00
     -0.099    28.3603   5.698694    35.2628     2.3347     0.1375          0     34.000 328.473090  1022.4735     -0.098      0.023  0.000e+00
     -0.088    28.3598   5.698183    35.2596     2.3343     0.1406          0     34.250 328.473093  1022.4713     -0.087      0.025  0.000e+00
     -0.110    28.3621   5.698214    35.2581     2.3403     0.1421          0     34.500 328.473096  1022.4694     -0.109      0.015  0.000e+00
     -0.110    28.3645   5.698503    35.2583     2.3401     0.1428          0     34.750 328.473099  1022.4687     -0.109      0.010  0.000e+00
     -0.110    28.3663   5.698709    35.2584     2.3408     0.0726          0     35.000 328.473102  1022.4682     -0.109      0.001  0.000e+00
     -0.142    28.3681   5.698602    35.2564     2.3401     0.0726          0     35.250 328.473105  1022.4659     -0.141     -0.015  0.000e+00
     -0.120    28.3704   5.698412    35.2533     2.3380     0.0688          0     35.500 328.473108  1022.4629     -0.120     -0.017  0.000e+00
     -0.131    28.3733   5.698762    35.2536     2.3338     0.0704          0     35.750 328.473111  1022.4622     -0.130     -0.023  0.000e+00
     -0.131    28.3756   5.699364    35.2561     2.3300    -0.0273          0     36.000 328.473113  1022.4633     -0.130     -0.021  0.000e+00
     -0.120    28.3775   5.699014    35.2522     2.3293    -0.0273          0     36.250 328.473116  1022.4598     -0.120     -0.017  0.000e+00
     -0.099    28.3790   5.698762    35.2493     2.3360    -0.0365          0     36.500 328.473119  1022.4572     -0.098     -0.001  0.000e+00
     -0.066    28.3803   5.698312    35.2452     2.3347    -0.0273          0     36.750 328.473122  1022.4538     -0.066      0.016  0.000e+00
     -0.045    28.3810   5.698069    35.2430     2.3298     0.0086          0     37.000 328.473125  1022.4520     -0.044      0.036  0.000e+00
     -0.056    28.3818   5.697832    35.2408     2.3314     0.0101          0     37.250 328.473128  1022.4500     -0.055      0.049  0.000e+00
     -0.066    28.3834   5.697901    35.2401     2.3315     0.0109          0     37.500 328.473131  1022.4489     -0.066      0.045  0.000e+00
     -0.077    28.3848   5.698472    35.2430     2.3250     0.0147          0     37.750 328.473134  1022.4506     -0.077      0.040  0.000e+00
     -0.110    28.3861   5.699745    35.2509     2.3246     0.0177          0     38.000 328.473137  1022.4560     -0.109      0.019  0.000e+00
     -0.120    28.3881   5.701216    35.2597     2.3202     0.0475          0     38.250 328.473139  1022.4619     -0.120     -0.005  0.000e+00
     -0.131    28.3899   5.702147    35.2649     2.3140     0.0513          0     38.500 328.473142  1022.4652     -0.130     -0.030  0.000e+00
     -0.131    28.3909   5.702642    35.2675     2.3169     0.0521          0     38.750 328.473145  1022.4668     -0.130     -0.046  0.000e+00
     -0.142    28.3912   5.702978    35.2696     2.3134     0.0459          0     39.000 328.473148  1022.4682     -0.141     -0.053  0.000e+00
     -0.109    28.3916   5.703260    35.2713     2.3124     0.0040          0     39.250 328.473151  1022.4695     -0.109     -0.038  0.000e+00
     -0.109    28.3921   5.703290    35.2711     2.3127    -0.0044          0     39.500 328.473154  1022.4692     -0.109     -0.023  0.000e+00
     -0.088    28.3928   5.702848    35.2675     2.3142    -0.0006          0     39.750 328.473157  1022.4664     -0.087     -0.002  0.000e+00
     -0.055    28.3941   5.702459    35.2639     2.3120     0.0002          0     40.000 328.473160  1022.4633     -0.055      0.025  0.000e+00
     -0.077    28.3953   5.702108    35.2606     2.3135     0.0688          0     40.250 328.473163  1022.4604     -0.077      0.035  0.000e+00
     -0.088    28.3959   5.702047    35.2596     2.3145     0.0673          0     40.500 328.473166  1022.4594     -0.087      0.035  0.000e+00
     -0.120    28.3963   5.702520    35.2626     2.3139     0.0673          0     40.750 328.473168  1022.4614     -0.120      0.022  0.000e+00
     -0.120    28.3965   5.702657    35.2634     2.3060     0.0650          0     41.000 328.473171  1022.4619     -0.120      0.007  0.000e+00
     -0.109    28.3964   5.702749    35.2641     2.3029     0.0620          0     41.250 328.473174  1022.4625     -0.109     -0.009  0.000e+00
     -0.131    28.3965   5.702909    35.2652     2.2959     0.0521          0     41.500 328.473177  1022.4632     -0.130     -0.022  0.000e+00
     -0.131    28.3966   5.703130    35.2667     2.2949     0.0582          0     41.750 328.473180  1022.4643     -0.130     -0.033  0.000e+00
     -0.120    28.3972   5.703260    35.2671     2.2905     0.0543          0     42.000 328.473183  1022.4645     -0.120     -0.033  0.000e+00
     -0.217    28.3980   5.702779    35.2632     2.2911     0.0604          0     42.250 328.473186  1022.4609     -0.216     -0.046  0.000e+00
     -0.380    28.3983   5.700858    35.2497     2.3256     0.0696          0     42.500 328.473189  1022.4499     -0.378     -0.099  0.000e+00
     -0.466    28.3982   5.701635    35.2552     2.3651     0.0704          0     42.750 328.473192  1022.4537     -0.464     -0.158  0.000e+00
     -0.477    28.3982   5.701277    35.2527     2.3785     0.0704          0     43.000 328.473194  1022.4518     -0.474     -0.205  0.000e+00
     -0.466    28.3986   5.701056    35.2508     2.3660     0.0719          0     43.250 328.473197  1022.4503     -0.464     -0.226  0.000e+00
     -0.423    28.3992   5.701087    35.2506     2.3539     0.4824          0     43.500 328.473200  1022.4501     -0.421     -0.209  0.000e+00
     -0.358    28.3991   5.700865    35.2491     2.3441     0.4854          0     43.750 328.473203  1022.4493     -0.356     -0.161  0.000e+00
     -0.315    28.3979   5.700545    35.2478     2.3259     0.4770          0     44.000 328.473206  1022.4489     -0.313     -0.086  0.000e+00
     -0.272    28.3960   5.700462    35.2485     2.3101     0.4701          0     44.250 328.473209  1022.4503     -0.270      0.017  0.000e+00
     -0.228    28.3945   5.700385    35.2492     2.2923    -0.0097          0     44.500 328.473212  1022.4514     -0.227      0.108  0.000e+00
     -0.196    28.3934   5.700225    35.2489     2.2784    -0.0235          0     44.750 328.473215  1022.4517     -0.195      0.155  0.000e+00
     -0.153    28.3926   5.700454    35.2510     2.2807    -0.0113          0     45.000 328.473218  1022.4538     -0.152      0.172  0.000e+00
     -0.120    28.3933   5.700614    35.2516     2.2823    -0.0166          0     45.250 328.473220  1022.4541     -0.120      0.174  0.000e+00
     -0.142    28.3942   5.700965    35.2534     2.2820    -0.0975          0     45.500 328.473223  1022.4551     -0.141      0.149  0.000e+00
     -0.163    28.3951   5.701376    35.2556     2.2841    -0.0998          0     45.750 328.473226  1022.4564     -0.163      0.112  0.000e+00
     -0.185    28.3962   5.701986    35.2590     2.2808    -0.0998          0     46.000 328.473229  1022.4584     -0.184      0.073  0.000e+00
     -0.207    28.3977   5.701994    35.2580     2.2847    -0.0960          0     46.250 328.473232  1022.4571     -0.206      0.031  0.000e+00
     -0.196    28.3991   5.701597    35.2542     2.2813    -0.0929          0     46.500 328.473235  1022.4538     -0.195     -0.001  0.000e+00
     -0.153    28.4003   5.701155    35.2502     2.2913     0.1138          0     46.750 328.473238  1022.4506     -0.152     -0.011  0.000e+00
     -0.099    28.4011   5.700645    35.2460     2.2899     0.1062          0     47.000 328.473241  1022.4474     -0.098     -0.002  0.000e+00
     -0.044    28.4015   5.700416    35.2441     2.2869     0.1108          0     47.250 328.473244  1022.4460     -0.044      0.030  0.000e+00
      0.031    28.4017   5.700195    35.2424     2.2935     0.1047          0     47.500 328.473247  1022.4450      0.031      0.085  0.000e+00
      0.096    28.4031   5.700225    35.2415     2.2914     0.0055          0     47.750 328.473249  1022.4442      0.095      0.141  0.000e+00
      0.096    28.4052   5.700584    35.2425     2.2952    -0.0075          0     48.000 328.473252  1022.4443      0.095      0.173  0.000e+00
      0.128    28.4071   5.701506    35.2474     2.2931     0.0002          0     48.250 328.473255  1022.4475      0.128      0.190  0.000e+00
      0.118    28.4088   5.702398    35.2524     2.2963    -0.0006          0     48.500 328.473258  1022.4506      0.117      0.175  0.000e+00
      0.128    28.4105   5.703008    35.2554     2.2923     0.0116          0     48.750 328.473261  1022.4524      0.128      0.146  0.000e+00
      0.096    28.4115   5.703389    35.2574     2.2853     0.0086          0     49.000 328.473264  1022.4534      0.095      0.100  0.000e+00
      0.085    28.4121   5.703679    35.2589     2.2818     0.0101          0     49.250 328.473267  1022.4543      0.085      0.053  0.000e+00
      0.053    28.4124   5.703930    35.2604     2.2785     0.0139          0     49.500 328.473270  1022.4551      0.052      0.004  0.000e+00
      0.064    28.4128   5.703686    35.2584     2.2742     0.0131          0     49.750 328.473273  1022.4536      0.063     -0.025  0.000e+00
      0.096    28.4132   5.702939    35.2529     2.2683     0.0086          0     50.000 328.473275  1022.4494      0.095     -0.025  0.000e+00
      0.172    28.4132   5.702017    35.2464     2.2652     0.0086          0     50.250 328.473278  1022.4449      0.171     -0.004  0.000e+00
      0.204    28.4120   5.701536    35.2440     2.2614     0.0109          0     50.500 328.473281  1022.4437      0.203      0.030  0.000e+00
      0.280    28.4103   5.700736    35.2397     2.2666     0.0116          0     50.750 328.473284  1022.4413      0.278      0.076  0.000e+00
      0.366    28.4080   5.699905    35.2356     2.2765     0.0376          0     51.000 328.473287  1022.4393      0.364      0.138  0.000e+00
      0.420    28.4042   5.700134    35.2400     2.2734     0.0353          0     51.250 328.473290  1022.4441      0.418      0.188  0.000e+00
      0.431    28.3973   5.700386    35.2469     2.2715     0.0315          0     51.500 328.473293  1022.4516      0.429      0.215  0.000e+00
      0.409    28.3911   5.700584    35.2529     2.2716     0.0376          0     51.750 328.473296  1022.4580      0.407      0.203  0.000e+00
      0.388    28.3871   5.700645    35.2563     2.2694     0.0124          0     52.000 328.473299  1022.4618      0.386      0.165  0.000e+00
      0.388    28.3841   5.701316    35.2632     2.2787     0.0109          0     52.250 328.473302  1022.4681      0.386      0.116  0.000e+00
      0.388    28.3818   5.701789    35.2682     2.2766     0.0162          0     52.500 328.473304  1022.4726      0.386      0.073  0.000e+00
      0.399    28.3787   5.701476    35.2684     2.2692     0.0055          0     52.750 328.473307  1022.4738      0.396      0.029  0.000e+00
      0.442    28.3745   5.700866    35.2672     2.2688     0.0475          0     53.000 328.473310  1022.4744      0.439      0.009  0.000e+00
      0.517    28.3705   5.700386    35.2668     2.2727     0.0505          0     53.250 328.473313  1022.4758      0.515      0.027  0.000e+00
      0.582    28.3663   5.700059    35.2676     2.2735     0.0551          0     53.500 328.473316  1022.4781      0.579      0.070  0.000e+00
      0.626    28.3630   5.700005    35.2697     2.2830     0.0475          0     53.750 328.473319  1022.4809      0.622      0.117  0.000e+00
      0.647    28.3611   5.700066    35.2716     2.2843     0.0376          0     54.000 328.473322  1022.4830      0.644      0.151  0.000e+00
      0.712    28.3597   5.700257    35.2739     2.2808     0.0345          0     54.250 328.473325  1022.4855      0.708      0.178  0.000e+00
      0.690    28.3588   5.700326    35.2750     2.2880     0.0345          0     54.500 328.473328  1022.4866      0.687      0.178  0.000e+00
      0.723    28.3579   5.700326    35.2757     2.2925     0.0345          0     54.750 328.473330  1022.4875      0.719      0.167  0.000e+00
      0.734    28.3562   5.700066    35.2752     2.3097     0.0406          0     55.000 328.473333  1022.4877      0.730      0.139  0.000e+00
      0.788    28.3540   5.699906    35.2757     2.3321     0.0467          0     55.250 328.473336  1022.4890      0.783      0.118  0.000e+00
