ctd_kilwa/cnv/SBE19plus_01906740_2018_11_26_0067.cnv
* Sea-Bird SBE19plus  Data File:
* FileName = C:\Users\all user\Desktop\Mapping WWF\SBE19plus_01906740_2018_11_26_0067.hex
* Software version 2.6.3.104
* Temperature SN = 6740
* Conductivity SN = 6740
* System UpLoad Time = Nov 26 2018 19:59:47
* <ApplicationData>
* <Seaterm232>
# nquan = 13
# nvalues = 570                                   
# units = specified
# name 0 = prdM: Pressure, Strain Gauge [db]
# name 1 = tv290C: Temperature [ITS-90, deg C]
# name 2 = c0S/m: Conductivity [S/m]
# name 3 = sal00: Salinity, Practical [PSU]
# name 4 = sbeox0ML/L: Oxygen, SBE 43 [ml/l]
# name 5 = flECO-AFL: Fluorescence, WET Labs ECO-AFL/FL [mg/m^3]
# name 6 = nbf: Bottles Fired
# name 7 = timeS: Time, Elapsed [seconds]
# name 8 = timeJ: Julian Days
# name 9 = density00: Density [density, kg/m^3]
# name 10 = depSM: Depth [salt water, m], lat = 0.00
# name 11 = dz/dtM: Descent Rate [m/s]
# name 12 = flag:  0.000e+00
# span 0 =     -1.089,     10.481                 
# span 1 =    28.4288,    29.2684                 
# span 2 =   0.536450,   5.777249                 
# span 3 =     2.6410,    35.4508                 
# span 4 =     2.2771,     3.5322                 
# span 5 =    -0.1303,    48.6864                 
# span 6 =          0,          0                 
# span 7 =      0.000,    142.250                 
# span 8 = 329.588657, 329.590304                 
# span 9 =   997.8387,  1022.4681                 
# span 10 =     -1.083,     10.423                
# span 11 =     -0.623,      0.582                
# span 12 = 0.0000e+00, 0.0000e+00                
# interval = seconds: 0.25
# start_time = Nov 25 2018 14:07:40 [Instrument's time stamp, header]
# bad_flag = -9.990e-29
*END*
[from data line 334]
      5.346    28.4583   5.703391    35.2210     2.7253     0.0658          0     83.500 329.589624  1022.4330      5.316      0.400  0.000e+00
      5.475    28.4588   5.703452    35.2210     2.7551     0.0688          0     83.750 329.589627  1022.4334      5.445      0.414  0.000e+00
      5.529    28.4581   5.703292    35.2204     2.7369     0.0650          0     84.000 329.589630  1022.4334      5.499      0.413  0.000e+00
      5.638    28.4578   5.703231    35.2201     2.7502     0.0589          0     84.250 329.589633  1022.4338      5.607      0.404  0.000e+00
      5.724    28.4588   5.703506    35.2213     2.7702     0.0551          0     84.500 329.589635  1022.4347      5.693      0.397  0.000e+00
      5.854    28.4600   5.703612    35.2211     2.7532     0.0589          0     84.750 329.589638  1022.4348      5.822      0.394  0.000e+00
      5.994    28.4583   5.703262    35.2199     2.7540     0.1001          0     85.000 329.589641  1022.4350      5.961      0.410  0.000e+00
      6.124    28.4568   5.703041    35.2194     2.7941     0.0910          0     85.250 329.589644  1022.4357      6.091      0.427  0.000e+00
      6.243    28.4557   5.703010    35.2200     2.8272     0.0955          0     85.500 329.589647  1022.4369      6.209      0.446  0.000e+00
      6.330    28.4522   5.702530    35.2192     2.8458     0.0902          0     85.750 329.589650  1022.4379      6.295      0.454  0.000e+00
      6.427    28.4463   5.701760    35.2182     2.8380     0.0734          0     86.000 329.589653  1022.4396      6.391      0.465  0.000e+00
      6.514    28.4413   5.701234    35.2183     2.7921     0.0833          0     86.250 329.589656  1022.4416      6.478      0.454  0.000e+00
      6.600    28.4377   5.700998    35.2192     2.7850     0.0810          0     86.500 329.589659  1022.4439      6.564      0.437  0.000e+00
      6.676    28.4354   5.700808    35.2196     2.7422     0.0818          0     86.750 329.589661  1022.4453      6.639      0.404  0.000e+00
      6.676    28.4339   5.700739    35.2203     2.7021     0.0681          0     87.000 329.589664  1022.4462      6.639      0.352  0.000e+00
      6.697    28.4337   5.700808    35.2209     2.6572     0.0673          0     87.250 329.589667  1022.4469      6.660      0.297  0.000e+00
      6.773    28.4336   5.700838    35.2211     2.6948     0.0704          0     87.500 329.589670  1022.4474      6.736      0.259  0.000e+00
      6.903    28.4338   5.700838    35.2210     2.7042     0.0658          0     87.750 329.589673  1022.4478      6.865      0.252  0.000e+00
      7.087    28.4346   5.700953    35.2211     2.7475     0.0711          0     88.000 329.589676  1022.4484      7.048      0.278  0.000e+00
      7.195    28.4359   5.701128    35.2214     2.7844     0.0810          0     88.250 329.589679  1022.4486      7.155      0.316  0.000e+00
      7.324    28.4384   5.701479    35.2219     2.8471     0.0772          0     88.500 329.589682  1022.4487      7.284      0.365  0.000e+00
      7.465    28.4408   5.701700    35.2216     2.9034     0.0726          0     88.750 329.589685  1022.4483      7.424      0.427  0.000e+00
      7.595    28.4413   5.701570    35.2203     2.9573     0.0849          0     89.000 329.589688  1022.4478      7.553      0.491  0.000e+00
      7.746    28.4413   5.701441    35.2193     3.0076     0.0627          0     89.250 329.589690  1022.4477      7.703      0.535  0.000e+00
      7.919    28.4404   5.701319    35.2191     3.0492     0.0574          0     89.500 329.589693  1022.4485      7.875      0.560  0.000e+00
      8.016    28.4386   5.701060    35.2186     3.0653     0.0490          0     89.750 329.589696  1022.4492      7.972      0.555  0.000e+00
      8.168    28.4366   5.700801    35.2182     3.0412     0.0505          0     90.000 329.589699  1022.4502      8.123      0.551  0.000e+00
      8.308    28.4350   5.700580    35.2179     3.0343     0.0734          0     90.250 329.589702  1022.4511      8.262      0.561  0.000e+00
      8.481    28.4330   5.700458    35.2184     3.0099     0.0833          0     90.500 329.589705  1022.4529      8.434      0.572  0.000e+00
      8.600    28.4313   5.700359    35.2189     3.0314     0.0757          0     90.750 329.589708  1022.4543      8.553      0.572  0.000e+00
      8.740    28.4304   5.700298    35.2191     3.0484     0.0849          0     91.000 329.589711  1022.4554      8.692      0.571  0.000e+00
      8.892    28.4300   5.700298    35.2195     3.0745     0.0597          0     91.250 329.589714  1022.4564      8.843      0.569  0.000e+00
      9.022    28.4295   5.700230    35.2193     3.0764     0.0589          0     91.500 329.589716  1022.4570      8.972      0.565  0.000e+00
      9.119    28.4292   5.700222    35.2194     3.0587     0.0604          0     91.750 329.589719  1022.4576      9.068      0.560  0.000e+00
      9.248    28.4296   5.700230    35.2192     3.0608     0.0627          0     92.000 329.589722  1022.4579      9.197      0.542  0.000e+00
      9.357    28.4298   5.700298    35.2195     3.0552     0.0574          0     92.250 329.589725  1022.4585      9.305      0.521  0.000e+00
      9.497    28.4300   5.700299    35.2192     3.0598     0.0704          0     92.500 329.589728  1022.4588      9.445      0.505  0.000e+00
      9.681    28.4303   5.700299    35.2189     3.0539     0.0635          0     92.750 329.589731  1022.4593      9.627      0.517  0.000e+00
      9.811    28.4301   5.700329    35.2193     3.0545     0.0704          0     93.000 329.589734  1022.4601      9.757      0.523  0.000e+00
      9.973    28.4300   5.700261    35.2189     3.0438     0.0749          0     93.250 329.589737  1022.4606      9.918      0.538  0.000e+00
     10.103    28.4297   5.700230    35.2188     3.0287     0.0704          0     93.500 329.589740  1022.4612     10.047      0.556  0.000e+00
     10.265    28.4297   5.700253    35.2190     3.0416     0.0658          0     93.750 329.589742  1022.4620     10.208      0.579  0.000e+00
     10.373    28.4295   5.700261    35.2191     3.1309     0.0665          0     94.000 329.589745  1022.4627     10.315      0.582  0.000e+00
     10.383    28.4294   5.700169    35.2186     3.0364     0.0734          0     94.250 329.589748  1022.4623     10.326      0.546  0.000e+00
     10.383    28.4291   5.700139    35.2186     2.9801     0.0788          0     94.500 329.589751  1022.4624     10.326      0.471  0.000e+00
     10.394    28.4291   5.700070    35.2181     2.9418     0.0726          0     94.750 329.589754  1022.4621     10.337      0.377  0.000e+00
     10.394    28.4289   5.700040    35.2180     2.9109     0.0818          0     95.000 329.589757  1022.4621     10.337      0.285  0.000e+00
     10.405    28.4288   5.700040    35.2181     2.8890     0.0864          0     95.250 329.589760  1022.4623     10.348      0.192  0.000e+00
     10.416    28.4288   5.700063    35.2182     2.8652     0.0734          0     95.500 329.589763  1022.4624     10.358      0.115  0.000e+00
     10.427    28.4291   5.700170    35.2188     2.8509     0.0803          0     95.750 329.589766  1022.4628     10.369      0.055  0.000e+00
     10.438    28.4292   5.700200    35.2189     2.8604     0.0856          0     96.000 329.589769  1022.4629     10.380      0.031  0.000e+00
     10.416    28.4293   5.700200    35.2188     2.8779     0.0772          0     96.250 329.589771  1022.4627     10.358      0.025  0.000e+00
     10.427    28.4294   5.700200    35.2188     2.8775     0.0788          0     96.500 329.589774  1022.4627     10.369      0.023  0.000e+00
     10.437    28.4292   5.700170    35.2187     2.8952     0.1062          0     96.750 329.589777  1022.4627     10.380      0.021  0.000e+00
     10.416    28.4292   5.700169    35.2187     2.9038     0.1100          0     97.000 329.589780  1022.4626     10.358      0.013  0.000e+00
     10.427    28.4292   5.700261    35.2193     2.9041     0.1039          0     97.250 329.589783  1022.4632     10.369      0.006  0.000e+00
     10.448    28.4297   5.700223    35.2187     2.9104     0.1062          0     97.500 329.589786  1022.4626     10.391      0.007  0.000e+00
     10.459    28.4300   5.700299    35.2189     2.9275     0.0971          0     97.750 329.589789  1022.4627     10.401      0.012  0.000e+00
     10.481    28.4302   5.700261    35.2185     2.9347     0.0917          0     98.000 329.589792  1022.4624     10.423      0.022  0.000e+00
     10.481    28.4303   5.700261    35.2184     2.9122     0.0932          0     98.250 329.589795  1022.4623     10.423      0.033  0.000e+00
     10.427    28.4303   5.700230    35.2182     2.9252     0.0925          0     98.500 329.589797  1022.4620     10.369      0.020  0.000e+00
     10.254    28.4301   5.700169    35.2180     2.9670     0.0780          0     98.750 329.589800  1022.4611     10.197     -0.037  0.000e+00
     10.070    28.4301   5.700169    35.2181     2.9468     0.0780          0     99.000 329.589803  1022.4604     10.014     -0.128  0.000e+00
      9.821    28.4300   5.700101    35.2177     2.9320     0.0772          0     99.250 329.589806  1022.4591      9.767     -0.268  0.000e+00
      9.702    28.4300   5.700139    35.2181     2.9396     0.0795          0     99.500 329.589809  1022.4589      9.649     -0.396  0.000e+00
      9.692    28.4300   5.700200    35.2185     2.9492     0.1032          0     99.750 329.589812  1022.4591      9.638     -0.472  0.000e+00
      9.735    28.4300   5.700139    35.2181     2.9560     0.0948          0    100.000 329.589815  1022.4590      9.681     -0.482  0.000e+00
      9.767    28.4300   5.700169    35.2182     2.9649     0.0902          0    100.250 329.589818  1022.4592      9.714     -0.428  0.000e+00
      9.735    28.4301   5.700139    35.2180     2.9382     0.0955          0    100.500 329.589821  1022.4588      9.681     -0.335  0.000e+00
      9.735    28.4300   5.700070    35.2176     2.9040     0.0902          0    100.750 329.589823  1022.4587      9.681     -0.210  0.000e+00
      9.768    28.4298   5.700040    35.2175     2.8787     0.0841          0    101.000 329.589826  1022.4588      9.714     -0.088  0.000e+00
      9.832    28.4296   5.700032    35.2176     2.8502     0.0841          0    101.250 329.589829  1022.4592      9.778      0.022  0.000e+00
      9.832    28.4293   5.700009    35.2177     2.8343     0.0841          0    101.500 329.589832  1022.4593      9.778      0.065  0.000e+00
      9.746    28.4291   5.700009    35.2179     2.8233     0.0849          0    101.750 329.589835  1022.4592      9.692      0.045  0.000e+00
      9.508    28.4289   5.699978    35.2179     2.8391     0.0948          0    102.000 329.589838  1022.4582      9.455     -0.045  0.000e+00
      9.270    28.4290   5.699978    35.2179     2.8560     0.0978          0    102.250 329.589841  1022.4572      9.219     -0.172  0.000e+00
      9.151    28.4290   5.700009    35.2181     2.8600     0.0948          0    102.500 329.589844  1022.4568      9.101     -0.289  0.000e+00
      9.065    28.4293   5.700039    35.2181     2.8394     0.0955          0    102.750 329.589847  1022.4564      9.015     -0.399  0.000e+00
      9.032    28.4296   5.700062    35.2181     2.8171     0.0772          0    103.000 329.589850  1022.4561      8.982     -0.472  0.000e+00
      9.011    28.4298   5.700100    35.2182     2.8065     0.0795          0    103.250 329.589852  1022.4560      8.961     -0.494  0.000e+00
      9.043    28.4300   5.700100    35.2180     2.7874     0.0833          0    103.500 329.589855  1022.4559      8.993     -0.435  0.000e+00
      9.075    28.4303   5.700199    35.2184     2.7702     0.0864          0    103.750 329.589858  1022.4563      9.025     -0.314  0.000e+00
      9.151    28.4308   5.700260    35.2185     2.7622     0.0917          0    104.000 329.589861  1022.4565      9.101     -0.152  0.000e+00
      9.216    28.4313   5.700298    35.2183     2.7524     0.0978          0    104.250 329.589864  1022.4565      9.165     -0.012  0.000e+00
      9.184    28.4316   5.700329    35.2183     2.7524     0.0971          0    104.500 329.589867  1022.4563      9.133      0.059  0.000e+00
      9.021    28.4317   5.700329    35.2183     2.7528     0.0902          0    104.750 329.589870  1022.4555      8.972      0.053  0.000e+00
      8.740    28.4321   5.700313    35.2180     2.7629     0.0879          0    105.000 329.589873  1022.4540      8.692     -0.048  0.000e+00
      8.567    28.4322   5.700298    35.2179     2.7421     0.0658          0    105.250 329.589876  1022.4531      8.520     -0.184  0.000e+00
      8.470    28.4325   5.700328    35.2179     2.7390     0.0681          0    105.500 329.589878  1022.4526      8.423     -0.322  0.000e+00
      8.395    28.4327   5.700359    35.2180     2.7336     0.0704          0    105.750 329.589881  1022.4523      8.348     -0.434  0.000e+00
      8.362    28.4328   5.700359    35.2179     2.7333     0.0696          0    106.000 329.589884  1022.4521      8.316     -0.500  0.000e+00
      8.341    28.4330   5.700389    35.2180     2.7311     0.0955          0    106.250 329.589887  1022.4520      8.295     -0.499  0.000e+00
      8.405    28.4330   5.700359    35.2178     2.7191     0.0948          0    106.500 329.589890  1022.4521      8.359     -0.406  0.000e+00
      8.438    28.4331   5.700344    35.2176     2.7227     0.0910          0    106.750 329.589893  1022.4520      8.391     -0.260  0.000e+00
      8.514    28.4328   5.700328    35.2177     2.7176     0.1016          0    107.000 329.589896  1022.4525      8.467     -0.099  0.000e+00
      8.589    28.4328   5.700329    35.2176     2.7126     0.0826          0    107.250 329.589899  1022.4528      8.542      0.023  0.000e+00
      8.633    28.4326   5.700329    35.2178     2.7308     0.0780          0    107.500 329.589902  1022.4532      8.585      0.109  0.000e+00
      8.643    28.4325   5.700298    35.2176     2.7227     0.0833          0    107.750 329.589905  1022.4531      8.596      0.161  0.000e+00
      8.546    28.4326   5.700298    35.2176     2.7243     0.0818          0    108.000 329.589907  1022.4527      8.499      0.150  0.000e+00
      8.265    28.4325   5.700260    35.2175     2.7364     0.0818          0    108.250 329.589910  1022.4514      8.219      0.043  0.000e+00
      7.973    28.4326   5.700221    35.2172     2.7491     0.0818          0    108.500 329.589913  1022.4499      7.929     -0.142  0.000e+00
      7.746    28.4325   5.700229    35.2174     2.7175     0.0803          0    108.750 329.589916  1022.4491      7.703     -0.342  0.000e+00
      7.648    28.4326   5.700298    35.2178     2.7159     0.0788          0    109.000 329.589919  1022.4490      7.606     -0.513  0.000e+00
      7.627    28.4329   5.700328    35.2178     2.7091     0.0818          0    109.250 329.589922  1022.4488      7.585     -0.611  0.000e+00
      7.637    28.4333   5.700358    35.2178     2.7021     0.0871          0    109.500 329.589925  1022.4487      7.595     -0.623  0.000e+00
      7.659    28.4335   5.700358    35.2176     2.7012     0.0910          0    109.750 329.589928  1022.4486      7.617     -0.551  0.000e+00
      7.681    28.4332   5.700298    35.2174     2.6844     0.0795          0    110.000 329.589931  1022.4486      7.638     -0.405  0.000e+00
      7.724    28.4331   5.700229    35.2170     2.6773     0.0803          0    110.250 329.589933  1022.4485      7.681     -0.215  0.000e+00
      7.789    28.4325   5.700221    35.2173     2.6790     0.0826          0    110.500 329.589936  1022.4493      7.746     -0.047  0.000e+00
      7.745    28.4322   5.700168    35.2172     2.6873     0.0841          0    110.750 329.589939  1022.4491      7.703      0.044  0.000e+00
