ctd_kilwa/cnv/SBE19plus_01906740_2018_11_26_0068.cnv
* Sea-Bird SBE19plus  Data File:
* FileName = C:\Users\all user\Desktop\Mapping WWF\SBE19plus_01906740_2018_11_26_0068.hex
* Software version 2.6.3.104
* Temperature SN = 6740
* Conductivity SN = 6740
* System UpLoad Time = Nov 26 2018 19:59:57
* <ApplicationData>
* <Seaterm232>
# nquan = 13
# nvalues = 419                                   
# units = specified
# name 0 = prdM: Pressure, Strain Gauge [db]
# name 1 = tv290C: Temperature [ITS-90, deg C]
# name 2 = c0S/m: Conductivity [S/m]
# name 3 = sal00: Salinity, Practical [PSU]
# name 4 = sbeox0ML/L: Oxygen, SBE 43 [ml/l]
# name 5 = flECO-AFL: Fluorescence, WET Labs ECO-AFL/FL [mg/m^3]
# name 6 = nbf: Bottles Fired
# name 7 = timeS: Time, Elapsed [seconds]
# name 8 = timeJ: Julian Days
# name 9 = density00: Density [density, kg/m^3]
# name 10 = depSM: Depth [salt water, m], lat = 0.00
# name 11 = dz/dtM: Descent Rate [m/s]
# name 12 = flag:  0.000e+00
# span 0 =     -1.059,      9.266                 
# span 1 =    28.4806,    28.8450                 
# span 2 =   0.177978,   5.721246                 
# span 3 =     0.8307,    35.2538                 
# span 4 =     2.2301,     3.5948                 
# span 5 =    -0.2325,    48.6826                 
# span 6 =          0,          0                 
# span 7 =      0.000,    104.500                 
# span 8 = 329.593507, 329.594716                 
# span 9 =   996.6108,  1022.4419                 
# span 10 =     -1.053,      9.215                
# span 11 =     -0.699,      0.417                
# span 12 = 0.0000e+00, 0.0000e+00                
# interval = seconds: 0.25
# start_time = Nov 25 2018 14:14:39 [Instrument's time stamp, header]
# bad_flag = -9.990e-29
*END*
[from data line 112]
      1.428    28.5551   5.715157    35.2320     2.4254     0.0543          0     28.000 329.593831  1022.3925      1.420      0.161  0.000e+00
      1.461    28.5552   5.715867    35.2369     2.4356     0.0574          0     28.250 329.593834  1022.3963      1.453      0.129  0.000e+00
      1.461    28.5552   5.716760    35.2431     2.4267     0.0643          0     28.500 329.593837  1022.4009      1.453      0.108  0.000e+00
      1.428    28.5551   5.717432    35.2478     2.4344     0.0719          0     28.750 329.593840  1022.4044      1.421      0.091  0.000e+00
      1.374    28.5550   5.717630    35.2493     2.4235     0.0734          0     29.000 329.593843  1022.4053      1.367      0.066  0.000e+00
      1.353    28.5555   5.716088    35.2382     2.4101     0.0704          0     29.250 329.593845  1022.3967      1.345      0.030  0.000e+00
      1.374    28.5560   5.714509    35.2269     2.4060     0.0620          0     29.500 329.593848  1022.3881      1.367     -0.009  0.000e+00
      1.428    28.5566   5.714585    35.2269     2.4017     0.0635          0     29.750 329.593851  1022.3882      1.420     -0.022  0.000e+00
      1.472    28.5575   5.713944    35.2218     2.3897     0.0612          0     30.000 329.593854  1022.3842      1.463     -0.012  0.000e+00
      1.569    28.5574   5.713463    35.2185     2.3776     0.0597          0     30.250 329.593857  1022.3822      1.560      0.031  0.000e+00
      1.666    28.5552   5.713685    35.2216     2.3806     0.0635          0     30.500 329.593860  1022.3857      1.657      0.101  0.000e+00
      1.699    28.5529   5.714677    35.2303     2.3758     0.0604          0     30.750 329.593863  1022.3931      1.689      0.166  0.000e+00
      1.699    28.5508   5.715249    35.2358     2.3811     0.0635          0     31.000 329.593866  1022.3980      1.689      0.204  0.000e+00
      1.720    28.5489   5.715287    35.2375     2.3850     0.0589          0     31.250 329.593869  1022.3999      1.711      0.212  0.000e+00
      1.774    28.5473   5.714295    35.2317     2.3870     0.0604          0     31.500 329.593872  1022.3964      1.764      0.204  0.000e+00
      1.839    28.5457   5.713242    35.2256     2.3797     0.0475          0     31.750 329.593874  1022.3925      1.829      0.192  0.000e+00
      1.936    28.5443   5.712983    35.2248     2.3799     0.0498          0     32.000 329.593877  1022.3929      1.926      0.194  0.000e+00
      2.012    28.5431   5.713242    35.2275     2.3889     0.0414          0     32.250 329.593880  1022.3956      2.001      0.196  0.000e+00
      2.077    28.5427   5.713716    35.2311     2.3867     0.0391          0     32.500 329.593883  1022.3987      2.065      0.212  0.000e+00
      2.142    28.5422   5.714418    35.2363     2.3746     0.0597          0     32.750 329.593886  1022.4030      2.130      0.243  0.000e+00
      2.228    28.5413   5.715097    35.2416     2.3694     0.0543          0     33.000 329.593889  1022.4077      2.216      0.277  0.000e+00
      2.315    28.5408   5.714456    35.2375     2.3665     0.0604          0     33.250 329.593892  1022.4052      2.302      0.299  0.000e+00
      2.380    28.5404   5.713655    35.2322     2.3653     0.0635          0     33.500 329.593895  1022.4016      2.366      0.304  0.000e+00
      2.434    28.5402   5.714136    35.2357     2.3746     0.0543          0     33.750 329.593898  1022.4045      2.420      0.298  0.000e+00
      2.488    28.5400   5.714906    35.2412     2.3823     0.0719          0     34.000 329.593900  1022.4089      2.474      0.283  0.000e+00
      2.520    28.5403   5.715524    35.2453     2.3810     0.0665          0     34.250 329.593903  1022.4120      2.506      0.267  0.000e+00
      2.542    28.5402   5.715196    35.2430     2.3744     0.0643          0     34.500 329.593906  1022.4105      2.528      0.242  0.000e+00
      2.628    28.5403   5.714036    35.2349     2.3782     0.0673          0     34.750 329.593909  1022.4047      2.614      0.227  0.000e+00
      2.671    28.5404   5.713334    35.2299     2.3832     0.0604          0     35.000 329.593912  1022.4011      2.657      0.208  0.000e+00
      2.736    28.5399   5.713434    35.2310     2.3772     0.0559          0     35.250 329.593915  1022.4023      2.721      0.200  0.000e+00
      2.812    28.5400   5.713754    35.2331     2.4093     0.0582          0     35.500 329.593918  1022.4042      2.796      0.207  0.000e+00
      2.855    28.5401   5.714296    35.2368     2.3836     0.0635          0     35.750 329.593921  1022.4072      2.839      0.215  0.000e+00
      2.909    28.5406   5.714746    35.2395     2.3673     0.0818          0     36.000 329.593924  1022.4093      2.893      0.223  0.000e+00
      2.974    28.5407   5.715128    35.2421     2.3671     0.0818          0     36.250 329.593927  1022.4115      2.958      0.234  0.000e+00
      3.028    28.5407   5.715578    35.2452     2.3360     0.0887          0     36.500 329.593929  1022.4140      3.012      0.239  0.000e+00
      3.061    28.5409   5.715899    35.2473     2.3423     0.0871          0     36.750 329.593932  1022.4157      3.044      0.225  0.000e+00
      3.136    28.5411   5.716219    35.2493     2.3329     0.0841          0     37.000 329.593935  1022.4175      3.119      0.226  0.000e+00
      3.158    28.5419   5.716578    35.2512     2.3071     0.0849          0     37.250 329.593938  1022.4187      3.141      0.213  0.000e+00
      3.201    28.5432   5.716830    35.2520     2.3070     0.0841          0     37.500 329.593941  1022.4191      3.184      0.200  0.000e+00
      3.244    28.5444   5.717051    35.2527     2.3194     0.0803          0     37.750 329.593944  1022.4193      3.226      0.194  0.000e+00
      3.244    28.5449   5.717273    35.2538     2.3113     0.0765          0     38.000 329.593947  1022.4201      3.226      0.173  0.000e+00
      3.266    28.5454   5.716891    35.2507     2.3157     0.0749          0     38.250 329.593950  1022.4176      3.248      0.150  0.000e+00
      3.298    28.5460   5.715067    35.2376     2.3095     0.0849          0     38.500 329.593953  1022.4077      3.280      0.133  0.000e+00
      3.385    28.5464   5.713556    35.2268     2.2995     0.0818          0     38.750 329.593955  1022.3998      3.366      0.136  0.000e+00
      3.450    28.5453   5.712984    35.2237     2.3052     0.0833          0     39.000 329.593958  1022.3981      3.431      0.143  0.000e+00
      3.515    28.5420   5.713083    35.2267     2.2777     0.0925          0     39.250 329.593961  1022.4018      3.495      0.167  0.000e+00
      3.569    28.5399   5.713465    35.2309     2.2608     0.0948          0     39.500 329.593964  1022.4059      3.549      0.187  0.000e+00
      3.634    28.5385   5.714006    35.2357     2.2654     0.0932          0     39.750 329.593967  1022.4102      3.614      0.212  0.000e+00
      3.688    28.5373   5.714487    35.2400     2.2569     0.0963          0     40.000 329.593970  1022.4141      3.667      0.236  0.000e+00
      3.763    28.5362   5.713526    35.2341     2.2580     0.1085          0     40.250 329.593973  1022.4103      3.743      0.252  0.000e+00
      3.807    28.5346   5.713114    35.2324     2.2769     0.1100          0     40.500 329.593976  1022.4098      3.786      0.251  0.000e+00
      3.882    28.5319   5.713656    35.2381     2.2764     0.1077          0     40.750 329.593979  1022.4153      3.861      0.245  0.000e+00
      3.936    28.5310   5.714457    35.2443     2.2822     0.1116          0     41.000 329.593981  1022.4205      3.915      0.244  0.000e+00
      3.969    28.5309   5.714968    35.2479     2.2814     0.0948          0     41.250 329.593984  1022.4234      3.947      0.236  0.000e+00
      4.012    28.5311   5.715388    35.2507     2.2848     0.0955          0     41.500 329.593987  1022.4255      3.990      0.226  0.000e+00
      4.034    28.5317   5.715464    35.2508     2.2871     0.0849          0     41.750 329.593990  1022.4255      4.011      0.208  0.000e+00
      4.099    28.5323   5.715289    35.2491     2.2842     0.0917          0     42.000 329.593993  1022.4243      4.076      0.197  0.000e+00
      4.163    28.5330   5.714938    35.2461     2.2902     0.0948          0     42.250 329.593996  1022.4221      4.141      0.190  0.000e+00
      4.229    28.5334   5.714106    35.2400     2.2862     0.0948          0     42.500 329.593999  1022.4177      4.205      0.195  0.000e+00
      4.315    28.5330   5.712855    35.2316     2.2888     0.0910          0     42.750 329.594002  1022.4119      4.291      0.206  0.000e+00
      4.412    28.5296   5.712534    35.2319     2.2730     0.0925          0     43.000 329.594005  1022.4137      4.388      0.234  0.000e+00
      4.499    28.5256   5.712245    35.2328     2.2693     0.0910          0     43.250 329.594008  1022.4160      4.474      0.268  0.000e+00
      4.585    28.5222   5.712115    35.2344     2.2623     0.0765          0     43.500 329.594010  1022.4188      4.560      0.298  0.000e+00
      4.693    28.5194   5.711993    35.2356     2.2565     0.0879          0     43.750 329.594013  1022.4210      4.668      0.330  0.000e+00
      4.780    28.5173   5.711802    35.2358     2.2463     0.0803          0     44.000 329.594016  1022.4222      4.754      0.348  0.000e+00
      4.866    28.5152   5.711093    35.2324     2.2398     0.0772          0     44.250 329.594019  1022.4208      4.840      0.360  0.000e+00
      4.974    28.5116   5.710742    35.2326     2.2320     0.0940          0     44.500 329.594022  1022.4225      4.947      0.371  0.000e+00
      5.061    28.5081   5.710712    35.2349     2.2301     0.1047          0     44.750 329.594025  1022.4258      5.033      0.373  0.000e+00
      5.072    28.5066   5.711345    35.2405     2.2364     0.0925          0     45.000 329.594028  1022.4306      5.044      0.352  0.000e+00
      5.072    28.5060   5.712215    35.2470     2.2367     0.0971          0     45.250 329.594031  1022.4356      5.044      0.312  0.000e+00
      5.028    28.5044   5.712634    35.2511     2.2421     0.0757          0     45.500 329.594034  1022.4391      5.001      0.246  0.000e+00
      5.007    28.5018   5.712726    35.2537     2.2454     0.0818          0     45.750 329.594036  1022.4417      4.979      0.167  0.000e+00
      5.007    28.5001   5.711734    35.2481     2.2542     0.0719          0     46.000 329.594039  1022.4381      4.979      0.097  0.000e+00
      5.050    28.4989   5.710231    35.2385     2.2541     0.0864          0     46.250 329.594042  1022.4315      5.022      0.045  0.000e+00
      5.180    28.4974   5.709270    35.2329     2.2660     0.0765          0     46.500 329.594045  1022.4283      5.151      0.040  0.000e+00
      5.299    28.4961   5.708393    35.2277     2.2803     0.0742          0     46.750 329.594048  1022.4253      5.269      0.081  0.000e+00
      5.439    28.4943   5.707768    35.2246     2.2834     0.0803          0     47.000 329.594051  1022.4242      5.409      0.166  0.000e+00
      5.569    28.4927   5.707608    35.2247     2.2694     0.0788          0     47.250 329.594054  1022.4254      5.538      0.265  0.000e+00
      5.644    28.4914   5.707516    35.2250     2.2609     0.0833          0     47.500 329.594057  1022.4264      5.613      0.351  0.000e+00
      5.699    28.4902   5.707448    35.2254     2.2758     0.0963          0     47.750 329.594060  1022.4273      5.667      0.398  0.000e+00
      5.785    28.4891   5.707387    35.2257     2.2573     0.0940          0     48.000 329.594063  1022.4283      5.753      0.417  0.000e+00
      5.871    28.4879   5.707341    35.2263     2.2583     0.0978          0     48.250 329.594065  1022.4294      5.839      0.407  0.000e+00
      5.947    28.4869   5.707356    35.2272     2.2713     0.0932          0     48.500 329.594068  1022.4308      5.914      0.374  0.000e+00
      6.001    28.4858   5.707356    35.2280     2.2651     0.1001          0     48.750 329.594071  1022.4320      5.968      0.339  0.000e+00
      6.023    28.4858   5.707448    35.2286     2.2588     0.0925          0     49.000 329.594074  1022.4325      5.990      0.294  0.000e+00
      6.045    28.4858   5.707448    35.2286     2.2662     0.0994          0     49.250 329.594077  1022.4326      6.011      0.254  0.000e+00
      6.088    28.4854   5.707517    35.2293     2.2678     0.0940          0     49.500 329.594080  1022.4335      6.054      0.228  0.000e+00
      6.153    28.4851   5.707547    35.2297     2.2809     0.0986          0     49.750 329.594083  1022.4342      6.119      0.210  0.000e+00
      6.207    28.4846   5.707501    35.2298     2.2806     0.0940          0     50.000 329.594086  1022.4346      6.173      0.190  0.000e+00
      6.282    28.4842   5.707387    35.2293     2.2932     0.0902          0     50.250 329.594089  1022.4347      6.248      0.186  0.000e+00
      6.380    28.4837   5.707196    35.2283     2.2909     0.1001          0     50.500 329.594091  1022.4345      6.345      0.203  0.000e+00
      6.455    28.4834   5.707067    35.2276     2.3024     0.0902          0     50.750 329.594094  1022.4344      6.420      0.232  0.000e+00
      6.564    28.4830   5.706907    35.2267     2.3131     0.1215          0     51.000 329.594097  1022.4344      6.527      0.274  0.000e+00
      6.661    28.4829   5.706617    35.2247     2.3208     0.1200          0     51.250 329.594100  1022.4333      6.624      0.311  0.000e+00
      6.747    28.4828   5.706586    35.2246     2.3193     0.1177          0     51.500 329.594103  1022.4336      6.710      0.337  0.000e+00
      6.834    28.4829   5.706640    35.2248     2.3300     0.1192          0     51.750 329.594106  1022.4342      6.796      0.352  0.000e+00
      6.899    28.4831   5.706617    35.2245     2.3364     0.1001          0     52.000 329.594109  1022.4341      6.861      0.357  0.000e+00
      6.974    28.4830   5.706556    35.2241     2.3461     0.0932          0     52.250 329.594112  1022.4342      6.936      0.351  0.000e+00
      7.082    28.4828   5.706526    35.2241     2.3431     0.0887          0     52.500 329.594115  1022.4347      7.043      0.347  0.000e+00
      7.147    28.4824   5.706526    35.2243     2.3470     0.0917          0     52.750 329.594117  1022.4353      7.108      0.340  0.000e+00
      7.212    28.4823   5.706526    35.2244     2.3446     0.1123          0     53.000 329.594120  1022.4356      7.172      0.324  0.000e+00
      7.288    28.4820   5.706556    35.2248     2.3372     0.1039          0     53.250 329.594123  1022.4364      7.248      0.314  0.000e+00
      7.342    28.4819   5.706518    35.2246     2.3560     0.1047          0     53.500 329.594126  1022.4365      7.301      0.303  0.000e+00
      7.429    28.4817   5.706526    35.2248     2.3461     0.1077          0     53.750 329.594129  1022.4370      7.388      0.298  0.000e+00
      7.515    28.4816   5.706495    35.2246     2.3345     0.0925          0     54.000 329.594132  1022.4373      7.474      0.299  0.000e+00
      7.580    28.4813   5.706495    35.2248     2.3289     0.0932          0     54.250 329.594135  1022.4378      7.538      0.294  0.000e+00
      7.645    28.4812   5.706457    35.2246     2.3264     0.0986          0     54.500 329.594138  1022.4380      7.602      0.286  0.000e+00
      7.720    28.4810   5.706427    35.2245     2.3396     0.0994          0     54.750 329.594141  1022.4383      7.678      0.290  0.000e+00
      7.785    28.4809   5.706457    35.2248     2.3396     0.0978          0     55.000 329.594144  1022.4388      7.742      0.290  0.000e+00
      7.839    28.4812   5.706457    35.2245     2.3399     0.1055          0     55.250 329.594146  1022.4388      7.796      0.283  0.000e+00
