ctd_kilwa/cnv/SBE19plus_01906740_2018_11_26_0048.cnv
* Sea-Bird SBE19plus  Data File:
* FileName = C:\Users\all user\Desktop\Mapping WWF\SBE19plus_01906740_2018_11_26_0048.hex
* Software version 2.6.3.104
* Temperature SN = 6740
* Conductivity SN = 6740
* System UpLoad Time = Nov 26 2018 19:55:32
* <ApplicationData>
* <Seaterm232>
# nquan = 13
# nvalues = 889                                   
# units = specified
# name 0 = prdM: Pressure, Strain Gauge [db]
# name 1 = tv290C: Temperature [ITS-90, deg C]
# name 2 = c0S/m: Conductivity [S/m]
# name 3 = sal00: Salinity, Practical [PSU]
# name 4 = sbeox0ML/L: Oxygen, SBE 43 [ml/l]
# name 5 = flECO-AFL: Fluorescence, WET Labs ECO-AFL/FL [mg/m^3]
# name 6 = nbf: Bottles Fired
# name 7 = timeS: Time, Elapsed [seconds]
# name 8 = timeJ: Julian Days
# name 9 = density00: Density [density, kg/m^3]
# name 10 = depSM: Depth [salt water, m], lat = 0.00
# name 11 = dz/dtM: Descent Rate [m/s]
# name 12 = flag:  0.000e+00
# span 0 =     -1.078,     19.637                 
# span 1 =    28.3005,    33.3317                 
# span 2 =   0.568840,   6.077631                 
# span 3 =     2.8349,    36.8871                 
# span 4 =     2.1090,     2.9552                 
# span 5 =    -0.4462,    48.6818                 
# span 6 =          0,          0                 
# span 7 =      0.000,    222.000                 
# span 8 = 328.518183, 328.520752                 
# span 9 =   997.5139,  1023.2491                 
# span 10 =     -1.072,     19.529                
# span 11 =     -0.666,      0.288                
# span 12 = 0.0000e+00, 0.0000e+00                
# interval = seconds: 0.25
# start_time = Nov 24 2018 12:26:11 [Instrument's time stamp, header]
# bad_flag = -9.990e-29
*END*
[from data line 223]
      5.572    28.5870   5.755974    35.4908     2.1569     0.0315          0     55.750 328.518828  1022.5941      5.541      0.184  0.000e+00
      5.625    28.5805   5.754543    35.4857     2.1549     0.0330          0     56.000 328.518831  1022.5927      5.594      0.194  0.000e+00
      5.680    28.5746   5.753479    35.4827     2.1551     0.0315          0     56.250 328.518834  1022.5926      5.648      0.202  0.000e+00
      5.723    28.5699   5.753740    35.4880     2.1556     0.0307          0     56.500 328.518837  1022.5983      5.691      0.203  0.000e+00
      5.755    28.5670   5.754291    35.4940     2.1604     0.0414          0     56.750 328.518840  1022.6040      5.724      0.207  0.000e+00
      5.755    28.5653   5.755255    35.5020     2.1565     0.0269          0     57.000 328.518843  1022.6105      5.723      0.197  0.000e+00
      5.755    28.5645   5.756518    35.5114     2.1584     0.0475          0     57.250 328.518845  1022.6178      5.723      0.172  0.000e+00
      5.798    28.5648   5.757031    35.5147     2.1617     0.0398          0     57.500 328.518848  1022.6204      5.766      0.140  0.000e+00
      5.831    28.5648   5.757399    35.5172     2.1649     0.0498          0     57.750 328.518851  1022.6225      5.799      0.116  0.000e+00
      5.896    28.5639   5.756939    35.5147     2.1772     0.0467          0     58.000 328.518854  1022.6211      5.863      0.112  0.000e+00
      5.906    28.5623   5.753411    35.4913     2.1816     0.0482          0     58.250 328.518857  1022.6041      5.874      0.108  0.000e+00
      5.982    28.5596   5.749347    35.4651     2.1852     0.0482          0     58.500 328.518860  1022.5857      5.949      0.123  0.000e+00
      6.026    28.5562   5.747833    35.4571     2.1842     0.0475          0     58.750 328.518863  1022.5809      5.992      0.144  0.000e+00
      6.058    28.5538   5.747764    35.4583     2.1840     0.0444          0     59.000 328.518866  1022.5828      6.025      0.164  0.000e+00
      6.101    28.5532   5.748024    35.4606     2.1791     0.0559          0     59.250 328.518869  1022.5850      6.068      0.176  0.000e+00
      6.123    28.5532   5.748605    35.4647     2.1761     0.0353          0     59.500 328.518872  1022.5881      6.089      0.170  0.000e+00
      6.166    28.5533   5.748896    35.4666     2.1744     0.0284          0     59.750 328.518874  1022.5896      6.132      0.166  0.000e+00
      6.209    28.5533   5.748238    35.4620     2.1875     0.0322          0     60.000 328.518877  1022.5864      6.175      0.159  0.000e+00
      6.220    28.5523   5.734520    35.3673     2.2059     0.0345          0     60.250 328.518880  1022.5157      6.186      0.152  0.000e+00
      6.231    28.5497   5.726681    35.3147     2.1992     0.0315          0     60.500 328.518883  1022.4770      6.197      0.130  0.000e+00
      6.274    28.5488   5.724107    35.2975     2.1890     0.0315          0     60.750 328.518886  1022.4646      6.240      0.123  0.000e+00
      6.307    28.5418   5.722214    35.2895     2.1852     0.0315          0     61.000 328.518889  1022.4610      6.272      0.119  0.000e+00
      6.350    28.5302   5.720427    35.2857     2.1794     0.0345          0     61.250 328.518892  1022.4622      6.315      0.119  0.000e+00
      6.382    28.5187   5.719328    35.2866     2.1624     0.0315          0     61.500 328.518895  1022.4668      6.347      0.123  0.000e+00
      6.469    28.5089   5.718076    35.2852     2.1585     0.0299          0     61.750 328.518898  1022.4693      6.433      0.138  0.000e+00
      6.555    28.5010   5.717405    35.2863     2.1518     0.0292          0     62.000 328.518900  1022.4732      6.519      0.167  0.000e+00
      6.599    28.4940   5.717023    35.2890     2.1393     0.0330          0     62.250 328.518903  1022.4777      6.562      0.197  0.000e+00
      6.653    28.4882   5.716672    35.2908     2.1569     0.0620          0     62.500 328.518906  1022.4812      6.616      0.218  0.000e+00
      6.674    28.4849   5.715932    35.2881     2.1632     0.0521          0     62.750 328.518909  1022.4804      6.638      0.221  0.000e+00
      6.739    28.4833   5.715551    35.2866     2.1876     0.0589          0     63.000 328.518912  1022.4800      6.702      0.225  0.000e+00
      6.804    28.4815   5.715070    35.2845     2.1977     0.0521          0     63.250 328.518915  1022.4794      6.767      0.226  0.000e+00
      6.826    28.4806   5.714910    35.2841     2.2130     0.0582          0     63.500 328.518918  1022.4794      6.788      0.215  0.000e+00
      6.869    28.4808   5.714200    35.2790     2.2345     0.0276          0     63.750 328.518921  1022.4757      6.831      0.194  0.000e+00
      6.902    28.4806   5.714330    35.2800     2.2436     0.0376          0     64.000 328.518924  1022.4767      6.864      0.178  0.000e+00
      6.902    28.4806   5.714025    35.2779     2.2703     0.0337          0     64.250 328.518927  1022.4751      6.864      0.162  0.000e+00
      6.934    28.4798   5.713918    35.2778     2.2779     0.0383          0     64.500 328.518929  1022.4754      6.896      0.146  0.000e+00
      6.966    28.4780   5.713689    35.2775     2.2867     0.0261          0     64.750 328.518932  1022.4759      6.928      0.135  0.000e+00
      6.999    28.4757   5.713208    35.2759     2.2829     0.0322          0     65.000 328.518935  1022.4756      6.961      0.118  0.000e+00
      6.988    28.4729   5.712766    35.2749     2.2985     0.0360          0     65.250 328.518938  1022.4758      6.950      0.099  0.000e+00
      6.988    28.4681   5.712026    35.2733     2.2985     0.0330          0     65.500 328.518941  1022.4761      6.950      0.084  0.000e+00
      7.031    28.4641   5.711560    35.2730     2.3032     0.0200          0     65.750 328.518944  1022.4774      6.993      0.076  0.000e+00
      7.075    28.4610   5.711164    35.2725     2.3188     0.0177          0     66.000 328.518947  1022.4783      7.036      0.081  0.000e+00
      7.150    28.4598   5.711004    35.2723     2.3237     0.0208          0     66.250 328.518950  1022.4789      7.111      0.102  0.000e+00
      7.215    28.4585   5.710874    35.2724     2.3339     0.0231          0     66.500 328.518953  1022.4796      7.176      0.125  0.000e+00
      7.248    28.4576   5.710493    35.2704     2.3364     0.0429          0     66.750 328.518955  1022.4785      7.208      0.146  0.000e+00
      7.269    28.4566   5.710332    35.2700     2.3487     0.0444          0     67.000 328.518958  1022.4786      7.229      0.162  0.000e+00
      7.291    28.4560   5.710142    35.2691     2.3448     0.0414          0     67.250 328.518961  1022.4783      7.251      0.175  0.000e+00
      7.313    28.4555   5.710111    35.2692     2.3495     0.0452          0     67.500 328.518964  1022.4786      7.272      0.171  0.000e+00
      7.345    28.4545   5.709852    35.2682     2.3484     0.0459          0     67.750 328.518967  1022.4784      7.304      0.154  0.000e+00
      7.367    28.4541   5.709913    35.2689     2.3480     0.0589          0     68.000 328.518970  1022.4791      7.326      0.133  0.000e+00
      7.421    28.4545   5.710043    35.2695     2.3561     0.0559          0     68.250 328.518973  1022.4796      7.380      0.118  0.000e+00
      7.442    28.4548   5.709722    35.2670     2.3613     0.0635          0     68.500 328.518976  1022.4777      7.401      0.112  0.000e+00
      7.485    28.4546   5.709402    35.2649     2.3646     0.0551          0     68.750 328.518979  1022.4764      7.444      0.119  0.000e+00
      7.507    28.4549   5.709410    35.2647     2.3729     0.0467          0     69.000 328.518981  1022.4763      7.466      0.125  0.000e+00
      7.518    28.4553   5.709272    35.2635     2.3812     0.0459          0     69.250 328.518984  1022.4752      7.476      0.123  0.000e+00
      7.550    28.4557   5.709341    35.2637     2.3806     0.0482          0     69.500 328.518987  1022.4754      7.509      0.121  0.000e+00
      7.583    28.4560   5.709181    35.2623     2.3760     0.0490          0     69.750 328.518990  1022.4744      7.541      0.117  0.000e+00
      7.626    28.4549   5.708990    35.2618     2.3737     0.0444          0     70.000 328.518993  1022.4745      7.584      0.118  0.000e+00
      7.658    28.4538   5.708891    35.2620     2.3822     0.0467          0     70.250 328.518996  1022.4752      7.616      0.116  0.000e+00
      7.712    28.4526   5.708792    35.2621     2.3763     0.0414          0     70.500 328.518999  1022.4760      7.670      0.127  0.000e+00
      7.788    28.4521   5.708639    35.2614     2.3754     0.0421          0     70.750 328.519002  1022.4759      7.745      0.146  0.000e+00
      7.842    28.4517   5.708510    35.2608     2.3722     0.0185          0     71.000 328.519005  1022.4758      7.799      0.170  0.000e+00
      7.896    28.4513   5.708350    35.2599     2.3772     0.0162          0     71.250 328.519008  1022.4755      7.853      0.192  0.000e+00
      7.939    28.4509   5.708319    35.2600     2.3781     0.0192          0     71.500 328.519010  1022.4759      7.896      0.204  0.000e+00
      7.994    28.4501   5.707999    35.2584     2.3852     0.0147          0     71.750 328.519013  1022.4751      7.950      0.213  0.000e+00
      8.026    28.4483   5.707610    35.2570     2.3929     0.0154          0     72.000 328.519016  1022.4749      7.982      0.211  0.000e+00
      8.080    28.4452   5.707038    35.2553     2.3973     0.0574          0     72.250 328.519019  1022.4748      8.036      0.209  0.000e+00
      8.134    28.4428   5.706977    35.2566     2.4064     0.0612          0     72.500 328.519022  1022.4768      8.089      0.202  0.000e+00
      8.178    28.4418   5.707038    35.2578     2.4051     0.0574          0     72.750 328.519025  1022.4783      8.132      0.193  0.000e+00
      8.199    28.4411   5.706969    35.2579     2.4038     0.0574          0     73.000 328.519028  1022.4786      8.154      0.183  0.000e+00
      8.253    28.4391   5.706588    35.2567     2.4033     0.0406          0     73.250 328.519031  1022.4786      8.208      0.179  0.000e+00
      8.307    28.4370   5.706237    35.2557     2.4096     0.0429          0     73.500 328.519034  1022.4788      8.262      0.180  0.000e+00
      8.318    28.4343   5.705665    35.2538     2.4135     0.0513          0     73.750 328.519036  1022.4783      8.272      0.170  0.000e+00
      8.351    28.4310   5.705086    35.2522     2.4110     0.0467          0     74.000 328.519039  1022.4783      8.305      0.162  0.000e+00
      8.372    28.4272   5.704583    35.2515     2.4079     0.0490          0     74.250 328.519042  1022.4792      8.326      0.147  0.000e+00
      8.405    28.4235   5.704163    35.2514     2.4114     0.0559          0     74.500 328.519045  1022.4805      8.358      0.135  0.000e+00
      8.437    28.4196   5.703904    35.2524     2.4119     0.0551          0     74.750 328.519048  1022.4826      8.390      0.129  0.000e+00
      8.502    28.4171   5.703714    35.2530     2.4170     0.0604          0     75.000 328.519051  1022.4842      8.455      0.134  0.000e+00
      8.545    28.4158   5.703584    35.2530     2.4130     0.0589          0     75.250 328.519054  1022.4848      8.498      0.136  0.000e+00
      8.577    28.4143   5.703554    35.2539     2.4161     0.0574          0     75.500 328.519057  1022.4861      8.530      0.142  0.000e+00
      8.642    28.4129   5.703333    35.2533     2.4181     0.0566          0     75.750 328.519060  1022.4864      8.595      0.161  0.000e+00
      8.642    28.4120   5.703287    35.2537     2.4266     0.0559          0     76.000 328.519063  1022.4871      8.594      0.162  0.000e+00
      8.696    28.4109   5.703135    35.2535     2.4262     0.0620          0     76.250 328.519065  1022.4875      8.648      0.166  0.000e+00
      8.772    28.4112   5.703135    35.2532     2.4296     0.0749          0     76.500 328.519068  1022.4875      8.723      0.175  0.000e+00
      8.837    28.4121   5.703295    35.2537     2.4310     0.0788          0     76.750 328.519071  1022.4878      8.788      0.185  0.000e+00
      8.912    28.4130   5.703394    35.2536     2.4349     0.0719          0     77.000 328.519074  1022.4878      8.863      0.197  0.000e+00
      8.999    28.4133   5.703394    35.2534     2.4388     0.0719          0     77.250 328.519077  1022.4879      8.949      0.223  0.000e+00
      9.042    28.4140   5.703333    35.2524     2.4384     0.0322          0     77.500 328.519080  1022.4871      8.992      0.241  0.000e+00
      9.096    28.4137   5.703257    35.2521     2.4327     0.0360          0     77.750 328.519083  1022.4872      9.046      0.251  0.000e+00
      9.107    28.4133   5.703135    35.2515     2.4409     0.0330          0     78.000 328.519086  1022.4869      9.057      0.251  0.000e+00
      9.107    28.4133   5.703043    35.2509     2.4403     0.0330          0     78.250 328.519089  1022.4865      9.057      0.220  0.000e+00
      9.140    28.4128   5.703104    35.2517     2.4460     0.0490          0     78.500 328.519091  1022.4873      9.089      0.185  0.000e+00
      9.140    28.4117   5.702693    35.2497     2.4363     0.0475          0     78.750 328.519094  1022.4862      9.090      0.145  0.000e+00
      9.162    28.4108   5.702502    35.2490     2.4311     0.0406          0     79.000 328.519097  1022.4861      9.111      0.108  0.000e+00
      9.129    28.4104   5.702273    35.2477     2.4316     0.0505          0     79.250 328.519100  1022.4851      9.079      0.067  0.000e+00
      9.183    28.4099   5.702311    35.2483     2.4327     0.0452          0     79.500 328.519103  1022.4860      9.133      0.054  0.000e+00
      9.216    28.4093   5.702243    35.2483     2.4315     0.0284          0     79.750 328.519106  1022.4863      9.165      0.051  0.000e+00
      9.259    28.4079   5.702083    35.2482     2.4360     0.0276          0     80.000 328.519109  1022.4868      9.208      0.067  0.000e+00
      9.313    28.4054   5.701641    35.2470     2.4362     0.0299          0     80.250 328.519112  1022.4870      9.262      0.090  0.000e+00
      9.346    28.4026   5.701282    35.2465     2.4368     0.0337          0     80.500 328.519115  1022.4877      9.294      0.108  0.000e+00
      9.432    28.3986   5.700871    35.2466     2.4429     0.0521          0     80.750 328.519117  1022.4895      9.380      0.144  0.000e+00
      9.475    28.3956   5.700551    35.2466     2.4555     0.0459          0     81.000 328.519120  1022.4906      9.423      0.172  0.000e+00
      9.508    28.3932   5.700299    35.2466     2.4555     0.0475          0     81.250 328.519123  1022.4916      9.455      0.194  0.000e+00
      9.529    28.3907   5.700033    35.2466     2.4512     0.0452          0     81.500 328.519126  1022.4925      9.477      0.187  0.000e+00
      9.540    28.3882   5.699659    35.2459     2.4523     0.0475          0     81.750 328.519129  1022.4929      9.487      0.175  0.000e+00
      9.583    28.3859   5.699499    35.2464     2.4509     0.0513          0     82.000 328.519132  1022.4942      9.530      0.162  0.000e+00
      9.637    28.3844   5.699469    35.2474     2.4595     0.0490          0     82.250 328.519135  1022.4957      9.584      0.152  0.000e+00
      9.681    28.3840   5.699499    35.2479     2.4544     0.0429          0     82.500 328.519138  1022.4964      9.627      0.147  0.000e+00
      9.724    28.3832   5.699400    35.2478     2.4493     0.0475          0     82.750 328.519141  1022.4967      9.670      0.140  0.000e+00
      9.767    28.3822   5.699118    35.2465     2.4566     0.0482          0     83.000 328.519144  1022.4963      9.713      0.148  0.000e+00
