ctd_kilwa/cnv/mismatch/SBE19plus_01906740_2018_11_26_0063.cnv
* Sea-Bird SBE19plus  Data File:
* FileName = C:\Users\all user\Desktop\Mapping WWF\SBE19plus_01906740_2018_11_26_0063.hex
* Software version 2.6.3.104
* Temperature SN = 6740
* Conductivity SN = 6740
* System UpLoad Time = Nov 26 2018 19:58:52
* <ApplicationData>
* <Seaterm232>
# nquan = 13
# nvalues = 226                                   
# units = specified
# name 0 = prdM: Pressure, Strain Gauge [db]
# name 1 = tv290C: Temperature [ITS-90, deg C]
# name 2 = c0S/m: Conductivity [S/m]
# name 3 = sal00: Salinity, Practical [PSU]
# name 4 = sbeox0ML/L: Oxygen, SBE 43 [ml/l]
# name 5 = flECO-AFL: Fluorescence, WET Labs ECO-AFL/FL [mg/m^3]
# name 6 = nbf: Bottles Fired
# name 7 = timeS: Time, Elapsed [seconds]
# name 8 = timeJ: Julian Days
# name 9 = density00: Density [density, kg/m^3]
# name 10 = depSM: Depth [salt water, m], lat = 0.00
# name 11 = dz/dtM: Descent Rate [m/s]
# name 12 = flag:  0.000e+00
# span 0 =     -1.057,      0.133                 
# span 1 =    28.7005,    32.0035                 
# span 2 =   0.427019,   5.856240                 
# span 3 =     2.0247,    35.7022                 
# span 4 =     2.4559,     3.5877                 
# span 5 =    -0.2722,    48.6803                 
# span 6 =          0,          0                 
# span 7 =      0.000,     56.250                 
# span 8 = 329.561377, 329.562028                 
# span 9 =   996.8597,  1022.6803                 
# span 10 =     -1.051,      0.132                
# span 11 =     -0.419,      0.198                
# span 12 = 0.0000e+00, 0.0000e+00                
# interval = seconds: 0.25
# start_time = Nov 25 2018 13:28:23 [Instrument's time stamp, header]
# bad_flag = -9.990e-29
*END*
     -1.049    32.0035   0.580587     2.7208     3.5183    48.6749          0      0.000 329.561377   997.0490     -1.043 4.2106e-16  0.000e+00
     -0.962    31.9886   0.556461     2.6013     3.5877    48.6795          0      0.250 329.561380   996.9653     -0.957      0.023  0.000e+00
     -0.854    31.9912   0.606891     2.8531     3.4798    48.6764          0      0.500 329.561383   997.1520     -0.849      0.069  0.000e+00
     -0.821    31.9781   0.594054     2.7895     3.4549    48.6742          0      0.750 329.561386   997.1092     -0.817      0.111  0.000e+00
     -0.800    31.6279   0.492987     2.3029     3.4727    -0.2676          0      1.000 329.561389   996.8597     -0.795      0.144  0.000e+00
     -0.756    30.9274   0.432120     2.0299     3.4226    -0.2676          0      1.250 329.561392   996.8776     -0.752      0.171  0.000e+00
     -0.702    30.4224   0.427019     2.0247     3.4945    -0.2722          0      1.500 329.561395   997.0305     -0.699      0.193  0.000e+00
     -0.681    30.0838   1.071256     5.4473     3.3726    -0.2692          0      1.750 329.561398   999.6818     -0.677      0.198  0.000e+00
     -0.659    29.8727   0.649075     3.1969     3.3848    48.6719          0      2.000 329.561400   998.0724     -0.656      0.185  0.000e+00
     -0.681    29.7420   1.027597     5.2449     3.3732    48.6772          0      2.250 329.561403   999.6364     -0.677      0.139  0.000e+00
     -0.659    29.6570   3.028464    17.0007     3.1399    48.6803          0      2.500 329.561406  1008.4010     -0.656      0.104  0.000e+00
     -0.605    29.5989   3.063910    17.2401     3.2670    48.6719          0      2.750 329.561409  1008.5978     -0.602      0.099  0.000e+00
     -0.573    29.5418   3.220393    18.2327     3.1393     0.6365          0      3.000 329.561412  1009.3547     -0.569      0.097  0.000e+00
     -0.572    29.4823   5.257388    31.4596     2.8834     0.6296          0      3.250 329.561415  1019.2459     -0.569      0.085  0.000e+00
     -0.562    29.4213   4.406272    25.8593     2.9310     0.6372          0      3.500 329.561418  1015.0787     -0.558      0.076  0.000e+00
     -0.529    29.3841   4.471385    26.3053     2.9054     0.6380          0      3.750 329.561421  1015.4240     -0.526      0.080  0.000e+00
     -0.497    29.3524   5.856240    35.6147     2.7340     0.6349          0      4.000 329.561424  1022.4051     -0.494      0.089  0.000e+00
     -0.421    29.3070   5.822840    35.4192     2.7118    -0.1601          0      4.250 329.561427  1022.2739     -0.419      0.113  0.000e+00
     -0.399    29.2429   5.815888    35.4188     2.7056    -0.1570          0      4.500 329.561429  1022.2953     -0.397      0.119  0.000e+00
     -0.378    29.1762   5.808040    35.4142     2.6930    -0.1616          0      4.750 329.561432  1022.3144     -0.376      0.120  0.000e+00
     -0.356    29.1192   5.789433    35.3284     2.7285    -0.1585          0      5.000 329.561435  1022.2692     -0.354      0.126  0.000e+00
     -0.356    29.0723   5.783127    35.3196     2.7391     0.7204          0      5.250 329.561438  1022.2783     -0.354      0.125  0.000e+00
     -0.367    29.0244   5.776556    35.3098     2.7422     0.7158          0      5.500 329.561441  1022.2869     -0.365      0.108  0.000e+00
     -0.378    28.9849   5.778834    35.3547     2.7448     0.7189          0      5.750 329.561444  1022.3339     -0.376      0.078  0.000e+00
     -0.345    28.9565   5.783551    35.4083     2.7499     0.7097          0      6.000 329.561447  1022.3838     -0.343      0.055  0.000e+00
     -0.291    28.9415   5.787909    35.4495     2.7528    -0.2142          0      6.250 329.561450  1022.4200     -0.290      0.045  0.000e+00
     -0.237    28.9387   5.790688    35.4708     2.7579    -0.2157          0      6.500 329.561453  1022.4371     -0.236      0.060  0.000e+00
     -0.183    28.9361   5.788431    35.4571     2.7594    -0.2203          0      6.750 329.561455  1022.4280     -0.182      0.086  0.000e+00
     -0.194    28.9306   5.779195    35.3974     2.7614    -0.2203          0      7.000 329.561458  1022.3849     -0.193      0.101  0.000e+00
     -0.205    28.9210   5.772717    35.3598     2.7645     0.1070          0      7.250 329.561461  1022.3598     -0.204      0.108  0.000e+00
     -0.216    28.9036   5.767185    35.3345     2.7710     0.1100          0      7.500 329.561464  1022.3466     -0.214      0.102  0.000e+00
     -0.226    28.8758   5.767093    35.3544     2.7728     0.1146          0      7.750 329.561467  1022.3708     -0.225      0.081  0.000e+00
     -0.183    28.8524   5.771599    35.4030     2.7807     0.1093          0      8.000 329.561470  1022.4153     -0.182      0.058  0.000e+00
     -0.140    28.8391   5.780148    35.4720     2.7876     0.1123          0      8.250 329.561473  1022.4717     -0.139      0.044  0.000e+00
     -0.129    28.8357   5.789086    35.5364     2.7914    -0.0242          0      8.500 329.561476  1022.5213     -0.128      0.037  0.000e+00
     -0.129    28.8355   5.784167    35.5025     2.7939    -0.0265          0      8.750 329.561479  1022.4959     -0.128      0.038  0.000e+00
     -0.150    28.8333   5.777403    35.4573     2.7927    -0.0220          0      9.000 329.561481  1022.4626     -0.150      0.044  0.000e+00
     -0.161    28.8315   5.774229    35.4367     2.7936    -0.0181          0      9.250 329.561484  1022.4476     -0.160      0.041  0.000e+00
     -0.150    28.8289   5.765861    35.3807     2.7896    -0.2226          0      9.500 329.561487  1022.4065     -0.149      0.036  0.000e+00
     -0.139    28.8232   5.762690    35.3630     2.7841    -0.2226          0      9.750 329.561490  1022.3951     -0.138      0.026  0.000e+00
     -0.128    28.8183   5.759481    35.3445     2.7820    -0.2173          0     10.000 329.561493  1022.3829     -0.127      0.010  0.000e+00
     -0.117    28.8098   5.756801    35.3322     2.7980    -0.2257          0     10.250 329.561496  1022.3766     -0.116      0.005  0.000e+00
     -0.106    28.8009   5.752951    35.3122     2.8057    -0.1028          0     10.500 329.561499  1022.3645     -0.105      0.013  0.000e+00
     -0.085    28.7948   5.752148    35.3111     2.9484    -0.1105          0     10.750 329.561502  1022.3658     -0.084      0.028  0.000e+00
     -0.052    28.7898   5.750748    35.3052     2.9036    -0.1044          0     11.000 329.561505  1022.3632     -0.052      0.049  0.000e+00
     -0.052    28.7881   5.752110    35.3159     2.8707    -0.1097          0     11.250 329.561508  1022.3718     -0.052      0.057  0.000e+00
     -0.063    28.7847   5.753112    35.3253     2.8454    -0.0387          0     11.500 329.561510  1022.3800     -0.063      0.053  0.000e+00
     -0.084    28.7799   5.751888    35.3204     2.8307    -0.0342          0     11.750 329.561513  1022.3778     -0.084      0.040  0.000e+00
     -0.106    28.7743   5.751681    35.3231     2.8067    -0.0342          0     12.000 329.561516  1022.3816     -0.106      0.020  0.000e+00
     -0.095    28.7703   5.748238    35.3023     2.7854    -0.0334          0     12.250 329.561519  1022.3673     -0.095      0.005  0.000e+00
     -0.106    28.7676   5.752470    35.3336     2.7676    -0.0433          0     12.500 329.561522  1022.3917     -0.105     -0.012  0.000e+00
     -0.095    28.7651   5.750082    35.3189     2.7362    -0.0624          0     12.750 329.561525  1022.3815     -0.095     -0.022  0.000e+00
     -0.095    28.7600   5.751927    35.3354     2.7538    -0.0593          0     13.000 329.561528  1022.3957     -0.095     -0.027  0.000e+00
     -0.085    28.7583   5.751758    35.3355     2.7568    -0.0586          0     13.250 329.561531  1022.3963     -0.084     -0.017  0.000e+00
     -0.063    28.7581   5.751016    35.3305     2.7619    -0.0601          0     13.500 329.561534  1022.3927     -0.063      0.001  0.000e+00
     -0.041    28.7580   5.751468    35.3337     2.7547    -0.0403          0     13.750 329.561536  1022.3953     -0.041      0.022  0.000e+00
     -0.020    28.7566   5.752019    35.3386     2.7526    -0.0296          0     14.000 329.561539  1022.3994     -0.020      0.040  0.000e+00
     -0.009    28.7565   5.753603    35.3496     2.7577    -0.0334          0     14.250 329.561542  1022.4078     -0.009      0.050  0.000e+00
     -0.020    28.7586   5.754697    35.3556     2.7518    -0.0365          0     14.500 329.561545  1022.4116     -0.020      0.053  0.000e+00
     -0.031    28.7598   5.754667    35.3545     2.7498     0.0009          0     14.750 329.561548  1022.4104     -0.030      0.045  0.000e+00
     -0.031    28.7582   5.754605    35.3553     2.7440     0.0025          0     15.000 329.561551  1022.4115     -0.031      0.036  0.000e+00
     -0.020    28.7538   5.754912    35.3607     2.7436     0.0032          0     15.250 329.561554  1022.4170     -0.020      0.025  0.000e+00
      0.002    28.7481   5.756542    35.3763     2.7513     0.0009          0     15.500 329.561557  1022.4307      0.002      0.019  0.000e+00
      0.002    28.7490   5.759260    35.3944     2.7535     0.0101          0     15.750 329.561560  1022.4441      0.002      0.014  0.000e+00
     -0.030    28.7497   5.761458    35.4091     2.7453     0.0101          0     16.000 329.561562  1022.4548     -0.030      0.003  0.000e+00
     -0.073    28.7450   5.757645    35.3862     2.7495     0.0162          0     16.250 329.561565  1022.4389     -0.073     -0.013  0.000e+00
     -0.084    28.7376   5.754246    35.3681     2.7590     0.0131          0     16.500 329.561568  1022.4277     -0.084     -0.024  0.000e+00
     -0.084    28.7305   5.753955    35.3714     2.7525     0.0147          0     16.750 329.561571  1022.4326     -0.083     -0.034  0.000e+00
     -0.062    28.7244   5.754216    35.3777     2.7554     0.0360          0     17.000 329.561574  1022.4394     -0.062     -0.038  0.000e+00
     -0.052    28.7219   5.755777    35.3904     2.7577     0.0345          0     17.250 329.561577  1022.4498     -0.051     -0.036  0.000e+00
      0.003    28.7225   5.757515    35.4020     2.7517     0.0368          0     17.500 329.561580  1022.4586      0.003     -0.016  0.000e+00
      0.003    28.7245   5.759513    35.4144     2.7507     0.0376          0     17.750 329.561583  1022.4672      0.003      0.011  0.000e+00
      0.013    28.7244   5.759774    35.4163     2.7492     0.0109          0     18.000 329.561586  1022.4687      0.013      0.041  0.000e+00
      0.003    28.7257   5.759667    35.4146     2.7501    -0.0014          0     18.250 329.561589  1022.4669      0.003      0.056  0.000e+00
     -0.008    28.7274   5.760394    35.4183     2.7446     0.0047          0     18.500 329.561591  1022.4692     -0.008      0.051  0.000e+00
     -0.041    28.7288   5.761328    35.4238     2.7472     0.0009          0     18.750 329.561594  1022.4727     -0.041      0.030  0.000e+00
     -0.073    28.7296   5.762331    35.4302     2.7402    -0.0868          0     19.000 329.561597  1022.4770     -0.073     -0.002  0.000e+00
     -0.084    28.7296   5.761313    35.4231     2.7313    -0.0899          0     19.250 329.561600  1022.4717     -0.083     -0.031  0.000e+00
     -0.106    28.7274   5.757967    35.4015     2.7256    -0.0845          0     19.500 329.561603  1022.4561     -0.105     -0.061  0.000e+00
     -0.073    28.7223   5.756673    35.3963     2.7124    -0.0799          0     19.750 329.561606  1022.4540     -0.073     -0.060  0.000e+00
     -0.009    28.7163   5.758158    35.4111     2.7108     0.0353          0     20.000 329.561609  1022.4674     -0.009     -0.037  0.000e+00
      0.034    28.7152   5.769694    35.4919     2.6990     0.0330          0     20.250 329.561612  1022.5287      0.034      0.002  0.000e+00
      0.035    28.7205   5.781539    35.5701     2.6935     0.0315          0     20.500 329.561615  1022.5857      0.034      0.036  0.000e+00
      0.013    28.7170   5.783748    35.5881     2.6874     0.0360          0     20.750 329.561617  1022.6003      0.013      0.058  0.000e+00
      0.002    28.7141   5.783180    35.5864     2.6844     0.0376          0     21.000 329.561620  1022.5999      0.002      0.065  0.000e+00
      0.002    28.7190   5.776991    35.5398     2.6872    -0.0014          0     21.250 329.561623  1022.5633      0.002      0.059  0.000e+00
     -0.041    28.7260   5.770468    35.4893     2.6847     0.0017          0     21.500 329.561626  1022.5228     -0.041      0.032  0.000e+00
     -0.030    28.7243   5.768973    35.4801     2.6778     0.0017          0     21.750 329.561629  1022.5165     -0.030     -0.002  0.000e+00
     -0.031    28.7170   5.772874    35.5127     2.6723    -0.0014          0     22.000 329.561632  1022.5434     -0.030     -0.030  0.000e+00
     -0.009    28.7138   5.783326    35.5876     2.6662    -0.0014          0     22.250 329.561635  1022.6009     -0.009     -0.033  0.000e+00
     -0.009    28.7189   5.788957    35.6229     2.6584    -0.0052          0     22.500 329.561638  1022.6257     -0.009     -0.022  0.000e+00
     -0.030    28.7213   5.782121    35.5736     2.6494     0.0040          0     22.750 329.561641  1022.5877     -0.030     -0.014  0.000e+00
     -0.030    28.7180   5.773319    35.5150     2.6421     0.0017          0     23.000 329.561644  1022.5449     -0.030     -0.009  0.000e+00
     -0.009    28.7131   5.773158    35.5176     2.6305     0.0490          0     23.250 329.561646  1022.5485     -0.009      0.001  0.000e+00
      0.013    28.7098   5.786625    35.6135     2.6265     0.0475          0     23.500 329.561649  1022.6217      0.013      0.017  0.000e+00
      0.002    28.7121   5.793125    35.6569     2.6174     0.0505          0     23.750 329.561652  1022.6536      0.002      0.016  0.000e+00
     -0.063    28.7096   5.794100    35.6655     2.6159     0.0467          0     24.000 329.561655  1022.6606     -0.062     -0.002  0.000e+00
     -0.095    28.7264   5.790745    35.6297     2.6149    -0.1120          0     24.250 329.561658  1022.6279     -0.095     -0.027  0.000e+00
     -0.095    28.7739   5.779306    35.5148     2.6055    -0.1173          0     24.500 329.561661  1022.5258     -0.095     -0.040  0.000e+00
     -0.030    28.8058   5.770949    35.4331     2.6095    -0.1143          0     24.750 329.561664  1022.4541     -0.030     -0.030  0.000e+00
      0.013    28.8099   5.777181    35.4732     2.5989    -0.1097          0     25.000 329.561667  1022.4830      0.013     -0.014  0.000e+00
      0.056    28.8137   5.787812    35.5440     2.5959    -0.1082          0     25.250 329.561670  1022.5351      0.056      0.011  0.000e+00
      0.056    28.8050   5.790905    35.5719     2.5911    -0.1089          0     25.500 329.561672  1022.5590      0.056      0.037  0.000e+00
      0.056    28.7924   5.793124    35.5967     2.5879    -0.1105          0     25.750 329.561675  1022.5819      0.056      0.066  0.000e+00
      0.002    28.8286   5.795710    35.5876     2.5818    -0.1112          0     26.000 329.561678  1022.5626      0.002      0.074  0.000e+00
      0.002    28.8848   5.797230    35.5561     2.5748    -0.1189          0     26.250 329.561681  1022.5202      0.002      0.060  0.000e+00
     -0.020    28.9257   5.797329    35.5263     2.5730     0.0635          0     26.500 329.561684  1022.4841     -0.019      0.025  0.000e+00
     -0.041    28.9577   5.792975    35.4724     2.5648     0.0658          0     26.750 329.561687  1022.4328     -0.041     -0.020  0.000e+00
     -0.063    28.9667   5.788331    35.4336     2.5656     0.0650          0     27.000 329.561690  1022.4006     -0.062     -0.053  0.000e+00
     -0.052    28.9726   5.788331    35.4292     2.5686     0.0658          0     27.250 329.561693  1022.3953     -0.052     -0.067  0.000e+00
     -0.030    28.9883   5.794579    35.4607     2.5639    -0.0265          0     27.500 329.561696  1022.4139     -0.030     -0.056  0.000e+00
