ctd_kilwa/cnv/mismatch/SBE19plus_01906740_2018_11_26_0063.cnv
* Sea-Bird SBE19plus  Data File:
* FileName = C:\Users\all user\Desktop\Mapping WWF\SBE19plus_01906740_2018_11_26_0063.hex
* Software version 2.6.3.104
* Temperature SN = 6740
* Conductivity SN = 6740
* System UpLoad Time = Nov 26 2018 19:58:52
* <ApplicationData>
* <Seaterm232>
# nquan = 13
# nvalues = 226                                   
# units = specified
# name 0 = prdM: Pressure, Strain Gauge [db]
# name 1 = tv290C: Temperature [ITS-90, deg C]
# name 2 = c0S/m: Conductivity [S/m]
# name 3 = sal00: Salinity, Practical [PSU]
# name 4 = sbeox0ML/L: Oxygen, SBE 43 [ml/l]
# name 5 = flECO-AFL: Fluorescence, WET Labs ECO-AFL/FL [mg/m^3]
# name 6 = nbf: Bottles Fired
# name 7 = timeS: Time, Elapsed [seconds]
# name 8 = timeJ: Julian Days
# name 9 = density00: Density [density, kg/m^3]
# name 10 = depSM: Depth [salt water, m], lat = 0.00
# name 11 = dz/dtM: Descent Rate [m/s]
# name 12 = flag:  0.000e+00
# span 0 =     -1.057,      0.133                 
# span 1 =    28.7005,    32.0035                 
# span 2 =   0.427019,   5.856240                 
# span 3 =     2.0247,    35.7022                 
# span 4 =     2.4559,     3.5877                 
# span 5 =    -0.2722,    48.6803                 
# span 6 =          0,          0                 
# span 7 =      0.000,     56.250                 
# span 8 = 329.561377, 329.562028                 
# span 9 =   996.8597,  1022.6803                 
# span 10 =     -1.051,      0.132                
# span 11 =     -0.419,      0.198                
# span 12 = 0.0000e+00, 0.0000e+00                
# interval = seconds: 0.25
# start_time = Nov 25 2018 13:28:23 [Instrument's time stamp, header]
# bad_flag = -9.990e-29
*END*
[from data line 112]
     -0.019    29.0089   5.792045    35.4279     2.5643    -0.0342          0     28.000 329.561701  1022.3823     -0.019     -0.012  0.000e+00
      0.013    29.0081   5.788300    35.4027     2.5632    -0.0387          0     28.250 329.561704  1022.3638      0.013      0.008  0.000e+00
      0.046    28.9939   5.789812    35.4237     2.5632    -0.0136          0     28.500 329.561707  1022.3845      0.046      0.036  0.000e+00
      0.046    28.9716   5.797458    35.4930     2.5657    -0.0082          0     28.750 329.561710  1022.4440      0.046      0.054  0.000e+00
      0.024    28.9610   5.800753    35.5236     2.5640    -0.0052          0     29.000 329.561713  1022.4705      0.024      0.055  0.000e+00
     -0.008    28.9554   5.801760    35.5348     2.5650    -0.0166          0     29.250 329.561716  1022.4806     -0.008      0.036  0.000e+00
     -0.073    28.9584   5.801798    35.5328     2.5658    -0.0105          0     29.500 329.561719  1022.4778     -0.073     -0.001  0.000e+00
     -0.084    28.9938   5.795830    35.4653     2.5553     0.0231          0     29.750 329.561722  1022.4152     -0.083     -0.032  0.000e+00
     -0.062    29.0170   5.789596    35.4051     2.5446     0.0253          0     30.000 329.561725  1022.3623     -0.062     -0.050  0.000e+00
     -0.019    29.0190   5.788982    35.3993     2.5362     0.0253          0     30.250 329.561727  1022.3575     -0.019     -0.054  0.000e+00
      0.003    29.0173   5.796022    35.4492     2.5361     0.0315          0     30.500 329.561730  1022.3956      0.003     -0.041  0.000e+00
      0.024    29.0201   5.799654    35.4721     2.5267    -0.0342          0     30.750 329.561733  1022.4120      0.024     -0.011  0.000e+00
     -0.008    29.0127   5.801083    35.4874     2.5237    -0.0357          0     31.000 329.561736  1022.4258     -0.008      0.012  0.000e+00
     -0.041    29.0016   5.802028    35.5022     2.5179    -0.0380          0     31.250 329.561739  1022.4405     -0.040      0.023  0.000e+00
     -0.095    29.0088   5.798556    35.4729     2.5199    -0.0387          0     31.500 329.561742  1022.4159     -0.094      0.013  0.000e+00
     -0.084    29.0226   5.791262    35.4124     2.5160     0.0330          0     31.750 329.561745  1022.3658     -0.084     -0.010  0.000e+00
     -0.030    29.0279   5.785729    35.3703     2.5096     0.0459          0     32.000 329.561748  1022.3327     -0.030     -0.022  0.000e+00
      0.035    29.0021   5.788031    35.4053     2.5087     0.0360          0     32.250 329.561751  1022.3679      0.035     -0.012  0.000e+00
      0.067    28.9671   5.795308    35.4815     2.5072     0.0376          0     32.500 329.561753  1022.4369      0.067      0.014  0.000e+00
      0.045    28.9418   5.798895    35.5251     2.5077     0.0521          0     32.750 329.561756  1022.4781      0.045      0.035  0.000e+00
      0.013    28.9197   5.800001    35.5493     2.5014     0.0498          0     33.000 329.561759  1022.5035      0.013      0.052  0.000e+00
     -0.019    28.9092   5.801115    35.5648     2.5027     0.0490          0     33.250 329.561762  1022.5185     -0.019      0.051  0.000e+00
     -0.063    28.9296   5.797751    35.5263     2.4938     0.0475          0     33.500 329.561765  1022.4826     -0.062      0.028  0.000e+00
     -0.074    28.9459   5.792944    35.4810     2.4992     0.0513          0     33.750 329.561768  1022.4431     -0.073     -0.015  0.000e+00
     -0.084    28.9408   5.791071    35.4718     2.4964     0.0948          0     34.000 329.561771  1022.4379     -0.084     -0.058  0.000e+00
     -0.074    28.9276   5.795079    35.5094     2.4987     0.1001          0     34.250 329.561774  1022.4705     -0.073     -0.080  0.000e+00
     -0.019    28.9346   5.799341    35.5336     2.5007     0.1001          0     34.500 329.561777  1022.4866     -0.019     -0.064  0.000e+00
      0.024    28.9473   5.801867    35.5416     2.5081     0.1024          0     34.750 329.561780  1022.4885      0.024     -0.021  0.000e+00
      0.056    28.9540   5.803104    35.5451     2.5104     0.0475          0     35.000 329.561782  1022.4891      0.056      0.026  0.000e+00
      0.067    28.9520   5.804210    35.5542     2.5143     0.0521          0     35.250 329.561785  1022.4966      0.067      0.064  0.000e+00
      0.089    28.9575   5.805263    35.5574     2.5236     0.0505          0     35.500 329.561788  1022.4973      0.088      0.094  0.000e+00
      0.100    28.9920   5.806077    35.5373     2.5181     0.0490          0     35.750 329.561791  1022.4707      0.099      0.105  0.000e+00
      0.100    29.0352   5.806660    35.5092     2.5120    -0.0113          0     36.000 329.561794  1022.4351      0.099      0.101  0.000e+00
      0.111    29.0733   5.807059    35.4836     2.5039    -0.0166          0     36.250 329.561797  1022.4032      0.110      0.085  0.000e+00
      0.057    29.1077   5.807450    35.4608     2.4925    -0.0113          0     36.500 329.561800  1022.3742      0.056      0.046  0.000e+00
      0.013    29.1421   5.807442    35.4353     2.4940    -0.0113          0     36.750 329.561803  1022.3434      0.013      0.004  0.000e+00
      0.003    29.1596   5.804706    35.4035     2.4993     0.0780          0     37.000 329.561806  1022.3135      0.003     -0.029  0.000e+00
     -0.030    29.1509   5.798791    35.3692     2.4904     0.0749          0     37.250 329.561808  1022.2906     -0.030     -0.057  0.000e+00
     -0.041    29.1416   5.794069    35.3436     2.4972     0.0757          0     37.500 329.561811  1022.2745     -0.040     -0.080  0.000e+00
      0.013    29.1255   5.793378    35.3507     2.4962     0.0788          0     37.750 329.561814  1022.2854      0.013     -0.073  0.000e+00
      0.046    29.0873   5.798631    35.4152     2.4992     0.0772          0     38.000 329.561817  1022.3468      0.046     -0.050  0.000e+00
      0.057    29.0532   5.801789    35.4622     2.4878    -0.0822          0     38.250 329.561820  1022.3936      0.056     -0.019  0.000e+00
      0.078    29.0200   5.803233    35.4969     2.4852    -0.0822          0     38.500 329.561823  1022.4309      0.078      0.023  0.000e+00
      0.078    28.9937   5.804087    35.5223     2.4818    -0.0853          0     38.750 329.561826  1022.4588      0.078      0.050  0.000e+00
      0.057    28.9775   5.804586    35.5379     2.4750    -0.0899          0     39.000 329.561829  1022.4758      0.057      0.055  0.000e+00
      0.046    28.9735   5.805232    35.5452     2.4842    -0.0281          0     39.250 329.561832  1022.4826      0.046      0.051  0.000e+00
      0.046    28.9961   5.805946    35.5334     2.4844    -0.0342          0     39.500 329.561834  1022.4661      0.046      0.033  0.000e+00
      0.068    29.0343   5.806598    35.5094     2.4848    -0.0380          0     39.750 329.561837  1022.4354      0.067      0.012  0.000e+00
      0.078    29.0783   5.807189    35.4808     2.4842    -0.0349          0     40.000 329.561840  1022.3992      0.078      0.004  0.000e+00
      0.100    29.1222   5.807580    35.4509     2.4868    -0.0067          0     40.250 329.561843  1022.3621      0.099      0.009  0.000e+00
      0.100    29.1588   5.807949    35.4263     2.4808    -0.0113          0     40.500 329.561846  1022.3314      0.099      0.014  0.000e+00
      0.111    29.1854   5.808302    35.4090     2.4854    -0.0097          0     40.750 329.561849  1022.3095      0.110      0.027  0.000e+00
      0.089    29.2060   5.808593    35.3958     2.4893    -0.0120          0     41.000 329.561852  1022.2926      0.088      0.031  0.000e+00
      0.078    29.2269   5.808854    35.3822     2.4834    -0.0235          0     41.250 329.561855  1022.2752      0.078      0.024  0.000e+00
      0.078    29.2492   5.808915    35.3661     2.4863    -0.0258          0     41.500 329.561858  1022.2557      0.078      0.013  0.000e+00
      0.078    29.2623   5.807217    35.3448     2.4867    -0.0265          0     41.750 329.561861  1022.2353      0.078     -0.001  0.000e+00
      0.100    29.2567   5.805019    35.3339     2.4907    -0.0273          0     42.000 329.561863  1022.2291      0.099     -0.004  0.000e+00
      0.100    29.2457   5.804766    35.3402     2.4994    -0.0227          0     42.250 329.561866  1022.2375      0.099     -0.005  0.000e+00
      0.067    29.2369   5.805995    35.3551     2.5005     0.0162          0     42.500 329.561869  1022.2515      0.067     -0.009  0.000e+00
      0.067    29.2320   5.807025    35.3659     2.5009     0.0185          0     42.750 329.561872  1022.2613      0.067     -0.012  0.000e+00
      0.057    29.2270   5.806333    35.3648     2.5057     0.0109          0     43.000 329.561875  1022.2621      0.056     -0.011  0.000e+00
      0.057    29.2186   5.803921    35.3544     2.5101     0.0200          0     43.250 329.561878  1022.2571      0.056     -0.014  0.000e+00
      0.078    29.1861   5.804114    35.3797     2.5072     0.0177          0     43.500 329.561881  1022.2871      0.078     -0.012  0.000e+00
      0.057    29.1432   5.805321    35.4198     2.5003     0.0116          0     43.750 329.561884  1022.3316      0.056     -0.017  0.000e+00
      0.089    29.1226   5.805813    35.4384     2.4869     0.0101          0     44.000 329.561887  1022.3526      0.089     -0.011  0.000e+00
      0.078    29.1110   5.803101    35.4284     2.4781     0.0086          0     44.250 329.561889  1022.3489      0.078     -0.001  0.000e+00
      0.122    29.0756   5.801796    35.4456     2.4744    -0.0464          0     44.500 329.561892  1022.3739      0.121      0.021  0.000e+00
      0.133    29.0343   5.804117    35.4923     2.4687    -0.0433          0     44.750 329.561895  1022.4228      0.132      0.034  0.000e+00
      0.111    29.0176   5.805131    35.5118     2.4877    -0.0471          0     45.000 329.561898  1022.4430      0.110      0.037  0.000e+00
      0.046    29.0091   5.805523    35.5207     2.4916    -0.0471          0     45.250 329.561901  1022.4523      0.046      0.016  0.000e+00
     -0.008    29.0000   5.805623    35.5282     2.4819     0.0376          0     45.500 329.561904  1022.4607     -0.008     -0.019  0.000e+00
     -0.040    28.9893   5.800330    35.4997     2.4859     0.0315          0     45.750 329.561907  1022.4428     -0.040     -0.050  0.000e+00
     -0.008    28.9560   5.789245    35.4479     2.4867     0.0315          0     46.000 329.561910  1022.4151     -0.008     -0.073  0.000e+00
      0.046    28.8931   5.778958    35.4236     2.4849     0.0353          0     46.250 329.561913  1022.4181      0.046     -0.066  0.000e+00
      0.089    28.8401   5.778806    35.4619     2.4732     0.0376          0     46.500 329.561916  1022.4648      0.089     -0.048  0.000e+00
      0.111    28.8181   5.784367    35.5169     2.4597     0.3351          0     46.750 329.561918  1022.5135      0.110     -0.010  0.000e+00
      0.100    28.8033   5.785503    35.5357     2.4574     0.3351          0     47.000 329.561921  1022.5325      0.100      0.029  0.000e+00
      0.046    28.7844   5.783555    35.5364     2.4559     0.3321          0     47.250 329.561924  1022.5391      0.046      0.048  0.000e+00
      0.003    28.7645   5.782059    35.5409     2.4579     0.3382          0     47.500 329.561927  1022.5489      0.003      0.039  0.000e+00
     -0.019    28.7465   5.781768    35.5523     2.4630     0.4671          0     47.750 329.561930  1022.5634     -0.019      0.009  0.000e+00
     -0.008    28.7321   5.781929    35.5642     2.4720     0.4640          0     48.000 329.561933  1022.5772     -0.008     -0.029  0.000e+00
      0.025    28.7210   5.783195    35.5813     2.4836     0.4709          0     48.250 329.561936  1022.5938      0.024     -0.049  0.000e+00
      0.046    28.7144   5.787001    35.6126     2.4923     0.4541          0     48.500 329.561939  1022.6197      0.046     -0.048  0.000e+00
      0.079    28.7127   5.791260    35.6435     2.4950    -0.0441          0     48.750 329.561942  1022.6436      0.078     -0.023  0.000e+00
      0.003    28.7137   5.793678    35.6595     2.4997    -0.0471          0     49.000 329.561944  1022.6550      0.003     -0.011  0.000e+00
     -0.192    28.7130   5.790684    35.6393     2.5102    -0.0456          0     49.250 329.561947  1022.6392     -0.191     -0.047  0.000e+00
     -0.419    28.7110   5.786287    35.6104     2.5248    -0.0441          0     49.500 329.561950  1022.6171     -0.417     -0.142  0.000e+00
     -0.484    28.7063   5.785497    35.6084     2.5453     0.0788          0     49.750 329.561953  1022.6169     -0.481     -0.238  0.000e+00
     -0.559    28.7020   5.787591    35.6262     2.6637     0.0772          0     50.000 329.561956  1022.6315     -0.556     -0.329  0.000e+00
     -0.635    28.7005   5.789410    35.6400     2.6341     0.0826          0     50.250 329.561959  1022.6420     -0.632     -0.400  0.000e+00
     -0.635    28.7020   5.791505    35.6534     2.6726     0.0765          0     50.500 329.561962  1022.6516     -0.632     -0.419  0.000e+00
     -0.581    28.7043   5.793455    35.6652     2.6670     0.0788          0     50.750 329.561965  1022.6599     -0.578     -0.372  0.000e+00
     -0.527    28.7078   5.795083    35.6738     2.6258     0.3420          0     51.000 329.561968  1022.6654     -0.524     -0.258  0.000e+00
     -0.538    28.7127   5.796303    35.6787     2.5788     0.3420          0     51.250 329.561970  1022.6674     -0.535     -0.132  0.000e+00
     -0.516    28.7179   5.797302    35.6817     2.5426     0.3397          0     51.500 329.561973  1022.6681     -0.513     -0.029  0.000e+00
     -0.505    28.7224   5.798115    35.6839     2.4966     0.3435          0     51.750 329.561976  1022.6683     -0.503      0.023  0.000e+00
     -0.527    28.7257   5.799098    35.6883     2.4692    48.6726          0     52.000 329.561979  1022.6704     -0.524      0.053  0.000e+00
     -0.538    28.7273   5.799682    35.6912     2.4713    48.6726          0     52.250 329.561982  1022.6719     -0.535      0.058  0.000e+00
     -0.506    28.7265   5.800005    35.6940     2.4649    48.6696          0     52.500 329.561985  1022.6745     -0.503      0.045  0.000e+00
     -0.505    28.7252   5.800412    35.6978     2.4698    48.6803          0     52.750 329.561988  1022.6778     -0.503      0.024  0.000e+00
     -0.473    28.7257   5.800857    35.7005     2.4745     0.2466          0     53.000 329.561991  1022.6798     -0.470      0.020  0.000e+00
     -0.462    28.7280   5.801349    35.7022     2.4822     0.2436          0     53.250 329.561994  1022.6803     -0.460      0.030  0.000e+00
     -0.441    28.7338   5.801794    35.7010     2.4821     0.2390          0     53.500 329.561997  1022.6776     -0.438      0.038  0.000e+00
     -0.440    28.7469   5.801832    35.6914     2.4800     0.2443          0     53.750 329.561999  1022.6660     -0.438      0.047  0.000e+00
     -0.451    28.7632   5.801832    35.6791     2.4791     1.5558          0     54.000 329.562002  1022.6513     -0.449      0.051  0.000e+00
     -0.462    28.7774   5.802577    35.6736     2.4760     1.5612          0     54.250 329.562005  1022.6424     -0.459      0.042  0.000e+00
     -0.505    28.7939   5.803337    35.6665     2.4679     1.5558          0     54.500 329.562008  1022.6313     -0.503      0.013  0.000e+00
     -0.614    28.8196   5.803275    35.6469     2.4888     1.5528          0     54.750 329.562011  1022.6075     -0.610     -0.036  0.000e+00
     -0.765    28.8498   5.802268    35.6174     2.7206     1.5574          0     55.000 329.562014  1022.5747     -0.761     -0.118  0.000e+00
     -0.981    28.8674   5.800824    35.5942     2.8531    -0.1890          0     55.250 329.562017  1022.5505     -0.976     -0.230  0.000e+00
