ctd_kilwa/cnv/mismatch/SBE19plus_01906740_2018_11_26_0061.cnv
* Sea-Bird SBE19plus  Data File:
* FileName = C:\Users\all user\Desktop\Mapping WWF\SBE19plus_01906740_2018_11_26_0061.hex
* Software version 2.6.3.104
* Temperature SN = 6740
* Conductivity SN = 6740
* System UpLoad Time = Nov 26 2018 19:58:34
* <ApplicationData>
* <Seaterm232>
# nquan = 13
# nvalues = 393                                   
# units = specified
# name 0 = prdM: Pressure, Strain Gauge [db]
# name 1 = tv290C: Temperature [ITS-90, deg C]
# name 2 = c0S/m: Conductivity [S/m]
# name 3 = sal00: Salinity, Practical [PSU]
# name 4 = sbeox0ML/L: Oxygen, SBE 43 [ml/l]
# name 5 = flECO-AFL: Fluorescence, WET Labs ECO-AFL/FL [mg/m^3]
# name 6 = nbf: Bottles Fired
# name 7 = timeS: Time, Elapsed [seconds]
# name 8 = timeJ: Julian Days
# name 9 = density00: Density [density, kg/m^3]
# name 10 = depSM: Depth [salt water, m], lat = 0.00
# name 11 = dz/dtM: Descent Rate [m/s]
# name 12 = flag:  0.000e+00
# span 0 =     -1.036,      5.349                 
# span 1 =    27.8725,    28.1985                 
# span 2 =   0.316896,   5.675305                 
# span 3 =     1.5445,    35.3166                 
# span 4 =     2.2827,     3.9807                 
# span 5 =    -0.4401,    48.6925                 
# span 6 =          0,          0                 
# span 7 =      0.000,     98.000                 
# span 8 = 329.492824, 329.493958                 
# span 9 =   997.3349,  1022.6450                 
# span 10 =     -1.030,      5.320                
# span 11 =     -0.725,      0.421                
# span 12 = 0.0000e+00, 0.0000e+00                
# interval = seconds: 0.25
# start_time = Nov 25 2018 11:49:40 [Instrument's time stamp, header]
# bad_flag = -9.990e-29
*END*
[from data line 223]
      4.324    27.8785   5.638190    35.1976     2.3721     0.0490          0     55.750 329.493469  1022.6014      4.300      0.039  0.000e+00
      4.367    27.8783   5.638129    35.1973     2.3733     0.0459          0     56.000 329.493472  1022.6015      4.343      0.093  0.000e+00
      4.410    27.8782   5.638030    35.1966     2.3611    -0.0128          0     56.250 329.493475  1022.6012      4.386      0.140  0.000e+00
      4.367    27.8779   5.638000    35.1966     2.3593    -0.0052          0     56.500 329.493478  1022.6011      4.343      0.148  0.000e+00
      4.356    27.8777   5.638068    35.1973     2.3583    -0.0113          0     56.750 329.493481  1022.6016      4.332      0.125  0.000e+00
      4.334    27.8779   5.638220    35.1982     2.3590    -0.0082          0     57.000 329.493484  1022.6022      4.310      0.089  0.000e+00
      4.313    27.8781   5.638190    35.1979     2.3571     0.0231          0     57.250 329.493487  1022.6017      4.289      0.046  0.000e+00
      4.356    27.8785   5.638410    35.1991     2.3574     0.0208          0     57.500 329.493490  1022.6027      4.332      0.013  0.000e+00
      4.399    27.8788   5.638220    35.1975     2.3522     0.0215          0     57.750 329.493492  1022.6017      4.375      0.003  0.000e+00
      4.464    27.8790   5.638030    35.1960     2.3491     0.0215          0     58.000 329.493495  1022.6007      4.439      0.019  0.000e+00
      4.551    27.8792   5.637469    35.1919     2.3518     0.0147          0     58.250 329.493498  1022.5980      4.525      0.064  0.000e+00
      4.669    27.8789   5.637181    35.1901     2.3455     0.0192          0     58.500 329.493501  1022.5972      4.644      0.143  0.000e+00
      4.724    27.8793   5.637150    35.1896     2.3503     0.0246          0     58.750 329.493504  1022.5969      4.698      0.204  0.000e+00
      4.756    27.8797   5.637219    35.1897     2.3460     0.0139          0     59.000 329.493507  1022.5969      4.730      0.247  0.000e+00
      4.767    27.8802   5.637401    35.1906     2.3507     0.0292          0     59.250 329.493510  1022.5975      4.740      0.258  0.000e+00
      4.788    27.8806   5.637499    35.1910     2.3515     0.0040          0     59.500 329.493513  1022.5978      4.762      0.239  0.000e+00
      4.777    27.8812   5.637552    35.1909     2.3519     0.0109          0     59.750 329.493516  1022.5975      4.751      0.200  0.000e+00
      4.788    27.8816   5.637719    35.1918     2.3491     0.0047          0     60.000 329.493519  1022.5981      4.762      0.151  0.000e+00
      4.767    27.8818   5.637780    35.1921     2.3467     0.0162          0     60.250 329.493521  1022.5982      4.740      0.091  0.000e+00
      4.745    27.8822   5.637810    35.1920     2.3514    -0.0052          0     60.500 329.493524  1022.5978      4.719      0.034  0.000e+00
      4.788    27.8823   5.636961    35.1859     2.3653    -0.0067          0     60.750 329.493527  1022.5934      4.762      0.015  0.000e+00
      4.831    27.8821   5.636399    35.1821     2.3623     0.0017          0     61.000 329.493530  1022.5909      4.805      0.018  0.000e+00
      4.907    27.8824   5.636331    35.1814     2.3573    -0.0036          0     61.250 329.493533  1022.5905      4.880      0.045  0.000e+00
      4.983    27.8837   5.636490    35.1815     2.3480     0.0086          0     61.500 329.493536  1022.5905      4.955      0.085  0.000e+00
      5.058    27.8850   5.636710    35.1821     2.3436     0.0047          0     61.750 329.493539  1022.5908      5.031      0.138  0.000e+00
      5.080    27.8854   5.636680    35.1815     2.3450     0.0070          0     62.000 329.493542  1022.5903      5.052      0.176  0.000e+00
      5.026    27.8856   5.636521    35.1803     2.3422     0.0086          0     62.250 329.493545  1022.5891      4.998      0.182  0.000e+00
      4.994    27.8852   5.636460    35.1801     2.3408     0.0360          0     62.500 329.493547  1022.5890      4.966      0.157  0.000e+00
      4.939    27.8847   5.636399    35.1802     2.3504     0.0284          0     62.750 329.493550  1022.5890      4.912      0.095  0.000e+00
      4.961    27.8844   5.636369    35.1802     2.3697     0.0276          0     63.000 329.493553  1022.5892      4.934      0.040  0.000e+00
      5.026    27.8843   5.636399    35.1804     2.3919     0.0330          0     63.250 329.493556  1022.5897      4.998      0.006  0.000e+00
      5.112    27.8846   5.636460    35.1806     2.4121     0.0391          0     63.500 329.493559  1022.5901      5.084      0.006  0.000e+00
      5.199    27.8855   5.636650    35.1812     2.4373     0.0063          0     63.750 329.493562  1022.5906      5.170      0.042  0.000e+00
      5.264    27.8859   5.636650    35.1809     2.4606     0.0124          0     64.000 329.493565  1022.5905      5.235      0.105  0.000e+00
      5.318    27.8867   5.636680    35.1805     2.4887     0.0047          0     64.250 329.493568  1022.5902      5.289      0.177  0.000e+00
      5.318    27.8869   5.636711    35.1806     2.5106     0.0032          0     64.500 329.493571  1022.5902      5.288      0.214  0.000e+00
      5.285    27.8878   5.636809    35.1806     2.5243     0.0566          0     64.750 329.493573  1022.5898      5.256      0.213  0.000e+00
      5.285    27.8897   5.637151    35.1816     2.5402     0.0604          0     65.000 329.493576  1022.5899      5.256      0.174  0.000e+00
      5.274    27.8924   5.637530    35.1822     2.5544     0.0589          0     65.250 329.493579  1022.5895      5.245      0.116  0.000e+00
      5.253    27.8943   5.637659    35.1817     2.5628     0.0612          0     65.500 329.493582  1022.5883      5.224      0.053  0.000e+00
      5.253    27.8953   5.637499    35.1799     2.5655     0.0284          0     65.750 329.493585  1022.5866      5.224      0.004  0.000e+00
      5.242    27.8956   5.637401    35.1789     2.5815     0.0299          0     66.000 329.493588  1022.5858      5.213     -0.028  0.000e+00
      5.253    27.8962   5.637469    35.1790     2.5876     0.0292          0     66.250 329.493591  1022.5857      5.224     -0.039  0.000e+00
      5.231    27.8971   5.637628    35.1794     2.5935     0.0269          0     66.500 329.493594  1022.5856      5.202     -0.037  0.000e+00
      5.242    27.8983   5.637780    35.1796     2.6037     0.0688          0     66.750 329.493597  1022.5854      5.213     -0.026  0.000e+00
      5.231    27.8992   5.637879    35.1796     2.6110     0.0704          0     67.000 329.493600  1022.5850      5.202     -0.024  0.000e+00
      5.220    27.8998   5.637879    35.1791     2.6164     0.0704          0     67.250 329.493602  1022.5845      5.191     -0.021  0.000e+00
      5.220    27.9001   5.637879    35.1789     2.6215     0.0704          0     67.500 329.493605  1022.5842      5.191     -0.017  0.000e+00
      5.231    27.8999   5.637750    35.1782     2.6310     0.0704          0     67.750 329.493608  1022.5837      5.202     -0.015  0.000e+00
      5.209    27.8996   5.637719    35.1782     2.6345     0.0704          0     68.000 329.493611  1022.5837      5.181     -0.016  0.000e+00
      5.198    27.8993   5.637719    35.1784     2.6428     0.0742          0     68.250 329.493614  1022.5840      5.170     -0.021  0.000e+00
      5.231    27.8991   5.637659    35.1782     2.6460     0.0673          0     68.500 329.493617  1022.5840      5.202     -0.011  0.000e+00
      5.252    27.8985   5.637560    35.1779     2.6530     0.0711          0     68.750 329.493620  1022.5841      5.224     -0.001  0.000e+00
      5.252    27.8978   5.637469    35.1778     2.6679     0.0810          0     69.000 329.493623  1022.5842      5.224      0.012  0.000e+00
      5.242    27.8973   5.637499    35.1783     2.6739     0.0826          0     69.250 329.493626  1022.5848      5.213      0.017  0.000e+00
      5.198    27.8979   5.637590    35.1786     2.6747     0.0849          0     69.500 329.493628  1022.5846      5.170      0.006  0.000e+00
      5.144    27.8982   5.637689    35.1791     2.6827     0.0849          0     69.750 329.493631  1022.5846      5.116     -0.018  0.000e+00
      5.112    27.8989   5.637750    35.1790     2.6803     0.0772          0     70.000 329.493634  1022.5842      5.084     -0.042  0.000e+00
      5.112    27.8994   5.637780    35.1788     2.6857     0.0749          0     70.250 329.493637  1022.5838      5.084     -0.065  0.000e+00
      5.155    27.8991   5.637659    35.1781     2.6901     0.0704          0     70.500 329.493640  1022.5836      5.127     -0.074  0.000e+00
      5.231    27.8981   5.637469    35.1776     2.6918     0.0749          0     70.750 329.493643  1022.5839      5.202     -0.048  0.000e+00
      5.274    27.8961   5.637249    35.1775     2.7026     0.0315          0     71.000 329.493646  1022.5847      5.245     -0.004  0.000e+00
      5.306    27.8945   5.637090    35.1775     2.7114     0.0345          0     71.250 329.493649  1022.5854      5.277      0.047  0.000e+00
      5.317    27.8943   5.637181    35.1783     2.7176     0.0292          0     71.500 329.493652  1022.5861      5.288      0.094  0.000e+00
      5.349    27.8948   5.637370    35.1793     2.7226     0.0315          0     71.750 329.493655  1022.5868      5.320      0.130  0.000e+00
      5.349    27.8957   5.637530    35.1798     2.7248     0.0292          0     72.000 329.493657  1022.5868      5.320      0.138  0.000e+00
      5.339    27.8966   5.637628    35.1797     2.7283     0.0574          0     72.250 329.493660  1022.5865      5.309      0.118  0.000e+00
      5.328    27.8971   5.637659    35.1796     2.7311     0.0528          0     72.500 329.493663  1022.5861      5.298      0.081  0.000e+00
      5.306    27.8977   5.637590    35.1787     2.7250     0.0604          0     72.750 329.493666  1022.5852      5.277      0.037  0.000e+00
      5.166    27.8977   5.637560    35.1785     2.7290     0.0543          0     73.000 329.493669  1022.5844      5.137     -0.028  0.000e+00
      4.949    27.8977   5.637529    35.1784     2.7207     0.0154          0     73.250 329.493672  1022.5834      4.922     -0.133  0.000e+00
      4.755    27.8976   5.637529    35.1785     2.7192     0.0177          0     73.500 329.493675  1022.5827      4.728     -0.257  0.000e+00
      4.679    27.8974   5.637499    35.1784     2.7300     0.0208          0     73.750 329.493678  1022.5824      4.653     -0.361  0.000e+00
      4.668    27.8972   5.637499    35.1786     2.7378     0.0185          0     74.000 329.493681  1022.5825      4.642     -0.414  0.000e+00
      4.657    27.8967   5.637400    35.1783     2.7403     0.0017          0     74.250 329.493683  1022.5824      4.632     -0.425  0.000e+00
      4.668    27.8956   5.637150    35.1774     2.7458    -0.0014          0     74.500 329.493686  1022.5821      4.642     -0.390  0.000e+00
      4.711    27.8929   5.636839    35.1772     2.7482    -0.0021          0     74.750 329.493689  1022.5831      4.685     -0.303  0.000e+00
      4.711    27.8900   5.636551    35.1773     2.7532    -0.0021          0     75.000 329.493692  1022.5841      4.685     -0.182  0.000e+00
      4.581    27.8876   5.636270    35.1772     2.7587     0.0261          0     75.250 329.493695  1022.5843      4.556     -0.102  0.000e+00
      4.322    27.8859   5.636179    35.1779     2.7689     0.0292          0     75.500 329.493698  1022.5842      4.298     -0.126  0.000e+00
      4.063    27.8850   5.636209    35.1788     2.7663     0.0330          0     75.750 329.493701  1022.5841      4.040     -0.241  0.000e+00
      3.922    27.8851   5.636240    35.1790     2.7675     0.0322          0     76.000 329.493704  1022.5836      3.900     -0.373  0.000e+00
      3.803    27.8848   5.636209    35.1791     2.7726     0.0315          0     76.250 329.493707  1022.5833      3.782     -0.490  0.000e+00
      3.706    27.8843   5.636080    35.1786     2.7706     0.0459          0     76.500 329.493709  1022.5826      3.685     -0.578  0.000e+00
      3.673    27.8832   5.635891    35.1780     2.7684     0.0475          0     76.750 329.493712  1022.5824      3.653     -0.608  0.000e+00
      3.662    27.8816   5.635701    35.1779     2.7660     0.0444          0     77.000 329.493715  1022.5828      3.642     -0.561  0.000e+00
      3.749    27.8805   5.635640    35.1783     2.7655     0.0437          0     77.250 329.493718  1022.5838      3.728     -0.420  0.000e+00
      3.803    27.8794   5.635610    35.1789     2.7628     0.0002          0     77.500 329.493721  1022.5849      3.782     -0.244  0.000e+00
      3.706    27.8789   5.635519    35.1787     2.7794    -0.0052          0     77.750 329.493724  1022.5845      3.685     -0.129  0.000e+00
      3.392    27.8782   5.635390    35.1784     2.7933    -0.0014          0     78.000 329.493727  1022.5831      3.373     -0.143  0.000e+00
      3.111    27.8771   5.635299    35.1786     2.7968    -0.0044          0     78.250 329.493730  1022.5824      3.094     -0.234  0.000e+00
      2.906    27.8767   5.635261    35.1788     2.7929     0.0032          0     78.500 329.493733  1022.5818      2.890     -0.365  0.000e+00
      2.765    27.8761   5.635230    35.1790     2.7887     0.0032          0     78.750 329.493736  1022.5816      2.750     -0.506  0.000e+00
      2.613    27.8760   5.635200    35.1789     2.7810     0.0017          0     79.000 329.493738  1022.5809      2.599     -0.636  0.000e+00
      2.516    27.8760   5.635200    35.1789     2.7828     0.0063          0     79.250 329.493741  1022.5805      2.502     -0.725  0.000e+00
      2.484    27.8761   5.635230    35.1791     2.7716    -0.0052          0     79.500 329.493744  1022.5805      2.470     -0.717  0.000e+00
      2.451    27.8762   5.635230    35.1790     2.7702    -0.0044          0     79.750 329.493747  1022.5802      2.438     -0.615  0.000e+00
      2.289    27.8768   5.635298    35.1791     2.7656    -0.0128          0     80.000 329.493750  1022.5793      2.276     -0.499  0.000e+00
      2.073    27.8779   5.635450    35.1794     2.7759    -0.0029          0     80.250 329.493753  1022.5783      2.061     -0.451  0.000e+00
      1.846    27.8793   5.635670    35.1800     2.7721    -0.0090          0     80.500 329.493756  1022.5774      1.835     -0.469  0.000e+00
      1.759    27.8817   5.635988    35.1805     2.7775     0.0162          0     80.750 329.493759  1022.5765      1.749     -0.494  0.000e+00
      1.672    27.8840   5.636238    35.1805     2.7766     0.0154          0     81.000 329.493762  1022.5755      1.663     -0.513  0.000e+00
      1.608    27.8869   5.636458    35.1799     2.7698     0.0215          0     81.250 329.493764  1022.5738      1.599     -0.526  0.000e+00
      1.510    27.8909   5.636997    35.1807     2.7667     0.0238          0     81.500 329.493767  1022.5726      1.502     -0.531  0.000e+00
      1.435    27.8949   5.637338    35.1802     2.7658     0.0261          0     81.750 329.493770  1022.5706      1.427     -0.500  0.000e+00
      1.326    27.8978   5.637528    35.1793     2.7614     0.0200          0     82.000 329.493773  1022.5686      1.319     -0.439  0.000e+00
      1.175    27.9006   5.637687    35.1784     2.7627     0.0147          0     82.250 329.493776  1022.5663      1.169     -0.397  0.000e+00
      0.948    27.9023   5.637747    35.1776     2.7702     0.0253          0     82.500 329.493779  1022.5642      0.943     -0.414  0.000e+00
      0.721    27.9039   5.637808    35.1769     2.7736     0.0170          0     82.750 329.493782  1022.5622      0.717     -0.492  0.000e+00
      0.645    27.9056   5.638096    35.1777     2.7770     0.0192          0     83.000 329.493785  1022.5619      0.642     -0.544  0.000e+00
