ctd_kilwa/cnv/mismatch/SBE19plus_01906740_2018_11_26_0061.cnv
* Sea-Bird SBE19plus  Data File:
* FileName = C:\Users\all user\Desktop\Mapping WWF\SBE19plus_01906740_2018_11_26_0061.hex
* Software version 2.6.3.104
* Temperature SN = 6740
* Conductivity SN = 6740
* System UpLoad Time = Nov 26 2018 19:58:34
* <ApplicationData>
* <Seaterm232>
# nquan = 13
# nvalues = 393                                   
# units = specified
# name 0 = prdM: Pressure, Strain Gauge [db]
# name 1 = tv290C: Temperature [ITS-90, deg C]
# name 2 = c0S/m: Conductivity [S/m]
# name 3 = sal00: Salinity, Practical [PSU]
# name 4 = sbeox0ML/L: Oxygen, SBE 43 [ml/l]
# name 5 = flECO-AFL: Fluorescence, WET Labs ECO-AFL/FL [mg/m^3]
# name 6 = nbf: Bottles Fired
# name 7 = timeS: Time, Elapsed [seconds]
# name 8 = timeJ: Julian Days
# name 9 = density00: Density [density, kg/m^3]
# name 10 = depSM: Depth [salt water, m], lat = 0.00
# name 11 = dz/dtM: Descent Rate [m/s]
# name 12 = flag:  0.000e+00
# span 0 =     -1.036,      5.349                 
# span 1 =    27.8725,    28.1985                 
# span 2 =   0.316896,   5.675305                 
# span 3 =     1.5445,    35.3166                 
# span 4 =     2.2827,     3.9807                 
# span 5 =    -0.4401,    48.6925                 
# span 6 =          0,          0                 
# span 7 =      0.000,     98.000                 
# span 8 = 329.492824, 329.493958                 
# span 9 =   997.3349,  1022.6450                 
# span 10 =     -1.030,      5.320                
# span 11 =     -0.725,      0.421                
# span 12 = 0.0000e+00, 0.0000e+00                
# interval = seconds: 0.25
# start_time = Nov 25 2018 11:49:40 [Instrument's time stamp, header]
# bad_flag = -9.990e-29
*END*
     -1.004    28.0718   5.667904    35.2632     2.6016    -0.0311          0      0.000 329.492824  1022.5648     -0.998 -4.211e-16  0.000e+00
     -0.993    28.0652   5.669653    35.2804     2.5946    -0.0242          0      0.250 329.492827  1022.5799     -0.987      0.003  0.000e+00
     -1.004    28.0650   5.671524    35.2937     2.5907    -0.0220          0      0.500 329.492830  1022.5899     -0.998      0.002  0.000e+00
     -1.014    28.0678   5.674255    35.3107     2.5775    -0.0265          0      0.750 329.492833  1022.6018     -1.009     -0.001  0.000e+00
     -0.993    28.0697   5.675305    35.3166     2.5679    -0.0227          0      1.000 329.492836  1022.6057     -0.987      0.002  0.000e+00
     -1.003    28.0715   5.671813    35.2908     2.5664    -0.0204          0      1.250 329.492839  1022.5856     -0.998      0.001  0.000e+00
     -1.014    28.0728   5.670322    35.2794     2.5486    -0.0296          0      1.500 329.492841  1022.5766     -1.009     -0.003  0.000e+00
     -0.993    28.0782   5.669372    35.2687     2.5440    -0.0212          0      1.750 329.492844  1022.5668     -0.987      0.000  0.000e+00
     -1.003    28.0773   5.669782    35.2722     2.5448    -0.0227          0      2.000 329.492847  1022.5697     -0.998     -0.001  0.000e+00
     -1.014    28.0742   5.670763    35.2814     2.5475    -0.0303          0      2.250 329.492850  1022.5776     -1.009     -0.004  0.000e+00
     -1.003    28.0732   5.671243    35.2855     2.5485    -0.0227          0      2.500 329.492853  1022.5811     -0.998     -0.001  0.000e+00
     -1.003    28.0750   5.671121    35.2833     2.5545    -0.0319          0      2.750 329.492856  1022.5789     -0.998      0.000  0.000e+00
     -1.014    28.0783   5.674825    35.3068     2.5698    -0.0227          0      3.000 329.492859  1022.5954     -1.009     -0.006  0.000e+00
     -1.014    28.0845   5.043655    30.9217     2.6660    -0.0311          0      3.250 329.492862  1019.2996     -1.009     -0.004  0.000e+00
     -0.993    28.1147   3.464266    20.3550     2.8154    -0.0227          0      3.500 329.492865  1011.3838     -0.987      0.001  0.000e+00
     -1.003    28.1590   2.397158    13.5721     2.9131    -0.0288          0      3.750 329.492867  1006.3122     -0.998     -0.001  0.000e+00
     -0.993    28.1791   0.972438     5.1038     3.0523    -0.0311          0      4.000 329.492870   999.9971     -0.987      0.006  0.000e+00
     -0.982    28.1911   0.942846     4.9358     3.0441    -0.0311          0      4.250 329.492873   999.8684     -0.976      0.012  0.000e+00
     -1.014    28.1937   0.979044     5.1395     3.0354    -0.0288          0      4.500 329.492876  1000.0194     -1.009      0.005  0.000e+00
     -1.003    28.1952   0.923656     4.8275     3.0321    -0.0242          0      4.750 329.492879   999.7864     -0.998      0.004  0.000e+00
     -1.025    28.1977   0.705202     3.6148     3.0395    -0.0326          0      5.000 329.492882   998.8807     -1.020     -0.002  0.000e+00
     -1.004    28.1985   0.714779     3.6673     3.0393    -0.0258          0      5.250 329.492885   998.9197     -0.998     -0.005  0.000e+00
     -1.036    28.1979   0.951357     4.9830     3.0290    -0.0189          0      5.500 329.492888   999.9014     -1.030     -0.017  0.000e+00
     -1.025    28.1970   0.898263     4.6850     3.0340    -0.0273          0      5.750 329.492891   999.6794     -1.020     -0.018  0.000e+00
     -1.015    28.1957   0.819617     4.2465     3.0366    -0.0273          0      6.000 329.492894   999.3527     -1.009     -0.017  0.000e+00
     -1.004    28.1945   0.791748     4.0920     3.0620    -0.0227          0      6.250 329.492896   999.2379     -0.998     -0.010  0.000e+00
     -1.015    28.1930   0.710682     3.6452     3.0802    -0.0197          0      6.500 329.492899   998.9048     -1.009     -0.000  0.000e+00
     -1.015    28.1915   0.583141     2.9511     3.0925    -0.0212          0      6.750 329.492902   998.3869     -1.009      0.001  0.000e+00
     -1.004    28.1905   0.491435     2.4595     3.0955    -0.0242          0      7.000 329.492905   998.0199     -0.998      0.008  0.000e+00
     -0.993    28.1903   0.517885     2.6006     3.0847    -0.0181          0      7.250 329.492908   998.1255     -0.988      0.011  0.000e+00
     -1.004    28.1906   0.437619     2.1742     3.0835    -0.0265          0      7.500 329.492911   997.8066     -0.998      0.016  0.000e+00
     -1.015    28.1910   0.471764     2.3549     3.0808    -0.0288          0      7.750 329.492914   997.9415     -1.009      0.007  0.000e+00
     -1.004    28.1917   0.527533     2.6521     3.1067    -0.0242          0      8.000 329.492917   998.1635     -0.998      0.004  0.000e+00
     -0.982    28.1923   0.453422     2.2576     3.1267    -0.0342          0      8.250 329.492920   997.8686     -0.977      0.008  0.000e+00
     -1.015    28.1922   0.316896     1.5445     3.2760     1.0477          0      8.500 329.492922   997.3349     -1.009      0.005  0.000e+00
     -0.896    28.1922   0.412292     2.0408     3.9807     1.0523          0      8.750 329.492925   997.7068     -0.891      0.031  0.000e+00
     -0.733    28.1870   3.053136    17.6833     3.7131     1.0485          0      9.000 329.492928  1009.3692     -0.729      0.092  0.000e+00
     -0.615    28.1606   1.554147     8.4688     3.9360     1.0462          0      9.250 329.492931  1002.5121     -0.611      0.170  0.000e+00
     -0.485    28.1403   2.365412    13.3809     3.7094    48.6856          0      9.500 329.492934  1006.1778     -0.482      0.260  0.000e+00
     -0.452    28.1287   0.889003     4.6397     3.7390    48.6764          0      9.750 329.492937   999.6681     -0.450      0.321  0.000e+00
     -0.409    28.1227   1.267115     6.7959     3.4818    48.6818          0     10.000 329.492940  1001.2776     -0.407      0.354  0.000e+00
     -0.355    28.1193   1.589985     8.6882     3.2504    48.6749          0     10.250 329.492943  1002.6888     -0.353      0.364  0.000e+00
     -0.312    28.1177   3.564984    21.0082     2.8461    -0.4134          0     10.500 329.492946  1011.8735     -0.310      0.350  0.000e+00
     -0.225    28.1162   3.989342    23.7942     2.6350    -0.4126          0     10.750 329.492948  1013.9557     -0.224      0.303  0.000e+00
     -0.204    28.1142   5.015371    30.7081     2.5504    -0.4195          0     11.000 329.492951  1019.1333     -0.203      0.249  0.000e+00
     -0.182    28.1116   4.187189    25.1102     2.6532    -0.4103          0     11.250 329.492954  1014.9414     -0.181      0.208  0.000e+00
     -0.139    28.1088   5.663190    35.2022     2.5646    -0.3630          0     11.500 329.492957  1022.5105     -0.138      0.182  0.000e+00
     -0.117    28.1053   5.661358    35.1920     2.6182    -0.3668          0     11.750 329.492960  1022.5040     -0.117      0.174  0.000e+00
     -0.085    28.1011   5.660659    35.1902     2.6309    -0.3622          0     12.000 329.492963  1022.5042     -0.084      0.160  0.000e+00
     -0.020    28.0997   5.659679    35.1844     2.6486    -0.3607          0     12.250 329.492966  1022.5006     -0.020      0.154  0.000e+00
      0.121    28.1003   5.659390    35.1819     2.6639    -0.3660          0     12.500 329.492969  1022.4991      0.120      0.177  0.000e+00
      0.240    28.0960   5.656860    35.1673     2.6838    -0.0273          0     12.750 329.492972  1022.4901      0.238      0.214  0.000e+00
      0.402    28.0793   5.652629    35.1501     2.7056    -0.0258          0     13.000 329.492975  1022.4833      0.400      0.287  0.000e+00
      0.467    28.0541   5.651301    35.1595     2.7479    -0.0227          0     13.250 329.492977  1022.4989      0.464      0.342  0.000e+00
      0.477    28.0311   5.649980    35.1674     2.8051    -0.0273          0     13.500 329.492980  1022.5124      0.475      0.363  0.000e+00
      0.456    28.0125   5.649570    35.1785     2.7891     0.0238          0     13.750 329.492983  1022.5267      0.453      0.349  0.000e+00
      0.402    27.9986   5.649532    35.1886     2.7782     0.0231          0     14.000 329.492986  1022.5386      0.400      0.288  0.000e+00
      0.369    27.9907   5.648712    35.1888     2.7716     0.0154          0     14.250 329.492989  1022.5412      0.367      0.194  0.000e+00
      0.337    27.9872   5.648052    35.1868     2.7657     0.0200          0     14.500 329.492992  1022.5407      0.335      0.083  0.000e+00
      0.326    27.9866   5.648151    35.1879     2.7624     0.1329          0     14.750 329.492995  1022.5417      0.324     -0.008  0.000e+00
      0.294    27.9866   5.648181    35.1881     2.7501     0.1360          0     15.000 329.492998  1022.5417      0.292     -0.081  0.000e+00
      0.250    27.9880   5.648371    35.1884     2.7512     0.1283          0     15.250 329.493001  1022.5414      0.249     -0.116  0.000e+00
      0.207    27.9895   5.648902    35.1910     2.7621     0.1306          0     15.500 329.493003  1022.5426      0.206     -0.131  0.000e+00
      0.207    27.9911   5.649532    35.1943     2.7811     0.0223          0     15.750 329.493006  1022.5446      0.206     -0.124  0.000e+00
      0.207    27.9916   5.648971    35.1899     2.7882     0.0170          0     16.000 329.493009  1022.5411      0.206     -0.107  0.000e+00
      0.207    27.9923   5.648682    35.1874     2.7938     0.0261          0     16.250 329.493012  1022.5390      0.206     -0.091  0.000e+00
      0.207    27.9935   5.648674    35.1865     2.8018     0.0162          0     16.500 329.493015  1022.5379      0.206     -0.073  0.000e+00
      0.164    27.9976   5.648970    35.1854     2.7999     0.0162          0     16.750 329.493018  1022.5356      0.163     -0.066  0.000e+00
      0.142    28.0052   5.649722    35.1851     2.8064     0.1016          0     17.000 329.493021  1022.5327      0.141     -0.058  0.000e+00
      0.153    28.0145   5.650891    35.1863     2.8030     0.1001          0     17.250 329.493024  1022.5307      0.152     -0.045  0.000e+00
      0.131    28.0229   5.651651    35.1854     2.7982     0.1070          0     17.500 329.493027  1022.5272      0.131     -0.043  0.000e+00
      0.164    28.0287   5.651969    35.1833     3.5960     0.1085          0     17.750 329.493030  1022.5238      0.163     -0.038  0.000e+00
      0.207    28.0330   5.652159    35.1813     3.6674    -0.0342          0     18.000 329.493032  1022.5211      0.206     -0.019  0.000e+00
      0.250    28.0365   5.652349    35.1801     3.5365    -0.0296          0     18.250 329.493035  1022.5192      0.249      0.011  0.000e+00
      0.283    28.0411   5.652721    35.1793     3.4091    -0.0326          0     18.500 329.493038  1022.5172      0.281      0.047  0.000e+00
      0.304    28.0468   5.653260    35.1788     3.2760    -0.0326          0     18.750 329.493041  1022.5151      0.303      0.084  0.000e+00
      0.326    28.0514   5.653800    35.1791     3.1209    -0.1211          0     19.000 329.493044  1022.5139      0.324      0.105  0.000e+00
      0.348    28.0549   5.653989    35.1778     2.9510    -0.1143          0     19.250 329.493047  1022.5119      0.346      0.115  0.000e+00
      0.380    28.0569   5.653989    35.1763     2.7717    -0.1219          0     19.500 329.493050  1022.5102      0.378      0.123  0.000e+00
      0.369    28.0586   5.654081    35.1757     2.5743    -0.1204          0     19.750 329.493053  1022.5092      0.367      0.105  0.000e+00
      0.380    28.0601   5.654111    35.1748     2.6005     0.1863          0     20.000 329.493056  1022.5080      0.378      0.086  0.000e+00
      0.347    28.0617   5.654149    35.1739     2.6494     0.1840          0     20.250 329.493058  1022.5067      0.345      0.058  0.000e+00
      0.336    28.0629   5.654149    35.1729     2.6715     0.1894          0     20.500 329.493061  1022.5055      0.335      0.032  0.000e+00
      0.358    28.0639   5.654301    35.1733     2.6742     0.1871          0     20.750 329.493064  1022.5056      0.356      0.016  0.000e+00
      0.380    28.0650   5.654369    35.1729     2.6840     0.1818          0     21.000 329.493067  1022.5051      0.377      0.009  0.000e+00
      0.434    28.0655   5.654460    35.1732     2.6763     0.0582          0     21.250 329.493070  1022.5053      0.431      0.018  0.000e+00
      0.531    28.0653   5.654681    35.1749     2.6782     0.0604          0     21.500 329.493073  1022.5071      0.528      0.054  0.000e+00
      0.563    28.0635   5.654719    35.1764     2.6651     0.0551          0     21.750 329.493076  1022.5089      0.560      0.096  0.000e+00
      0.617    28.0612   5.654559    35.1770     2.6603     0.0635          0     22.000 329.493079  1022.5104      0.614      0.137  0.000e+00
      0.650    28.0594   5.654491    35.1779     2.6520     0.0322          0     22.250 329.493082  1022.5117      0.646      0.174  0.000e+00
      0.671    28.0576   5.654719    35.1808     2.6443     0.0383          0     22.500 329.493084  1022.5147      0.668      0.188  0.000e+00
      0.671    28.0557   5.654650    35.1818     2.6400     0.0322          0     22.750 329.493087  1022.5160      0.668      0.176  0.000e+00
      0.704    28.0538   5.654491    35.1820     2.6298     0.0299          0     23.000 329.493090  1022.5170      0.700      0.159  0.000e+00
      0.747    28.0523   5.654240    35.1814     2.6252     0.0185          0     23.250 329.493093  1022.5172      0.743      0.136  0.000e+00
      0.790    28.0510   5.654370    35.1833     2.6196     0.0231          0     23.500 329.493096  1022.5192      0.786      0.119  0.000e+00
      0.790    28.0484   5.654400    35.1854     2.6047     0.0261          0     23.750 329.493099  1022.5217      0.786      0.110  0.000e+00
      0.834    28.0453   5.654241    35.1866     2.5985     0.0208          0     24.000 329.493102  1022.5238      0.829      0.107  0.000e+00
      0.855    28.0421   5.654461    35.1906     2.5977    -0.0227          0     24.250 329.493105  1022.5279      0.851      0.109  0.000e+00
      0.834    28.0396   5.654529    35.1929     2.5942    -0.0159          0     24.500 329.493108  1022.5303      0.829      0.100  0.000e+00
      0.823    28.0382   5.654051    35.1906     2.5840    -0.0143          0     24.750 329.493111  1022.5290      0.818      0.084  0.000e+00
      0.866    28.0362   5.653891    35.1909     2.5758    -0.0113          0     25.000 329.493113  1022.5301      0.861      0.069  0.000e+00
      0.909    28.0308   5.653702    35.1936     2.5697    -0.0227          0     25.250 329.493116  1022.5341      0.904      0.063  0.000e+00
      0.974    28.0209   5.653231    35.1977     2.5649     0.0154          0     25.500 329.493119  1022.5407      0.969      0.075  0.000e+00
      1.050    28.0056   5.653292    35.2096     2.5604     0.0139          0     25.750 329.493122  1022.5549      1.044      0.107  0.000e+00
      1.072    27.9936   5.653892    35.2228     2.5555     0.0261          0     26.000 329.493125  1022.5689      1.066      0.127  0.000e+00
      1.071    27.9843   5.653452    35.2266     2.5509     0.0200          0     26.250 329.493128  1022.5748      1.066      0.143  0.000e+00
      1.093    27.9748   5.652761    35.2289     2.5456     0.0185          0     26.500 329.493131  1022.5797      1.087      0.156  0.000e+00
      1.147    27.9661   5.652693    35.2349     2.5443     0.0284          0     26.750 329.493134  1022.5873      1.141      0.160  0.000e+00
      1.179    27.9602   5.652062    35.2349     2.5359     0.0223          0     27.000 329.493137  1022.5894      1.173      0.148  0.000e+00
      1.190    27.9532   5.651523    35.2363     2.5294     0.0208          0     27.250 329.493139  1022.5928      1.184      0.130  0.000e+00
      1.223    27.9478   5.650202    35.2311     2.5259    -0.0242          0     27.500 329.493142  1022.5907      1.216      0.114  0.000e+00
