ctd_kilwa/cnv/mismatch/SBE19plus_01906740_2018_11_26_0050.cnv
* Sea-Bird SBE19plus  Data File:
* FileName = C:\Users\all user\Desktop\Mapping WWF\SBE19plus_01906740_2018_11_26_0050.hex
* Software version 2.6.3.104
* Temperature SN = 6740
* Conductivity SN = 6740
* System UpLoad Time = Nov 26 2018 19:55:49
* <ApplicationData>
* <Seaterm232>
# nquan = 13
# nvalues = 165                                   
# units = specified
# name 0 = prdM: Pressure, Strain Gauge [db]
# name 1 = tv290C: Temperature [ITS-90, deg C]
# name 2 = c0S/m: Conductivity [S/m]
# name 3 = sal00: Salinity, Practical [PSU]
# name 4 = sbeox0ML/L: Oxygen, SBE 43 [ml/l]
# name 5 = flECO-AFL: Fluorescence, WET Labs ECO-AFL/FL [mg/m^3]
# name 6 = nbf: Bottles Fired
# name 7 = timeS: Time, Elapsed [seconds]
# name 8 = timeJ: Julian Days
# name 9 = density00: Density [density, kg/m^3]
# name 10 = depSM: Depth [salt water, m], lat = 0.00
# name 11 = dz/dtM: Descent Rate [m/s]
# name 12 = flag:  0.000e+00
# span 0 =     -1.061,      0.626                 
# span 1 =    28.7536,    29.5568                 
# span 2 =   0.078692,   5.850286                 
# span 3 =     0.3511,    35.8356                 
# span 4 =     2.1984,     3.9128                 
# span 5 =    -0.4385,    48.6879                 
# span 6 =          0,          0                 
# span 7 =      0.000,     41.000                 
# span 8 = 328.541204, 328.541678                 
# span 9 =   996.0414,  1022.7535                 
# span 10 =     -1.055,      0.622                
# span 11 =     -0.392,      0.215                
# span 12 = 0.0000e+00, 0.0000e+00                
# interval = seconds: 0.25
# start_time = Nov 24 2018 12:59:20 [Instrument's time stamp, header]
# bad_flag = -9.990e-29
*END*
[from data line 112]
      0.453    28.7637   5.797462    35.6482     2.2738     0.0147          0     28.000 328.541528  1022.6317      0.450     -0.062  0.000e+00
      0.388    28.7654   5.803108    35.6861     2.2661     0.0261          0     28.250 328.541531  1022.6594      0.386     -0.077  0.000e+00
      0.301    28.7664   5.805436    35.7015     2.2542     0.0704          0     28.500 328.541534  1022.6703      0.300     -0.115  0.000e+00
      0.247    28.7668   5.805589    35.7023     2.2427     0.0673          0     28.750 328.541536  1022.6705      0.246     -0.147  0.000e+00
      0.236    28.7671   5.800757    35.6686     2.2354     0.0688          0     29.000 328.541539  1022.6450      0.235     -0.171  0.000e+00
      0.258    28.7682   5.796994    35.6416     2.2350     0.0749          0     29.250 328.541542  1022.6245      0.257     -0.169  0.000e+00
      0.247    28.7692   5.798376    35.6505     2.2426     0.0665          0     29.500 328.541545  1022.6308      0.246     -0.158  0.000e+00
      0.128    28.7707   5.796157    35.6340     2.2464     0.1009          0     29.750 328.541548  1022.6174      0.128     -0.161  0.000e+00
     -0.001    28.7719   5.800365    35.6623     2.2439     0.1138          0     30.000 328.541551  1022.6376     -0.001     -0.179  0.000e+00
     -0.088    28.7729   5.808932    35.7210     2.2368     0.1161          0     30.250 328.541554  1022.6810     -0.087     -0.202  0.000e+00
     -0.120    28.7747   5.812006    35.7410     2.2401     0.1138          0     30.500 328.541557  1022.6953     -0.120     -0.220  0.000e+00
     -0.229    28.7763   5.810907    35.7322     2.2346     0.1001          0     30.750 328.541560  1022.6877     -0.227     -0.261  0.000e+00
     -0.401    28.7785   5.809354    35.7198     2.5246     0.0994          0     31.000 328.541563  1022.6770     -0.399     -0.331  0.000e+00
     -0.510    28.7809   5.804843    35.6867     2.6400     0.0940          0     31.250 328.541565  1022.6509     -0.507     -0.390  0.000e+00
     -0.509    28.7861   5.808332    35.7071     2.5817     0.0994          0     31.500 328.541568  1022.6644     -0.507     -0.392  0.000e+00
     -0.499    28.7912   5.811706    35.7266     2.5056     0.4312          0     31.750 328.541571  1022.6775     -0.496     -0.344  0.000e+00
     -0.499    28.7938   5.814328    35.7428     2.4759     0.4251          0     32.000 328.541574  1022.6887     -0.496     -0.285  0.000e+00
     -0.488    28.7954   5.814720    35.7443     2.4419     0.4061          0     32.250 328.541577  1022.6894     -0.485     -0.226  0.000e+00
     -0.542    28.7960   5.813413    35.7348     2.3764     0.4312          0     32.500 328.541580  1022.6818     -0.539     -0.177  0.000e+00
     -0.585    28.7961   5.810822    35.7168     2.2981    -0.3607          0     32.750 328.541583  1022.6681     -0.582     -0.120  0.000e+00
     -0.574    28.7963   5.816042    35.7529     2.2154    -0.3622          0     33.000 328.541586  1022.6951     -0.571     -0.065  0.000e+00
     -0.564    28.7965   5.819572    35.7772     2.2086    -0.3599          0     33.250 328.541589  1022.7134     -0.560     -0.042  0.000e+00
     -0.542    28.7972   5.822688    35.7983     2.2207    -0.3630          0     33.500 328.541591  1022.7291     -0.539     -0.038  0.000e+00
     -0.542    28.7979   5.824457    35.8100     2.2354    -0.3706          0     33.750 328.541594  1022.7377     -0.539     -0.032  0.000e+00
     -0.553    28.7995   5.824427    35.8086     2.2103    48.6757          0     34.000 328.541597  1022.7361     -0.550     -0.024  0.000e+00
     -0.574    28.8013   5.823988    35.8042     2.1984    48.6719          0     34.250 328.541600  1022.7321     -0.571     -0.017  0.000e+00
     -0.585    28.8033   5.826166    35.8178     2.2083    48.6879          0     34.500 328.541603  1022.7416     -0.582     -0.005  0.000e+00
     -0.564    28.8050   5.828721    35.8343     2.2094    48.6803          0     34.750 328.541606  1022.7535     -0.560      0.001  0.000e+00
     -0.564    28.8077   5.829198    35.8356     2.2113     0.3290          0     35.000 328.541609  1022.7535     -0.560     -0.005  0.000e+00
     -0.596    28.8103   5.828167    35.8265     2.2154     0.3244          0     35.250 328.541612  1022.7457     -0.593     -0.018  0.000e+00
     -0.661    28.8130   5.828559    35.8272     2.2185     0.3229          0     35.500 328.541615  1022.7451     -0.657     -0.043  0.000e+00
     -0.747    28.8152   5.829775    35.8340     2.6297     0.3221          0     35.750 328.541617  1022.7491     -0.743     -0.078  0.000e+00
     -0.910    28.8219   5.830206    35.8319     2.6067     0.6273          0     36.000 328.541620  1022.7446     -0.905     -0.142  0.000e+00
     -1.007    28.8456   5.830991    35.8196     2.6158     0.6365          0     36.250 328.541623  1022.7270     -1.001     -0.211  0.000e+00
     -1.061    28.8770   5.828989    35.7821     2.5125     0.6227          0     36.500 328.541626  1022.6881     -1.055     -0.272  0.000e+00
     -1.039    28.8985   5.820639    35.7082     2.4272     0.6288          0     36.750 328.541629  1022.6255     -1.034     -0.298  0.000e+00
     -1.050    28.9113   5.609438    34.2421     2.3692     0.3656          0     37.000 328.541632  1021.5202     -1.044     -0.289  0.000e+00
     -1.061    28.9147   3.255198    18.6903     2.4977     0.3595          0     37.250 328.541635  1009.8920     -1.055     -0.251  0.000e+00
     -1.039    28.9133   0.864960     4.4329     2.6104     0.3679          0     37.500 328.541638   999.2803     -1.034     -0.185  0.000e+00
     -1.039    28.9139   0.591897     2.9542     2.5202     0.3671          0     37.750 328.541641   998.1776     -1.034     -0.110  0.000e+00
     -1.039    28.9222   1.685579     9.1035     2.4710     0.3603          0     38.000 328.541644  1002.7544     -1.034     -0.040  0.000e+00
     -1.050    28.9510   0.699891     3.5306     2.5720    48.6818          0     38.250 328.541646   998.5965     -1.044     -0.007  0.000e+00
     -1.039    29.0494   0.650922     3.2606     2.5952    48.6833          0     38.500 328.541649   998.3660     -1.034      0.006  0.000e+00
     -1.061    29.1125   0.572962     2.8420     2.6021    48.6749          0     38.750 328.541652   998.0348     -1.055     -0.002  0.000e+00
     -1.039    29.1475   0.796512     4.0385     2.5867    48.6787          0     39.000 328.541655   998.9165     -1.034      0.002  0.000e+00
     -1.039    29.1621   0.696892     3.4993     2.5902    -0.0242          0     39.250 328.541658   998.5103     -1.034      0.003  0.000e+00
     -1.050    29.1611   0.914054     4.6797     2.5765    -0.0212          0     39.500 328.541661   999.3900     -1.045     -0.004  0.000e+00
     -1.061    29.1579   0.545055     2.6922     2.6345    -0.0227          0     39.750 328.541664   997.9096     -1.055     -0.007  0.000e+00
     -1.050    29.1554   0.520475     2.5633     2.6334    -0.0319          0     40.000 328.541667   997.8142     -1.044     -0.005  0.000e+00
     -1.018    29.1557   1.741927     9.3891     2.5613     0.7761          0     40.250 328.541670  1002.8958     -1.012      0.006  0.000e+00
     -1.029    29.1591   0.958897     4.9270     2.6641     0.7814          0     40.500 328.541672   999.5749     -1.023      0.009  0.000e+00
     -1.039    29.2138   1.792668     9.6750     2.6072     0.7868          0     40.750 328.541675  1003.0905     -1.034      0.011  0.000e+00
     -1.039    29.2607   0.816652     4.1385     2.6957     0.7906          0     41.000 328.541678   998.9570     -1.034      0.006  0.000e+00
