ctd_kilwa/cnv/mismatch/SBE19plus_01906740_2018_11_26_0050.cnv
* Sea-Bird SBE19plus  Data File:
* FileName = C:\Users\all user\Desktop\Mapping WWF\SBE19plus_01906740_2018_11_26_0050.hex
* Software version 2.6.3.104
* Temperature SN = 6740
* Conductivity SN = 6740
* System UpLoad Time = Nov 26 2018 19:55:49
* <ApplicationData>
* <Seaterm232>
# nquan = 13
# nvalues = 165                                   
# units = specified
# name 0 = prdM: Pressure, Strain Gauge [db]
# name 1 = tv290C: Temperature [ITS-90, deg C]
# name 2 = c0S/m: Conductivity [S/m]
# name 3 = sal00: Salinity, Practical [PSU]
# name 4 = sbeox0ML/L: Oxygen, SBE 43 [ml/l]
# name 5 = flECO-AFL: Fluorescence, WET Labs ECO-AFL/FL [mg/m^3]
# name 6 = nbf: Bottles Fired
# name 7 = timeS: Time, Elapsed [seconds]
# name 8 = timeJ: Julian Days
# name 9 = density00: Density [density, kg/m^3]
# name 10 = depSM: Depth [salt water, m], lat = 0.00
# name 11 = dz/dtM: Descent Rate [m/s]
# name 12 = flag:  0.000e+00
# span 0 =     -1.061,      0.626                 
# span 1 =    28.7536,    29.5568                 
# span 2 =   0.078692,   5.850286                 
# span 3 =     0.3511,    35.8356                 
# span 4 =     2.1984,     3.9128                 
# span 5 =    -0.4385,    48.6879                 
# span 6 =          0,          0                 
# span 7 =      0.000,     41.000                 
# span 8 = 328.541204, 328.541678                 
# span 9 =   996.0414,  1022.7535                 
# span 10 =     -1.055,      0.622                
# span 11 =     -0.392,      0.215                
# span 12 = 0.0000e+00, 0.0000e+00                
# interval = seconds: 0.25
# start_time = Nov 24 2018 12:59:20 [Instrument's time stamp, header]
# bad_flag = -9.990e-29
*END*
     -1.050    29.5551   0.078692     0.3511     3.1024    -0.0212          0      0.000 328.541204   996.0414     -1.045      0.000  0.000e+00
     -1.061    29.5551   0.083789     0.3745     3.1012    -0.0258          0      0.250 328.541207   996.0589     -1.055     -0.003  0.000e+00
     -1.040    29.5551   0.087223     0.3903     3.1111    -0.0181          0      0.500 328.541209   996.0708     -1.034      0.001  0.000e+00
     -1.061    29.5545   0.097964     0.4400     3.2346    -0.0227          0      0.750 328.541212   996.1082     -1.055     -0.002  0.000e+00
     -1.040    29.5543   0.120028     0.5431     3.3926    -0.4263          0      1.000 328.541215   996.1855     -1.034      0.001  0.000e+00
     -1.040    29.5539   0.138396     0.6298     3.3068    -0.4240          0      1.250 328.541218   996.2506     -1.034      0.004  0.000e+00
     -0.975    29.5545   0.145556     0.6637     3.2848    -0.4355          0      1.500 328.541221   996.2762     -0.969      0.024  0.000e+00
     -0.921    29.5568   0.866496     4.3834     3.3881    -0.4370          0      1.750 328.541224   999.0506     -0.916      0.053  0.000e+00
     -0.856    29.4303   3.038738    17.1438     3.3367     0.2153          0      2.000 328.541227  1008.5785     -0.851      0.090  0.000e+00
     -0.813    29.2468   2.542786    14.1536     3.3719     0.2146          0      2.250 328.541230  1006.4119     -0.808      0.126  0.000e+00
     -0.759    29.1412   1.388197     7.3442     3.4981     0.2207          0      2.500 328.541233  1001.3804     -0.754      0.157  0.000e+00
     -0.726    29.0841   0.815036     4.1446     3.7436     0.2184          0      2.750 328.541236   999.0159     -0.722      0.184  0.000e+00
     -0.651    29.0588   0.385085     1.8650     3.9128    -0.4385          0      3.000 328.541238   997.3233     -0.647      0.202  0.000e+00
     -0.597    29.0665   0.568346     2.8202     3.7077    -0.4263          0      3.250 328.541241   998.0344     -0.593      0.215  0.000e+00
     -0.553    29.0858   0.928651     4.7674     3.6130    -0.4294          0      3.500 328.541244   999.4801     -0.550      0.210  0.000e+00
     -0.521    29.0953   2.211730    12.1907     3.2850    -0.4294          0      3.750 328.541247  1005.0001     -0.518      0.203  0.000e+00
     -0.488    29.0964   2.992488    16.9735     3.0742    -0.4385          0      4.000 328.541250  1008.5587     -0.486      0.192  0.000e+00
     -0.434    29.0888   3.109926    17.7101     3.0119     0.3107          0      4.250 328.541253  1009.1098     -0.432      0.189  0.000e+00
     -0.380    29.0692   3.895933    22.7208     2.8397     0.3122          0      4.500 328.541256  1012.8509     -0.378      0.186  0.000e+00
     -0.359    29.0330   5.847549    35.7932     2.5583     0.3221          0      4.750 328.541259  1022.6472     -0.357      0.178  0.000e+00
     -0.337    29.0029   5.850286    35.8347     2.5443     0.3099          0      5.000 328.541262  1022.6885     -0.335      0.160  0.000e+00
     -0.348    28.9838   5.833075    35.7301     2.5779    -0.1616          0      5.250 328.541264  1022.6163     -0.346      0.138  0.000e+00
     -0.348    28.9666   5.817008    35.6319     2.5913    -0.1570          0      5.500 328.541267  1022.5483     -0.346      0.115  0.000e+00
     -0.305    28.9476   5.809336    35.5930     2.6250    -0.1631          0      5.750 328.541270  1022.5257     -0.303      0.100  0.000e+00
     -0.272    28.9298   5.792668    35.4911     2.6247    -0.1669          0      6.000 328.541273  1022.4552     -0.271      0.089  0.000e+00
     -0.261    28.9052   5.789376    35.4867     2.6356     0.0231          0      6.250 328.541276  1022.4601     -0.260      0.074  0.000e+00
     -0.251    28.8785   5.785371    35.4788     2.6521     0.0269          0      6.500 328.541279  1022.4632     -0.249      0.066  0.000e+00
     -0.186    28.8545   5.783024    35.4805     2.6576     0.0238          0      6.750 328.541282  1022.4728     -0.185      0.080  0.000e+00
     -0.164    28.8357   5.777441    35.4558     2.6795     0.0231          0      7.000 328.541285  1022.4606     -0.163      0.094  0.000e+00
     -0.175    28.8202   5.773739    35.4417     2.6755    -0.1005          0      7.250 328.541288  1022.4551     -0.174      0.100  0.000e+00
     -0.175    28.8075   5.775525    35.4636     2.6755    -0.0983          0      7.500 328.541291  1022.4758     -0.174      0.092  0.000e+00
     -0.229    28.7974   5.771148    35.4408     2.6732    -0.1013          0      7.750 328.541293  1022.4618     -0.228      0.057  0.000e+00
     -0.272    28.7891   5.769493    35.4356     2.6858    -0.1021          0      8.000 328.541296  1022.4604     -0.271      0.017  0.000e+00
     -0.283    28.7829   5.770819    35.4493     2.6847    -0.1028          0      8.250 328.541299  1022.4728     -0.281     -0.016  0.000e+00
     -0.315    28.7805   5.772405    35.4621     2.6920     0.0444          0      8.500 328.541302  1022.4831     -0.314     -0.055  0.000e+00
     -0.294    28.7824   5.771018    35.4511     2.6975     0.0521          0      8.750 328.541305  1022.4742     -0.292     -0.080  0.000e+00
     -0.294    28.7877   5.770758    35.4454     2.6822     0.0391          0      9.000 328.541308  1022.4682     -0.292     -0.081  0.000e+00
     -0.272    28.7966   5.769914    35.4328     2.6800     0.0543          0      9.250 328.541311  1022.4559     -0.270     -0.061  0.000e+00
     -0.218    28.8094   5.771631    35.4352     2.6671    -0.1066          0      9.500 328.541314  1022.4536     -0.217     -0.024  0.000e+00
     -0.164    28.8227   5.770205    35.4154     2.6708    -0.1021          0      9.750 328.541317  1022.4345     -0.163      0.031  0.000e+00
     -0.142    28.8337   5.770818    35.4115     2.6734    -0.1013          0     10.000 328.541319  1022.4280     -0.141      0.073  0.000e+00
     -0.142    28.8391   5.770282    35.4038     2.6657    -0.1005          0     10.250 328.541322  1022.4204     -0.141      0.094  0.000e+00
     -0.164    28.8399   5.769753    35.3995     2.6729     0.0101          0     10.500 328.541325  1022.4169     -0.163      0.098  0.000e+00
     -0.153    28.8357   5.766604    35.3808     2.6639     0.0253          0     10.750 328.541328  1022.4043     -0.152      0.086  0.000e+00
     -0.153    28.8266   5.766382    35.3860     2.8743     0.0231          0     11.000 328.541331  1022.4112     -0.152      0.070  0.000e+00
     -0.099    28.8163   5.764865    35.3832     2.8053     0.0276          0     11.250 328.541334  1022.4128     -0.098      0.059  0.000e+00
     -0.099    28.8063   5.763785    35.3832     2.7524    -0.1143          0     11.500 328.541337  1022.4161     -0.098      0.043  0.000e+00
     -0.066    28.7984   5.764406    35.3933     2.6975    -0.1059          0     11.750 328.541340  1022.4265     -0.066      0.041  0.000e+00
     -0.045    28.7926   5.764827    35.4006     2.6380    -0.1097          0     12.000 328.541343  1022.4340     -0.045      0.053  0.000e+00
     -0.034    28.7930   5.764774    35.3998     2.6040    -0.1211          0     12.250 328.541345  1022.4333     -0.034      0.068  0.000e+00
     -0.023    28.7983   5.764276    35.3925     2.5443    -0.1189          0     12.500 328.541348  1022.4260     -0.023      0.078  0.000e+00
     -0.034    28.8046   5.765440    35.3959     2.4878    -0.0250          0     12.750 328.541351  1022.4265     -0.034      0.070  0.000e+00
      0.031    28.8114   5.766635    35.3991     2.4491    -0.0242          0     13.000 328.541354  1022.4269      0.031      0.074  0.000e+00
      0.052    28.8177   5.770106    35.4184     2.4722    -0.0357          0     13.250 328.541357  1022.4394      0.052      0.072  0.000e+00
      0.107    28.8209   5.773639    35.4404     2.4955    -0.0258          0     13.500 328.541360  1022.4551      0.106      0.089  0.000e+00
      0.128    28.8222   5.773999    35.4419     2.5017     0.0063          0     13.750 328.541363  1022.4559      0.127      0.097  0.000e+00
      0.150    28.8224   5.774406    35.4446     2.5155     0.0063          0     14.000 328.541366  1022.4579      0.149      0.107  0.000e+00
      0.161    28.8220   5.777963    35.4695     2.5125     0.0078          0     14.250 328.541369  1022.4768      0.160      0.113  0.000e+00
      0.150    28.8207   5.779811    35.4833     2.5210     0.0131          0     14.500 328.541372  1022.4875      0.149      0.106  0.000e+00
      0.150    28.8172   5.781084    35.4948     2.5165     0.0093          0     14.750 328.541374  1022.4974      0.149      0.090  0.000e+00
      0.128    28.8080   5.780494    35.4975     2.5240     0.0086          0     15.000 328.541377  1022.5024      0.128      0.053  0.000e+00
      0.150    28.7974   5.780203    35.5034     2.5180     0.0139          0     15.250 328.541380  1022.5104      0.149      0.033  0.000e+00
      0.150    28.7903   5.779589    35.5045     2.5096    -0.0052          0     15.500 328.541383  1022.5136      0.149      0.012  0.000e+00
      0.161    28.7859   5.778930    35.5032     2.5124     0.0734          0     15.750 328.541386  1022.5142      0.160      0.006  0.000e+00
      0.193    28.7830   5.779229    35.5074     2.4992     0.0726          0     16.000 328.541389  1022.5184      0.192      0.012  0.000e+00
      0.215    28.7805   5.778485    35.5041     2.4918     0.0734          0     16.250 328.541392  1022.5169      0.214      0.026  0.000e+00
      0.258    28.7760   5.776216    35.4917     2.4777     0.0696          0     16.500 328.541395  1022.5092      0.257      0.051  0.000e+00
      0.301    28.7712   5.776952    35.5003     2.4755     0.0696          0     16.750 328.541398  1022.5175      0.300      0.078  0.000e+00
      0.323    28.7687   5.779199    35.5178     2.4706     0.0749          0     17.000 328.541400  1022.5316      0.321      0.100  0.000e+00
      0.323    28.7672   5.779390    35.5203     2.4610     0.0650          0     17.250 328.541403  1022.5339      0.321      0.104  0.000e+00
      0.344    28.7647   5.778026    35.5127     2.4632     0.0749          0     17.500 328.541406  1022.5291      0.343      0.107  0.000e+00
      0.366    28.7620   5.775687    35.4985     2.4643     0.0635          0     17.750 328.541409  1022.5195      0.364      0.104  0.000e+00
      0.377    28.7596   5.775005    35.4955     2.4512     0.0040          0     18.000 328.541412  1022.5181      0.375      0.092  0.000e+00
      0.399    28.7576   5.774652    35.4945     2.4416     0.0139          0     18.250 328.541415  1022.5181      0.396      0.083  0.000e+00
      0.431    28.7562   5.775235    35.4996     2.4376     0.0086          0     18.500 328.541418  1022.5225      0.429      0.076  0.000e+00
      0.463    28.7555   5.775718    35.5035     2.4284     0.0109          0     18.750 328.541421  1022.5258      0.461      0.077  0.000e+00
      0.496    28.7552   5.775465    35.5019     2.4241     0.0147          0     19.000 328.541424  1022.5249      0.493      0.088  0.000e+00
      0.528    28.7547   5.774123    35.4930     2.4183     0.0086          0     19.250 328.541427  1022.5185      0.525      0.102  0.000e+00
      0.571    28.7542   5.784108    35.5626     2.4065     0.0093          0     19.500 328.541429  1022.5711      0.568      0.113  0.000e+00
      0.550    28.7554   5.789671    35.6003     2.4025     0.0109          0     19.750 328.541432  1022.5989      0.547      0.110  0.000e+00
      0.571    28.7569   5.787184    35.5819     2.4084     0.0841          0     20.000 328.541435  1022.5847      0.568      0.105  0.000e+00
      0.539    28.7579   5.784952    35.5657     2.4046     0.0833          0     20.250 328.541438  1022.5721      0.536      0.082  0.000e+00
      0.539    28.7584   5.781991    35.5448     2.4051     0.0841          0     20.500 328.541441  1022.5562      0.536      0.055  0.000e+00
      0.528    28.7574   5.777803    35.5165     2.3963     0.0871          0     20.750 328.541444  1022.5352      0.525      0.027  0.000e+00
      0.561    28.7561   5.775687    35.5028     2.4395     0.0856          0     21.000 328.541447  1022.5255      0.558      0.012  0.000e+00
      0.604    28.7555   5.778448    35.5224     2.4322     0.0238          0     21.250 328.541450  1022.5406      0.601      0.013  0.000e+00
      0.604    28.7557   5.777934    35.5186     2.4331     0.0322          0     21.500 328.541453  1022.5377      0.601      0.017  0.000e+00
      0.604    28.7562   5.777842    35.5176     2.4432     0.0215          0     21.750 328.541455  1022.5368      0.601      0.031  0.000e+00
      0.604    28.7557   5.776922    35.5116     2.4286     0.0147          0     22.000 328.541458  1022.5324      0.601      0.035  0.000e+00
      0.626    28.7553   5.776860    35.5115     2.4187     0.0421          0     22.250 328.541461  1022.5326      0.622      0.049  0.000e+00
      0.604    28.7550   5.776561    35.5097     2.4110     0.0284          0     22.500 328.541464  1022.5312      0.601      0.043  0.000e+00
      0.604    28.7547   5.776569    35.5099     2.3930     0.0398          0     22.750 328.541467  1022.5315      0.601      0.032  0.000e+00
      0.593    28.7545   5.776500    35.5096     2.3724     0.0292          0     23.000 328.541470  1022.5313      0.590      0.010  0.000e+00
      0.582    28.7543   5.776270    35.5082     2.3588     0.0932          0     23.250 328.541473  1022.5302      0.579     -0.008  0.000e+00
      0.593    28.7540   5.775718    35.5046     2.3574     0.0971          0     23.500 328.541476  1022.5276      0.590     -0.010  0.000e+00
      0.572    28.7536   5.775005    35.4999     2.3555     0.1077          0     23.750 328.541479  1022.5242      0.568     -0.017  0.000e+00
      0.572    28.7541   5.774522    35.4962     2.3477     0.1001          0     24.000 328.541481  1022.5212      0.568     -0.022  0.000e+00
      0.593    28.7550   5.774192    35.4932     2.3502    -0.0097          0     24.250 328.541484  1022.5188      0.590     -0.019  0.000e+00
      0.582    28.7561   5.774001    35.4911     2.3347    -0.0166          0     24.500 328.541487  1022.5168      0.579     -0.011  0.000e+00
      0.582    28.7572   5.773518    35.4869     2.3357    -0.0052          0     24.750 328.541490  1022.5133      0.579     -0.008  0.000e+00
      0.604    28.7578   5.772866    35.4820     2.3441    -0.0067          0     25.000 328.541493  1022.5095      0.601      0.003  0.000e+00
      0.604    28.7579   5.772222    35.4774     2.3356    -0.0036          0     25.250 328.541496  1022.5060      0.601      0.010  0.000e+00
      0.604    28.7581   5.773418    35.4856     2.3278     0.0170          0     25.500 328.541499  1022.5121      0.601      0.013  0.000e+00
      0.615    28.7586   5.773288    35.4843     2.3398     0.0261          0     25.750 328.541502  1022.5110      0.611      0.021  0.000e+00
      0.604    28.7596   5.774783    35.4939     2.3309     0.0215          0     26.000 328.541505  1022.5178      0.601      0.017  0.000e+00
      0.561    28.7602   5.776745    35.5071     2.3188     0.0215          0     26.250 328.541508  1022.5274      0.558     -0.000  0.000e+00
      0.572    28.7608   5.776569    35.5054     2.3231    -0.0120          0     26.500 328.541510  1022.5259      0.568     -0.007  0.000e+00
      0.539    28.7610   5.777412    35.5111     2.3135    -0.0143          0     26.750 328.541513  1022.5300      0.536     -0.024  0.000e+00
      0.539    28.7612   5.777244    35.5098     2.3153    -0.0120          0     27.000 328.541516  1022.5290      0.536     -0.038  0.000e+00
      0.517    28.7615   5.777083    35.5085     2.3123    -0.0227          0     27.250 328.541519  1022.5278      0.515     -0.048  0.000e+00
      0.517    28.7614   5.780595    35.5329     2.3143     0.0292          0     27.500 328.541522  1022.5462      0.515     -0.053  0.000e+00
