ctd_kilwa/cnv/mismatch/SBE19plus_01906740_2018_11_26_0061.cnv
* Sea-Bird SBE19plus  Data File:
* FileName = C:\Users\all user\Desktop\Mapping WWF\SBE19plus_01906740_2018_11_26_0061.hex
* Software version 2.6.3.104
* Temperature SN = 6740
* Conductivity SN = 6740
* System UpLoad Time = Nov 26 2018 19:58:34
* <ApplicationData>
* <Seaterm232>
# nquan = 13
# nvalues = 393                                   
# units = specified
# name 0 = prdM: Pressure, Strain Gauge [db]
# name 1 = tv290C: Temperature [ITS-90, deg C]
# name 2 = c0S/m: Conductivity [S/m]
# name 3 = sal00: Salinity, Practical [PSU]
# name 4 = sbeox0ML/L: Oxygen, SBE 43 [ml/l]
# name 5 = flECO-AFL: Fluorescence, WET Labs ECO-AFL/FL [mg/m^3]
# name 6 = nbf: Bottles Fired
# name 7 = timeS: Time, Elapsed [seconds]
# name 8 = timeJ: Julian Days
# name 9 = density00: Density [density, kg/m^3]
# name 10 = depSM: Depth [salt water, m], lat = 0.00
# name 11 = dz/dtM: Descent Rate [m/s]
# name 12 = flag:  0.000e+00
# span 0 =     -1.036,      5.349                 
# span 1 =    27.8725,    28.1985                 
# span 2 =   0.316896,   5.675305                 
# span 3 =     1.5445,    35.3166                 
# span 4 =     2.2827,     3.9807                 
# span 5 =    -0.4401,    48.6925                 
# span 6 =          0,          0                 
# span 7 =      0.000,     98.000                 
# span 8 = 329.492824, 329.493958                 
# span 9 =   997.3349,  1022.6450                 
# span 10 =     -1.030,      5.320                
# span 11 =     -0.725,      0.421                
# span 12 = 0.0000e+00, 0.0000e+00                
# interval = seconds: 0.25
# start_time = Nov 25 2018 11:49:40 [Instrument's time stamp, header]
# bad_flag = -9.990e-29
*END*
[from data line 112]
      1.341    27.9310   5.649443    35.2382     2.5152    -0.0212          0     28.000 329.493148  1022.6021      1.334      0.133  0.000e+00
      1.374    27.9225   5.649762    35.2468     2.5032    -0.0143          0     28.250 329.493151  1022.6115      1.366      0.150  0.000e+00
      1.385    27.9161   5.651023    35.2606     2.5020     0.0101          0     28.500 329.493154  1022.6240      1.377      0.151  0.000e+00
      1.385    27.9120   5.650423    35.2594     2.4937     0.0078          0     28.750 329.493157  1022.6244      1.377      0.137  0.000e+00
      1.363    27.9088   5.649535    35.2555     2.4880    -0.0006          0     29.000 329.493160  1022.6225      1.356      0.116  0.000e+00
      1.341    27.9068   5.648973    35.2531     2.4817     0.0032          0     29.250 329.493163  1022.6212      1.334      0.086  0.000e+00
      1.309    27.9048   5.648008    35.2479     2.4805     0.0032          0     29.500 329.493166  1022.6178      1.302      0.040  0.000e+00
      1.331    27.9017   5.646065    35.2365     2.4743     0.0902          0     29.750 329.493168  1022.6103      1.323      0.002  0.000e+00
      1.385    27.8986   5.644145    35.2253     2.4721     0.0818          0     30.000 329.493171  1022.6032      1.377     -0.010  0.000e+00
      1.482    27.8957   5.642695    35.2172     2.4742     0.0795          0     30.250 329.493174  1022.5985      1.474      0.018  0.000e+00
      1.579    27.8937   5.642187    35.2151     2.4594     0.0864          0     30.500 329.493177  1022.5979      1.571      0.073  0.000e+00
      1.677    27.8930   5.643636    35.2258     2.4624    -0.0014          0     30.750 329.493180  1022.6066      1.667      0.145  0.000e+00
      1.666    27.8940   5.646544    35.2455     2.4605    -0.0097          0     31.000 329.493183  1022.6210      1.657      0.194  0.000e+00
      1.612    27.8947   5.648434    35.2583     2.4615    -0.0014          0     31.250 329.493186  1022.6302      1.603      0.203  0.000e+00
      1.547    27.8935   5.648943    35.2628     2.4604    -0.0082          0     31.500 329.493189  1022.6337      1.538      0.170  0.000e+00
      1.493    27.8935   5.647075    35.2496     2.4604     0.0498          0     31.750 329.493192  1022.6236      1.485      0.099  0.000e+00
      1.536    27.8984   5.644805    35.2300     2.4639     0.0482          0     32.000 329.493194  1022.6074      1.528      0.034  0.000e+00
      1.633    27.9005   5.642665    35.2134     2.4572     0.0452          0     32.250 329.493197  1022.5946      1.624     -0.001  0.000e+00
      1.785    27.9000   5.641496    35.2055     2.4555     0.0414          0     32.500 329.493200  1022.5895      1.775      0.021  0.000e+00
      1.893    27.8979   5.641215    35.2050     2.4476    -0.0128          0     32.750 329.493203  1022.5903      1.882      0.084  0.000e+00
      1.979    27.8950   5.642695    35.2176     2.4482    -0.0052          0     33.000 329.493206  1022.6011      1.968      0.181  0.000e+00
      2.001    27.8939   5.644274    35.2295     2.4474    -0.0067          0     33.250 329.493209  1022.6105      1.990      0.260  0.000e+00
      1.947    27.8934   5.646415    35.2450     2.4426    -0.0052          0     33.500 329.493212  1022.6221      1.936      0.285  0.000e+00
      1.839    27.8918   5.647204    35.2517     2.4432    -0.0029          0     33.750 329.493215  1022.6272      1.828      0.236  0.000e+00
      1.838    27.8896   5.646635    35.2494     2.4343     0.0452          0     34.000 329.493218  1022.6262      1.828      0.151  0.000e+00
      1.849    27.8922   5.644836    35.2348     2.4316     0.0437          0     34.250 329.493220  1022.6144      1.839      0.059  0.000e+00
      1.914    27.8950   5.643796    35.2254     2.4274     0.0467          0     34.500 329.493223  1022.6066      1.904     -0.004  0.000e+00
      1.990    27.8962   5.644426    35.2289     2.4264     0.0482          0     34.750 329.493226  1022.6092      1.979     -0.015  0.000e+00
      2.087    27.8977   5.643545    35.2215     2.4217     0.0109          0     35.000 329.493229  1022.6036      2.076      0.023  0.000e+00
      2.152    27.8976   5.643136    35.2187     2.4164     0.0246          0     35.250 329.493232  1022.6018      2.140      0.094  0.000e+00
      2.206    27.8957   5.643735    35.2243     2.4098     0.0223          0     35.500 329.493235  1022.6069      2.194      0.174  0.000e+00
      2.228    27.8941   5.645026    35.2346     2.4083     0.0223          0     35.750 329.493238  1022.6152      2.215      0.229  0.000e+00
      2.217    27.8934   5.645815    35.2406     2.4125     0.0376          0     36.000 329.493241  1022.6199      2.205      0.226  0.000e+00
      2.249    27.8931   5.644274    35.2301     2.4165     0.0475          0     36.250 329.493244  1022.6122      2.237      0.207  0.000e+00
      2.292    27.8915   5.644274    35.2312     2.4123     0.0490          0     36.500 329.493247  1022.6138      2.280      0.175  0.000e+00
      2.292    27.8902   5.645026    35.2375     2.4096     0.0391          0     36.750 329.493249  1022.6190      2.280      0.135  0.000e+00
      2.282    27.8890   5.645345    35.2406     2.4137     0.0360          0     37.000 329.493252  1022.6217      2.269      0.093  0.000e+00
      2.314    27.8884   5.645785    35.2442     2.4079     0.0322          0     37.250 329.493255  1022.6246      2.301      0.072  0.000e+00
      2.325    27.8878   5.644995    35.2390     2.4071     0.0299          0     37.500 329.493258  1022.6210      2.312      0.060  0.000e+00
      2.401    27.8874   5.643637    35.2298     2.4048     0.0376          0     37.750 329.493261  1022.6146      2.387      0.076  0.000e+00
      2.465    27.8863   5.643106    35.2268     2.4008     0.0292          0     38.000 329.493264  1022.6130      2.452      0.102  0.000e+00
      2.530    27.8844   5.643007    35.2276     2.3961     0.0200          0     38.250 329.493267  1022.6144      2.516      0.127  0.000e+00
      2.595    27.8829   5.643796    35.2342     2.3997     0.0215          0     38.500 329.493270  1022.6201      2.581      0.159  0.000e+00
      2.606    27.8828   5.644396    35.2385     2.3916     0.0200          0     38.750 329.493273  1022.6235      2.592      0.185  0.000e+00
      2.595    27.8832   5.645125    35.2433     2.3849     0.0177          0     39.000 329.493275  1022.6269      2.581      0.187  0.000e+00
      2.573    27.8838   5.646195    35.2504     2.3903     0.0063          0     39.250 329.493278  1022.6320      2.559      0.159  0.000e+00
      2.541    27.8838   5.646666    35.2538     2.3843     0.0047          0     39.500 329.493281  1022.6343      2.527      0.114  0.000e+00
      2.562    27.8834   5.646696    35.2543     2.3812     0.0017          0     39.750 329.493284  1022.6349      2.548      0.064  0.000e+00
      2.606    27.8836   5.644996    35.2421     2.3837     0.0032          0     40.000 329.493287  1022.6259      2.591      0.034  0.000e+00
      2.660    27.8833   5.643227    35.2299     2.3851     0.0521          0     40.250 329.493290  1022.6171      2.645      0.027  0.000e+00
      2.789    27.8822   5.641907    35.2214     2.3808     0.0597          0     40.500 329.493293  1022.6115      2.774      0.063  0.000e+00
      2.865    27.8801   5.641717    35.2216     2.3779     0.0490          0     40.750 329.493296  1022.6127      2.849      0.124  0.000e+00
      2.887    27.8795   5.642248    35.2258     2.3756     0.0521          0     41.000 329.493299  1022.6161      2.871      0.176  0.000e+00
      2.908    27.8794   5.643675    35.2359     2.3682     0.0246          0     41.250 329.493302  1022.6239      2.892      0.211  0.000e+00
      2.941    27.8786   5.644685    35.2436     2.3646     0.0162          0     41.500 329.493304  1022.6301      2.925      0.227  0.000e+00
      2.908    27.8774   5.645277    35.2486     2.3640     0.0154          0     41.750 329.493307  1022.6342      2.892      0.199  0.000e+00
      2.876    27.8764   5.645876    35.2537     2.3632     0.0238          0     42.000 329.493310  1022.6381      2.860      0.145  0.000e+00
      2.865    27.8757   5.646324    35.2573     2.3601     0.0177          0     42.250 329.493313  1022.6411      2.849      0.081  0.000e+00
      2.908    27.8750   5.646666    35.2602     2.3610    -0.0082          0     42.500 329.493316  1022.6437      2.892      0.030  0.000e+00
      2.973    27.8744   5.646765    35.2613     2.3521    -0.0036          0     42.750 329.493319  1022.6450      2.957      0.023  0.000e+00
      3.060    27.8752   5.646476    35.2587     2.3536    -0.0029          0     43.000 329.493322  1022.6431      3.043      0.052  0.000e+00
      3.125    27.8773   5.645755    35.2520     2.3527    -0.0067          0     43.250 329.493325  1022.6377      3.107      0.092  0.000e+00
      3.168    27.8789   5.645755    35.2509     2.3486     0.0147          0     43.500 329.493328  1022.6365      3.150      0.135  0.000e+00
      3.168    27.8796   5.645755    35.2503     2.3452     0.0170          0     43.750 329.493330  1022.6358      3.150      0.172  0.000e+00
      3.135    27.8806   5.645816    35.2500     2.3422     0.0162          0     44.000 329.493333  1022.6351      3.118      0.174  0.000e+00
      3.092    27.8815   5.646514    35.2543     2.3356     0.0215          0     44.250 329.493336  1022.6378      3.075      0.139  0.000e+00
      3.081    27.8831   5.647046    35.2568     2.3320     0.0017          0     44.500 329.493339  1022.6391      3.064      0.083  0.000e+00
      3.092    27.8850   5.647015    35.2552     2.3341    -0.0006          0     44.750 329.493342  1022.6374      3.075      0.029  0.000e+00
      3.200    27.8865   5.645216    35.2413     2.3206     0.0116          0     45.000 329.493345  1022.6269      3.182      0.014  0.000e+00
      3.297    27.8857   5.643675    35.2310     2.3215     0.0070          0     45.250 329.493348  1022.6199      3.279      0.039  0.000e+00
      3.416    27.8840   5.642598    35.2247     2.3134     0.0070          0     45.500 329.493351  1022.6162      3.397      0.101  0.000e+00
      3.513    27.8819   5.641816    35.2208     2.3137     0.0078          0     45.750 329.493354  1022.6143      3.494      0.184  0.000e+00
      3.578    27.8803   5.641437    35.2193     2.3089     0.0063          0     46.000 329.493356  1022.6140      3.559      0.261  0.000e+00
      3.557    27.8793   5.641308    35.2192     2.2992     0.0047          0     46.250 329.493359  1022.6141      3.537      0.294  0.000e+00
      3.481    27.8794   5.641626    35.2213     2.2966     0.0086          0     46.500 329.493362  1022.6154      3.462      0.264  0.000e+00
      3.340    27.8797   5.642818    35.2295     2.2890     0.0086          0     46.750 329.493365  1022.6208      3.322      0.168  0.000e+00
      3.254    27.8805   5.643956    35.2369     2.2883     0.0047          0     47.000 329.493368  1022.6258      3.236      0.034  0.000e+00
      3.232    27.8800   5.644457    35.2408     2.2827    -0.0014          0     47.250 329.493371  1022.6288      3.214     -0.079  0.000e+00
      3.297    27.8791   5.642476    35.2276     2.2911     0.0109          0     47.500 329.493374  1022.6194      3.279     -0.146  0.000e+00
      3.438    27.8780   5.639699    35.2088     2.2884     0.0253          0     47.750 329.493377  1022.6063      3.419     -0.135  0.000e+00
      3.589    27.8763   5.637749    35.1963     2.2852     0.0292          0     48.000 329.493380  1022.5981      3.569     -0.053  0.000e+00
      3.773    27.8747   5.636998    35.1922     2.2881     0.0337          0     48.250 329.493383  1022.5963      3.752      0.095  0.000e+00
      3.892    27.8742   5.637029    35.1927     2.2842     0.0292          0     48.500 329.493385  1022.5973      3.870      0.254  0.000e+00
      3.935    27.8739   5.637150    35.1938     2.2858     0.0116          0     48.750 329.493388  1022.5984      3.913      0.378  0.000e+00
      3.924    27.8732   5.637279    35.1953     2.2905     0.0116          0     49.000 329.493391  1022.5997      3.902      0.421  0.000e+00
      3.805    27.8725   5.637469    35.1971     2.2898     0.0047          0     49.250 329.493394  1022.6008      3.784      0.365  0.000e+00
      3.708    27.8725   5.637658    35.1985     2.2902     0.0078          0     49.500 329.493397  1022.6015      3.687      0.239  0.000e+00
      3.675    27.8727   5.638538    35.2045     2.2961    -0.0197          0     49.750 329.493400  1022.6058      3.655      0.094  0.000e+00
      3.675    27.8730   5.639039    35.2079     2.3003    -0.0166          0     50.000 329.493403  1022.6082      3.655     -0.030  0.000e+00
      3.719    27.8729   5.639988    35.2146     2.3124    -0.0159          0     50.250 329.493406  1022.6135      3.698     -0.107  0.000e+00
      3.784    27.8731   5.639988    35.2144     2.3156    -0.0197          0     50.500 329.493409  1022.6136      3.763     -0.114  0.000e+00
      3.870    27.8729   5.638660    35.2052     2.3205    -0.0143          0     50.750 329.493411  1022.6071      3.849     -0.059  0.000e+00
      3.967    27.8730   5.638258    35.2023     2.3221     0.0162          0     51.000 329.493414  1022.6053      3.946      0.038  0.000e+00
      4.000    27.8732   5.638068    35.2008     2.3411     0.0162          0     51.250 329.493417  1022.6042      3.978      0.137  0.000e+00
      3.989    27.8733   5.638068    35.2007     2.3453     0.0162          0     51.500 329.493420  1022.6041      3.967      0.189  0.000e+00
      3.967    27.8735   5.638098    35.2008     2.3512     0.0231          0     51.750 329.493423  1022.6040      3.945      0.190  0.000e+00
      3.924    27.8734   5.638220    35.2017     2.3557    -0.0242          0     52.000 329.493426  1022.6045      3.902      0.152  0.000e+00
      3.902    27.8738   5.638379    35.2026     2.3661    -0.0097          0     52.250 329.493429  1022.6049      3.881      0.091  0.000e+00
      3.956    27.8742   5.638318    35.2018     2.3706    -0.0113          0     52.500 329.493432  1022.6044      3.935      0.045  0.000e+00
      4.043    27.8746   5.638129    35.2001     2.3751    -0.0181          0     52.750 329.493435  1022.6034      4.021      0.027  0.000e+00
      4.140    27.8748   5.637848    35.1980     2.3773    -0.0067          0     53.000 329.493438  1022.6022      4.117      0.046  0.000e+00
      4.227    27.8747   5.637590    35.1962     2.3776    -0.0059          0     53.250 329.493440  1022.6012      4.203      0.103  0.000e+00
      4.237    27.8749   5.637530    35.1956     2.3755    -0.0014          0     53.500 329.493443  1022.6008      4.214      0.156  0.000e+00
      4.248    27.8754   5.637469    35.1948     2.3768    -0.0014          0     53.750 329.493446  1022.6001      4.225      0.193  0.000e+00
      4.216    27.8760   5.637970    35.1979     2.3786     0.0215          0     54.000 329.493449  1022.6021      4.192      0.197  0.000e+00
      4.172    27.8764   5.638508    35.2014     2.3773     0.0238          0     54.250 329.493452  1022.6044      4.149      0.158  0.000e+00
      4.129    27.8770   5.638379    35.2000     2.3785     0.0253          0     54.500 329.493455  1022.6029      4.106      0.083  0.000e+00
      4.151    27.8775   5.638159    35.1981     2.3808     0.0147          0     54.750 329.493458  1022.6014      4.128      0.018  0.000e+00
      4.183    27.8777   5.638159    35.1980     2.3823     0.0223          0     55.000 329.493461  1022.6014      4.160     -0.023  0.000e+00
      4.205    27.8780   5.638379    35.1993     2.3814     0.0345          0     55.250 329.493464  1022.6024      4.182     -0.035  0.000e+00
