ctd_kilwa/cnv/mismatch/SBE19plus_01906740_2018_11_26_0061.cnv
* Sea-Bird SBE19plus  Data File:
* FileName = C:\Users\all user\Desktop\Mapping WWF\SBE19plus_01906740_2018_11_26_0061.hex
* Software version 2.6.3.104
* Temperature SN = 6740
* Conductivity SN = 6740
* System UpLoad Time = Nov 26 2018 19:58:34
* <ApplicationData>
* <Seaterm232>
# nquan = 13
# nvalues = 393                                   
# units = specified
# name 0 = prdM: Pressure, Strain Gauge [db]
# name 1 = tv290C: Temperature [ITS-90, deg C]
# name 2 = c0S/m: Conductivity [S/m]
# name 3 = sal00: Salinity, Practical [PSU]
# name 4 = sbeox0ML/L: Oxygen, SBE 43 [ml/l]
# name 5 = flECO-AFL: Fluorescence, WET Labs ECO-AFL/FL [mg/m^3]
# name 6 = nbf: Bottles Fired
# name 7 = timeS: Time, Elapsed [seconds]
# name 8 = timeJ: Julian Days
# name 9 = density00: Density [density, kg/m^3]
# name 10 = depSM: Depth [salt water, m], lat = 0.00
# name 11 = dz/dtM: Descent Rate [m/s]
# name 12 = flag:  0.000e+00
# span 0 =     -1.036,      5.349                 
# span 1 =    27.8725,    28.1985                 
# span 2 =   0.316896,   5.675305                 
# span 3 =     1.5445,    35.3166                 
# span 4 =     2.2827,     3.9807                 
# span 5 =    -0.4401,    48.6925                 
# span 6 =          0,          0                 
# span 7 =      0.000,     98.000                 
# span 8 = 329.492824, 329.493958                 
# span 9 =   997.3349,  1022.6450                 
# span 10 =     -1.030,      5.320                
# span 11 =     -0.725,      0.421                
# span 12 = 0.0000e+00, 0.0000e+00                
# interval = seconds: 0.25
# start_time = Nov 25 2018 11:49:40 [Instrument's time stamp, header]
# bad_flag = -9.990e-29
*END*
[from data line 334]
      0.537    27.9161   5.639636    35.1807     2.7771     0.0238          0     83.500 329.493791  1022.5603      0.534     -0.549  0.000e+00
      0.494    27.9228   5.640364    35.1808     2.7759     0.0063          0     83.750 329.493793  1022.5580      0.491     -0.507  0.000e+00
      0.429    27.9303   5.641055    35.1801     2.7749     0.0093          0     84.000 329.493796  1022.5547      0.427     -0.439  0.000e+00
      0.364    27.9358   5.641434    35.1787     2.7784     0.0109          0     84.250 329.493799  1022.5516      0.362     -0.358  0.000e+00
      0.180    27.9400   5.641623    35.1769     2.7787    -0.0014          0     84.500 329.493802  1022.5480      0.179     -0.311  0.000e+00
     -0.123    27.9429   5.641684    35.1752     2.7742     0.0109          0     84.750 329.493805  1022.5446     -0.122     -0.355  0.000e+00
     -0.350    27.9454   5.641744    35.1739     2.7980     0.0025          0     85.000 329.493808  1022.5418     -0.348     -0.464  0.000e+00
     -0.490    27.9474   5.641873    35.1733     2.9795    -0.0097          0     85.250 329.493811  1022.5401     -0.488     -0.564  0.000e+00
     -0.501    27.9513   5.642594    35.1755     3.0155    -0.0105          0     85.500 329.493814  1022.5404     -0.498     -0.610  0.000e+00
     -0.490    27.9592   5.643573    35.1765     2.9601    -0.0090          0     85.750 329.493817  1022.5386     -0.488     -0.598  0.000e+00
     -0.479    27.9704   5.644901    35.1774     2.9181    -0.4347          0     86.000 329.493819  1022.5357     -0.477     -0.528  0.000e+00
     -0.490    27.9813   5.645911    35.1764     2.9414    -0.4401          0     86.250 329.493822  1022.5313     -0.488     -0.419  0.000e+00
     -0.533    27.9900   5.646601    35.1747     2.8884    -0.4355          0     86.500 329.493825  1022.5270     -0.531     -0.281  0.000e+00
     -0.566    27.9977   5.647262    35.1736     2.8327    -0.4370          0     86.750 329.493828  1022.5235     -0.563     -0.154  0.000e+00
     -0.534    28.0067   5.648400    35.1749     2.7734     0.1535          0     87.000 329.493831  1022.5217     -0.531     -0.069  0.000e+00
     -0.512    28.0173   5.649790    35.1767     2.7133     0.1535          0     87.250 329.493834  1022.5197     -0.509     -0.026  0.000e+00
     -0.469    28.0278   5.650769    35.1757     2.7078     0.1512          0     87.500 329.493837  1022.5157     -0.466     -0.008  0.000e+00
     -0.447    28.0370   5.651559    35.1744     2.7156     0.1474          0     87.750 329.493840  1022.5117     -0.445      0.011  0.000e+00
     -0.426    28.0444   5.652037    35.1722     2.7249     0.0276          0     88.000 329.493843  1022.5078     -0.423      0.035  0.000e+00
     -0.447    28.0503   5.652440    35.1706     2.7366     0.0208          0     88.250 329.493845  1022.5046     -0.445      0.053  0.000e+00
     -0.426    28.0546   5.652660    35.1690     2.7807     0.0253          0     88.500 329.493848  1022.5020     -0.423      0.071  0.000e+00
     -0.372    28.0566   5.652599    35.1670     2.7747     0.0177          0     88.750 329.493851  1022.5001     -0.370      0.085  0.000e+00
     -0.328    28.0575   5.652599    35.1663     2.7608     0.0215          0     89.000 329.493854  1022.4995     -0.327      0.089  0.000e+00
     -0.361    28.0590   5.652819    35.1668     2.7500    -0.1257          0     89.250 329.493857  1022.4992     -0.359      0.078  0.000e+00
     -0.383    28.0615   5.653260    35.1680     2.7402    -0.1311          0     89.500 329.493860  1022.4992     -0.380      0.058  0.000e+00
     -0.437    28.0646   5.653639    35.1684     2.7933    -0.1242          0     89.750 329.493863  1022.4982     -0.434      0.029  0.000e+00
     -0.491    28.0667   5.654050    35.1697     2.7789    -0.1227          0     90.000 329.493866  1022.4983     -0.488     -0.009  0.000e+00
     -0.523    28.0683   5.654179    35.1694     2.7672     0.1505          0     90.250 329.493869  1022.4975     -0.520     -0.046  0.000e+00
     -0.469    28.0692   5.654110    35.1683     2.7539     0.1505          0     90.500 329.493872  1022.4965     -0.467     -0.069  0.000e+00
     -0.404    28.0694   5.654050    35.1677     2.7441     0.1550          0     90.750 329.493874  1022.4963     -0.402     -0.066  0.000e+00
     -0.329    28.0694   5.654019    35.1674     2.7358     0.1474          0     91.000 329.493877  1022.4964     -0.327     -0.026  0.000e+00
     -0.253    28.0695   5.654080    35.1677     2.7269    -0.0029          0     91.250 329.493880  1022.4969     -0.252      0.045  0.000e+00
     -0.221    28.0690   5.654019    35.1677     2.7121    -0.0029          0     91.500 329.493883  1022.4972     -0.220      0.109  0.000e+00
     -0.232    28.0683   5.653860    35.1671     2.7073    -0.0097          0     91.750 329.493886  1022.4970     -0.230      0.154  0.000e+00
     -0.286    28.0694   5.654148    35.1683     2.7120     0.0002          0     92.000 329.493889  1022.4973     -0.284      0.156  0.000e+00
     -0.351    28.0707   5.654490    35.1697     2.7158     0.0215          0     92.250 329.493892  1022.4976     -0.349      0.113  0.000e+00
     -0.361    28.0717   5.654680    35.1703     2.7161     0.0475          0     92.500 329.493895  1022.4977     -0.359      0.047  0.000e+00
     -0.361    28.0711   5.654490    35.1694     2.7269     0.0406          0     92.750 329.493898  1022.4973     -0.359     -0.012  0.000e+00
     -0.405    28.0698   5.654239    35.1686     2.7820     0.0437          0     93.000 329.493900  1022.4969     -0.402     -0.069  0.000e+00
     -0.534    28.0691   5.654110    35.1684     3.1048     0.0475          0     93.250 329.493903  1022.4964     -0.531     -0.134  0.000e+00
     -0.729    28.0686   5.654049    35.1684     3.2860    -0.0853          0     93.500 329.493906  1022.4957     -0.725     -0.213  0.000e+00
     -0.891    28.0685   5.654429    35.1711     3.2281    -0.0838          0     93.750 329.493909  1022.4971     -0.886     -0.292  0.000e+00
     -0.978    28.0685   5.654558    35.1721     3.1104    -0.0983          0     94.000 329.493912  1022.4974     -0.972     -0.353  0.000e+00
     -1.021    28.0687   5.637364    35.0514     3.0482    -0.0845          0     94.250 329.493915  1022.4065     -1.015     -0.394  0.000e+00
     -1.010    28.0690   4.165251    24.9867     3.1102     0.1680          0     94.500 329.493918  1014.8589     -1.005     -0.405  0.000e+00
     -1.010    28.0674   1.065097     5.6419     3.3175     0.1688          0     94.750 329.493921  1000.4309     -1.005     -0.376  0.000e+00
     -0.999    28.0641   1.388165     7.5093     3.1575     0.1749          0     95.000 329.493924  1001.8239     -0.994     -0.300  0.000e+00
     -0.989    28.0600   0.959135     5.0412     3.0689     0.1741          0     95.250 329.493927   999.9852     -0.983     -0.193  0.000e+00
     -0.989    28.0563   0.953461     5.0095     3.0702    48.6848          0     95.500 329.493929   999.9626     -0.983     -0.091  0.000e+00
     -0.999    28.0525   0.859140     4.4797     3.1039    48.6795          0     95.750 329.493932   999.5685     -0.994     -0.026  0.000e+00
     -0.999    28.0486   0.827512     4.3034     3.1885    48.6757          0     96.000 329.493935   999.4380     -0.994      0.003  0.000e+00
     -1.010    28.0447   0.957131     5.0315     3.1844    48.6764          0     96.250 329.493938   999.9823     -1.005      0.007  0.000e+00
     -1.010    28.0404   1.234197     6.6169     3.1694    48.6856          0     96.500 329.493941  1001.1657     -1.005     -0.001  0.000e+00
     -1.010    28.0362   0.866802     4.5241     3.2173    48.6688          0     96.750 329.493944   999.6063     -1.005     -0.006  0.000e+00
     -1.010    28.0328   0.726565     3.7448     3.2248    48.6764          0     97.000 329.493947   999.0256     -1.005     -0.011  0.000e+00
     -1.010    28.0293   1.392002     7.5372     3.1711    48.6818          0     97.250 329.493950  1001.8549     -1.005     -0.012  0.000e+00
     -1.000    28.0260   1.053004     5.5777     3.1998    48.6833          0     97.500 329.493953  1000.3952     -0.994     -0.007  0.000e+00
     -1.010    28.0229   1.420573     7.7057     3.1895    48.6925          0     97.750 329.493955  1001.9824     -1.005     -0.003  0.000e+00
     -1.000    28.0199   1.183864     6.3289     3.2136    48.6864          0     98.000 329.493958  1000.9570     -0.994      0.001  0.000e+00
